#capacity sum_comm_cmp max(sum_comm,sum_comp) sum_comm sum_comp
48400 1.975840372 1.638732719 1.638732719 0.337107653
53240 1.975840372 1.638732719 1.638732719 0.337107653
58080 1.975840372 1.638732719 1.638732719 0.337107653
62920 1.975840372 1.638732719 1.638732719 0.337107653
67760 1.975840372 1.638732719 1.638732719 0.337107653
72600 1.975840372 1.638732719 1.638732719 0.337107653
77440 1.975840372 1.638732719 1.638732719 0.337107653
82280 1.975840372 1.638732719 1.638732719 0.337107653
87120 1.975840372 1.638732719 1.638732719 0.337107653
91960 1.975840372 1.638732719 1.638732719 0.337107653
48400 2.022277826 1.717234230 1.717234230 0.305043596
53240 2.022277826 1.717234230 1.717234230 0.305043596
58080 2.022277826 1.717234230 1.717234230 0.305043596
62920 2.022277826 1.717234230 1.717234230 0.305043596
67760 2.022277826 1.717234230 1.717234230 0.305043596
72600 2.022277826 1.717234230 1.717234230 0.305043596
77440 2.022277826 1.717234230 1.717234230 0.305043596
82280 2.022277826 1.717234230 1.717234230 0.305043596
87120 2.022277826 1.717234230 1.717234230 0.305043596
91960 2.022277826 1.717234230 1.717234230 0.305043596
48400 1.974084715 1.637855586 1.637855586 0.336229129
53240 1.974084715 1.637855586 1.637855586 0.336229129
58080 1.974084715 1.637855586 1.637855586 0.336229129
62920 1.974084715 1.637855586 1.637855586 0.336229129
67760 1.974084715 1.637855586 1.637855586 0.336229129
72600 1.974084715 1.637855586 1.637855586 0.336229129
77440 1.974084715 1.637855586 1.637855586 0.336229129
82280 1.974084715 1.637855586 1.637855586 0.336229129
87120 1.974084715 1.637855586 1.637855586 0.336229129
91960 1.974084715 1.637855586 1.637855586 0.336229129
48400 1.950182694 1.622806823 1.622806823 0.327375871
53240 1.950182694 1.622806823 1.622806823 0.327375871
58080 1.950182694 1.622806823 1.622806823 0.327375871
62920 1.950182694 1.622806823 1.622806823 0.327375871
67760 1.950182694 1.622806823 1.622806823 0.327375871
72600 1.950182694 1.622806823 1.622806823 0.327375871
77440 1.950182694 1.622806823 1.622806823 0.327375871
82280 1.950182694 1.622806823 1.622806823 0.327375871
87120 1.950182694 1.622806823 1.622806823 0.327375871
91960 1.950182694 1.622806823 1.622806823 0.327375871
48400 1.976027092 1.642390636 1.642390636 0.333636456
53240 1.976027092 1.642390636 1.642390636 0.333636456
58080 1.976027092 1.642390636 1.642390636 0.333636456
62920 1.976027092 1.642390636 1.642390636 0.333636456
67760 1.976027092 1.642390636 1.642390636 0.333636456
72600 1.976027092 1.642390636 1.642390636 0.333636456
77440 1.976027092 1.642390636 1.642390636 0.333636456
82280 1.976027092 1.642390636 1.642390636 0.333636456
87120 1.976027092 1.642390636 1.642390636 0.333636456
91960 1.976027092 1.642390636 1.642390636 0.333636456
48400 2.031555462 1.719520422 1.719520422 0.312035040
53240 2.031555462 1.719520422 1.719520422 0.312035040
58080 2.031555462 1.719520422 1.719520422 0.312035040
62920 2.031555462 1.719520422 1.719520422 0.312035040
67760 2.031555462 1.719520422 1.719520422 0.312035040
72600 2.031555462 1.719520422 1.719520422 0.312035040
77440 2.031555462 1.719520422 1.719520422 0.312035040
82280 2.031555462 1.719520422 1.719520422 0.312035040
87120 2.031555462 1.719520422 1.719520422 0.312035040
91960 2.031555462 1.719520422 1.719520422 0.312035040
48400 2.036107074 1.726780571 1.726780571 0.309326503
53240 2.036107074 1.726780571 1.726780571 0.309326503
58080 2.036107074 1.726780571 1.726780571 0.309326503
62920 2.036107074 1.726780571 1.726780571 0.309326503
67760 2.036107074 1.726780571 1.726780571 0.309326503
72600 2.036107074 1.726780571 1.726780571 0.309326503
77440 2.036107074 1.726780571 1.726780571 0.309326503
82280 2.036107074 1.726780571 1.726780571 0.309326503
87120 2.036107074 1.726780571 1.726780571 0.309326503
91960 2.036107074 1.726780571 1.726780571 0.309326503
48400 2.011908715 1.695889267 1.695889267 0.316019448
53240 2.011908715 1.695889267 1.695889267 0.316019448
58080 2.011908715 1.695889267 1.695889267 0.316019448
62920 2.011908715 1.695889267 1.695889267 0.316019448
67760 2.011908715 1.695889267 1.695889267 0.316019448
72600 2.011908715 1.695889267 1.695889267 0.316019448
77440 2.011908715 1.695889267 1.695889267 0.316019448
82280 2.011908715 1.695889267 1.695889267 0.316019448
87120 2.011908715 1.695889267 1.695889267 0.316019448
91960 2.011908715 1.695889267 1.695889267 0.316019448
48400 1.960064260 1.627059786 1.627059786 0.333004474
53240 1.960064260 1.627059786 1.627059786 0.333004474
58080 1.960064260 1.627059786 1.627059786 0.333004474
62920 1.960064260 1.627059786 1.627059786 0.333004474
67760 1.960064260 1.627059786 1.627059786 0.333004474
72600 1.960064260 1.627059786 1.627059786 0.333004474
77440 1.960064260 1.627059786 1.627059786 0.333004474
82280 1.960064260 1.627059786 1.627059786 0.333004474
87120 1.960064260 1.627059786 1.627059786 0.333004474
91960 1.960064260 1.627059786 1.627059786 0.333004474
48400 2.014246307 1.707189418 1.707189418 0.307056889
53240 2.014246307 1.707189418 1.707189418 0.307056889
58080 2.014246307 1.707189418 1.707189418 0.307056889
62920 2.014246307 1.707189418 1.707189418 0.307056889
67760 2.014246307 1.707189418 1.707189418 0.307056889
72600 2.014246307 1.707189418 1.707189418 0.307056889
77440 2.014246307 1.707189418 1.707189418 0.307056889
82280 2.014246307 1.707189418 1.707189418 0.307056889
87120 2.014246307 1.707189418 1.707189418 0.307056889
91960 2.014246307 1.707189418 1.707189418 0.307056889
48400 1.998787201 1.683765364 1.683765364 0.315021837
53240 1.998787201 1.683765364 1.683765364 0.315021837
58080 1.998787201 1.683765364 1.683765364 0.315021837
62920 1.998787201 1.683765364 1.683765364 0.315021837
67760 1.998787201 1.683765364 1.683765364 0.315021837
72600 1.998787201 1.683765364 1.683765364 0.315021837
77440 1.998787201 1.683765364 1.683765364 0.315021837
82280 1.998787201 1.683765364 1.683765364 0.315021837
87120 1.998787201 1.683765364 1.683765364 0.315021837
91960 1.998787201 1.683765364 1.683765364 0.315021837
48400 1.972587662 1.663715401 1.663715401 0.308872261
53240 1.972587662 1.663715401 1.663715401 0.308872261
58080 1.972587662 1.663715401 1.663715401 0.308872261
62920 1.972587662 1.663715401 1.663715401 0.308872261
67760 1.972587662 1.663715401 1.663715401 0.308872261
72600 1.972587662 1.663715401 1.663715401 0.308872261
77440 1.972587662 1.663715401 1.663715401 0.308872261
82280 1.972587662 1.663715401 1.663715401 0.308872261
87120 1.972587662 1.663715401 1.663715401 0.308872261
91960 1.972587662 1.663715401 1.663715401 0.308872261
48400 2.017357542 1.709567610 1.709567610 0.307789932
53240 2.017357542 1.709567610 1.709567610 0.307789932
58080 2.017357542 1.709567610 1.709567610 0.307789932
62920 2.017357542 1.709567610 1.709567610 0.307789932
67760 2.017357542 1.709567610 1.709567610 0.307789932
72600 2.017357542 1.709567610 1.709567610 0.307789932
77440 2.017357542 1.709567610 1.709567610 0.307789932
82280 2.017357542 1.709567610 1.709567610 0.307789932
87120 2.017357542 1.709567610 1.709567610 0.307789932
91960 2.017357542 1.709567610 1.709567610 0.307789932
48400 1.954216591 1.627622982 1.627622982 0.326593609
53240 1.954216591 1.627622982 1.627622982 0.326593609
58080 1.954216591 1.627622982 1.627622982 0.326593609
62920 1.954216591 1.627622982 1.627622982 0.326593609
67760 1.954216591 1.627622982 1.627622982 0.326593609
72600 1.954216591 1.627622982 1.627622982 0.326593609
77440 1.954216591 1.627622982 1.627622982 0.326593609
82280 1.954216591 1.627622982 1.627622982 0.326593609
87120 1.954216591 1.627622982 1.627622982 0.326593609
91960 1.954216591 1.627622982 1.627622982 0.326593609
48400 1.968081930 1.637302244 1.637302244 0.330779686
53240 1.968081930 1.637302244 1.637302244 0.330779686
58080 1.968081930 1.637302244 1.637302244 0.330779686
62920 1.968081930 1.637302244 1.637302244 0.330779686
67760 1.968081930 1.637302244 1.637302244 0.330779686
72600 1.968081930 1.637302244 1.637302244 0.330779686
77440 1.968081930 1.637302244 1.637302244 0.330779686
82280 1.968081930 1.637302244 1.637302244 0.330779686
87120 1.968081930 1.637302244 1.637302244 0.330779686
91960 1.968081930 1.637302244 1.637302244 0.330779686
48400 1.933572352 1.612740648 1.612740648 0.320831704
53240 1.933572352 1.612740648 1.612740648 0.320831704
58080 1.933572352 1.612740648 1.612740648 0.320831704
62920 1.933572352 1.612740648 1.612740648 0.320831704
67760 1.933572352 1.612740648 1.612740648 0.320831704
72600 1.933572352 1.612740648 1.612740648 0.320831704
77440 1.933572352 1.612740648 1.612740648 0.320831704
82280 1.933572352 1.612740648 1.612740648 0.320831704
87120 1.933572352 1.612740648 1.612740648 0.320831704
91960 1.933572352 1.612740648 1.612740648 0.320831704
48400 1.970144331 1.650475187 1.650475187 0.319669144
53240 1.970144331 1.650475187 1.650475187 0.319669144
58080 1.970144331 1.650475187 1.650475187 0.319669144
62920 1.970144331 1.650475187 1.650475187 0.319669144
67760 1.970144331 1.650475187 1.650475187 0.319669144
72600 1.970144331 1.650475187 1.650475187 0.319669144
77440 1.970144331 1.650475187 1.650475187 0.319669144
82280 1.970144331 1.650475187 1.650475187 0.319669144
87120 1.970144331 1.650475187 1.650475187 0.319669144
91960 1.970144331 1.650475187 1.650475187 0.319669144
48400 1.924521612 1.600049832 1.600049832 0.324471780
53240 1.924521612 1.600049832 1.600049832 0.324471780
58080 1.924521612 1.600049832 1.600049832 0.324471780
62920 1.924521612 1.600049832 1.600049832 0.324471780
67760 1.924521612 1.600049832 1.600049832 0.324471780
72600 1.924521612 1.600049832 1.600049832 0.324471780
77440 1.924521612 1.600049832 1.600049832 0.324471780
82280 1.924521612 1.600049832 1.600049832 0.324471780
87120 1.924521612 1.600049832 1.600049832 0.324471780
91960 1.924521612 1.600049832 1.600049832 0.324471780
48400 2.012595000 1.706789330 1.706789330 0.305805670
53240 2.012595000 1.706789330 1.706789330 0.305805670
58080 2.012595000 1.706789330 1.706789330 0.305805670
62920 2.012595000 1.706789330 1.706789330 0.305805670
67760 2.012595000 1.706789330 1.706789330 0.305805670
72600 2.012595000 1.706789330 1.706789330 0.305805670
77440 2.012595000 1.706789330 1.706789330 0.305805670
82280 2.012595000 1.706789330 1.706789330 0.305805670
87120 2.012595000 1.706789330 1.706789330 0.305805670
91960 2.012595000 1.706789330 1.706789330 0.305805670
48400 2.008922091 1.707328826 1.707328826 0.301593265
53240 2.008922091 1.707328826 1.707328826 0.301593265
58080 2.008922091 1.707328826 1.707328826 0.301593265
62920 2.008922091 1.707328826 1.707328826 0.301593265
67760 2.008922091 1.707328826 1.707328826 0.301593265
72600 2.008922091 1.707328826 1.707328826 0.301593265
77440 2.008922091 1.707328826 1.707328826 0.301593265
82280 2.008922091 1.707328826 1.707328826 0.301593265
87120 2.008922091 1.707328826 1.707328826 0.301593265
91960 2.008922091 1.707328826 1.707328826 0.301593265
48400 1.954649730 1.627743030 1.627743030 0.326906700
53240 1.954649730 1.627743030 1.627743030 0.326906700
58080 1.954649730 1.627743030 1.627743030 0.326906700
62920 1.954649730 1.627743030 1.627743030 0.326906700
67760 1.954649730 1.627743030 1.627743030 0.326906700
72600 1.954649730 1.627743030 1.627743030 0.326906700
77440 1.954649730 1.627743030 1.627743030 0.326906700
82280 1.954649730 1.627743030 1.627743030 0.326906700
87120 1.954649730 1.627743030 1.627743030 0.326906700
91960 1.954649730 1.627743030 1.627743030 0.326906700
48400 1.960666553 1.630559926 1.630559926 0.330106627
53240 1.960666553 1.630559926 1.630559926 0.330106627
58080 1.960666553 1.630559926 1.630559926 0.330106627
62920 1.960666553 1.630559926 1.630559926 0.330106627
67760 1.960666553 1.630559926 1.630559926 0.330106627
72600 1.960666553 1.630559926 1.630559926 0.330106627
77440 1.960666553 1.630559926 1.630559926 0.330106627
82280 1.960666553 1.630559926 1.630559926 0.330106627
87120 1.960666553 1.630559926 1.630559926 0.330106627
91960 1.960666553 1.630559926 1.630559926 0.330106627
48400 1.993406560 1.685025474 1.685025474 0.308381086
53240 1.993406560 1.685025474 1.685025474 0.308381086
58080 1.993406560 1.685025474 1.685025474 0.308381086
62920 1.993406560 1.685025474 1.685025474 0.308381086
67760 1.993406560 1.685025474 1.685025474 0.308381086
72600 1.993406560 1.685025474 1.685025474 0.308381086
77440 1.993406560 1.685025474 1.685025474 0.308381086
82280 1.993406560 1.685025474 1.685025474 0.308381086
87120 1.993406560 1.685025474 1.685025474 0.308381086
91960 1.993406560 1.685025474 1.685025474 0.308381086
48400 1.987259916 1.650806419 1.650806419 0.336453497
53240 1.987259916 1.650806419 1.650806419 0.336453497
58080 1.987259916 1.650806419 1.650806419 0.336453497
62920 1.987259916 1.650806419 1.650806419 0.336453497
67760 1.987259916 1.650806419 1.650806419 0.336453497
72600 1.987259916 1.650806419 1.650806419 0.336453497
77440 1.987259916 1.650806419 1.650806419 0.336453497
82280 1.987259916 1.650806419 1.650806419 0.336453497
87120 1.987259916 1.650806419 1.650806419 0.336453497
91960 1.987259916 1.650806419 1.650806419 0.336453497
48400 1.952303327 1.620699772 1.620699772 0.331603555
53240 1.952303327 1.620699772 1.620699772 0.331603555
58080 1.952303327 1.620699772 1.620699772 0.331603555
62920 1.952303327 1.620699772 1.620699772 0.331603555
67760 1.952303327 1.620699772 1.620699772 0.331603555
72600 1.952303327 1.620699772 1.620699772 0.331603555
77440 1.952303327 1.620699772 1.620699772 0.331603555
82280 1.952303327 1.620699772 1.620699772 0.331603555
87120 1.952303327 1.620699772 1.620699772 0.331603555
91960 1.952303327 1.620699772 1.620699772 0.331603555
48400 1.962046853 1.637072922 1.637072922 0.324973931
53240 1.962046853 1.637072922 1.637072922 0.324973931
58080 1.962046853 1.637072922 1.637072922 0.324973931
62920 1.962046853 1.637072922 1.637072922 0.324973931
67760 1.962046853 1.637072922 1.637072922 0.324973931
72600 1.962046853 1.637072922 1.637072922 0.324973931
77440 1.962046853 1.637072922 1.637072922 0.324973931
82280 1.962046853 1.637072922 1.637072922 0.324973931
87120 1.962046853 1.637072922 1.637072922 0.324973931
91960 1.962046853 1.637072922 1.637072922 0.324973931
48400 1.928597110 1.602609452 1.602609452 0.325987658
53240 1.928597110 1.602609452 1.602609452 0.325987658
58080 1.928597110 1.602609452 1.602609452 0.325987658
62920 1.928597110 1.602609452 1.602609452 0.325987658
67760 1.928597110 1.602609452 1.602609452 0.325987658
72600 1.928597110 1.602609452 1.602609452 0.325987658
77440 1.928597110 1.602609452 1.602609452 0.325987658
82280 1.928597110 1.602609452 1.602609452 0.325987658
87120 1.928597110 1.602609452 1.602609452 0.325987658
91960 1.928597110 1.602609452 1.602609452 0.325987658
48400 2.015988901 1.710136931 1.710136931 0.305851970
53240 2.015988901 1.710136931 1.710136931 0.305851970
58080 2.015988901 1.710136931 1.710136931 0.305851970
62920 2.015988901 1.710136931 1.710136931 0.305851970
67760 2.015988901 1.710136931 1.710136931 0.305851970
72600 2.015988901 1.710136931 1.710136931 0.305851970
77440 2.015988901 1.710136931 1.710136931 0.305851970
82280 2.015988901 1.710136931 1.710136931 0.305851970
87120 2.015988901 1.710136931 1.710136931 0.305851970
91960 2.015988901 1.710136931 1.710136931 0.305851970
48400 2.002146738 1.687312452 1.687312452 0.314834286
53240 2.002146738 1.687312452 1.687312452 0.314834286
58080 2.002146738 1.687312452 1.687312452 0.314834286
62920 2.002146738 1.687312452 1.687312452 0.314834286
67760 2.002146738 1.687312452 1.687312452 0.314834286
72600 2.002146738 1.687312452 1.687312452 0.314834286
77440 2.002146738 1.687312452 1.687312452 0.314834286
82280 2.002146738 1.687312452 1.687312452 0.314834286
87120 2.002146738 1.687312452 1.687312452 0.314834286
91960 2.002146738 1.687312452 1.687312452 0.314834286
48400 2.005345088 1.687420739 1.687420739 0.317924349
53240 2.005345088 1.687420739 1.687420739 0.317924349
58080 2.005345088 1.687420739 1.687420739 0.317924349
62920 2.005345088 1.687420739 1.687420739 0.317924349
67760 2.005345088 1.687420739 1.687420739 0.317924349
72600 2.005345088 1.687420739 1.687420739 0.317924349
77440 2.005345088 1.687420739 1.687420739 0.317924349
82280 2.005345088 1.687420739 1.687420739 0.317924349
87120 2.005345088 1.687420739 1.687420739 0.317924349
91960 2.005345088 1.687420739 1.687420739 0.317924349
48400 2.011612491 1.711091949 1.711091949 0.300520542
53240 2.011612491 1.711091949 1.711091949 0.300520542
58080 2.011612491 1.711091949 1.711091949 0.300520542
62920 2.011612491 1.711091949 1.711091949 0.300520542
67760 2.011612491 1.711091949 1.711091949 0.300520542
72600 2.011612491 1.711091949 1.711091949 0.300520542
77440 2.011612491 1.711091949 1.711091949 0.300520542
82280 2.011612491 1.711091949 1.711091949 0.300520542
87120 2.011612491 1.711091949 1.711091949 0.300520542
91960 2.011612491 1.711091949 1.711091949 0.300520542
48400 1.915411025 1.592377635 1.592377635 0.323033390
53240 1.915411025 1.592377635 1.592377635 0.323033390
58080 1.915411025 1.592377635 1.592377635 0.323033390
62920 1.915411025 1.592377635 1.592377635 0.323033390
67760 1.915411025 1.592377635 1.592377635 0.323033390
72600 1.915411025 1.592377635 1.592377635 0.323033390
77440 1.915411025 1.592377635 1.592377635 0.323033390
82280 1.915411025 1.592377635 1.592377635 0.323033390
87120 1.915411025 1.592377635 1.592377635 0.323033390
91960 1.915411025 1.592377635 1.592377635 0.323033390
48400 1.970059170 1.669672514 1.669672514 0.300386656
53240 1.970059170 1.669672514 1.669672514 0.300386656
58080 1.970059170 1.669672514 1.669672514 0.300386656
62920 1.970059170 1.669672514 1.669672514 0.300386656
67760 1.970059170 1.669672514 1.669672514 0.300386656
72600 1.970059170 1.669672514 1.669672514 0.300386656
77440 1.970059170 1.669672514 1.669672514 0.300386656
82280 1.970059170 1.669672514 1.669672514 0.300386656
87120 1.970059170 1.669672514 1.669672514 0.300386656
91960 1.970059170 1.669672514 1.669672514 0.300386656
48400 1.930550213 1.612749364 1.612749364 0.317800849
53240 1.930550213 1.612749364 1.612749364 0.317800849
58080 1.930550213 1.612749364 1.612749364 0.317800849
62920 1.930550213 1.612749364 1.612749364 0.317800849
67760 1.930550213 1.612749364 1.612749364 0.317800849
72600 1.930550213 1.612749364 1.612749364 0.317800849
77440 1.930550213 1.612749364 1.612749364 0.317800849
82280 1.930550213 1.612749364 1.612749364 0.317800849
87120 1.930550213 1.612749364 1.612749364 0.317800849
91960 1.930550213 1.612749364 1.612749364 0.317800849
48400 1.931185681 1.618561138 1.618561138 0.312624543
53240 1.931185681 1.618561138 1.618561138 0.312624543
58080 1.931185681 1.618561138 1.618561138 0.312624543
62920 1.931185681 1.618561138 1.618561138 0.312624543
67760 1.931185681 1.618561138 1.618561138 0.312624543
72600 1.931185681 1.618561138 1.618561138 0.312624543
77440 1.931185681 1.618561138 1.618561138 0.312624543
82280 1.931185681 1.618561138 1.618561138 0.312624543
87120 1.931185681 1.618561138 1.618561138 0.312624543
91960 1.931185681 1.618561138 1.618561138 0.312624543
48400 1.961529508 1.656430044 1.656430044 0.305099464
53240 1.961529508 1.656430044 1.656430044 0.305099464
58080 1.961529508 1.656430044 1.656430044 0.305099464
62920 1.961529508 1.656430044 1.656430044 0.305099464
67760 1.961529508 1.656430044 1.656430044 0.305099464
72600 1.961529508 1.656430044 1.656430044 0.305099464
77440 1.961529508 1.656430044 1.656430044 0.305099464
82280 1.961529508 1.656430044 1.656430044 0.305099464
87120 1.961529508 1.656430044 1.656430044 0.305099464
91960 1.961529508 1.656430044 1.656430044 0.305099464
48400 1.984681156 1.671795840 1.671795840 0.312885316
53240 1.984681156 1.671795840 1.671795840 0.312885316
58080 1.984681156 1.671795840 1.671795840 0.312885316
62920 1.984681156 1.671795840 1.671795840 0.312885316
67760 1.984681156 1.671795840 1.671795840 0.312885316
72600 1.984681156 1.671795840 1.671795840 0.312885316
77440 1.984681156 1.671795840 1.671795840 0.312885316
82280 1.984681156 1.671795840 1.671795840 0.312885316
87120 1.984681156 1.671795840 1.671795840 0.312885316
91960 1.984681156 1.671795840 1.671795840 0.312885316
48400 1.960038758 1.638776788 1.638776788 0.321261970
53240 1.960038758 1.638776788 1.638776788 0.321261970
58080 1.960038758 1.638776788 1.638776788 0.321261970
62920 1.960038758 1.638776788 1.638776788 0.321261970
67760 1.960038758 1.638776788 1.638776788 0.321261970
72600 1.960038758 1.638776788 1.638776788 0.321261970
77440 1.960038758 1.638776788 1.638776788 0.321261970
82280 1.960038758 1.638776788 1.638776788 0.321261970
87120 1.960038758 1.638776788 1.638776788 0.321261970
91960 1.960038758 1.638776788 1.638776788 0.321261970
48400 1.980283754 1.673780934 1.673780934 0.306502820
53240 1.980283754 1.673780934 1.673780934 0.306502820
58080 1.980283754 1.673780934 1.673780934 0.306502820
62920 1.980283754 1.673780934 1.673780934 0.306502820
67760 1.980283754 1.673780934 1.673780934 0.306502820
72600 1.980283754 1.673780934 1.673780934 0.306502820
77440 1.980283754 1.673780934 1.673780934 0.306502820
82280 1.980283754 1.673780934 1.673780934 0.306502820
87120 1.980283754 1.673780934 1.673780934 0.306502820
91960 1.980283754 1.673780934 1.673780934 0.306502820
48400 1.934308133 1.604880770 1.604880770 0.329427363
53240 1.934308133 1.604880770 1.604880770 0.329427363
58080 1.934308133 1.604880770 1.604880770 0.329427363
62920 1.934308133 1.604880770 1.604880770 0.329427363
67760 1.934308133 1.604880770 1.604880770 0.329427363
72600 1.934308133 1.604880770 1.604880770 0.329427363
77440 1.934308133 1.604880770 1.604880770 0.329427363
82280 1.934308133 1.604880770 1.604880770 0.329427363
87120 1.934308133 1.604880770 1.604880770 0.329427363
91960 1.934308133 1.604880770 1.604880770 0.329427363
48400 1.905984725 1.588628500 1.588628500 0.317356225
53240 1.905984725 1.588628500 1.588628500 0.317356225
58080 1.905984725 1.588628500 1.588628500 0.317356225
62920 1.905984725 1.588628500 1.588628500 0.317356225
67760 1.905984725 1.588628500 1.588628500 0.317356225
72600 1.905984725 1.588628500 1.588628500 0.317356225
77440 1.905984725 1.588628500 1.588628500 0.317356225
82280 1.905984725 1.588628500 1.588628500 0.317356225
87120 1.905984725 1.588628500 1.588628500 0.317356225
91960 1.905984725 1.588628500 1.588628500 0.317356225
48400 1.890740533 1.569221871 1.569221871 0.321518662
53240 1.890740533 1.569221871 1.569221871 0.321518662
58080 1.890740533 1.569221871 1.569221871 0.321518662
62920 1.890740533 1.569221871 1.569221871 0.321518662
67760 1.890740533 1.569221871 1.569221871 0.321518662
72600 1.890740533 1.569221871 1.569221871 0.321518662
77440 1.890740533 1.569221871 1.569221871 0.321518662
82280 1.890740533 1.569221871 1.569221871 0.321518662
87120 1.890740533 1.569221871 1.569221871 0.321518662
91960 1.890740533 1.569221871 1.569221871 0.321518662
48400 1.941941983 1.639531726 1.639531726 0.302410257
53240 1.941941983 1.639531726 1.639531726 0.302410257
58080 1.941941983 1.639531726 1.639531726 0.302410257
62920 1.941941983 1.639531726 1.639531726 0.302410257
67760 1.941941983 1.639531726 1.639531726 0.302410257
72600 1.941941983 1.639531726 1.639531726 0.302410257
77440 1.941941983 1.639531726 1.639531726 0.302410257
82280 1.941941983 1.639531726 1.639531726 0.302410257
87120 1.941941983 1.639531726 1.639531726 0.302410257
91960 1.941941983 1.639531726 1.639531726 0.302410257
48400 1.926297228 1.610288859 1.610288859 0.316008369
53240 1.926297228 1.610288859 1.610288859 0.316008369
58080 1.926297228 1.610288859 1.610288859 0.316008369
62920 1.926297228 1.610288859 1.610288859 0.316008369
67760 1.926297228 1.610288859 1.610288859 0.316008369
72600 1.926297228 1.610288859 1.610288859 0.316008369
77440 1.926297228 1.610288859 1.610288859 0.316008369
82280 1.926297228 1.610288859 1.610288859 0.316008369
87120 1.926297228 1.610288859 1.610288859 0.316008369
91960 1.926297228 1.610288859 1.610288859 0.316008369
48400 1.921671463 1.605686097 1.605686097 0.315985366
53240 1.921671463 1.605686097 1.605686097 0.315985366
58080 1.921671463 1.605686097 1.605686097 0.315985366
62920 1.921671463 1.605686097 1.605686097 0.315985366
67760 1.921671463 1.605686097 1.605686097 0.315985366
72600 1.921671463 1.605686097 1.605686097 0.315985366
77440 1.921671463 1.605686097 1.605686097 0.315985366
82280 1.921671463 1.605686097 1.605686097 0.315985366
87120 1.921671463 1.605686097 1.605686097 0.315985366
91960 1.921671463 1.605686097 1.605686097 0.315985366
48400 1.940347387 1.650500080 1.650500080 0.289847307
53240 1.940347387 1.650500080 1.650500080 0.289847307
58080 1.940347387 1.650500080 1.650500080 0.289847307
62920 1.940347387 1.650500080 1.650500080 0.289847307
67760 1.940347387 1.650500080 1.650500080 0.289847307
72600 1.940347387 1.650500080 1.650500080 0.289847307
77440 1.940347387 1.650500080 1.650500080 0.289847307
82280 1.940347387 1.650500080 1.650500080 0.289847307
87120 1.940347387 1.650500080 1.650500080 0.289847307
91960 1.940347387 1.650500080 1.650500080 0.289847307
48400 1.946523835 1.631549795 1.631549795 0.314974040
53240 1.946523835 1.631549795 1.631549795 0.314974040
58080 1.946523835 1.631549795 1.631549795 0.314974040
62920 1.946523835 1.631549795 1.631549795 0.314974040
67760 1.946523835 1.631549795 1.631549795 0.314974040
72600 1.946523835 1.631549795 1.631549795 0.314974040
77440 1.946523835 1.631549795 1.631549795 0.314974040
82280 1.946523835 1.631549795 1.631549795 0.314974040
87120 1.946523835 1.631549795 1.631549795 0.314974040
91960 1.946523835 1.631549795 1.631549795 0.314974040
48400 1.983174308 1.689584926 1.689584926 0.293589382
53240 1.983174308 1.689584926 1.689584926 0.293589382
58080 1.983174308 1.689584926 1.689584926 0.293589382
62920 1.983174308 1.689584926 1.689584926 0.293589382
67760 1.983174308 1.689584926 1.689584926 0.293589382
72600 1.983174308 1.689584926 1.689584926 0.293589382
77440 1.983174308 1.689584926 1.689584926 0.293589382
82280 1.983174308 1.689584926 1.689584926 0.293589382
87120 1.983174308 1.689584926 1.689584926 0.293589382
91960 1.983174308 1.689584926 1.689584926 0.293589382
48400 1.941836827 1.632731978 1.632731978 0.309104849
53240 1.941836827 1.632731978 1.632731978 0.309104849
58080 1.941836827 1.632731978 1.632731978 0.309104849
62920 1.941836827 1.632731978 1.632731978 0.309104849
67760 1.941836827 1.632731978 1.632731978 0.309104849
72600 1.941836827 1.632731978 1.632731978 0.309104849
77440 1.941836827 1.632731978 1.632731978 0.309104849
82280 1.941836827 1.632731978 1.632731978 0.309104849
87120 1.941836827 1.632731978 1.632731978 0.309104849
91960 1.941836827 1.632731978 1.632731978 0.309104849
48400 1.904799374 1.581422098 1.581422098 0.323377276
53240 1.904799374 1.581422098 1.581422098 0.323377276
58080 1.904799374 1.581422098 1.581422098 0.323377276
62920 1.904799374 1.581422098 1.581422098 0.323377276
67760 1.904799374 1.581422098 1.581422098 0.323377276
72600 1.904799374 1.581422098 1.581422098 0.323377276
77440 1.904799374 1.581422098 1.581422098 0.323377276
82280 1.904799374 1.581422098 1.581422098 0.323377276
87120 1.904799374 1.581422098 1.581422098 0.323377276
91960 1.904799374 1.581422098 1.581422098 0.323377276
48400 1.940311460 1.620736014 1.620736014 0.319575446
53240 1.940311460 1.620736014 1.620736014 0.319575446
58080 1.940311460 1.620736014 1.620736014 0.319575446
62920 1.940311460 1.620736014 1.620736014 0.319575446
67760 1.940311460 1.620736014 1.620736014 0.319575446
72600 1.940311460 1.620736014 1.620736014 0.319575446
77440 1.940311460 1.620736014 1.620736014 0.319575446
82280 1.940311460 1.620736014 1.620736014 0.319575446
87120 1.940311460 1.620736014 1.620736014 0.319575446
91960 1.940311460 1.620736014 1.620736014 0.319575446
48400 1.948004137 1.636714912 1.636714912 0.311289225
53240 1.948004137 1.636714912 1.636714912 0.311289225
58080 1.948004137 1.636714912 1.636714912 0.311289225
62920 1.948004137 1.636714912 1.636714912 0.311289225
67760 1.948004137 1.636714912 1.636714912 0.311289225
72600 1.948004137 1.636714912 1.636714912 0.311289225
77440 1.948004137 1.636714912 1.636714912 0.311289225
82280 1.948004137 1.636714912 1.636714912 0.311289225
87120 1.948004137 1.636714912 1.636714912 0.311289225
91960 1.948004137 1.636714912 1.636714912 0.311289225
48400 1.939447707 1.631466161 1.631466161 0.307981546
53240 1.939447707 1.631466161 1.631466161 0.307981546
58080 1.939447707 1.631466161 1.631466161 0.307981546
62920 1.939447707 1.631466161 1.631466161 0.307981546
67760 1.939447707 1.631466161 1.631466161 0.307981546
72600 1.939447707 1.631466161 1.631466161 0.307981546
77440 1.939447707 1.631466161 1.631466161 0.307981546
82280 1.939447707 1.631466161 1.631466161 0.307981546
87120 1.939447707 1.631466161 1.631466161 0.307981546
91960 1.939447707 1.631466161 1.631466161 0.307981546
48400 1.886882710 1.565561405 1.565561405 0.321321305
53240 1.886882710 1.565561405 1.565561405 0.321321305
58080 1.886882710 1.565561405 1.565561405 0.321321305
62920 1.886882710 1.565561405 1.565561405 0.321321305
67760 1.886882710 1.565561405 1.565561405 0.321321305
72600 1.886882710 1.565561405 1.565561405 0.321321305
77440 1.886882710 1.565561405 1.565561405 0.321321305
82280 1.886882710 1.565561405 1.565561405 0.321321305
87120 1.886882710 1.565561405 1.565561405 0.321321305
91960 1.886882710 1.565561405 1.565561405 0.321321305
48400 1.980026456 1.675185311 1.675185311 0.304841145
53240 1.980026456 1.675185311 1.675185311 0.304841145
58080 1.980026456 1.675185311 1.675185311 0.304841145
62920 1.980026456 1.675185311 1.675185311 0.304841145
67760 1.980026456 1.675185311 1.675185311 0.304841145
72600 1.980026456 1.675185311 1.675185311 0.304841145
77440 1.980026456 1.675185311 1.675185311 0.304841145
82280 1.980026456 1.675185311 1.675185311 0.304841145
87120 1.980026456 1.675185311 1.675185311 0.304841145
91960 1.980026456 1.675185311 1.675185311 0.304841145
48400 1.922546606 1.595232766 1.595232766 0.327313840
53240 1.922546606 1.595232766 1.595232766 0.327313840
58080 1.922546606 1.595232766 1.595232766 0.327313840
62920 1.922546606 1.595232766 1.595232766 0.327313840
67760 1.922546606 1.595232766 1.595232766 0.327313840
72600 1.922546606 1.595232766 1.595232766 0.327313840
77440 1.922546606 1.595232766 1.595232766 0.327313840
82280 1.922546606 1.595232766 1.595232766 0.327313840
87120 1.922546606 1.595232766 1.595232766 0.327313840
91960 1.922546606 1.595232766 1.595232766 0.327313840
48400 1.975448769 1.627273020 1.627273020 0.348175749
53240 1.975448769 1.627273020 1.627273020 0.348175749
58080 1.975448769 1.627273020 1.627273020 0.348175749
62920 1.975448769 1.627273020 1.627273020 0.348175749
67760 1.975448769 1.627273020 1.627273020 0.348175749
72600 1.975448769 1.627273020 1.627273020 0.348175749
77440 1.975448769 1.627273020 1.627273020 0.348175749
82280 1.975448769 1.627273020 1.627273020 0.348175749
87120 1.975448769 1.627273020 1.627273020 0.348175749
91960 1.975448769 1.627273020 1.627273020 0.348175749
48400 1.975457895 1.676799850 1.676799850 0.298658045
53240 1.975457895 1.676799850 1.676799850 0.298658045
58080 1.975457895 1.676799850 1.676799850 0.298658045
62920 1.975457895 1.676799850 1.676799850 0.298658045
67760 1.975457895 1.676799850 1.676799850 0.298658045
72600 1.975457895 1.676799850 1.676799850 0.298658045
77440 1.975457895 1.676799850 1.676799850 0.298658045
82280 1.975457895 1.676799850 1.676799850 0.298658045
87120 1.975457895 1.676799850 1.676799850 0.298658045
91960 1.975457895 1.676799850 1.676799850 0.298658045
48400 1.952452263 1.623656793 1.623656793 0.328795470
53240 1.952452263 1.623656793 1.623656793 0.328795470
58080 1.952452263 1.623656793 1.623656793 0.328795470
62920 1.952452263 1.623656793 1.623656793 0.328795470
67760 1.952452263 1.623656793 1.623656793 0.328795470
72600 1.952452263 1.623656793 1.623656793 0.328795470
77440 1.952452263 1.623656793 1.623656793 0.328795470
82280 1.952452263 1.623656793 1.623656793 0.328795470
87120 1.952452263 1.623656793 1.623656793 0.328795470
91960 1.952452263 1.623656793 1.623656793 0.328795470
48400 1.991882668 1.688375867 1.688375867 0.303506801
53240 1.991882668 1.688375867 1.688375867 0.303506801
58080 1.991882668 1.688375867 1.688375867 0.303506801
62920 1.991882668 1.688375867 1.688375867 0.303506801
67760 1.991882668 1.688375867 1.688375867 0.303506801
72600 1.991882668 1.688375867 1.688375867 0.303506801
77440 1.991882668 1.688375867 1.688375867 0.303506801
82280 1.991882668 1.688375867 1.688375867 0.303506801
87120 1.991882668 1.688375867 1.688375867 0.303506801
91960 1.991882668 1.688375867 1.688375867 0.303506801
48400 1.971555411 1.638715357 1.638715357 0.332840054
53240 1.971555411 1.638715357 1.638715357 0.332840054
58080 1.971555411 1.638715357 1.638715357 0.332840054
62920 1.971555411 1.638715357 1.638715357 0.332840054
67760 1.971555411 1.638715357 1.638715357 0.332840054
72600 1.971555411 1.638715357 1.638715357 0.332840054
77440 1.971555411 1.638715357 1.638715357 0.332840054
82280 1.971555411 1.638715357 1.638715357 0.332840054
87120 1.971555411 1.638715357 1.638715357 0.332840054
91960 1.971555411 1.638715357 1.638715357 0.332840054
48400 2.002444351 1.683564646 1.683564646 0.318879705
53240 2.002444351 1.683564646 1.683564646 0.318879705
58080 2.002444351 1.683564646 1.683564646 0.318879705
62920 2.002444351 1.683564646 1.683564646 0.318879705
67760 2.002444351 1.683564646 1.683564646 0.318879705
72600 2.002444351 1.683564646 1.683564646 0.318879705
77440 2.002444351 1.683564646 1.683564646 0.318879705
82280 2.002444351 1.683564646 1.683564646 0.318879705
87120 2.002444351 1.683564646 1.683564646 0.318879705
91960 2.002444351 1.683564646 1.683564646 0.318879705
48400 1.955082614 1.630239067 1.630239067 0.324843547
53240 1.955082614 1.630239067 1.630239067 0.324843547
58080 1.955082614 1.630239067 1.630239067 0.324843547
62920 1.955082614 1.630239067 1.630239067 0.324843547
67760 1.955082614 1.630239067 1.630239067 0.324843547
72600 1.955082614 1.630239067 1.630239067 0.324843547
77440 1.955082614 1.630239067 1.630239067 0.324843547
82280 1.955082614 1.630239067 1.630239067 0.324843547
87120 1.955082614 1.630239067 1.630239067 0.324843547
91960 1.955082614 1.630239067 1.630239067 0.324843547
48400 1.968763560 1.661850756 1.661850756 0.306912804
53240 1.968763560 1.661850756 1.661850756 0.306912804
58080 1.968763560 1.661850756 1.661850756 0.306912804
62920 1.968763560 1.661850756 1.661850756 0.306912804
67760 1.968763560 1.661850756 1.661850756 0.306912804
72600 1.968763560 1.661850756 1.661850756 0.306912804
77440 1.968763560 1.661850756 1.661850756 0.306912804
82280 1.968763560 1.661850756 1.661850756 0.306912804
87120 1.968763560 1.661850756 1.661850756 0.306912804
91960 1.968763560 1.661850756 1.661850756 0.306912804
48400 2.010406647 1.691464271 1.691464271 0.318942376
53240 2.010406647 1.691464271 1.691464271 0.318942376
58080 2.010406647 1.691464271 1.691464271 0.318942376
62920 2.010406647 1.691464271 1.691464271 0.318942376
67760 2.010406647 1.691464271 1.691464271 0.318942376
72600 2.010406647 1.691464271 1.691464271 0.318942376
77440 2.010406647 1.691464271 1.691464271 0.318942376
82280 2.010406647 1.691464271 1.691464271 0.318942376
87120 2.010406647 1.691464271 1.691464271 0.318942376
91960 2.010406647 1.691464271 1.691464271 0.318942376
48400 2.011388351 1.679852645 1.679852645 0.331535706
53240 2.011388351 1.679852645 1.679852645 0.331535706
58080 2.011388351 1.679852645 1.679852645 0.331535706
62920 2.011388351 1.679852645 1.679852645 0.331535706
67760 2.011388351 1.679852645 1.679852645 0.331535706
72600 2.011388351 1.679852645 1.679852645 0.331535706
77440 2.011388351 1.679852645 1.679852645 0.331535706
82280 2.011388351 1.679852645 1.679852645 0.331535706
87120 2.011388351 1.679852645 1.679852645 0.331535706
91960 2.011388351 1.679852645 1.679852645 0.331535706
48400 1.951396695 1.619044509 1.619044509 0.332352186
53240 1.951396695 1.619044509 1.619044509 0.332352186
58080 1.951396695 1.619044509 1.619044509 0.332352186
62920 1.951396695 1.619044509 1.619044509 0.332352186
67760 1.951396695 1.619044509 1.619044509 0.332352186
72600 1.951396695 1.619044509 1.619044509 0.332352186
77440 1.951396695 1.619044509 1.619044509 0.332352186
82280 1.951396695 1.619044509 1.619044509 0.332352186
87120 1.951396695 1.619044509 1.619044509 0.332352186
91960 1.951396695 1.619044509 1.619044509 0.332352186
48400 2.021150508 1.709022615 1.709022615 0.312127893
53240 2.021150508 1.709022615 1.709022615 0.312127893
58080 2.021150508 1.709022615 1.709022615 0.312127893
62920 2.021150508 1.709022615 1.709022615 0.312127893
67760 2.021150508 1.709022615 1.709022615 0.312127893
72600 2.021150508 1.709022615 1.709022615 0.312127893
77440 2.021150508 1.709022615 1.709022615 0.312127893
82280 2.021150508 1.709022615 1.709022615 0.312127893
87120 2.021150508 1.709022615 1.709022615 0.312127893
91960 2.021150508 1.709022615 1.709022615 0.312127893
48400 1.961375758 1.627959806 1.627959806 0.333415952
53240 1.961375758 1.627959806 1.627959806 0.333415952
58080 1.961375758 1.627959806 1.627959806 0.333415952
62920 1.961375758 1.627959806 1.627959806 0.333415952
67760 1.961375758 1.627959806 1.627959806 0.333415952
72600 1.961375758 1.627959806 1.627959806 0.333415952
77440 1.961375758 1.627959806 1.627959806 0.333415952
82280 1.961375758 1.627959806 1.627959806 0.333415952
87120 1.961375758 1.627959806 1.627959806 0.333415952
91960 1.961375758 1.627959806 1.627959806 0.333415952
48400 1.982691840 1.658167627 1.658167627 0.324524213
53240 1.982691840 1.658167627 1.658167627 0.324524213
58080 1.982691840 1.658167627 1.658167627 0.324524213
62920 1.982691840 1.658167627 1.658167627 0.324524213
67760 1.982691840 1.658167627 1.658167627 0.324524213
72600 1.982691840 1.658167627 1.658167627 0.324524213
77440 1.982691840 1.658167627 1.658167627 0.324524213
82280 1.982691840 1.658167627 1.658167627 0.324524213
87120 1.982691840 1.658167627 1.658167627 0.324524213
91960 1.982691840 1.658167627 1.658167627 0.324524213
48400 2.008225325 1.697747042 1.697747042 0.310478283
53240 2.008225325 1.697747042 1.697747042 0.310478283
58080 2.008225325 1.697747042 1.697747042 0.310478283
62920 2.008225325 1.697747042 1.697747042 0.310478283
67760 2.008225325 1.697747042 1.697747042 0.310478283
72600 2.008225325 1.697747042 1.697747042 0.310478283
77440 2.008225325 1.697747042 1.697747042 0.310478283
82280 2.008225325 1.697747042 1.697747042 0.310478283
87120 2.008225325 1.697747042 1.697747042 0.310478283
91960 2.008225325 1.697747042 1.697747042 0.310478283
48400 2.004034580 1.698677093 1.698677093 0.305357487
53240 2.004034580 1.698677093 1.698677093 0.305357487
58080 2.004034580 1.698677093 1.698677093 0.305357487
62920 2.004034580 1.698677093 1.698677093 0.305357487
67760 2.004034580 1.698677093 1.698677093 0.305357487
72600 2.004034580 1.698677093 1.698677093 0.305357487
77440 2.004034580 1.698677093 1.698677093 0.305357487
82280 2.004034580 1.698677093 1.698677093 0.305357487
87120 2.004034580 1.698677093 1.698677093 0.305357487
91960 2.004034580 1.698677093 1.698677093 0.305357487
48400 1.906181999 1.582649945 1.582649945 0.323532054
53240 1.906181999 1.582649945 1.582649945 0.323532054
58080 1.906181999 1.582649945 1.582649945 0.323532054
62920 1.906181999 1.582649945 1.582649945 0.323532054
67760 1.906181999 1.582649945 1.582649945 0.323532054
72600 1.906181999 1.582649945 1.582649945 0.323532054
77440 1.906181999 1.582649945 1.582649945 0.323532054
82280 1.906181999 1.582649945 1.582649945 0.323532054
87120 1.906181999 1.582649945 1.582649945 0.323532054
91960 1.906181999 1.582649945 1.582649945 0.323532054
48400 1.966177827 1.660440437 1.660440437 0.305737390
53240 1.966177827 1.660440437 1.660440437 0.305737390
58080 1.966177827 1.660440437 1.660440437 0.305737390
62920 1.966177827 1.660440437 1.660440437 0.305737390
67760 1.966177827 1.660440437 1.660440437 0.305737390
72600 1.966177827 1.660440437 1.660440437 0.305737390
77440 1.966177827 1.660440437 1.660440437 0.305737390
82280 1.966177827 1.660440437 1.660440437 0.305737390
87120 1.966177827 1.660440437 1.660440437 0.305737390
91960 1.966177827 1.660440437 1.660440437 0.305737390
48400 1.939284264 1.617226301 1.617226301 0.322057963
53240 1.939284264 1.617226301 1.617226301 0.322057963
58080 1.939284264 1.617226301 1.617226301 0.322057963
62920 1.939284264 1.617226301 1.617226301 0.322057963
67760 1.939284264 1.617226301 1.617226301 0.322057963
72600 1.939284264 1.617226301 1.617226301 0.322057963
77440 1.939284264 1.617226301 1.617226301 0.322057963
82280 1.939284264 1.617226301 1.617226301 0.322057963
87120 1.939284264 1.617226301 1.617226301 0.322057963
91960 1.939284264 1.617226301 1.617226301 0.322057963
48400 2.004874051 1.699552287 1.699552287 0.305321764
53240 2.004874051 1.699552287 1.699552287 0.305321764
58080 2.004874051 1.699552287 1.699552287 0.305321764
62920 2.004874051 1.699552287 1.699552287 0.305321764
67760 2.004874051 1.699552287 1.699552287 0.305321764
72600 2.004874051 1.699552287 1.699552287 0.305321764
77440 2.004874051 1.699552287 1.699552287 0.305321764
82280 2.004874051 1.699552287 1.699552287 0.305321764
87120 2.004874051 1.699552287 1.699552287 0.305321764
91960 2.004874051 1.699552287 1.699552287 0.305321764
48400 1.943719029 1.646807949 1.646807949 0.296911080
53240 1.943719029 1.646807949 1.646807949 0.296911080
58080 1.943719029 1.646807949 1.646807949 0.296911080
62920 1.943719029 1.646807949 1.646807949 0.296911080
67760 1.943719029 1.646807949 1.646807949 0.296911080
72600 1.943719029 1.646807949 1.646807949 0.296911080
77440 1.943719029 1.646807949 1.646807949 0.296911080
82280 1.943719029 1.646807949 1.646807949 0.296911080
87120 1.943719029 1.646807949 1.646807949 0.296911080
91960 1.943719029 1.646807949 1.646807949 0.296911080
48400 1.907023776 1.589630310 1.589630310 0.317393466
53240 1.907023776 1.589630310 1.589630310 0.317393466
58080 1.907023776 1.589630310 1.589630310 0.317393466
62920 1.907023776 1.589630310 1.589630310 0.317393466
67760 1.907023776 1.589630310 1.589630310 0.317393466
72600 1.907023776 1.589630310 1.589630310 0.317393466
77440 1.907023776 1.589630310 1.589630310 0.317393466
82280 1.907023776 1.589630310 1.589630310 0.317393466
87120 1.907023776 1.589630310 1.589630310 0.317393466
91960 1.907023776 1.589630310 1.589630310 0.317393466
48400 1.934913634 1.614846661 1.614846661 0.320066973
53240 1.934913634 1.614846661 1.614846661 0.320066973
58080 1.934913634 1.614846661 1.614846661 0.320066973
62920 1.934913634 1.614846661 1.614846661 0.320066973
67760 1.934913634 1.614846661 1.614846661 0.320066973
72600 1.934913634 1.614846661 1.614846661 0.320066973
77440 1.934913634 1.614846661 1.614846661 0.320066973
82280 1.934913634 1.614846661 1.614846661 0.320066973
87120 1.934913634 1.614846661 1.614846661 0.320066973
91960 1.934913634 1.614846661 1.614846661 0.320066973
48400 1.895755375 1.577312386 1.577312386 0.318442989
53240 1.895755375 1.577312386 1.577312386 0.318442989
58080 1.895755375 1.577312386 1.577312386 0.318442989
62920 1.895755375 1.577312386 1.577312386 0.318442989
67760 1.895755375 1.577312386 1.577312386 0.318442989
72600 1.895755375 1.577312386 1.577312386 0.318442989
77440 1.895755375 1.577312386 1.577312386 0.318442989
82280 1.895755375 1.577312386 1.577312386 0.318442989
87120 1.895755375 1.577312386 1.577312386 0.318442989
91960 1.895755375 1.577312386 1.577312386 0.318442989
48400 0.354721028 0.337887014 0.337887014 0.016834014
53240 0.354721028 0.337887014 0.337887014 0.016834014
58080 0.354721028 0.337887014 0.337887014 0.016834014
62920 0.354721028 0.337887014 0.337887014 0.016834014
67760 0.354721028 0.337887014 0.337887014 0.016834014
72600 0.354721028 0.337887014 0.337887014 0.016834014
77440 0.354721028 0.337887014 0.337887014 0.016834014
82280 0.354721028 0.337887014 0.337887014 0.016834014
87120 0.354721028 0.337887014 0.337887014 0.016834014
91960 0.354721028 0.337887014 0.337887014 0.016834014
48400 0.368270202 0.354162925 0.354162925 0.014107277
53240 0.368270202 0.354162925 0.354162925 0.014107277
58080 0.368270202 0.354162925 0.354162925 0.014107277
62920 0.368270202 0.354162925 0.354162925 0.014107277
67760 0.368270202 0.354162925 0.354162925 0.014107277
72600 0.368270202 0.354162925 0.354162925 0.014107277
77440 0.368270202 0.354162925 0.354162925 0.014107277
82280 0.368270202 0.354162925 0.354162925 0.014107277
87120 0.368270202 0.354162925 0.354162925 0.014107277
91960 0.368270202 0.354162925 0.354162925 0.014107277
48400 0.369584581 0.354140870 0.354140870 0.015443711
53240 0.369584581 0.354140870 0.354140870 0.015443711
58080 0.369584581 0.354140870 0.354140870 0.015443711
62920 0.369584581 0.354140870 0.354140870 0.015443711
67760 0.369584581 0.354140870 0.354140870 0.015443711
72600 0.369584581 0.354140870 0.354140870 0.015443711
77440 0.369584581 0.354140870 0.354140870 0.015443711
82280 0.369584581 0.354140870 0.354140870 0.015443711
87120 0.369584581 0.354140870 0.354140870 0.015443711
91960 0.369584581 0.354140870 0.354140870 0.015443711
48400 0.369086560 0.354824149 0.354824149 0.014262411
53240 0.369086560 0.354824149 0.354824149 0.014262411
58080 0.369086560 0.354824149 0.354824149 0.014262411
62920 0.369086560 0.354824149 0.354824149 0.014262411
67760 0.369086560 0.354824149 0.354824149 0.014262411
72600 0.369086560 0.354824149 0.354824149 0.014262411
77440 0.369086560 0.354824149 0.354824149 0.014262411
82280 0.369086560 0.354824149 0.354824149 0.014262411
87120 0.369086560 0.354824149 0.354824149 0.014262411
91960 0.369086560 0.354824149 0.354824149 0.014262411
48400 0.360688127 0.345438597 0.345438597 0.015249530
53240 0.360688127 0.345438597 0.345438597 0.015249530
58080 0.360688127 0.345438597 0.345438597 0.015249530
62920 0.360688127 0.345438597 0.345438597 0.015249530
67760 0.360688127 0.345438597 0.345438597 0.015249530
72600 0.360688127 0.345438597 0.345438597 0.015249530
77440 0.360688127 0.345438597 0.345438597 0.015249530
82280 0.360688127 0.345438597 0.345438597 0.015249530
87120 0.360688127 0.345438597 0.345438597 0.015249530
91960 0.360688127 0.345438597 0.345438597 0.015249530
48400 0.378384462 0.364187811 0.364187811 0.014196651
53240 0.378384462 0.364187811 0.364187811 0.014196651
58080 0.378384462 0.364187811 0.364187811 0.014196651
62920 0.378384462 0.364187811 0.364187811 0.014196651
67760 0.378384462 0.364187811 0.364187811 0.014196651
72600 0.378384462 0.364187811 0.364187811 0.014196651
77440 0.378384462 0.364187811 0.364187811 0.014196651
82280 0.378384462 0.364187811 0.364187811 0.014196651
87120 0.378384462 0.364187811 0.364187811 0.014196651
91960 0.378384462 0.364187811 0.364187811 0.014196651
48400 0.364996750 0.350520083 0.350520083 0.014476667
53240 0.364996750 0.350520083 0.350520083 0.014476667
58080 0.364996750 0.350520083 0.350520083 0.014476667
62920 0.364996750 0.350520083 0.350520083 0.014476667
67760 0.364996750 0.350520083 0.350520083 0.014476667
72600 0.364996750 0.350520083 0.350520083 0.014476667
77440 0.364996750 0.350520083 0.350520083 0.014476667
82280 0.364996750 0.350520083 0.350520083 0.014476667
87120 0.364996750 0.350520083 0.350520083 0.014476667
91960 0.364996750 0.350520083 0.350520083 0.014476667
48400 0.366331055 0.351934572 0.351934572 0.014396483
53240 0.366331055 0.351934572 0.351934572 0.014396483
58080 0.366331055 0.351934572 0.351934572 0.014396483
62920 0.366331055 0.351934572 0.351934572 0.014396483
67760 0.366331055 0.351934572 0.351934572 0.014396483
72600 0.366331055 0.351934572 0.351934572 0.014396483
77440 0.366331055 0.351934572 0.351934572 0.014396483
82280 0.366331055 0.351934572 0.351934572 0.014396483
87120 0.366331055 0.351934572 0.351934572 0.014396483
91960 0.366331055 0.351934572 0.351934572 0.014396483
48400 0.350581917 0.335955309 0.335955309 0.014626608
53240 0.350581917 0.335955309 0.335955309 0.014626608
58080 0.350581917 0.335955309 0.335955309 0.014626608
62920 0.350581917 0.335955309 0.335955309 0.014626608
67760 0.350581917 0.335955309 0.335955309 0.014626608
72600 0.350581917 0.335955309 0.335955309 0.014626608
77440 0.350581917 0.335955309 0.335955309 0.014626608
82280 0.350581917 0.335955309 0.335955309 0.014626608
87120 0.350581917 0.335955309 0.335955309 0.014626608
91960 0.350581917 0.335955309 0.335955309 0.014626608
48400 0.343905849 0.328867981 0.328867981 0.015037868
53240 0.343905849 0.328867981 0.328867981 0.015037868
58080 0.343905849 0.328867981 0.328867981 0.015037868
62920 0.343905849 0.328867981 0.328867981 0.015037868
67760 0.343905849 0.328867981 0.328867981 0.015037868
72600 0.343905849 0.328867981 0.328867981 0.015037868
77440 0.343905849 0.328867981 0.328867981 0.015037868
82280 0.343905849 0.328867981 0.328867981 0.015037868
87120 0.343905849 0.328867981 0.328867981 0.015037868
91960 0.343905849 0.328867981 0.328867981 0.015037868
48400 0.350595810 0.335194383 0.335194383 0.015401427
53240 0.350595810 0.335194383 0.335194383 0.015401427
58080 0.350595810 0.335194383 0.335194383 0.015401427
62920 0.350595810 0.335194383 0.335194383 0.015401427
67760 0.350595810 0.335194383 0.335194383 0.015401427
72600 0.350595810 0.335194383 0.335194383 0.015401427
77440 0.350595810 0.335194383 0.335194383 0.015401427
82280 0.350595810 0.335194383 0.335194383 0.015401427
87120 0.350595810 0.335194383 0.335194383 0.015401427
91960 0.350595810 0.335194383 0.335194383 0.015401427
48400 0.338799770 0.321865070 0.321865070 0.016934700
53240 0.338799770 0.321865070 0.321865070 0.016934700
58080 0.338799770 0.321865070 0.321865070 0.016934700
62920 0.338799770 0.321865070 0.321865070 0.016934700
67760 0.338799770 0.321865070 0.321865070 0.016934700
72600 0.338799770 0.321865070 0.321865070 0.016934700
77440 0.338799770 0.321865070 0.321865070 0.016934700
82280 0.338799770 0.321865070 0.321865070 0.016934700
87120 0.338799770 0.321865070 0.321865070 0.016934700
91960 0.338799770 0.321865070 0.321865070 0.016934700
48400 0.369900202 0.356122439 0.356122439 0.013777763
53240 0.369900202 0.356122439 0.356122439 0.013777763
58080 0.369900202 0.356122439 0.356122439 0.013777763
62920 0.369900202 0.356122439 0.356122439 0.013777763
67760 0.369900202 0.356122439 0.356122439 0.013777763
72600 0.369900202 0.356122439 0.356122439 0.013777763
77440 0.369900202 0.356122439 0.356122439 0.013777763
82280 0.369900202 0.356122439 0.356122439 0.013777763
87120 0.369900202 0.356122439 0.356122439 0.013777763
91960 0.369900202 0.356122439 0.356122439 0.013777763
48400 0.366984187 0.351212295 0.351212295 0.015771892
53240 0.366984187 0.351212295 0.351212295 0.015771892
58080 0.366984187 0.351212295 0.351212295 0.015771892
62920 0.366984187 0.351212295 0.351212295 0.015771892
67760 0.366984187 0.351212295 0.351212295 0.015771892
72600 0.366984187 0.351212295 0.351212295 0.015771892
77440 0.366984187 0.351212295 0.351212295 0.015771892
82280 0.366984187 0.351212295 0.351212295 0.015771892
87120 0.366984187 0.351212295 0.351212295 0.015771892
91960 0.366984187 0.351212295 0.351212295 0.015771892
48400 0.379150256 0.365600752 0.365600752 0.013549504
53240 0.379150256 0.365600752 0.365600752 0.013549504
58080 0.379150256 0.365600752 0.365600752 0.013549504
62920 0.379150256 0.365600752 0.365600752 0.013549504
67760 0.379150256 0.365600752 0.365600752 0.013549504
72600 0.379150256 0.365600752 0.365600752 0.013549504
77440 0.379150256 0.365600752 0.365600752 0.013549504
82280 0.379150256 0.365600752 0.365600752 0.013549504
87120 0.379150256 0.365600752 0.365600752 0.013549504
91960 0.379150256 0.365600752 0.365600752 0.013549504
48400 0.354755787 0.339462906 0.339462906 0.015292881
53240 0.354755787 0.339462906 0.339462906 0.015292881
58080 0.354755787 0.339462906 0.339462906 0.015292881
62920 0.354755787 0.339462906 0.339462906 0.015292881
67760 0.354755787 0.339462906 0.339462906 0.015292881
72600 0.354755787 0.339462906 0.339462906 0.015292881
77440 0.354755787 0.339462906 0.339462906 0.015292881
82280 0.354755787 0.339462906 0.339462906 0.015292881
87120 0.354755787 0.339462906 0.339462906 0.015292881
91960 0.354755787 0.339462906 0.339462906 0.015292881
48400 0.354704069 0.339794322 0.339794322 0.014909747
53240 0.354704069 0.339794322 0.339794322 0.014909747
58080 0.354704069 0.339794322 0.339794322 0.014909747
62920 0.354704069 0.339794322 0.339794322 0.014909747
67760 0.354704069 0.339794322 0.339794322 0.014909747
72600 0.354704069 0.339794322 0.339794322 0.014909747
77440 0.354704069 0.339794322 0.339794322 0.014909747
82280 0.354704069 0.339794322 0.339794322 0.014909747
87120 0.354704069 0.339794322 0.339794322 0.014909747
91960 0.354704069 0.339794322 0.339794322 0.014909747
48400 0.340412074 0.325679485 0.325679485 0.014732589
53240 0.340412074 0.325679485 0.325679485 0.014732589
58080 0.340412074 0.325679485 0.325679485 0.014732589
62920 0.340412074 0.325679485 0.325679485 0.014732589
67760 0.340412074 0.325679485 0.325679485 0.014732589
72600 0.340412074 0.325679485 0.325679485 0.014732589
77440 0.340412074 0.325679485 0.325679485 0.014732589
82280 0.340412074 0.325679485 0.325679485 0.014732589
87120 0.340412074 0.325679485 0.325679485 0.014732589
91960 0.340412074 0.325679485 0.325679485 0.014732589
48400 0.337072501 0.322023192 0.322023192 0.015049309
53240 0.337072501 0.322023192 0.322023192 0.015049309
58080 0.337072501 0.322023192 0.322023192 0.015049309
62920 0.337072501 0.322023192 0.322023192 0.015049309
67760 0.337072501 0.322023192 0.322023192 0.015049309
72600 0.337072501 0.322023192 0.322023192 0.015049309
77440 0.337072501 0.322023192 0.322023192 0.015049309
82280 0.337072501 0.322023192 0.322023192 0.015049309
87120 0.337072501 0.322023192 0.322023192 0.015049309
91960 0.337072501 0.322023192 0.322023192 0.015049309
48400 0.340419450 0.324026184 0.324026184 0.016393266
53240 0.340419450 0.324026184 0.324026184 0.016393266
58080 0.340419450 0.324026184 0.324026184 0.016393266
62920 0.340419450 0.324026184 0.324026184 0.016393266
67760 0.340419450 0.324026184 0.324026184 0.016393266
72600 0.340419450 0.324026184 0.324026184 0.016393266
77440 0.340419450 0.324026184 0.324026184 0.016393266
82280 0.340419450 0.324026184 0.324026184 0.016393266
87120 0.340419450 0.324026184 0.324026184 0.016393266
91960 0.340419450 0.324026184 0.324026184 0.016393266
48400 0.338881260 0.323753245 0.323753245 0.015128015
53240 0.338881260 0.323753245 0.323753245 0.015128015
58080 0.338881260 0.323753245 0.323753245 0.015128015
62920 0.338881260 0.323753245 0.323753245 0.015128015
67760 0.338881260 0.323753245 0.323753245 0.015128015
72600 0.338881260 0.323753245 0.323753245 0.015128015
77440 0.338881260 0.323753245 0.323753245 0.015128015
82280 0.338881260 0.323753245 0.323753245 0.015128015
87120 0.338881260 0.323753245 0.323753245 0.015128015
91960 0.338881260 0.323753245 0.323753245 0.015128015
48400 0.336802928 0.321854568 0.321854568 0.014948360
53240 0.336802928 0.321854568 0.321854568 0.014948360
58080 0.336802928 0.321854568 0.321854568 0.014948360
62920 0.336802928 0.321854568 0.321854568 0.014948360
67760 0.336802928 0.321854568 0.321854568 0.014948360
72600 0.336802928 0.321854568 0.321854568 0.014948360
77440 0.336802928 0.321854568 0.321854568 0.014948360
82280 0.336802928 0.321854568 0.321854568 0.014948360
87120 0.336802928 0.321854568 0.321854568 0.014948360
91960 0.336802928 0.321854568 0.321854568 0.014948360
48400 0.346579128 0.331680942 0.331680942 0.014898186
53240 0.346579128 0.331680942 0.331680942 0.014898186
58080 0.346579128 0.331680942 0.331680942 0.014898186
62920 0.346579128 0.331680942 0.331680942 0.014898186
67760 0.346579128 0.331680942 0.331680942 0.014898186
72600 0.346579128 0.331680942 0.331680942 0.014898186
77440 0.346579128 0.331680942 0.331680942 0.014898186
82280 0.346579128 0.331680942 0.331680942 0.014898186
87120 0.346579128 0.331680942 0.331680942 0.014898186
91960 0.346579128 0.331680942 0.331680942 0.014898186
48400 0.349377978 0.334529018 0.334529018 0.014848960
53240 0.349377978 0.334529018 0.334529018 0.014848960
58080 0.349377978 0.334529018 0.334529018 0.014848960
62920 0.349377978 0.334529018 0.334529018 0.014848960
67760 0.349377978 0.334529018 0.334529018 0.014848960
72600 0.349377978 0.334529018 0.334529018 0.014848960
77440 0.349377978 0.334529018 0.334529018 0.014848960
82280 0.349377978 0.334529018 0.334529018 0.014848960
87120 0.349377978 0.334529018 0.334529018 0.014848960
91960 0.349377978 0.334529018 0.334529018 0.014848960
48400 0.340257915 0.324911963 0.324911963 0.015345952
53240 0.340257915 0.324911963 0.324911963 0.015345952
58080 0.340257915 0.324911963 0.324911963 0.015345952
62920 0.340257915 0.324911963 0.324911963 0.015345952
67760 0.340257915 0.324911963 0.324911963 0.015345952
72600 0.340257915 0.324911963 0.324911963 0.015345952
77440 0.340257915 0.324911963 0.324911963 0.015345952
82280 0.340257915 0.324911963 0.324911963 0.015345952
87120 0.340257915 0.324911963 0.324911963 0.015345952
91960 0.340257915 0.324911963 0.324911963 0.015345952
48400 0.350288907 0.335583039 0.335583039 0.014705868
53240 0.350288907 0.335583039 0.335583039 0.014705868
58080 0.350288907 0.335583039 0.335583039 0.014705868
62920 0.350288907 0.335583039 0.335583039 0.014705868
67760 0.350288907 0.335583039 0.335583039 0.014705868
72600 0.350288907 0.335583039 0.335583039 0.014705868
77440 0.350288907 0.335583039 0.335583039 0.014705868
82280 0.350288907 0.335583039 0.335583039 0.014705868
87120 0.350288907 0.335583039 0.335583039 0.014705868
91960 0.350288907 0.335583039 0.335583039 0.014705868
48400 0.347903025 0.332871341 0.332871341 0.015031684
53240 0.347903025 0.332871341 0.332871341 0.015031684
58080 0.347903025 0.332871341 0.332871341 0.015031684
62920 0.347903025 0.332871341 0.332871341 0.015031684
67760 0.347903025 0.332871341 0.332871341 0.015031684
72600 0.347903025 0.332871341 0.332871341 0.015031684
77440 0.347903025 0.332871341 0.332871341 0.015031684
82280 0.347903025 0.332871341 0.332871341 0.015031684
87120 0.347903025 0.332871341 0.332871341 0.015031684
91960 0.347903025 0.332871341 0.332871341 0.015031684
48400 0.348144805 0.332595963 0.332595963 0.015548842
53240 0.348144805 0.332595963 0.332595963 0.015548842
58080 0.348144805 0.332595963 0.332595963 0.015548842
62920 0.348144805 0.332595963 0.332595963 0.015548842
67760 0.348144805 0.332595963 0.332595963 0.015548842
72600 0.348144805 0.332595963 0.332595963 0.015548842
77440 0.348144805 0.332595963 0.332595963 0.015548842
82280 0.348144805 0.332595963 0.332595963 0.015548842
87120 0.348144805 0.332595963 0.332595963 0.015548842
91960 0.348144805 0.332595963 0.332595963 0.015548842
48400 0.335710786 0.321656400 0.321656400 0.014054386
53240 0.335710786 0.321656400 0.321656400 0.014054386
58080 0.335710786 0.321656400 0.321656400 0.014054386
62920 0.335710786 0.321656400 0.321656400 0.014054386
67760 0.335710786 0.321656400 0.321656400 0.014054386
72600 0.335710786 0.321656400 0.321656400 0.014054386
77440 0.335710786 0.321656400 0.321656400 0.014054386
82280 0.335710786 0.321656400 0.321656400 0.014054386
87120 0.335710786 0.321656400 0.321656400 0.014054386
91960 0.335710786 0.321656400 0.321656400 0.014054386
48400 0.342863497 0.328550430 0.328550430 0.014313067
53240 0.342863497 0.328550430 0.328550430 0.014313067
58080 0.342863497 0.328550430 0.328550430 0.014313067
62920 0.342863497 0.328550430 0.328550430 0.014313067
67760 0.342863497 0.328550430 0.328550430 0.014313067
72600 0.342863497 0.328550430 0.328550430 0.014313067
77440 0.342863497 0.328550430 0.328550430 0.014313067
82280 0.342863497 0.328550430 0.328550430 0.014313067
87120 0.342863497 0.328550430 0.328550430 0.014313067
91960 0.342863497 0.328550430 0.328550430 0.014313067
48400 0.349855479 0.334006469 0.334006469 0.015849010
53240 0.349855479 0.334006469 0.334006469 0.015849010
58080 0.349855479 0.334006469 0.334006469 0.015849010
62920 0.349855479 0.334006469 0.334006469 0.015849010
67760 0.349855479 0.334006469 0.334006469 0.015849010
72600 0.349855479 0.334006469 0.334006469 0.015849010
77440 0.349855479 0.334006469 0.334006469 0.015849010
82280 0.349855479 0.334006469 0.334006469 0.015849010
87120 0.349855479 0.334006469 0.334006469 0.015849010
91960 0.349855479 0.334006469 0.334006469 0.015849010
48400 0.353447184 0.339066911 0.339066911 0.014380273
53240 0.353447184 0.339066911 0.339066911 0.014380273
58080 0.353447184 0.339066911 0.339066911 0.014380273
62920 0.353447184 0.339066911 0.339066911 0.014380273
67760 0.353447184 0.339066911 0.339066911 0.014380273
72600 0.353447184 0.339066911 0.339066911 0.014380273
77440 0.353447184 0.339066911 0.339066911 0.014380273
82280 0.353447184 0.339066911 0.339066911 0.014380273
87120 0.353447184 0.339066911 0.339066911 0.014380273
91960 0.353447184 0.339066911 0.339066911 0.014380273
48400 0.357286692 0.343055714 0.343055714 0.014230978
53240 0.357286692 0.343055714 0.343055714 0.014230978
58080 0.357286692 0.343055714 0.343055714 0.014230978
62920 0.357286692 0.343055714 0.343055714 0.014230978
67760 0.357286692 0.343055714 0.343055714 0.014230978
72600 0.357286692 0.343055714 0.343055714 0.014230978
77440 0.357286692 0.343055714 0.343055714 0.014230978
82280 0.357286692 0.343055714 0.343055714 0.014230978
87120 0.357286692 0.343055714 0.343055714 0.014230978
91960 0.357286692 0.343055714 0.343055714 0.014230978
48400 0.366149908 0.351227775 0.351227775 0.014922133
53240 0.366149908 0.351227775 0.351227775 0.014922133
58080 0.366149908 0.351227775 0.351227775 0.014922133
62920 0.366149908 0.351227775 0.351227775 0.014922133
67760 0.366149908 0.351227775 0.351227775 0.014922133
72600 0.366149908 0.351227775 0.351227775 0.014922133
77440 0.366149908 0.351227775 0.351227775 0.014922133
82280 0.366149908 0.351227775 0.351227775 0.014922133
87120 0.366149908 0.351227775 0.351227775 0.014922133
91960 0.366149908 0.351227775 0.351227775 0.014922133
48400 0.362643675 0.348020230 0.348020230 0.014623445
53240 0.362643675 0.348020230 0.348020230 0.014623445
58080 0.362643675 0.348020230 0.348020230 0.014623445
62920 0.362643675 0.348020230 0.348020230 0.014623445
67760 0.362643675 0.348020230 0.348020230 0.014623445
72600 0.362643675 0.348020230 0.348020230 0.014623445
77440 0.362643675 0.348020230 0.348020230 0.014623445
82280 0.362643675 0.348020230 0.348020230 0.014623445
87120 0.362643675 0.348020230 0.348020230 0.014623445
91960 0.362643675 0.348020230 0.348020230 0.014623445
48400 0.359325389 0.344752888 0.344752888 0.014572501
53240 0.359325389 0.344752888 0.344752888 0.014572501
58080 0.359325389 0.344752888 0.344752888 0.014572501
62920 0.359325389 0.344752888 0.344752888 0.014572501
67760 0.359325389 0.344752888 0.344752888 0.014572501
72600 0.359325389 0.344752888 0.344752888 0.014572501
77440 0.359325389 0.344752888 0.344752888 0.014572501
82280 0.359325389 0.344752888 0.344752888 0.014572501
87120 0.359325389 0.344752888 0.344752888 0.014572501
91960 0.359325389 0.344752888 0.344752888 0.014572501
48400 0.356962786 0.342593889 0.342593889 0.014368897
53240 0.356962786 0.342593889 0.342593889 0.014368897
58080 0.356962786 0.342593889 0.342593889 0.014368897
62920 0.356962786 0.342593889 0.342593889 0.014368897
67760 0.356962786 0.342593889 0.342593889 0.014368897
72600 0.356962786 0.342593889 0.342593889 0.014368897
77440 0.356962786 0.342593889 0.342593889 0.014368897
82280 0.356962786 0.342593889 0.342593889 0.014368897
87120 0.356962786 0.342593889 0.342593889 0.014368897
91960 0.356962786 0.342593889 0.342593889 0.014368897
48400 0.362343522 0.347694604 0.347694604 0.014648918
53240 0.362343522 0.347694604 0.347694604 0.014648918
58080 0.362343522 0.347694604 0.347694604 0.014648918
62920 0.362343522 0.347694604 0.347694604 0.014648918
67760 0.362343522 0.347694604 0.347694604 0.014648918
72600 0.362343522 0.347694604 0.347694604 0.014648918
77440 0.362343522 0.347694604 0.347694604 0.014648918
82280 0.362343522 0.347694604 0.347694604 0.014648918
87120 0.362343522 0.347694604 0.347694604 0.014648918
91960 0.362343522 0.347694604 0.347694604 0.014648918
48400 0.360614325 0.345975274 0.345975274 0.014639051
53240 0.360614325 0.345975274 0.345975274 0.014639051
58080 0.360614325 0.345975274 0.345975274 0.014639051
62920 0.360614325 0.345975274 0.345975274 0.014639051
67760 0.360614325 0.345975274 0.345975274 0.014639051
72600 0.360614325 0.345975274 0.345975274 0.014639051
77440 0.360614325 0.345975274 0.345975274 0.014639051
82280 0.360614325 0.345975274 0.345975274 0.014639051
87120 0.360614325 0.345975274 0.345975274 0.014639051
91960 0.360614325 0.345975274 0.345975274 0.014639051
48400 0.367738694 0.353174489 0.353174489 0.014564205
53240 0.367738694 0.353174489 0.353174489 0.014564205
58080 0.367738694 0.353174489 0.353174489 0.014564205
62920 0.367738694 0.353174489 0.353174489 0.014564205
67760 0.367738694 0.353174489 0.353174489 0.014564205
72600 0.367738694 0.353174489 0.353174489 0.014564205
77440 0.367738694 0.353174489 0.353174489 0.014564205
82280 0.367738694 0.353174489 0.353174489 0.014564205
87120 0.367738694 0.353174489 0.353174489 0.014564205
91960 0.367738694 0.353174489 0.353174489 0.014564205
48400 0.355514635 0.341231416 0.341231416 0.014283219
53240 0.355514635 0.341231416 0.341231416 0.014283219
58080 0.355514635 0.341231416 0.341231416 0.014283219
62920 0.355514635 0.341231416 0.341231416 0.014283219
67760 0.355514635 0.341231416 0.341231416 0.014283219
72600 0.355514635 0.341231416 0.341231416 0.014283219
77440 0.355514635 0.341231416 0.341231416 0.014283219
82280 0.355514635 0.341231416 0.341231416 0.014283219
87120 0.355514635 0.341231416 0.341231416 0.014283219
91960 0.355514635 0.341231416 0.341231416 0.014283219
48400 0.358835520 0.344773019 0.344773019 0.014062501
53240 0.358835520 0.344773019 0.344773019 0.014062501
58080 0.358835520 0.344773019 0.344773019 0.014062501
62920 0.358835520 0.344773019 0.344773019 0.014062501
67760 0.358835520 0.344773019 0.344773019 0.014062501
72600 0.358835520 0.344773019 0.344773019 0.014062501
77440 0.358835520 0.344773019 0.344773019 0.014062501
82280 0.358835520 0.344773019 0.344773019 0.014062501
87120 0.358835520 0.344773019 0.344773019 0.014062501
91960 0.358835520 0.344773019 0.344773019 0.014062501
48400 0.367494552 0.353122088 0.353122088 0.014372464
53240 0.367494552 0.353122088 0.353122088 0.014372464
58080 0.367494552 0.353122088 0.353122088 0.014372464
62920 0.367494552 0.353122088 0.353122088 0.014372464
67760 0.367494552 0.353122088 0.353122088 0.014372464
72600 0.367494552 0.353122088 0.353122088 0.014372464
77440 0.367494552 0.353122088 0.353122088 0.014372464
82280 0.367494552 0.353122088 0.353122088 0.014372464
87120 0.367494552 0.353122088 0.353122088 0.014372464
91960 0.367494552 0.353122088 0.353122088 0.014372464
48400 0.364643941 0.350928679 0.350928679 0.013715262
53240 0.364643941 0.350928679 0.350928679 0.013715262
58080 0.364643941 0.350928679 0.350928679 0.013715262
62920 0.364643941 0.350928679 0.350928679 0.013715262
67760 0.364643941 0.350928679 0.350928679 0.013715262
72600 0.364643941 0.350928679 0.350928679 0.013715262
77440 0.364643941 0.350928679 0.350928679 0.013715262
82280 0.364643941 0.350928679 0.350928679 0.013715262
87120 0.364643941 0.350928679 0.350928679 0.013715262
91960 0.364643941 0.350928679 0.350928679 0.013715262
48400 0.361543062 0.346810540 0.346810540 0.014732522
53240 0.361543062 0.346810540 0.346810540 0.014732522
58080 0.361543062 0.346810540 0.346810540 0.014732522
62920 0.361543062 0.346810540 0.346810540 0.014732522
67760 0.361543062 0.346810540 0.346810540 0.014732522
72600 0.361543062 0.346810540 0.346810540 0.014732522
77440 0.361543062 0.346810540 0.346810540 0.014732522
82280 0.361543062 0.346810540 0.346810540 0.014732522
87120 0.361543062 0.346810540 0.346810540 0.014732522
91960 0.361543062 0.346810540 0.346810540 0.014732522
48400 0.356089933 0.342087088 0.342087088 0.014002845
53240 0.356089933 0.342087088 0.342087088 0.014002845
58080 0.356089933 0.342087088 0.342087088 0.014002845
62920 0.356089933 0.342087088 0.342087088 0.014002845
67760 0.356089933 0.342087088 0.342087088 0.014002845
72600 0.356089933 0.342087088 0.342087088 0.014002845
77440 0.356089933 0.342087088 0.342087088 0.014002845
82280 0.356089933 0.342087088 0.342087088 0.014002845
87120 0.356089933 0.342087088 0.342087088 0.014002845
91960 0.356089933 0.342087088 0.342087088 0.014002845
48400 0.332464305 0.318195602 0.318195602 0.014268703
53240 0.332464305 0.318195602 0.318195602 0.014268703
58080 0.332464305 0.318195602 0.318195602 0.014268703
62920 0.332464305 0.318195602 0.318195602 0.014268703
67760 0.332464305 0.318195602 0.318195602 0.014268703
72600 0.332464305 0.318195602 0.318195602 0.014268703
77440 0.332464305 0.318195602 0.318195602 0.014268703
82280 0.332464305 0.318195602 0.318195602 0.014268703
87120 0.332464305 0.318195602 0.318195602 0.014268703
91960 0.332464305 0.318195602 0.318195602 0.014268703
48400 0.355500897 0.340264471 0.340264471 0.015236426
53240 0.355500897 0.340264471 0.340264471 0.015236426
58080 0.355500897 0.340264471 0.340264471 0.015236426
62920 0.355500897 0.340264471 0.340264471 0.015236426
67760 0.355500897 0.340264471 0.340264471 0.015236426
72600 0.355500897 0.340264471 0.340264471 0.015236426
77440 0.355500897 0.340264471 0.340264471 0.015236426
82280 0.355500897 0.340264471 0.340264471 0.015236426
87120 0.355500897 0.340264471 0.340264471 0.015236426
91960 0.355500897 0.340264471 0.340264471 0.015236426
48400 0.369299308 0.354661502 0.354661502 0.014637806
53240 0.369299308 0.354661502 0.354661502 0.014637806
58080 0.369299308 0.354661502 0.354661502 0.014637806
62920 0.369299308 0.354661502 0.354661502 0.014637806
67760 0.369299308 0.354661502 0.354661502 0.014637806
72600 0.369299308 0.354661502 0.354661502 0.014637806
77440 0.369299308 0.354661502 0.354661502 0.014637806
82280 0.369299308 0.354661502 0.354661502 0.014637806
87120 0.369299308 0.354661502 0.354661502 0.014637806
91960 0.369299308 0.354661502 0.354661502 0.014637806
48400 0.379365032 0.365951465 0.365951465 0.013413567
53240 0.379365032 0.365951465 0.365951465 0.013413567
58080 0.379365032 0.365951465 0.365951465 0.013413567
62920 0.379365032 0.365951465 0.365951465 0.013413567
67760 0.379365032 0.365951465 0.365951465 0.013413567
72600 0.379365032 0.365951465 0.365951465 0.013413567
77440 0.379365032 0.365951465 0.365951465 0.013413567
82280 0.379365032 0.365951465 0.365951465 0.013413567
87120 0.379365032 0.365951465 0.365951465 0.013413567
91960 0.379365032 0.365951465 0.365951465 0.013413567
48400 0.367606184 0.353343566 0.353343566 0.014262618
53240 0.367606184 0.353343566 0.353343566 0.014262618
58080 0.367606184 0.353343566 0.353343566 0.014262618
62920 0.367606184 0.353343566 0.353343566 0.014262618
67760 0.367606184 0.353343566 0.353343566 0.014262618
72600 0.367606184 0.353343566 0.353343566 0.014262618
77440 0.367606184 0.353343566 0.353343566 0.014262618
82280 0.367606184 0.353343566 0.353343566 0.014262618
87120 0.367606184 0.353343566 0.353343566 0.014262618
91960 0.367606184 0.353343566 0.353343566 0.014262618
48400 0.349556116 0.331145145 0.331145145 0.018410971
53240 0.349556116 0.331145145 0.331145145 0.018410971
58080 0.349556116 0.331145145 0.331145145 0.018410971
62920 0.349556116 0.331145145 0.331145145 0.018410971
67760 0.349556116 0.331145145 0.331145145 0.018410971
72600 0.349556116 0.331145145 0.331145145 0.018410971
77440 0.349556116 0.331145145 0.331145145 0.018410971
82280 0.349556116 0.331145145 0.331145145 0.018410971
87120 0.349556116 0.331145145 0.331145145 0.018410971
91960 0.349556116 0.331145145 0.331145145 0.018410971
48400 0.366882902 0.351892957 0.351892957 0.014989945
53240 0.366882902 0.351892957 0.351892957 0.014989945
58080 0.366882902 0.351892957 0.351892957 0.014989945
62920 0.366882902 0.351892957 0.351892957 0.014989945
67760 0.366882902 0.351892957 0.351892957 0.014989945
72600 0.366882902 0.351892957 0.351892957 0.014989945
77440 0.366882902 0.351892957 0.351892957 0.014989945
82280 0.366882902 0.351892957 0.351892957 0.014989945
87120 0.366882902 0.351892957 0.351892957 0.014989945
91960 0.366882902 0.351892957 0.351892957 0.014989945
48400 0.365717675 0.351122008 0.351122008 0.014595667
53240 0.365717675 0.351122008 0.351122008 0.014595667
58080 0.365717675 0.351122008 0.351122008 0.014595667
62920 0.365717675 0.351122008 0.351122008 0.014595667
67760 0.365717675 0.351122008 0.351122008 0.014595667
72600 0.365717675 0.351122008 0.351122008 0.014595667
77440 0.365717675 0.351122008 0.351122008 0.014595667
82280 0.365717675 0.351122008 0.351122008 0.014595667
87120 0.365717675 0.351122008 0.351122008 0.014595667
91960 0.365717675 0.351122008 0.351122008 0.014595667
48400 0.364959151 0.349973771 0.349973771 0.014985380
53240 0.364959151 0.349973771 0.349973771 0.014985380
58080 0.364959151 0.349973771 0.349973771 0.014985380
62920 0.364959151 0.349973771 0.349973771 0.014985380
67760 0.364959151 0.349973771 0.349973771 0.014985380
72600 0.364959151 0.349973771 0.349973771 0.014985380
77440 0.364959151 0.349973771 0.349973771 0.014985380
82280 0.364959151 0.349973771 0.349973771 0.014985380
87120 0.364959151 0.349973771 0.349973771 0.014985380
91960 0.364959151 0.349973771 0.349973771 0.014985380
48400 0.351671460 0.336592221 0.336592221 0.015079239
53240 0.351671460 0.336592221 0.336592221 0.015079239
58080 0.351671460 0.336592221 0.336592221 0.015079239
62920 0.351671460 0.336592221 0.336592221 0.015079239
67760 0.351671460 0.336592221 0.336592221 0.015079239
72600 0.351671460 0.336592221 0.336592221 0.015079239
77440 0.351671460 0.336592221 0.336592221 0.015079239
82280 0.351671460 0.336592221 0.336592221 0.015079239
87120 0.351671460 0.336592221 0.336592221 0.015079239
91960 0.351671460 0.336592221 0.336592221 0.015079239
48400 0.364492187 0.349126507 0.349126507 0.015365680
53240 0.364492187 0.349126507 0.349126507 0.015365680
58080 0.364492187 0.349126507 0.349126507 0.015365680
62920 0.364492187 0.349126507 0.349126507 0.015365680
67760 0.364492187 0.349126507 0.349126507 0.015365680
72600 0.364492187 0.349126507 0.349126507 0.015365680
77440 0.364492187 0.349126507 0.349126507 0.015365680
82280 0.364492187 0.349126507 0.349126507 0.015365680
87120 0.364492187 0.349126507 0.349126507 0.015365680
91960 0.364492187 0.349126507 0.349126507 0.015365680
48400 0.363133122 0.347495835 0.347495835 0.015637287
53240 0.363133122 0.347495835 0.347495835 0.015637287
58080 0.363133122 0.347495835 0.347495835 0.015637287
62920 0.363133122 0.347495835 0.347495835 0.015637287
67760 0.363133122 0.347495835 0.347495835 0.015637287
72600 0.363133122 0.347495835 0.347495835 0.015637287
77440 0.363133122 0.347495835 0.347495835 0.015637287
82280 0.363133122 0.347495835 0.347495835 0.015637287
87120 0.363133122 0.347495835 0.347495835 0.015637287
91960 0.363133122 0.347495835 0.347495835 0.015637287
48400 0.359819121 0.345618031 0.345618031 0.014201090
53240 0.359819121 0.345618031 0.345618031 0.014201090
58080 0.359819121 0.345618031 0.345618031 0.014201090
62920 0.359819121 0.345618031 0.345618031 0.014201090
67760 0.359819121 0.345618031 0.345618031 0.014201090
72600 0.359819121 0.345618031 0.345618031 0.014201090
77440 0.359819121 0.345618031 0.345618031 0.014201090
82280 0.359819121 0.345618031 0.345618031 0.014201090
87120 0.359819121 0.345618031 0.345618031 0.014201090
91960 0.359819121 0.345618031 0.345618031 0.014201090
48400 0.367457791 0.353477382 0.353477382 0.013980409
53240 0.367457791 0.353477382 0.353477382 0.013980409
58080 0.367457791 0.353477382 0.353477382 0.013980409
62920 0.367457791 0.353477382 0.353477382 0.013980409
67760 0.367457791 0.353477382 0.353477382 0.013980409
72600 0.367457791 0.353477382 0.353477382 0.013980409
77440 0.367457791 0.353477382 0.353477382 0.013980409
82280 0.367457791 0.353477382 0.353477382 0.013980409
87120 0.367457791 0.353477382 0.353477382 0.013980409
91960 0.367457791 0.353477382 0.353477382 0.013980409
48400 0.352954853 0.335999747 0.335999747 0.016955106
53240 0.352954853 0.335999747 0.335999747 0.016955106
58080 0.352954853 0.335999747 0.335999747 0.016955106
62920 0.352954853 0.335999747 0.335999747 0.016955106
67760 0.352954853 0.335999747 0.335999747 0.016955106
72600 0.352954853 0.335999747 0.335999747 0.016955106
77440 0.352954853 0.335999747 0.335999747 0.016955106
82280 0.352954853 0.335999747 0.335999747 0.016955106
87120 0.352954853 0.335999747 0.335999747 0.016955106
91960 0.352954853 0.335999747 0.335999747 0.016955106
48400 0.357536811 0.342135128 0.342135128 0.015401683
53240 0.357536811 0.342135128 0.342135128 0.015401683
58080 0.357536811 0.342135128 0.342135128 0.015401683
62920 0.357536811 0.342135128 0.342135128 0.015401683
67760 0.357536811 0.342135128 0.342135128 0.015401683
72600 0.357536811 0.342135128 0.342135128 0.015401683
77440 0.357536811 0.342135128 0.342135128 0.015401683
82280 0.357536811 0.342135128 0.342135128 0.015401683
87120 0.357536811 0.342135128 0.342135128 0.015401683
91960 0.357536811 0.342135128 0.342135128 0.015401683
48400 0.367307947 0.352057044 0.352057044 0.015250903
53240 0.367307947 0.352057044 0.352057044 0.015250903
58080 0.367307947 0.352057044 0.352057044 0.015250903
62920 0.367307947 0.352057044 0.352057044 0.015250903
67760 0.367307947 0.352057044 0.352057044 0.015250903
72600 0.367307947 0.352057044 0.352057044 0.015250903
77440 0.367307947 0.352057044 0.352057044 0.015250903
82280 0.367307947 0.352057044 0.352057044 0.015250903
87120 0.367307947 0.352057044 0.352057044 0.015250903
91960 0.367307947 0.352057044 0.352057044 0.015250903
48400 0.350005703 0.335045773 0.335045773 0.014959930
53240 0.350005703 0.335045773 0.335045773 0.014959930
58080 0.350005703 0.335045773 0.335045773 0.014959930
62920 0.350005703 0.335045773 0.335045773 0.014959930
67760 0.350005703 0.335045773 0.335045773 0.014959930
72600 0.350005703 0.335045773 0.335045773 0.014959930
77440 0.350005703 0.335045773 0.335045773 0.014959930
82280 0.350005703 0.335045773 0.335045773 0.014959930
87120 0.350005703 0.335045773 0.335045773 0.014959930
91960 0.350005703 0.335045773 0.335045773 0.014959930
48400 0.385095105 0.371221960 0.371221960 0.013873145
53240 0.385095105 0.371221960 0.371221960 0.013873145
58080 0.385095105 0.371221960 0.371221960 0.013873145
62920 0.385095105 0.371221960 0.371221960 0.013873145
67760 0.385095105 0.371221960 0.371221960 0.013873145
72600 0.385095105 0.371221960 0.371221960 0.013873145
77440 0.385095105 0.371221960 0.371221960 0.013873145
82280 0.385095105 0.371221960 0.371221960 0.013873145
87120 0.385095105 0.371221960 0.371221960 0.013873145
91960 0.385095105 0.371221960 0.371221960 0.013873145
48400 0.389469835 0.374581798 0.374581798 0.014888037
53240 0.389469835 0.374581798 0.374581798 0.014888037
58080 0.389469835 0.374581798 0.374581798 0.014888037
62920 0.389469835 0.374581798 0.374581798 0.014888037
67760 0.389469835 0.374581798 0.374581798 0.014888037
72600 0.389469835 0.374581798 0.374581798 0.014888037
77440 0.389469835 0.374581798 0.374581798 0.014888037
82280 0.389469835 0.374581798 0.374581798 0.014888037
87120 0.389469835 0.374581798 0.374581798 0.014888037
91960 0.389469835 0.374581798 0.374581798 0.014888037
48400 0.380778576 0.366589183 0.366589183 0.014189393
53240 0.380778576 0.366589183 0.366589183 0.014189393
58080 0.380778576 0.366589183 0.366589183 0.014189393
62920 0.380778576 0.366589183 0.366589183 0.014189393
67760 0.380778576 0.366589183 0.366589183 0.014189393
72600 0.380778576 0.366589183 0.366589183 0.014189393
77440 0.380778576 0.366589183 0.366589183 0.014189393
82280 0.380778576 0.366589183 0.366589183 0.014189393
87120 0.380778576 0.366589183 0.366589183 0.014189393
91960 0.380778576 0.366589183 0.366589183 0.014189393
48400 0.389438483 0.373650648 0.373650648 0.015787835
53240 0.389438483 0.373650648 0.373650648 0.015787835
58080 0.389438483 0.373650648 0.373650648 0.015787835
62920 0.389438483 0.373650648 0.373650648 0.015787835
67760 0.389438483 0.373650648 0.373650648 0.015787835
72600 0.389438483 0.373650648 0.373650648 0.015787835
77440 0.389438483 0.373650648 0.373650648 0.015787835
82280 0.389438483 0.373650648 0.373650648 0.015787835
87120 0.389438483 0.373650648 0.373650648 0.015787835
91960 0.389438483 0.373650648 0.373650648 0.015787835
48400 0.375828965 0.361009169 0.361009169 0.014819796
53240 0.375828965 0.361009169 0.361009169 0.014819796
58080 0.375828965 0.361009169 0.361009169 0.014819796
62920 0.375828965 0.361009169 0.361009169 0.014819796
67760 0.375828965 0.361009169 0.361009169 0.014819796
72600 0.375828965 0.361009169 0.361009169 0.014819796
77440 0.375828965 0.361009169 0.361009169 0.014819796
82280 0.375828965 0.361009169 0.361009169 0.014819796
87120 0.375828965 0.361009169 0.361009169 0.014819796
91960 0.375828965 0.361009169 0.361009169 0.014819796
48400 0.371625751 0.357903174 0.357903174 0.013722577
53240 0.371625751 0.357903174 0.357903174 0.013722577
58080 0.371625751 0.357903174 0.357903174 0.013722577
62920 0.371625751 0.357903174 0.357903174 0.013722577
67760 0.371625751 0.357903174 0.357903174 0.013722577
72600 0.371625751 0.357903174 0.357903174 0.013722577
77440 0.371625751 0.357903174 0.357903174 0.013722577
82280 0.371625751 0.357903174 0.357903174 0.013722577
87120 0.371625751 0.357903174 0.357903174 0.013722577
91960 0.371625751 0.357903174 0.357903174 0.013722577
48400 0.387284407 0.372474042 0.372474042 0.014810365
53240 0.387284407 0.372474042 0.372474042 0.014810365
58080 0.387284407 0.372474042 0.372474042 0.014810365
62920 0.387284407 0.372474042 0.372474042 0.014810365
67760 0.387284407 0.372474042 0.372474042 0.014810365
72600 0.387284407 0.372474042 0.372474042 0.014810365
77440 0.387284407 0.372474042 0.372474042 0.014810365
82280 0.387284407 0.372474042 0.372474042 0.014810365
87120 0.387284407 0.372474042 0.372474042 0.014810365
91960 0.387284407 0.372474042 0.372474042 0.014810365
48400 0.380734820 0.366588178 0.366588178 0.014146642
53240 0.380734820 0.366588178 0.366588178 0.014146642
58080 0.380734820 0.366588178 0.366588178 0.014146642
62920 0.380734820 0.366588178 0.366588178 0.014146642
67760 0.380734820 0.366588178 0.366588178 0.014146642
72600 0.380734820 0.366588178 0.366588178 0.014146642
77440 0.380734820 0.366588178 0.366588178 0.014146642
82280 0.380734820 0.366588178 0.366588178 0.014146642
87120 0.380734820 0.366588178 0.366588178 0.014146642
91960 0.380734820 0.366588178 0.366588178 0.014146642
48400 0.368872073 0.354782216 0.354782216 0.014089857
53240 0.368872073 0.354782216 0.354782216 0.014089857
58080 0.368872073 0.354782216 0.354782216 0.014089857
62920 0.368872073 0.354782216 0.354782216 0.014089857
67760 0.368872073 0.354782216 0.354782216 0.014089857
72600 0.368872073 0.354782216 0.354782216 0.014089857
77440 0.368872073 0.354782216 0.354782216 0.014089857
82280 0.368872073 0.354782216 0.354782216 0.014089857
87120 0.368872073 0.354782216 0.354782216 0.014089857
91960 0.368872073 0.354782216 0.354782216 0.014089857
48400 0.367322220 0.351361988 0.351361988 0.015960232
53240 0.367322220 0.351361988 0.351361988 0.015960232
58080 0.367322220 0.351361988 0.351361988 0.015960232
62920 0.367322220 0.351361988 0.351361988 0.015960232
67760 0.367322220 0.351361988 0.351361988 0.015960232
72600 0.367322220 0.351361988 0.351361988 0.015960232
77440 0.367322220 0.351361988 0.351361988 0.015960232
82280 0.367322220 0.351361988 0.351361988 0.015960232
87120 0.367322220 0.351361988 0.351361988 0.015960232
91960 0.367322220 0.351361988 0.351361988 0.015960232
48400 0.373553324 0.359570971 0.359570971 0.013982353
53240 0.373553324 0.359570971 0.359570971 0.013982353
58080 0.373553324 0.359570971 0.359570971 0.013982353
62920 0.373553324 0.359570971 0.359570971 0.013982353
67760 0.373553324 0.359570971 0.359570971 0.013982353
72600 0.373553324 0.359570971 0.359570971 0.013982353
77440 0.373553324 0.359570971 0.359570971 0.013982353
82280 0.373553324 0.359570971 0.359570971 0.013982353
87120 0.373553324 0.359570971 0.359570971 0.013982353
91960 0.373553324 0.359570971 0.359570971 0.013982353
48400 0.381440832 0.366834926 0.366834926 0.014605906
53240 0.381440832 0.366834926 0.366834926 0.014605906
58080 0.381440832 0.366834926 0.366834926 0.014605906
62920 0.381440832 0.366834926 0.366834926 0.014605906
67760 0.381440832 0.366834926 0.366834926 0.014605906
72600 0.381440832 0.366834926 0.366834926 0.014605906
77440 0.381440832 0.366834926 0.366834926 0.014605906
82280 0.381440832 0.366834926 0.366834926 0.014605906
87120 0.381440832 0.366834926 0.366834926 0.014605906
91960 0.381440832 0.366834926 0.366834926 0.014605906
48400 0.374416843 0.359208098 0.359208098 0.015208745
53240 0.374416843 0.359208098 0.359208098 0.015208745
58080 0.374416843 0.359208098 0.359208098 0.015208745
62920 0.374416843 0.359208098 0.359208098 0.015208745
67760 0.374416843 0.359208098 0.359208098 0.015208745
72600 0.374416843 0.359208098 0.359208098 0.015208745
77440 0.374416843 0.359208098 0.359208098 0.015208745
82280 0.374416843 0.359208098 0.359208098 0.015208745
87120 0.374416843 0.359208098 0.359208098 0.015208745
91960 0.374416843 0.359208098 0.359208098 0.015208745
48400 0.376803902 0.361575109 0.361575109 0.015228793
53240 0.376803902 0.361575109 0.361575109 0.015228793
58080 0.376803902 0.361575109 0.361575109 0.015228793
62920 0.376803902 0.361575109 0.361575109 0.015228793
67760 0.376803902 0.361575109 0.361575109 0.015228793
72600 0.376803902 0.361575109 0.361575109 0.015228793
77440 0.376803902 0.361575109 0.361575109 0.015228793
82280 0.376803902 0.361575109 0.361575109 0.015228793
87120 0.376803902 0.361575109 0.361575109 0.015228793
91960 0.376803902 0.361575109 0.361575109 0.015228793
48400 0.365592113 0.350970830 0.350970830 0.014621283
53240 0.365592113 0.350970830 0.350970830 0.014621283
58080 0.365592113 0.350970830 0.350970830 0.014621283
62920 0.365592113 0.350970830 0.350970830 0.014621283
67760 0.365592113 0.350970830 0.350970830 0.014621283
72600 0.365592113 0.350970830 0.350970830 0.014621283
77440 0.365592113 0.350970830 0.350970830 0.014621283
82280 0.365592113 0.350970830 0.350970830 0.014621283
87120 0.365592113 0.350970830 0.350970830 0.014621283
91960 0.365592113 0.350970830 0.350970830 0.014621283
48400 0.372938834 0.354655815 0.354655815 0.018283019
53240 0.372938834 0.354655815 0.354655815 0.018283019
58080 0.372938834 0.354655815 0.354655815 0.018283019
62920 0.372938834 0.354655815 0.354655815 0.018283019
67760 0.372938834 0.354655815 0.354655815 0.018283019
72600 0.372938834 0.354655815 0.354655815 0.018283019
77440 0.372938834 0.354655815 0.354655815 0.018283019
82280 0.372938834 0.354655815 0.354655815 0.018283019
87120 0.372938834 0.354655815 0.354655815 0.018283019
91960 0.372938834 0.354655815 0.354655815 0.018283019
