5460 0.001747069 2756 0.000010007 mult_time= 0.001923263
5508 0.002007967 2915 0.000020000 mult_time= 0.002115666
5940 0.001854709 2915 0.000008711 mult_time= 0.001957865
5304 0.001680811 2600 0.000008331 mult_time= 0.001770002
5000 0.001746150 2500 0.000008011 mult_time= 0.001836430
5200 0.001915225 2700 0.000007923 mult_time= 0.002003375
5100 0.000038327 2500 0.000007751 mult_time= 0.000132523
5100 0.000888334 2500 0.000008111 mult_time= 0.000974699
5200 0.000108008 2700 0.000008508 mult_time= 0.000200309
5355 0.002920840 2750 0.000008931 mult_time= 0.003007975
5304 0.006646284 2600 0.000007717 mult_time= 0.006723613
5100 0.003319480 2600 0.000008159 mult_time= 0.003410194
5610 0.000238426 2600 0.000007922 mult_time= 0.000324745
2550 0.000133151 2600 0.000008362 mult_time= 0.000215550
5202 0.000171200 2600 0.000007900 mult_time= 0.000256379
5000 0.000889883 2500 0.000007873 mult_time= 0.000981549
5200 0.001800976 2500 0.000008419 mult_time= 0.001904855
5512 0.001646530 2700 0.000008166 mult_time= 0.001736404
5350 0.000083309 2860 0.000008251 mult_time= 0.000178422
5500 0.004047935 3025 0.000007971 mult_time= 0.004131968
5250 0.002129792 2750 0.000007948 mult_time= 0.002215685
5100 0.005103206 2600 0.000026147 mult_time= 0.005209199
5200 0.002869984 2700 0.000007874 mult_time= 0.002954566
5775 0.000101353 2750 0.000007826 mult_time= 0.000169183
5350 0.000037380 2860 0.000007909 mult_time= 0.000094361
6050 0.006414004 3025 0.000008291 mult_time= 0.006490857
4160 0.001438178 1375 0.000006827 mult_time= 0.001484806
5250 0.004211484 2750 0.000012180 mult_time= 0.004301601
5000 0.001377253 2500 0.000008403 mult_time= 0.001438935
5000 0.004335518 2500 0.000008077 mult_time= 0.004394379
5408 0.002367268 2700 0.000008797 mult_time= 0.002431892
5400 0.000250537 2915 0.000007720 mult_time= 0.000314933
5350 0.000930984 2860 0.000007647 mult_time= 0.000991793
5500 0.000990772 3025 0.000010880 mult_time= 0.001057975
5300 0.002402356 2805 0.000008061 mult_time= 0.002466935
5500 0.003386253 3025 0.000008015 mult_time= 0.003456589
5665 0.005980466 2652 0.000007995 mult_time= 0.006041132
5454 0.002749124 2550 0.000011353 mult_time= 0.002811528
5250 0.002815248 2750 0.000007674 mult_time= 0.002877581
5000 0.005706499 2500 0.000008695 mult_time= 0.005770170
5300 0.003158880 2805 0.000007757 mult_time= 0.003223679
5100 0.002194870 2601 0.000007903 mult_time= 0.002255249
3800 0.002416668 1275 0.000006453 mult_time= 0.002466549
5300 0.000077752 2805 0.000028806 mult_time= 0.000164408
5050 0.000051356 2550 0.000025084 mult_time= 0.000130311
5000 0.000056905 2500 0.000022106 mult_time= 0.000152036
5050 0.000074576 2550 0.000025172 mult_time= 0.000152108
5000 0.000069225 2500 0.000025384 mult_time= 0.000157310
5200 0.000161647 2700 0.000025865 mult_time= 0.000240563
5304 0.000410531 2700 0.000008087 mult_time= 0.000477087
5720 0.001015745 2700 0.000007883 mult_time= 0.001077918
5886 0.005288959 2970 0.000011256 mult_time= 0.005360190
5250 0.003234052 2750 0.000007869 mult_time= 0.003294921
5050 0.002490823 2550 0.000007522 mult_time= 0.002545537
5460 0.001858620 2750 0.000008506 mult_time= 0.001920414
5300 0.000176844 2805 0.000008877 mult_time= 0.000239435
5500 0.000085589 3025 0.000009021 mult_time= 0.000151180
5000 0.000895575 2500 0.000007953 mult_time= 0.000951669
5000 0.001556610 2500 0.000007816 mult_time= 0.001611601
5000 0.001372984 2500 0.000017399 mult_time= 0.001436557
4290 0.001729392 1325 0.000006985 mult_time= 0.001776422
4125 0.001921565 1250 0.000006825 mult_time= 0.001963724
3876 0.001097838 1275 0.000006760 mult_time= 0.001141678
4000 0.001077522 1375 0.000006790 mult_time= 0.001120952
5665 0.000880924 2650 0.000014451 mult_time= 0.000987035
5200 0.001530386 2703 0.000008375 mult_time= 0.001607896
5150 0.001713098 2650 0.000007755 mult_time= 0.001774664
5100 0.001628084 2600 0.000007913 mult_time= 0.001689097
5355 0.001421101 2750 0.000007860 mult_time= 0.001482741
3975 0.002691331 1250 0.000018215 mult_time= 0.002756114
5500 0.001055276 2500 0.000008235 mult_time= 0.001121050
3750 0.001871597 1250 0.000007444 mult_time= 0.001924637
5406 0.002842011 2600 0.000008636 mult_time= 0.002907066
5562 0.002469091 2652 0.000008235 mult_time= 0.002534809
5250 0.001492652 2756 0.000008804 mult_time= 0.001569213
5100 0.000074382 2600 0.000007558 mult_time= 0.000136223
5202 0.000227704 2600 0.000007950 mult_time= 0.000339014
5350 0.001421347 2860 0.000007622 mult_time= 0.001482350
5250 0.000754394 2750 0.000007260 mult_time= 0.000820465
5050 0.000757041 2550 0.000007871 mult_time= 0.000815055
5000 0.000688758 2500 0.000008370 mult_time= 0.000753142
5250 0.000858922 2750 0.000008187 mult_time= 0.000922330
5300 0.000137744 2805 0.000008339 mult_time= 0.000207755
5250 0.000290870 2750 0.000007664 mult_time= 0.000349947
4000 0.000096683 1375 0.000006951 mult_time= 0.000172280
5000 0.000504451 2500 0.000011144 mult_time= 0.000568853
5252 0.000537372 2550 0.000008453 mult_time= 0.000602615
3750 0.000571027 1250 0.000007187 mult_time= 0.000623640
5250 0.000466423 2750 0.000008553 mult_time= 0.000535685
5830 0.000435389 2805 0.000008474 mult_time= 0.000502982
5500 0.000367001 3025 0.000017473 mult_time= 0.000449342
5610 0.000467454 2600 0.000007778 mult_time= 0.000536315
5151 0.000496134 2550 0.000007826 mult_time= 0.000553256
5000 0.000624506 2500 0.000008067 mult_time= 0.000680646
5100 0.000626562 2600 0.000007530 mult_time= 0.000682436
5775 0.000624339 2750 0.000007718 mult_time= 0.000684910
5200 0.000680407 2500 0.000007297 mult_time= 0.000734072
5775 0.000675518 2750 0.000007945 mult_time= 0.000737178
5355 0.000513976 2750 0.000007793 mult_time= 0.000573816
5775 0.000848268 2750 0.000007713 mult_time= 0.000907920
5050 0.001145835 2550 0.000007682 mult_time= 0.001201451
5252 0.001802730 2550 0.000008270 mult_time= 0.001860825
5050 0.001777109 2550 0.000007929 mult_time= 0.001831954
5460 0.002240882 2750 0.000008084 mult_time= 0.002299622
5050 0.001811046 2550 0.000008330 mult_time= 0.001868246
5000 0.003283081 2500 0.000007640 mult_time= 0.003337818
5150 0.002838947 2652 0.000007743 mult_time= 0.002893478
5830 0.002952170 2805 0.000008113 mult_time= 0.003015687
5830 0.002980983 2805 0.000008040 mult_time= 0.003041405
5300 0.002251455 2805 0.000026413 mult_time= 0.002326852
5000 0.000053025 2500 0.000485448 mult_time= 0.000587898
5000 0.000100584 2500 0.000134580 mult_time= 0.000287441
2625 0.000061349 2750 0.000026867 mult_time= 0.000131210
5300 0.000208477 2808 0.000026877 mult_time= 0.000285543
5250 0.000112375 2754 0.000011333 mult_time= 0.000173607
5408 0.000112690 2700 0.000008198 mult_time= 0.000168565
5000 0.000796012 2500 0.000007857 mult_time= 0.000859580
5000 0.001947427 2500 0.000007401 mult_time= 0.002009904
5000 0.002257943 2500 0.000008163 mult_time= 0.002314907
5500 0.000098460 3025 0.000010481 mult_time= 0.000160880
5250 0.000229432 2750 0.000008351 mult_time= 0.000286159
2625 0.000134231 2750 0.000007598 mult_time= 0.000178147
5500 0.001085073 3025 0.000010908 mult_time= 0.001150506
5250 0.001876825 2750 0.000008027 mult_time= 0.001932824
5555 0.002749979 2550 0.000008683 mult_time= 0.002809090
3978 0.002107358 1325 0.000007087 mult_time= 0.002153354
4050 0.002151861 1250 0.000010428 mult_time= 0.002201032
4080 0.001379906 1375 0.000007403 mult_time= 0.001434667
5775 0.001724695 2756 0.000023808 mult_time= 0.001894079
5508 0.001607763 2915 0.000020013 mult_time= 0.001699380
5616 0.001767056 2915 0.000008410 mult_time= 0.001834100
5100 0.001730215 2600 0.000008117 mult_time= 0.001788585
2625 0.001975190 2750 0.000008580 mult_time= 0.002042499
5775 0.001777429 2750 0.000008265 mult_time= 0.001838794
5100 0.000099887 2600 0.000007767 mult_time= 0.000156680
5000 0.000088297 2500 0.000007671 mult_time= 0.000145310
5252 0.000923775 2550 0.000007296 mult_time= 0.000980388
2500 0.000643714 2500 0.000020758 mult_time= 0.000708433
5350 0.000393812 2860 0.000019736 mult_time= 0.000469851
5304 0.000416918 2600 0.000007142 mult_time= 0.000473859
5304 0.000672068 2600 0.000026489 mult_time= 0.000750088
5304 0.000139641 2704 0.000009895 mult_time= 0.000209950
5202 0.001264464 2600 0.000008568 mult_time= 0.001356993
4235 0.001761932 1300 0.000007480 mult_time= 0.001813953
5250 0.001028360 2750 0.000011367 mult_time= 0.001106145
5151 0.001790544 2550 0.000007859 mult_time= 0.001848917
5500 0.001703463 2500 0.000008382 mult_time= 0.001766535
5457 0.000096742 2860 0.000008997 mult_time= 0.000161422
5940 0.000123579 3025 0.000009485 mult_time= 0.000201037
5500 0.002861340 3025 0.000008391 mult_time= 0.002922842
4000 0.000572941 1375 0.000006476 mult_time= 0.000618195
5000 0.000980968 2500 0.000010220 mult_time= 0.001038284
5050 0.001222914 2550 0.000007570 mult_time= 0.001278502
5000 0.001214399 2500 0.000007508 mult_time= 0.001269404
5565 0.000978184 2750 0.000007640 mult_time= 0.001034367
5618 0.001027469 2805 0.000008226 mult_time= 0.001084841
5500 0.001020797 3025 0.000007631 mult_time= 0.001076563
5250 0.002900923 2750 0.000007524 mult_time= 0.002953550
5250 0.000758557 2750 0.000010416 mult_time= 0.000816507
5300 0.003237136 2500 0.000007615 mult_time= 0.003311287
5500 0.000678112 2500 0.000010341 mult_time= 0.000734443
4125 0.000255183 1250 0.000007162 mult_time= 0.000305252
5250 0.001211738 2750 0.000018993 mult_time= 0.001279166
5250 0.001738560 2750 0.000007959 mult_time= 0.001794627
5300 0.003405600 2805 0.000010521 mult_time= 0.003464734
4160 0.002822816 1375 0.000006934 mult_time= 0.002867889
5050 0.002924623 2550 0.000008234 mult_time= 0.002978258
2525 0.000151136 2550 0.000007478 mult_time= 0.000194182
5250 0.000921909 2754 0.000008091 mult_time= 0.000977143
5454 0.002093586 2550 0.000009771 mult_time= 0.002150655
5000 0.000887579 2500 0.000007677 mult_time= 0.000939187
5050 0.004592584 2550 0.000008103 mult_time= 0.004646717
5304 0.005057071 2703 0.000010465 mult_time= 0.005115904
5406 0.001998789 2805 0.000007908 mult_time= 0.002064477
5460 0.003818016 2754 0.000008107 mult_time= 0.003874320
5151 0.000203058 2550 0.000025731 mult_time= 0.000280188
5050 0.000059544 2550 0.000022731 mult_time= 0.000129117
4028 0.000089332 1275 0.000026116 mult_time= 0.000154436
5508 0.000018227 2600 0.000033701 mult_time= 0.000118329
5000 0.000071321 2500 0.000024212 mult_time= 0.000140093
2525 0.000112883 2550 0.000023107 mult_time= 0.000172134
5200 0.000063523 2500 0.000024630 mult_time= 0.000131751
4050 0.000067376 1250 0.000012779 mult_time= 0.000123050
5450 0.000264158 2970 0.000008324 mult_time= 0.000332718
5250 0.005694415 2754 0.000008126 mult_time= 0.005754137
5555 0.003805390 2550 0.000008052 mult_time= 0.003865097
5250 0.000162495 2750 0.000008444 mult_time= 0.000233744
5885 0.000188014 2860 0.000008786 mult_time= 0.000251993
5610 0.000253148 3025 0.000009214 mult_time= 0.000317482
5406 0.000167652 2805 0.000008155 mult_time= 0.000227004
5500 0.001046410 3025 0.000008208 mult_time= 0.001106321
5300 0.000524580 2500 0.000007822 mult_time= 0.000579649
5000 0.000302589 2500 0.000008381 mult_time= 0.000360603
3900 0.000312064 1325 0.000007155 mult_time= 0.000360340
3825 0.000271441 1250 0.000006997 mult_time= 0.000314926
3800 0.000068758 1275 0.000006792 mult_time= 0.000112319
3750 0.000199437 1250 0.000006040 mult_time= 0.000240906
5356 0.000732540 2650 0.000009735 mult_time= 0.000828997
5253 0.001863151 2650 0.000008461 mult_time= 0.001939765
5564 0.002216105 2862 0.000008107 mult_time= 0.002295963
5500 0.002054452 2500 0.000007478 mult_time= 0.002118255
5000 0.001977682 2500 0.000007704 mult_time= 0.002038064
5500 0.001960936 2500 0.000007655 mult_time= 0.002025606
2550 0.000047956 2600 0.000007657 mult_time= 0.000101064
5353 0.000313580 2550 0.000010502 mult_time= 0.000384780
5000 0.001022443 2500 0.000008121 mult_time= 0.001082165
5304 0.003075000 2600 0.000007483 mult_time= 0.003139615
5610 0.002076567 2600 0.000007557 mult_time= 0.002139327
4235 0.001127743 1300 0.000006471 mult_time= 0.001184598
5350 0.000177207 2860 0.000008525 mult_time= 0.000243546
5253 0.000095708 2652 0.000008270 mult_time= 0.000208781
5100 0.000134440 2600 0.000007693 mult_time= 0.000191185
5150 0.000555723 2650 0.000007330 mult_time= 0.000621803
5100 0.000415739 2600 0.000007302 mult_time= 0.000479727
5000 0.000464539 2500 0.000012967 mult_time= 0.000528235
5250 0.000379746 2750 0.000008186 mult_time= 0.000445182
5775 0.000508621 2750 0.000008246 mult_time= 0.000573515
5940 0.000111553 3025 0.000010775 mult_time= 0.000178735
2650 0.000536630 2805 0.000007744 mult_time= 0.000588588
5400 0.000776250 2500 0.000007490 mult_time= 0.000843151
5100 0.000809695 2500 0.000006971 mult_time= 0.000865429
2600 0.001609723 2700 0.000007353 mult_time= 0.001658725
5250 0.004794595 2750 0.000008524 mult_time= 0.004860877
5775 0.000117028 2750 0.000007977 mult_time= 0.000189646
5500 0.000537971 2500 0.000007814 mult_time= 0.000600770
5355 0.001098865 2750 0.000017810 mult_time= 0.001186729
5200 0.001919301 2700 0.000007920 mult_time= 0.001978454
2500 0.000127767 2500 0.000008175 mult_time= 0.000178132
5775 0.002668559 2750 0.000007858 mult_time= 0.002730691
5050 0.000141355 2550 0.000007681 mult_time= 0.000199025
5000 0.001396847 2500 0.000007797 mult_time= 0.001456557
5564 0.000590788 2860 0.000007507 mult_time= 0.000649784
5720 0.000791623 3025 0.000008733 mult_time= 0.000860600
5450 0.001183402 2970 0.000010511 mult_time= 0.001246458
5151 0.001733049 2550 0.000009424 mult_time= 0.001796098
5353 0.001247952 2550 0.000007833 mult_time= 0.001307869
5050 0.001944529 2550 0.000008743 mult_time= 0.002006075
5500 0.000325559 2500 0.000008708 mult_time= 0.000391486
5100 0.001406608 2500 0.000007723 mult_time= 0.001462304
5300 0.001419359 2500 0.000007410 mult_time= 0.001475339
2525 0.002940236 2550 0.000007495 mult_time= 0.002986212
5100 0.003187419 2601 0.000007589 mult_time= 0.003254695
5555 0.000107169 2550 0.000024299 mult_time= 0.000181554
5150 0.000117100 2652 0.000025108 mult_time= 0.000190543
5300 0.000273172 2805 0.000026503 mult_time= 0.000354766
5100 0.000078859 2500 0.000024859 mult_time= 0.000153762
5775 0.000094298 2750 0.000026341 mult_time= 0.000175642
5454 0.000085419 2550 0.000023397 mult_time= 0.000163853
5000 0.000085859 2500 0.000033134 mult_time= 0.000176290
5995 0.000143046 2970 0.000008061 mult_time= 0.000209844
5512 0.000109871 2700 0.000007627 mult_time= 0.000166011
5400 0.000403211 2916 0.000007783 mult_time= 0.000461916
5500 0.000993844 2500 0.000010111 mult_time= 0.001055607
5250 0.000762474 2750 0.000008327 mult_time= 0.000824974
5050 0.001308802 2550 0.000007618 mult_time= 0.001361922
5720 0.002146856 2700 0.000016148 mult_time= 0.002210631
5250 0.003470296 2750 0.000009906 mult_time= 0.003527457
5512 0.001839471 2805 0.000008012 mult_time= 0.001896299
4080 0.000524575 1375 0.000006595 mult_time= 0.000568840
5000 0.000378398 2500 0.000008215 mult_time= 0.000442647
5050 0.000465438 2550 0.000008125 mult_time= 0.000520373
4056 0.000467048 1325 0.000006460 mult_time= 0.000511966
1875 0.000225240 1250 0.000008367 mult_time= 0.000287283
3876 0.000116216 1275 0.000005891 mult_time= 0.000156973
3750 0.000099538 1250 0.000006165 mult_time= 0.000140578
