5775 0.001857958 2756 0.000011401 mult_time= 0.002014006
5253 0.002312984 2650 0.000008797 mult_time= 0.002394655
5356 0.002222308 2650 0.000007973 mult_time= 0.002292652
5610 0.001818841 2600 0.000008556 mult_time= 0.001905910
5000 0.001864451 2500 0.000007639 mult_time= 0.001923808
5200 0.001905941 2700 0.000008079 mult_time= 0.001966024
5000 0.000120973 2500 0.000007805 mult_time= 0.000183173
5300 0.000467083 2500 0.000008014 mult_time= 0.000534880
5000 0.000734862 2500 0.000007931 mult_time= 0.000793449
2500 0.001999628 2500 0.000008091 mult_time= 0.002061987
5304 0.005322238 2600 0.000007657 mult_time= 0.005388506
5610 0.002396491 2600 0.000007935 mult_time= 0.002459904
5775 0.001826434 2756 0.000013327 mult_time= 0.001905355
5202 0.000185395 2600 0.000007649 mult_time= 0.000242082
5459 0.002178953 2652 0.000007914 mult_time= 0.002239756
3850 0.000402578 1300 0.000006952 mult_time= 0.000453059
5500 0.001054030 2500 0.000008115 mult_time= 0.001135111
5050 0.001939003 2550 0.000008183 mult_time= 0.002033934
5508 0.000091809 2915 0.000008401 mult_time= 0.000158733
5350 0.000048727 2860 0.000008169 mult_time= 0.000109745
5500 0.002963157 3025 0.000008208 mult_time= 0.003027575
5450 0.003398007 2970 0.000008004 mult_time= 0.003457926
5460 0.001831213 2750 0.000011061 mult_time= 0.001897588
5355 0.002461918 2750 0.000007854 mult_time= 0.002521721
5000 0.003045062 2500 0.000007926 mult_time= 0.003101582
5350 0.008008744 2860 0.000008034 mult_time= 0.008069575
5459 0.000768543 2650 0.000007883 mult_time= 0.000827594
5100 0.001467293 2500 0.000007480 mult_time= 0.001522229
5000 0.003138805 2500 0.000007890 mult_time= 0.003194505
5200 0.008836969 2700 0.000007903 mult_time= 0.008895153
5500 0.004315995 2500 0.000007735 mult_time= 0.004371156
5000 0.000039214 2500 0.000007166 mult_time= 0.000097630
5000 0.000087348 2500 0.000007596 mult_time= 0.000143579
5616 0.000120527 2915 0.000007482 mult_time= 0.000177698
5250 0.000997255 2750 0.000008352 mult_time= 0.001057039
5500 0.001629033 3025 0.000007914 mult_time= 0.001691947
5300 0.002737517 2805 0.000007782 mult_time= 0.002795387
4000 0.002294050 1375 0.000007185 mult_time= 0.002342921
5665 0.002695619 2652 0.000007831 mult_time= 0.002753786
5100 0.002625973 2601 0.000007597 mult_time= 0.002682597
3876 0.003636437 1275 0.000006827 mult_time= 0.003682200
5250 0.003104611 2750 0.000008548 mult_time= 0.003180738
5000 0.004308825 2500 0.000010974 mult_time= 0.004393601
5253 0.004293986 2652 0.000007665 mult_time= 0.004350451
5300 0.002434247 2805 0.000007901 mult_time= 0.002493768
5724 0.001380949 2805 0.000007571 mult_time= 0.001455071
5356 0.000339239 2652 0.000007748 mult_time= 0.000399013
5555 0.000336538 2550 0.000007651 mult_time= 0.000396408
5100 0.000662424 2601 0.000007839 mult_time= 0.000721015
5406 0.001651188 2805 0.000007801 mult_time= 0.001711217
5400 0.003111861 2500 0.000008457 mult_time= 0.003172225
5000 0.002702382 2500 0.000007862 mult_time= 0.002760399
5457 0.000030338 2862 0.000008108 mult_time= 0.000089351
5300 0.000052162 2808 0.000008533 mult_time= 0.000113235
5720 0.000031670 2700 0.000221534 mult_time= 0.000304237
5512 0.001894241 2700 0.000024971 mult_time= 0.001973399
5400 0.000030035 2500 0.000024721 mult_time= 0.000107636
5100 0.000017567 2600 0.000079578 mult_time= 0.000141868
5000 0.000054341 2500 0.000020928 mult_time= 0.000131158
5050 0.000074151 2550 0.000023519 mult_time= 0.000157360
5050 0.000030348 2550 0.000049837 mult_time= 0.000124415
5408 0.000035905 2700 0.000025990 mult_time= 0.000120609
5940 0.000054736 2915 0.000114021 mult_time= 0.000224722
5775 0.000069120 2750 0.000022851 mult_time= 0.000150222
5300 0.000105362 2805 0.000007913 mult_time= 0.000165472
5150 0.000948140 2650 0.000007905 mult_time= 0.001012999
5500 0.001407463 2500 0.000007680 mult_time= 0.001465576
5252 0.000929449 2550 0.000007760 mult_time= 0.000987443
5775 0.001972327 2750 0.000007682 mult_time= 0.002032801
4235 0.002077625 1300 0.000006569 mult_time= 0.002124020
4160 0.000953485 1375 0.000007235 mult_time= 0.001002124
3975 0.002063640 1250 0.000007915 mult_time= 0.002133207
5508 0.001331346 2915 0.000011950 mult_time= 0.001424058
5253 0.001339618 2650 0.000008453 mult_time= 0.001408203
5150 0.001366112 2650 0.000007655 mult_time= 0.001426004
5500 0.001353078 2500 0.000008941 mult_time= 0.001440565
5000 0.001177987 2500 0.000007974 mult_time= 0.001239258
5250 0.001129775 2750 0.000007935 mult_time= 0.001193477
5000 0.000130574 2500 0.000009901 mult_time= 0.000189209
5555 0.000936114 2550 0.000007814 mult_time= 0.001000593
3975 0.000069125 1250 0.000006782 mult_time= 0.000119143
5304 0.002442896 2704 0.000007444 mult_time= 0.002508950
5665 0.001592492 2652 0.000008367 mult_time= 0.001658153
5610 0.002701391 2600 0.000007776 mult_time= 0.002763305
5100 0.000039903 2600 0.000007635 mult_time= 0.000097141
2600 0.000068031 2704 0.000008919 mult_time= 0.000130265
5350 0.000113980 2860 0.000015415 mult_time= 0.000198480
5350 0.000124074 2860 0.000008726 mult_time= 0.000218962
2550 0.000089534 2600 0.000007483 mult_time= 0.000137368
5150 0.002926466 2652 0.000007518 mult_time= 0.002987034
5355 0.000733860 2750 0.000010142 mult_time= 0.000796358
5250 0.000669107 2750 0.000007746 mult_time= 0.000726577
5200 0.000810633 2700 0.000008253 mult_time= 0.000880973
5350 0.000909710 2860 0.000007706 mult_time= 0.000983987
6050 0.000372108 3025 0.000007827 mult_time= 0.000437576
5500 0.000210901 3025 0.000007762 mult_time= 0.000275253
5000 0.000160069 2500 0.000007267 mult_time= 0.000232142
5100 0.000371792 2500 0.000007921 mult_time= 0.000431708
4125 0.000500628 1250 0.000006866 mult_time= 0.000569611
5250 0.000343856 2750 0.000012653 mult_time= 0.000404429
5720 0.000109655 3025 0.000010119 mult_time= 0.000173800
5100 0.000694157 2600 0.000007203 mult_time= 0.000749145
5252 0.000419491 2550 0.000007453 mult_time= 0.000479316
5355 0.000598822 2750 0.000007883 mult_time= 0.000657749
5250 0.000612787 2750 0.000008249 mult_time= 0.000673648
5050 0.000564587 2550 0.000007346 mult_time= 0.000620504
5250 0.000283350 2750 0.000007588 mult_time= 0.000340455
5500 0.000598500 3025 0.000008117 mult_time= 0.000682318
5300 0.000644354 2805 0.000007477 mult_time= 0.000703496
5151 0.001140662 2550 0.000007250 mult_time= 0.001195722
5050 0.001307382 2550 0.000007782 mult_time= 0.001363579
5250 0.000857079 2754 0.000007130 mult_time= 0.000911991
5000 0.000815111 2500 0.000007324 mult_time= 0.000870344
5775 0.001260175 2750 0.000008208 mult_time= 0.001321822
5050 0.002163182 2550 0.000008358 mult_time= 0.002223510
5300 0.003045146 2500 0.000011185 mult_time= 0.003142314
5050 0.002906976 2550 0.000007666 mult_time= 0.002965245
5406 0.002578414 2805 0.000007685 mult_time= 0.002637770
5508 0.003501191 2601 0.000007639 mult_time= 0.003559537
5304 0.003593366 2703 0.000010902 mult_time= 0.003652902
5250 0.000246311 2754 0.000007806 mult_time= 0.000300943
5000 0.000414198 2500 0.000007168 mult_time= 0.000479089
5000 0.000237430 2500 0.000007295 mult_time= 0.000290369
5304 0.000434002 2700 0.000007467 mult_time= 0.000490662
5616 0.000255384 2700 0.000009973 mult_time= 0.000313624
5200 0.000038863 2700 0.000022711 mult_time= 0.000109164
5450 0.000038775 2970 0.000026008 mult_time= 0.000114747
5200 0.000037338 2700 0.000079894 mult_time= 0.000200165
5720 0.000036401 2700 0.000089108 mult_time= 0.000176337
5000 0.000047754 2500 0.000021082 mult_time= 0.000115049
5355 0.000123678 2750 0.000023772 mult_time= 0.000198499
5000 0.000063505 2500 0.000022665 mult_time= 0.000133365
5000 0.000041431 2500 0.000022937 mult_time= 0.000110547
5885 0.000060701 2860 0.000025179 mult_time= 0.000144691
5565 0.000063128 2750 0.000007597 mult_time= 0.000121160
5668 0.000079770 2970 0.000007601 mult_time= 0.000139127
6050 0.002027460 3025 0.000007213 mult_time= 0.002087629
5775 0.002189997 2750 0.000007852 mult_time= 0.002250401
5050 0.002090570 2550 0.000016065 mult_time= 0.002215431
3750 0.002253182 1250 0.000007026 mult_time= 0.002334125
3825 0.002119852 1250 0.000006753 mult_time= 0.002190440
4160 0.001623310 1375 0.000007171 mult_time= 0.001707573
3950 0.001703419 1350 0.000007281 mult_time= 0.001781134
5618 0.003100158 2809 0.000009843 mult_time= 0.003258605
5356 0.001253063 2650 0.000008556 mult_time= 0.001318594
5832 0.001611647 2915 0.000008978 mult_time= 0.001689283
5100 0.001722448 2600 0.000008567 mult_time= 0.001784137
5050 0.001905538 2550 0.000009276 mult_time= 0.001971537
5775 0.001656610 2750 0.000007954 mult_time= 0.001717609
5250 0.000184056 2750 0.000008965 mult_time= 0.000248855
5000 0.000684810 2500 0.000008394 mult_time= 0.000744462
3825 0.000765469 1250 0.000007349 mult_time= 0.000833738
5457 0.000499936 2860 0.000019435 mult_time= 0.000575181
5253 0.000427436 2652 0.000008216 mult_time= 0.000508696
5100 0.000119092 2600 0.000008444 mult_time= 0.000189873
5406 0.000093954 2600 0.000008266 mult_time= 0.000164222
5100 0.001678882 2600 0.000008143 mult_time= 0.001737879
5000 0.000901847 2500 0.000008314 mult_time= 0.000961378
5200 0.001594807 2500 0.000028262 mult_time= 0.001671672
5400 0.002398987 2500 0.000007729 mult_time= 0.002466855
5775 0.000136765 2750 0.000018926 mult_time= 0.000206161
5250 0.000046637 2750 0.000008740 mult_time= 0.000109716
5460 0.003332680 2750 0.000008015 mult_time= 0.003390226
5610 0.000785084 2600 0.000008229 mult_time= 0.000863845
5200 0.001178751 2500 0.000008015 mult_time= 0.001240020
5565 0.000930130 2750 0.000028766 mult_time= 0.001010052
5460 0.000761627 2750 0.000013949 mult_time= 0.000824735
5250 0.000711836 2750 0.000007993 mult_time= 0.000782972
5777 0.001321542 2970 0.000007762 mult_time= 0.001380614
5610 0.000885188 2600 0.000008428 mult_time= 0.000946829
5250 0.001996416 2750 0.000028479 mult_time= 0.002075175
5400 0.001866879 2500 0.000007679 mult_time= 0.001921406
5500 0.000078902 2500 0.000008592 mult_time= 0.000148930
5250 0.002841227 2750 0.000008276 mult_time= 0.002897770
5000 0.002249918 2500 0.000007406 mult_time= 0.002301725
5775 0.000825673 2750 0.000008121 mult_time= 0.000885378
5500 0.001684783 3025 0.000008778 mult_time= 0.001746275
5500 0.003124710 3025 0.000008465 mult_time= 0.003182933
5460 0.002966169 2750 0.000008610 mult_time= 0.003025128
5665 0.002473690 2652 0.000008906 mult_time= 0.002539745
5618 0.002224733 2805 0.000008806 mult_time= 0.002284011
5252 0.002584331 2550 0.000007936 mult_time= 0.002640010
5100 0.000495576 2600 0.000007740 mult_time= 0.000560086
2500 0.001540135 2500 0.000006907 mult_time= 0.001581736
5252 0.001532280 2550 0.000027431 mult_time= 0.001605593
5200 0.001646827 2500 0.000007586 mult_time= 0.001698710
5555 0.002085853 2550 0.000007805 mult_time= 0.002142385
2650 0.002610303 2805 0.000007427 mult_time= 0.002655686
5050 0.001540607 2550 0.000025983 mult_time= 0.001611945
5720 0.000288667 2703 0.000008793 mult_time= 0.000351952
5151 0.001375035 2550 0.000008367 mult_time= 0.001430629
5304 0.001985432 2601 0.000008227 mult_time= 0.002041309
5665 0.003164908 2650 0.000008075 mult_time= 0.003221560
5000 0.002538912 2500 0.000007994 mult_time= 0.002593552
5050 0.001941101 2550 0.000008110 mult_time= 0.001996430
5000 0.005054377 2500 0.000031178 mult_time= 0.005134100
5250 0.000413407 2754 0.000025936 mult_time= 0.000515457
5000 0.000062592 2500 0.000036231 mult_time= 0.000144303
5500 0.000098160 2500 0.000025263 mult_time= 0.000200678
5050 0.000085674 2550 0.000025837 mult_time= 0.000178451
5000 0.000083629 2500 0.000022597 mult_time= 0.000153288
5250 0.000118521 2750 0.000209260 mult_time= 0.000406961
5830 0.000068857 3025 0.000008879 mult_time= 0.000155199
5830 0.000188847 2805 0.000008540 mult_time= 0.000250665
5200 0.000498097 2500 0.000007744 mult_time= 0.000564057
5100 0.000330467 2500 0.000008178 mult_time= 0.000388314
5512 0.000415781 2700 0.000008389 mult_time= 0.000481603
3975 0.000417117 1250 0.000008570 mult_time= 0.000502875
3750 0.000123406 1250 0.000006938 mult_time= 0.000173216
3950 0.000112683 1350 0.000006490 mult_time= 0.000174060
5665 0.001604127 2650 0.000008798 mult_time= 0.001704707
5200 0.001572042 2703 0.000008164 mult_time= 0.001639889
5665 0.001476394 2650 0.000019679 mult_time= 0.001560683
5250 0.002045523 2750 0.000007761 mult_time= 0.002119268
5555 0.002010517 2550 0.000007660 mult_time= 0.002074600
5300 0.003656329 2500 0.000007161 mult_time= 0.003718151
5151 0.001012006 2550 0.000007593 mult_time= 0.001073263
3750 0.001466562 1250 0.000007314 mult_time= 0.001523313
5665 0.001942971 2652 0.000008223 mult_time= 0.002014300
5250 0.002360318 2756 0.000008831 mult_time= 0.002438882
5304 0.003153230 2600 0.000007363 mult_time= 0.003213969
5610 0.000286158 2600 0.000007964 mult_time= 0.000349749
5000 0.000360262 2500 0.000007665 mult_time= 0.000436275
5050 0.000444389 2550 0.000011094 mult_time= 0.000522452
5355 0.000356069 2750 0.000007345 mult_time= 0.000416416
5355 0.000152494 2750 0.000008044 mult_time= 0.000214445
5720 0.000482454 3025 0.000008239 mult_time= 0.000562551
5670 0.000828109 2750 0.000008339 mult_time= 0.000899408
5610 0.000661178 2600 0.000007727 mult_time= 0.000726950
5250 0.001147435 2750 0.000010422 mult_time= 0.001214259
5000 0.001803312 2500 0.000007367 mult_time= 0.001863331
5775 0.004597353 2750 0.000007674 mult_time= 0.004663367
5150 0.000273988 2650 0.000007282 mult_time= 0.000334262
5000 0.001020581 2500 0.000007309 mult_time= 0.001097019
5151 0.001928354 2550 0.000013349 mult_time= 0.002008492
4125 0.001481735 1250 0.000007188 mult_time= 0.001558143
5000 0.001318088 2500 0.000007330 mult_time= 0.001372466
5252 0.002385988 2550 0.000007389 mult_time= 0.002442586
5457 0.000654788 2860 0.000007790 mult_time= 0.000712987
5830 0.000800902 2805 0.000007509 mult_time= 0.000863805
5940 0.001220606 3025 0.000015903 mult_time= 0.001313861
5300 0.001780622 2805 0.000008068 mult_time= 0.001841000
5202 0.002622945 2601 0.000007725 mult_time= 0.002679631
5202 0.000532070 2600 0.000007425 mult_time= 0.000587630
5250 0.000895071 2750 0.000010836 mult_time= 0.000956067
5400 0.002118857 2500 0.000007883 mult_time= 0.002174760
5724 0.001348150 2805 0.000008699 mult_time= 0.001412370
5555 0.002638982 2550 0.000013326 mult_time= 0.002701801
5555 0.002557572 2550 0.000010786 mult_time= 0.002617886
5304 0.002436679 2703 0.000007973 mult_time= 0.002495090
5300 0.000476117 2805 0.000007860 mult_time= 0.000544331
5300 0.001443323 2805 0.000011694 mult_time= 0.001510121
5304 0.001559518 2600 0.000007610 mult_time= 0.001618508
5500 0.002455723 2500 0.000008282 mult_time= 0.002516563
5000 0.002124385 2500 0.000008374 mult_time= 0.002181029
5200 0.002546093 2700 0.000011136 mult_time= 0.002607403
5450 0.000039173 2970 0.000026098 mult_time= 0.000116290
5250 0.000041426 2754 0.000024337 mult_time= 0.000115018
5508 0.000041547 2916 0.000024540 mult_time= 0.000118727
5000 0.000049082 2500 0.000021946 mult_time= 0.000114754
5000 0.000034430 2500 0.000023020 mult_time= 0.000106944
5500 0.000073988 2500 0.000023013 mult_time= 0.000145545
5250 0.000037880 2750 0.000023884 mult_time= 0.000112810
5610 0.000080940 3025 0.000015141 mult_time= 0.000149368
5300 0.000054107 2805 0.000008088 mult_time= 0.000112993
5459 0.000467978 2650 0.000007970 mult_time= 0.000525442
5250 0.000382788 2750 0.000013672 mult_time= 0.000444935
5555 0.000443225 2550 0.000007703 mult_time= 0.000503218
3900 0.000415828 1325 0.000007179 mult_time= 0.000469349
4125 0.000072588 1250 0.000006533 mult_time= 0.000124503
4180 0.000108177 1275 0.000006523 mult_time= 0.000157870
