5665 0.002691188 2650 0.000015502 mult_time= 0.002888664
5150 0.002643834 2650 0.000008996 mult_time= 0.002736378
5457 0.002254409 2862 0.000009279 mult_time= 0.002351772
5100 0.001956825 2500 0.000008202 mult_time= 0.002041318
5500 0.001910561 2500 0.000008299 mult_time= 0.001995419
5000 0.001950522 2500 0.000009560 mult_time= 0.002038496
5000 0.000164355 2500 0.000008813 mult_time= 0.000253578
5775 0.000761624 2750 0.000027669 mult_time= 0.000870871
5500 0.003199649 2500 0.000008598 mult_time= 0.003287140
5350 0.005527215 2860 0.000009292 mult_time= 0.005621934
5100 0.002835077 2600 0.000009247 mult_time= 0.002923906
5100 0.002542261 2600 0.000008784 mult_time= 0.002623940
5253 0.000227417 2652 0.000009215 mult_time= 0.000315517
5406 0.000324385 2808 0.000008583 mult_time= 0.000415132
5100 0.000434729 2600 0.000008087 mult_time= 0.000518378
5300 0.000772688 2500 0.000008479 mult_time= 0.000858861
5400 0.001974915 2500 0.000008167 mult_time= 0.002055063
5252 0.001956402 2550 0.000007865 mult_time= 0.002033990
5250 0.004133726 2750 0.000008340 mult_time= 0.004223061
2625 0.000276398 2750 0.000008880 mult_time= 0.000359220
5610 0.001773920 2600 0.000009122 mult_time= 0.001875740
5454 0.003498276 2550 0.000009026 mult_time= 0.003601725
5250 0.002668407 2750 0.000009050 mult_time= 0.002754422
5250 0.000089090 2750 0.000008499 mult_time= 0.000152583
5610 0.004125904 3025 0.000027908 mult_time= 0.004209122
4000 0.002743409 1375 0.000007264 mult_time= 0.002790153
2625 0.003310061 2750 0.000008103 mult_time= 0.003356808
5300 0.004640423 2500 0.000007830 mult_time= 0.004701484
5100 0.000157408 2600 0.000029524 mult_time= 0.000236450
5250 0.006175440 2750 0.000008725 mult_time= 0.006246394
5000 0.003738244 2500 0.000008327 mult_time= 0.003793499
5830 0.003355414 2805 0.000008792 mult_time= 0.003420738
5250 0.003441793 2750 0.000027913 mult_time= 0.003517226
5151 0.006798713 2550 0.000008399 mult_time= 0.006859628
2575 0.000039570 2650 0.000093485 mult_time= 0.000184837
5304 0.000104278 2600 0.000022315 mult_time= 0.000198804
5353 0.000056185 2550 0.000024293 mult_time= 0.000133464
5500 0.000118032 2500 0.000196472 mult_time= 0.000368053
5000 0.000047513 2500 0.000021868 mult_time= 0.000114848
5775 0.000041396 2750 0.000023724 mult_time= 0.000115216
5050 0.000100210 2550 0.000024371 mult_time= 0.000174024
5406 0.000059375 2805 0.000024732 mult_time= 0.000146597
5050 0.000058609 2550 0.000022684 mult_time= 0.000127805
5555 0.000107770 2550 0.000023408 mult_time= 0.000181144
5200 0.000067248 2703 0.000022573 mult_time= 0.000156499
5512 0.000396106 2805 0.000009139 mult_time= 0.000460178
5610 0.001261913 2601 0.000008222 mult_time= 0.001323043
5500 0.001906611 2500 0.000008834 mult_time= 0.001964752
5000 0.001914812 2500 0.000008087 mult_time= 0.001971367
2525 0.002713127 2550 0.000008250 mult_time= 0.002759795
4125 0.002967100 1250 0.000007440 mult_time= 0.003013658
5200 0.000434564 2700 0.000009036 mult_time= 0.000492448
5460 0.000635502 2754 0.000009321 mult_time= 0.000704975
4029 0.001275660 1350 0.000026299 mult_time= 0.001339790
5610 0.003182366 2600 0.000008586 mult_time= 0.003239559
5500 0.002978212 2500 0.000008081 mult_time= 0.003035628
5500 0.002445279 2500 0.000008342 mult_time= 0.002505236
5355 0.000207054 2750 0.000008554 mult_time= 0.000263196
5720 0.001602535 3025 0.000008636 mult_time= 0.001664734
5406 0.000226236 2805 0.000008531 mult_time= 0.000335947
5150 0.001791732 2650 0.000014720 mult_time= 0.001854422
5500 0.001617398 2500 0.000008743 mult_time= 0.001674675
5000 0.003648502 2500 0.000010939 mult_time= 0.003708070
3750 0.001717491 1250 0.000007246 mult_time= 0.001763296
3800 0.001159205 1275 0.000007883 mult_time= 0.001204156
3825 0.001040741 1250 0.000007657 mult_time= 0.001085886
5300 0.000801016 2809 0.000009710 mult_time= 0.000892484
5400 0.002693776 2915 0.000008752 mult_time= 0.002759097
5665 0.002925349 2650 0.000008315 mult_time= 0.002991310
5000 0.002495111 2500 0.000008244 mult_time= 0.002551945
5200 0.001778711 2500 0.000007799 mult_time= 0.001833847
5050 0.001402218 2550 0.000008102 mult_time= 0.001458270
5253 0.000063634 2650 0.000008110 mult_time= 0.000120910
5000 0.000077612 2500 0.000007510 mult_time= 0.000131400
2625 0.000702668 2750 0.000019061 mult_time= 0.000791488
5100 0.001419162 2500 0.000031696 mult_time= 0.001513949
5200 0.001066443 2704 0.000008562 mult_time= 0.001125441
5406 0.001879710 2600 0.000008199 mult_time= 0.001937789
5665 0.002759779 2652 0.000008625 mult_time= 0.002826310
5775 0.001545075 2756 0.000026728 mult_time= 0.001623598
5885 0.000129334 2860 0.000008534 mult_time= 0.000190898
5778 0.000142619 2860 0.000008123 mult_time= 0.000202575
5350 0.003591903 2860 0.000008361 mult_time= 0.003659970
5100 0.000863122 2500 0.000027119 mult_time= 0.000945659
5000 0.000745768 2500 0.000016823 mult_time= 0.000813510
5200 0.000726548 2700 0.000008536 mult_time= 0.000786165
5885 0.000136242 2860 0.000008728 mult_time= 0.000200498
6050 0.000131825 3025 0.000008775 mult_time= 0.000220091
5300 0.000078182 2805 0.000007935 mult_time= 0.000135023
5775 0.000108923 2750 0.000007749 mult_time= 0.000167790
5304 0.000189751 2600 0.000026619 mult_time= 0.000261362
5250 0.000234499 2750 0.000008250 mult_time= 0.000320878
5000 0.000319119 2500 0.000014539 mult_time= 0.000389900
5565 0.000381988 2750 0.000009235 mult_time= 0.000470964
5565 0.000526533 2750 0.000010196 mult_time= 0.000592462
5250 0.000125408 2750 0.000007796 mult_time= 0.000196424
4400 0.000467872 1375 0.000006592 mult_time= 0.000524086
2625 0.000518976 2750 0.000008351 mult_time= 0.000571280
5100 0.000413946 2500 0.000007611 mult_time= 0.000471040
4125 0.000637607 1250 0.000006732 mult_time= 0.000693598
5250 0.000604071 2750 0.000008228 mult_time= 0.000663280
2525 0.000073515 2550 0.000006874 mult_time= 0.000117834
5400 0.000264278 2500 0.000007822 mult_time= 0.000320322
5250 0.000378473 2750 0.000008104 mult_time= 0.000434219
5724 0.000758230 2805 0.000008105 mult_time= 0.000819043
5995 0.000906285 2970 0.000008826 mult_time= 0.000968153
5665 0.001199587 2652 0.000007986 mult_time= 0.001257348
5202 0.001717783 2601 0.000008860 mult_time= 0.001778293
5050 0.001248786 2550 0.000024538 mult_time= 0.001326892
5250 0.000045849 2750 0.000025361 mult_time= 0.000121087
5555 0.000068753 2550 0.000023107 mult_time= 0.000144585
5720 0.000041633 2700 0.000025180 mult_time= 0.000115694
3750 0.000032323 1250 0.000014565 mult_time= 0.000085219
5150 0.000060251 2652 0.000023590 mult_time= 0.000142663
5724 0.000077893 2805 0.000022732 mult_time= 0.000160735
5252 0.000068255 2550 0.000022548 mult_time= 0.000136613
5100 0.000074576 2601 0.000022630 mult_time= 0.000143983
5300 0.000021490 2805 0.000023323 mult_time= 0.000094924
5555 0.000130881 2550 0.000008234 mult_time= 0.000187398
5151 0.000256981 2550 0.000027857 mult_time= 0.000334230
5406 0.000043172 2601 0.000008373 mult_time= 0.000103906
4180 0.000440504 1275 0.000007241 mult_time= 0.000490143
5100 0.000579611 2600 0.000007808 mult_time= 0.000635334
5670 0.000460277 2750 0.000026753 mult_time= 0.000556947
5565 0.000232193 2750 0.000011514 mult_time= 0.000295617
2600 0.000090852 2700 0.000007613 mult_time= 0.000136210
5200 0.000557489 2700 0.000008073 mult_time= 0.000613911
5832 0.001608115 2916 0.000008562 mult_time= 0.001669823
5300 0.002567339 2500 0.000007869 mult_time= 0.002620424
5000 0.001241026 2500 0.000007925 mult_time= 0.001293637
5000 0.001405005 2500 0.000025769 mult_time= 0.001475574
5250 0.001855807 2750 0.000008161 mult_time= 0.001912763
5460 0.002101425 2750 0.000008319 mult_time= 0.002158801
5355 0.001043123 2750 0.000008236 mult_time= 0.001100131
5300 0.001596716 2500 0.000008813 mult_time= 0.001654173
5670 0.001473501 2750 0.000027827 mult_time= 0.001553399
4004 0.002614722 1300 0.000007318 mult_time= 0.002660823
4180 0.000892263 1275 0.000006871 mult_time= 0.000937520
3950 0.003349689 1350 0.000007447 mult_time= 0.003394853
5665 0.001520689 2650 0.000009389 mult_time= 0.001646980
5400 0.003819090 2915 0.000008766 mult_time= 0.003899401
5150 0.001780835 2650 0.000008038 mult_time= 0.001840655
5202 0.001692340 2600 0.000008633 mult_time= 0.001756473
5670 0.002102827 2750 0.000009062 mult_time= 0.002171604
5355 0.001698615 2750 0.000008765 mult_time= 0.001763810
5000 0.000117320 2500 0.000011000 mult_time= 0.000176872
5100 0.000254421 2500 0.000011467 mult_time= 0.000375807
5050 0.000468935 2550 0.000008250 mult_time= 0.000534499
3750 0.000644713 1250 0.000006989 mult_time= 0.000696190
5350 0.000328076 2860 0.000011571 mult_time= 0.000400241
5150 0.000396016 2652 0.000007689 mult_time= 0.000459221
5775 0.000136089 2756 0.000007840 mult_time= 0.000216266
5202 0.000477851 2600 0.000007825 mult_time= 0.000557998
5830 0.001673184 2808 0.000021986 mult_time= 0.001789062
5100 0.001058564 2600 0.000008183 mult_time= 0.001122203
5000 0.001180191 2500 0.000007803 mult_time= 0.001239708
5050 0.002213976 2550 0.000008242 mult_time= 0.002278927
5355 0.000154638 2750 0.000008574 mult_time= 0.000227884
5300 0.002576428 2805 0.000008296 mult_time= 0.002640236
5200 0.000873079 2500 0.000011829 mult_time= 0.000937436
5500 0.000905101 2500 0.000007578 mult_time= 0.000982045
5500 0.001227442 2500 0.000008021 mult_time= 0.001288289
5250 0.002089076 2750 0.000011705 mult_time= 0.002150745
5000 0.001753694 2500 0.000018894 mult_time= 0.001825616
5250 0.005236792 2750 0.000008658 mult_time= 0.005299428
2550 0.000101573 2600 0.000007528 mult_time= 0.000148969
5250 0.000972453 2750 0.000010809 mult_time= 0.001033879
5775 0.000123834 2750 0.000008516 mult_time= 0.000186736
5100 0.001063980 2500 0.000008014 mult_time= 0.001119596
5670 0.000267249 2750 0.000008242 mult_time= 0.000327488
5670 0.001318010 2750 0.000007819 mult_time= 0.001379206
5300 0.006111822 2805 0.000008078 mult_time= 0.006169902
5050 0.002722399 2550 0.000007640 mult_time= 0.002777045
5555 0.004628956 2550 0.000007900 mult_time= 0.004689675
5460 0.000093076 2750 0.000037279 mult_time= 0.000206966
5050 0.000147050 2550 0.000024979 mult_time= 0.000224986
3825 0.000014595 1250 0.000013010 mult_time= 0.000067482
5512 0.000118731 2805 0.000207140 mult_time= 0.000395960
5202 0.000079902 2601 0.000023629 mult_time= 0.000156178
5151 0.000016250 2550 0.000022503 mult_time= 0.000090272
5050 0.000324907 2550 0.000008615 mult_time= 0.000385665
5406 0.001503870 2805 0.000011147 mult_time= 0.001601351
5100 0.001967387 2601 0.000013028 mult_time= 0.002067457
5250 0.003219470 2750 0.000015534 mult_time= 0.003296165
5000 0.000881539 2500 0.000008023 mult_time= 0.000938037
5720 0.000105734 2700 0.000010838 mult_time= 0.000165914
5304 0.000123735 2700 0.000007904 mult_time= 0.000179872
5250 0.000784087 2754 0.000010802 mult_time= 0.000846484
5200 0.003797947 2700 0.000009105 mult_time= 0.003860238
5500 0.003111418 2500 0.000008690 mult_time= 0.003174055
5555 0.002755841 2550 0.000007727 mult_time= 0.002819625
5350 0.000067299 2860 0.000008327 mult_time= 0.000128321
5670 0.002616870 2750 0.000010679 mult_time= 0.002859495
5500 0.000126051 3025 0.000008506 mult_time= 0.000197198
5100 0.000369780 2600 0.000007973 mult_time= 0.000432571
5100 0.000353636 2500 0.000008546 mult_time= 0.000426631
5100 0.000364408 2500 0.000012287 mult_time= 0.000435356
4235 0.000225739 1300 0.000007376 mult_time= 0.000282059
4000 0.000115604 1375 0.000006648 mult_time= 0.000165220
3750 0.000073665 1250 0.000006526 mult_time= 0.000128864
5300 0.000419188 2809 0.000009967 mult_time= 0.000520505
2575 0.002034936 2650 0.000008683 mult_time= 0.002095173
5150 0.003464158 2650 0.000008464 mult_time= 0.003533612
5500 0.001944124 2500 0.000008222 mult_time= 0.002012707
5250 0.003272306 2750 0.000009871 mult_time= 0.003355012
5500 0.000183294 2500 0.000007824 mult_time= 0.000254584
5000 0.001133625 2500 0.000008267 mult_time= 0.001194958
5610 0.001642671 2600 0.000008494 mult_time= 0.001706309
5350 0.001676328 2860 0.000008584 mult_time= 0.001740817
5100 0.004101489 2600 0.000008565 mult_time= 0.004174716
5885 0.000108641 2860 0.000008373 mult_time= 0.000175341
5100 0.000202132 2600 0.000008144 mult_time= 0.000263154
5100 0.000358704 2600 0.000007687 mult_time= 0.000467602
5400 0.000460983 2500 0.000008393 mult_time= 0.000563726
5000 0.000414950 2500 0.000007410 mult_time= 0.000469246
5050 0.000487380 2550 0.000007661 mult_time= 0.000544645
5000 0.000484216 2500 0.000007981 mult_time= 0.000542774
5775 0.000932811 2750 0.000016292 mult_time= 0.001017067
5565 0.000094020 2750 0.000008414 mult_time= 0.000157827
5250 0.000208460 2750 0.000007782 mult_time= 0.000267724
4160 0.000151739 1375 0.000006512 mult_time= 0.000197905
5355 0.001112968 2750 0.000008152 mult_time= 0.001189154
5555 0.001357692 2550 0.000011108 mult_time= 0.001420770
5000 0.001282647 2500 0.000008075 mult_time= 0.001377590
5885 0.002300303 2860 0.000015513 mult_time= 0.002368189
5300 0.002454841 2805 0.000008152 mult_time= 0.002515849
5100 0.000614748 2500 0.000013776 mult_time= 0.000691582
5000 0.001087302 2500 0.000008054 mult_time= 0.001147375
5500 0.000883597 2500 0.000008165 mult_time= 0.000945998
5000 0.001324785 2500 0.000011048 mult_time= 0.001383869
5202 0.002303676 2600 0.000008056 mult_time= 0.002357448
5000 0.003739575 2500 0.000008137 mult_time= 0.003795100
5670 0.000258791 2750 0.000008075 mult_time= 0.000319027
5830 0.000596596 3025 0.000008402 mult_time= 0.000664421
5355 0.000889990 2750 0.000007633 mult_time= 0.000946342
4000 0.001451099 1375 0.000007034 mult_time= 0.001498053
5454 0.001192160 2550 0.000007859 mult_time= 0.001248345
5151 0.000620636 2550 0.000007702 mult_time= 0.000676396
5250 0.001863204 2754 0.000008339 mult_time= 0.001922511
5508 0.000059611 2600 0.000022398 mult_time= 0.000153225
5250 0.000054126 2750 0.000025498 mult_time= 0.000136806
5775 0.000062941 2750 0.000025449 mult_time= 0.000191126
5150 0.000064283 2652 0.000025774 mult_time= 0.000154603
5406 0.000034403 2805 0.000025546 mult_time= 0.000115327
5555 0.000087703 2550 0.000022035 mult_time= 0.000169992
5300 0.000045930 2805 0.000032300 mult_time= 0.000132748
5202 0.000036713 2601 0.000033225 mult_time= 0.000131696
3800 0.000043134 1275 0.000015706 mult_time= 0.000107450
5200 0.000053650 2703 0.000023253 mult_time= 0.000129918
2525 0.000247918 2550 0.000007310 mult_time= 0.000296489
5100 0.000871309 2601 0.000007830 mult_time= 0.000938630
5150 0.002066841 2650 0.000011047 mult_time= 0.002131507
5000 0.004894155 2500 0.000008339 mult_time= 0.004957662
5000 0.002095952 2500 0.000007780 mult_time= 0.002153696
5830 0.000126878 2808 0.000008957 mult_time= 0.000214806
5200 0.000069310 2700 0.000008746 mult_time= 0.000182264
5995 0.000166599 2970 0.000008778 mult_time= 0.000237571
5450 0.000851912 2970 0.000008109 mult_time= 0.000924768
5100 0.001081089 2600 0.000011315 mult_time= 0.001147097
5000 0.000859517 2500 0.000009301 mult_time= 0.000925588
5050 0.001370153 2550 0.000007865 mult_time= 0.001426670
5400 0.001859124 2915 0.000008394 mult_time= 0.001922858
5830 0.003729659 3025 0.000011207 mult_time= 0.003794864
5460 0.001086733 2750 0.000008888 mult_time= 0.001145899
2550 0.000594150 2600 0.000010717 mult_time= 0.000642692
5250 0.000489058 2750 0.000008313 mult_time= 0.000550619
5000 0.000533733 2500 0.000008060 mult_time= 0.000593064
3927 0.000155664 1300 0.000006914 mult_time= 0.000202587
4400 0.000086730 1375 0.000009560 mult_time= 0.000138920
3800 0.000108394 1275 0.000006242 mult_time= 0.000149596
