5253 0.002369638 2650 0.000016874 mult_time= 0.002535414
5832 0.003197193 2915 0.000008854 mult_time= 0.003276157
5150 0.004284063 2650 0.000008046 mult_time= 0.004346152
5508 0.001342418 2600 0.000008170 mult_time= 0.001415830
5555 0.001492585 2550 0.000008151 mult_time= 0.001559004
5250 0.001517821 2750 0.000008011 mult_time= 0.001584050
5304 0.000091174 2600 0.000010833 mult_time= 0.000152880
5355 0.001401399 2750 0.000012996 mult_time= 0.001491463
5250 0.002006107 2750 0.000008615 mult_time= 0.002071043
5100 0.001990758 2600 0.000008514 mult_time= 0.002063515
5100 0.003091310 2600 0.000011379 mult_time= 0.003154142
2575 0.003179138 2652 0.000008453 mult_time= 0.003230165
2625 0.000114461 2756 0.000008952 mult_time= 0.000165969
2550 0.000066708 2600 0.000008286 mult_time= 0.000113472
5610 0.000078362 2600 0.000008105 mult_time= 0.000140150
5202 0.000155757 2600 0.000010600 mult_time= 0.000217636
5100 0.000340580 2600 0.000007810 mult_time= 0.000406899
5100 0.000845789 2500 0.000007740 mult_time= 0.000914086
5000 0.001728095 2500 0.000008083 mult_time= 0.001788437
5200 0.003421474 2700 0.000007754 mult_time= 0.003478174
5250 0.000095823 2750 0.000007709 mult_time= 0.000153105
6050 0.000062006 3025 0.000008830 mult_time= 0.000135201
5300 0.001036186 2805 0.000011013 mult_time= 0.001098938
4400 0.002353861 1375 0.000006563 mult_time= 0.002402111
5500 0.003444288 2500 0.000008286 mult_time= 0.003508033
3750 0.002952050 1250 0.000007187 mult_time= 0.003005046
5355 0.000092689 2750 0.000009823 mult_time= 0.000153655
5670 0.000086482 2750 0.000017812 mult_time= 0.000170186
5724 0.000082661 2805 0.000008420 mult_time= 0.000154926
5830 0.006448992 2805 0.000009227 mult_time= 0.006537718
5500 0.002501564 2500 0.000008231 mult_time= 0.002568831
5500 0.007914894 2500 0.000010778 mult_time= 0.007988396
5100 0.008908000 2600 0.000008677 mult_time= 0.008967598
5400 0.000105000 2915 0.000008136 mult_time= 0.000164104
5355 0.001005552 2750 0.000007884 mult_time= 0.001064166
5460 0.000895586 2750 0.000009990 mult_time= 0.000959569
5500 0.002231991 3025 0.000008599 mult_time= 0.002302652
2725 0.003418382 2970 0.000008541 mult_time= 0.003465040
5300 0.003196208 2805 0.000008116 mult_time= 0.003257052
5250 0.002441464 2754 0.000011367 mult_time= 0.002531203
5000 0.000030291 2500 0.000025114 mult_time= 0.000110269
5000 0.000047772 2500 0.000024320 mult_time= 0.000125439
5555 0.000036496 2550 0.000024336 mult_time= 0.000109302
5460 0.000036862 2750 0.000028392 mult_time= 0.000120999
5304 0.000018534 2703 0.000081177 mult_time= 0.000148108
5454 0.000035126 2550 0.000031728 mult_time= 0.000115851
5151 0.000031458 2550 0.000023025 mult_time= 0.000135889
5300 0.000029348 2805 0.000037965 mult_time= 0.000134474
5050 0.000036786 2550 0.000025182 mult_time= 0.000114712
5100 0.000029468 2601 0.000025939 mult_time= 0.000105912
5250 0.000018958 2754 0.000026392 mult_time= 0.000096551
5050 0.000079679 2550 0.000008205 mult_time= 0.000139920
5300 0.000640515 2805 0.000009753 mult_time= 0.000729160
5050 0.001170587 2550 0.000008142 mult_time= 0.001228472
3800 0.004608544 1275 0.000007396 mult_time= 0.004659559
5050 0.003205055 2550 0.000011764 mult_time= 0.003268315
5200 0.002972954 2500 0.000007837 mult_time= 0.003033981
5995 0.000381189 2970 0.000008663 mult_time= 0.000453293
5250 0.002762879 2754 0.000008181 mult_time= 0.002823511
5500 0.005990572 2500 0.000008145 mult_time= 0.006051067
5000 0.002391372 2500 0.000007814 mult_time= 0.002447360
5940 0.000144603 2915 0.000010912 mult_time= 0.000212953
5355 0.000081667 2750 0.000008569 mult_time= 0.000141770
5250 0.000135563 2750 0.000008081 mult_time= 0.000196021
5775 0.000314658 2750 0.000007805 mult_time= 0.000376036
5250 0.001993370 2750 0.000008802 mult_time= 0.002058268
5000 0.001050383 2500 0.000011714 mult_time= 0.001112492
5050 0.000655877 2550 0.000008434 mult_time= 0.000725124
2525 0.003871638 2550 0.000010908 mult_time= 0.003921395
3825 0.001684363 1250 0.000006912 mult_time= 0.001730713
4000 0.001159420 1375 0.000023204 mult_time= 0.001236826
3750 0.001071022 1250 0.000007166 mult_time= 0.001117158
5150 0.000735251 2650 0.000010462 mult_time= 0.000827163
5400 0.002705716 2915 0.000008811 mult_time= 0.002777155
5200 0.002975664 2703 0.000008087 mult_time= 0.003039062
5500 0.002445424 2500 0.000008103 mult_time= 0.002507918
5775 0.001749296 2750 0.000008748 mult_time= 0.001818191
5050 0.001319227 2550 0.000008124 mult_time= 0.001379749
4050 0.001231263 1250 0.000006424 mult_time= 0.001281779
5500 0.000446330 2500 0.000007818 mult_time= 0.000505489
5720 0.001179369 2700 0.000008060 mult_time= 0.001242780
5202 0.000673820 2600 0.000008484 mult_time= 0.000733579
5508 0.003167725 2600 0.000007627 mult_time= 0.003228335
3850 0.004113695 1300 0.000006947 mult_time= 0.004162120
2550 0.000146570 2600 0.000028800 mult_time= 0.000215479
5100 0.001279620 2600 0.000008337 mult_time= 0.001338649
5000 0.000668715 2500 0.000016781 mult_time= 0.000769384
5000 0.001313931 2500 0.000008442 mult_time= 0.001376302
1875 0.000621208 1250 0.000007241 mult_time= 0.000665087
5500 0.000074744 3025 0.000008136 mult_time= 0.000144104
5559 0.000196536 2970 0.000007969 mult_time= 0.000255819
5200 0.000239284 2500 0.000007216 mult_time= 0.000291988
5500 0.000343622 2500 0.000008277 mult_time= 0.000416099
4125 0.000536705 1250 0.000007323 mult_time= 0.000590102
5830 0.000434138 3025 0.000008202 mult_time= 0.000497769
5775 0.000081968 2750 0.000007728 mult_time= 0.000148942
5355 0.000043821 2750 0.000008530 mult_time= 0.000104834
5100 0.000306785 2500 0.000011668 mult_time= 0.000370683
5000 0.000410665 2500 0.000007668 mult_time= 0.000465741
5200 0.000405427 2500 0.000007138 mult_time= 0.000457864
5775 0.000441193 2750 0.000007914 mult_time= 0.000501621
5100 0.000593294 2500 0.000009636 mult_time= 0.000649795
5100 0.000645225 2500 0.000007531 mult_time= 0.000698190
5500 0.000710265 2500 0.000007383 mult_time= 0.000772548
5775 0.000469872 2750 0.000007305 mult_time= 0.000526871
2750 0.000548928 3025 0.000007714 mult_time= 0.000596626
5250 0.000797013 2750 0.000007842 mult_time= 0.000855470
5151 0.002186122 2550 0.000007890 mult_time= 0.002242784
5100 0.001847520 2601 0.000010610 mult_time= 0.001907405
5100 0.000024073 2500 0.000026021 mult_time= 0.000105273
5555 0.000047606 2550 0.000034602 mult_time= 0.000134141
5720 0.000058212 2700 0.000026489 mult_time= 0.000163839
3825 0.000047458 1250 0.000014672 mult_time= 0.000104365
5150 0.000048863 2652 0.000023106 mult_time= 0.000123225
5252 0.000058838 2550 0.000021198 mult_time= 0.000130803
5300 0.000063793 2805 0.000024538 mult_time= 0.000143538
5610 0.000057066 2601 0.000023172 mult_time= 0.000133264
5775 0.000037543 2754 0.000023859 mult_time= 0.000117288
3800 0.000061482 1275 0.000016056 mult_time= 0.000120353
5720 0.000088897 2703 0.000021771 mult_time= 0.000164139
5512 0.000184280 2805 0.000012386 mult_time= 0.000250976
5353 0.000121447 2550 0.000008466 mult_time= 0.000185112
5508 0.000404897 2601 0.000007780 mult_time= 0.000465725
5562 0.000609824 2650 0.000007705 mult_time= 0.000673090
5250 0.000410489 2750 0.000010936 mult_time= 0.000475250
5000 0.000245512 2500 0.000007875 mult_time= 0.000305219
5720 0.000092799 2700 0.000008061 mult_time= 0.000156521
5559 0.000406072 2970 0.000008590 mult_time= 0.000481549
5250 0.001584587 2754 0.000008278 mult_time= 0.001649986
5565 0.002223400 2750 0.000008746 mult_time= 0.002288532
5000 0.001251348 2500 0.000008054 mult_time= 0.001309971
5775 0.001302961 2750 0.000008618 mult_time= 0.001365990
5350 0.000131929 2860 0.000008388 mult_time= 0.000194467
5940 0.002529033 3025 0.000009017 mult_time= 0.002598270
2750 0.002048724 3025 0.000008242 mult_time= 0.002102338
5000 0.002116926 2500 0.000008449 mult_time= 0.002177955
5050 0.001434853 2550 0.000008108 mult_time= 0.001494868
5000 0.002116693 2500 0.000011246 mult_time= 0.002172466
4000 0.002209220 1375 0.000007384 mult_time= 0.002254662
4180 0.001699336 1275 0.000007111 mult_time= 0.001745380
2500 0.001626135 625 0.000006954 mult_time= 0.001666952
5150 0.001675971 2650 0.000008740 mult_time= 0.001861050
5150 0.003008857 2650 0.000007850 mult_time= 0.003070886
3978 0.001212783 1325 0.000007118 mult_time= 0.001294125
5250 0.001422250 2750 0.000008405 mult_time= 0.001490662
5000 0.003688770 2500 0.000007420 mult_time= 0.003780329
5460 0.001833283 2750 0.000008047 mult_time= 0.001894942
5100 0.000802315 2500 0.000007381 mult_time= 0.000856337
5100 0.000564559 2600 0.000007893 mult_time= 0.000624925
5304 0.000756102 2600 0.000008180 mult_time= 0.000828814
5304 0.000483540 2600 0.000007833 mult_time= 0.000562042
5720 0.000396582 2704 0.000007823 mult_time= 0.000461955
5665 0.001211690 2652 0.000008122 mult_time= 0.001277216
3927 0.001843824 1300 0.000007427 mult_time= 0.001895927
5000 0.001300454 2500 0.000030500 mult_time= 0.001384187
5000 0.002232937 2500 0.000007602 mult_time= 0.002290478
5300 0.001853412 2500 0.000008215 mult_time= 0.001910442
5350 0.000092299 2860 0.000008309 mult_time= 0.000151755
5250 0.004191548 2750 0.000029466 mult_time= 0.004273976
5304 0.000762312 2600 0.000007924 mult_time= 0.000830163
5250 0.000944023 2750 0.000029335 mult_time= 0.001030196
5200 0.001205467 2500 0.000007263 mult_time= 0.001263901
5355 0.000105566 2750 0.000007347 mult_time= 0.000162619
5500 0.001010504 3025 0.000008585 mult_time= 0.001075405
5000 0.001340439 2500 0.000008035 mult_time= 0.001402294
5200 0.001300900 2500 0.000008685 mult_time= 0.001361443
5250 0.001572789 2750 0.000009128 mult_time= 0.001660773
5000 0.004855023 2500 0.000007539 mult_time= 0.004916850
5555 0.003948033 2550 0.000007750 mult_time= 0.004011720
5500 0.003294317 3025 0.000008196 mult_time= 0.003361128
5406 0.003283637 2805 0.000008359 mult_time= 0.003362379
4000 0.002657222 1375 0.000007011 mult_time= 0.002711525
5406 0.002630915 2805 0.000010511 mult_time= 0.002699329
5610 0.002172604 2601 0.000007950 mult_time= 0.002239157
5150 0.000082739 2650 0.000023961 mult_time= 0.000160674
5000 0.000017395 2500 0.000031718 mult_time= 0.000118508
5000 0.000084395 2500 0.000030199 mult_time= 0.000170993
5250 0.000019312 2750 0.000215571 mult_time= 0.000294071
5555 0.000031911 2550 0.000029544 mult_time= 0.000120088
5353 0.000032041 2550 0.000079651 mult_time= 0.000170531
5304 0.000489072 2601 0.000080027 mult_time= 0.000621511
5050 0.000645093 2550 0.000007589 mult_time= 0.000704070
5724 0.000995561 2805 0.000007323 mult_time= 0.001057868
5100 0.001263714 2601 0.000007449 mult_time= 0.001324086
5555 0.001811788 2550 0.000007349 mult_time= 0.001875635
5250 0.004281873 2750 0.000007679 mult_time= 0.004347138
5200 0.002201065 2500 0.000007343 mult_time= 0.002263391
5304 0.000089324 2700 0.000007291 mult_time= 0.000147513
5450 0.000261730 2970 0.000007656 mult_time= 0.000325877
5720 0.000365346 2700 0.000007466 mult_time= 0.000428884
5250 0.000379372 2754 0.000007938 mult_time= 0.000441964
5200 0.004962462 2700 0.000007601 mult_time= 0.005021721
5355 0.003483393 2750 0.000008695 mult_time= 0.003544613
5050 0.003695723 2550 0.000007929 mult_time= 0.003755522
5400 0.000139013 2915 0.000008044 mult_time= 0.000199026
5350 0.000071050 2860 0.000007599 mult_time= 0.000127074
5250 0.002119241 2750 0.000008614 mult_time= 0.002191582
5355 0.000161401 2750 0.000007593 mult_time= 0.000220147
4080 0.000161095 1375 0.000006855 mult_time= 0.000206511
5250 0.000413450 2750 0.000007736 mult_time= 0.000472112
5500 0.000338333 2500 0.000020116 mult_time= 0.000420129
4125 0.000353482 1250 0.000006301 mult_time= 0.000400568
3750 0.000097672 1250 0.000006816 mult_time= 0.000149355
4180 0.000179490 1275 0.000014058 mult_time= 0.000332289
5300 0.001704436 2809 0.000008742 mult_time= 0.001828315
5200 0.002946249 2703 0.000008967 mult_time= 0.003043957
3900 0.001545136 1325 0.000006980 mult_time= 0.001620881
5000 0.003527942 2500 0.000008993 mult_time= 0.003643506
5408 0.001946219 2700 0.000008402 mult_time= 0.002046553
5200 0.000062066 2500 0.000008335 mult_time= 0.000155293
5250 0.000089772 2750 0.000007730 mult_time= 0.000181237
5050 0.001044566 2550 0.000009521 mult_time= 0.001132854
5000 0.001369828 2500 0.000008110 mult_time= 0.001457375
5885 0.000784507 2860 0.000008379 mult_time= 0.000880770
5100 0.001948677 2600 0.000008377 mult_time= 0.002039339
5253 0.001839699 2652 0.000009537 mult_time= 0.001930743
5202 0.001987785 2600 0.000007246 mult_time= 0.002069030
5610 0.000069522 2600 0.000009973 mult_time= 0.000163017
5304 0.001478509 2600 0.000008223 mult_time= 0.001562837
5665 0.000569322 2650 0.000017256 mult_time= 0.000678893
5670 0.000435705 2750 0.000008461 mult_time= 0.000534430
5100 0.000473185 2500 0.000010193 mult_time= 0.000563897
5355 0.000055441 2750 0.000008034 mult_time= 0.000148174
5460 0.000733634 2750 0.000007993 mult_time= 0.000820364
5250 0.000152693 2750 0.000007802 mult_time= 0.000239865
4000 0.000058430 1375 0.000018285 mult_time= 0.000152563
5000 0.001050627 2500 0.000008801 mult_time= 0.001146154
5000 0.000874251 2500 0.000008471 mult_time= 0.000995916
5000 0.001356914 2500 0.000008576 mult_time= 0.001440420
5460 0.001260532 2750 0.000008296 mult_time= 0.001329286
5565 0.001525452 2750 0.000009264 mult_time= 0.001603134
5406 0.000116358 2805 0.000007893 mult_time= 0.000177434
5995 0.000069070 2970 0.000007887 mult_time= 0.000145259
6050 0.000580144 3025 0.000007896 mult_time= 0.000654296
5508 0.000693353 2600 0.000007499 mult_time= 0.000762229
2525 0.001644171 2550 0.000007436 mult_time= 0.001695212
5775 0.001359763 2750 0.000008977 mult_time= 0.001427956
5400 0.000082384 2500 0.000008139 mult_time= 0.000141743
2500 0.000089631 2500 0.000008484 mult_time= 0.000137323
5000 0.002486419 2500 0.000008326 mult_time= 0.002546805
5885 0.000647389 2860 0.000008345 mult_time= 0.000721565
5775 0.000836617 2750 0.000007844 mult_time= 0.000896920
5500 0.001173545 3025 0.000008296 mult_time= 0.001239343
5050 0.002249892 2550 0.000029408 mult_time= 0.002335816
5830 0.001498829 2805 0.000026475 mult_time= 0.001580952
5100 0.000068914 2600 0.000033868 mult_time= 0.000151639
5400 0.000075359 2500 0.000041170 mult_time= 0.000173573
5000 0.000017625 2500 0.000021399 mult_time= 0.000085067
3825 0.000021267 1250 0.000015280 mult_time= 0.000107941
5665 0.000067843 2652 0.000025101 mult_time= 0.000159013
5555 0.000054506 2550 0.000023839 mult_time= 0.000131099
5100 0.000040024 2601 0.000023451 mult_time= 0.000110920
5454 0.000060666 2550 0.000021204 mult_time= 0.000130644
5720 0.000110288 2703 0.000023332 mult_time= 0.000186622
5050 0.000683574 2550 0.000007999 mult_time= 0.000740973
5610 0.000891072 2601 0.000008304 mult_time= 0.000954531
5000 0.002104438 2500 0.000007845 mult_time= 0.002161622
5775 0.002559563 2750 0.000027016 mult_time= 0.002637367
5555 0.002433769 2550 0.000007709 mult_time= 0.002491168
3750 0.002369958 1250 0.000006461 mult_time= 0.002413031
5995 0.000133927 2970 0.000007802 mult_time= 0.000193096
5200 0.000161307 2700 0.000008321 mult_time= 0.000216759
5720 0.000141217 2700 0.000026687 mult_time= 0.000213483
5559 0.000895611 2970 0.000008494 mult_time= 0.000953320
5000 0.001361208 2500 0.000007773 mult_time= 0.001414031
5775 0.001143129 2750 0.000008148 mult_time= 0.001202829
5250 0.000611266 2750 0.000027387 mult_time= 0.000685867
5565 0.002685961 2750 0.000010989 mult_time= 0.002745591
2625 0.000140435 2750 0.000007285 mult_time= 0.000184287
5300 0.000092333 2805 0.000027576 mult_time= 0.000167589
5355 0.000295450 2750 0.000008002 mult_time= 0.000353185
5100 0.000269092 2500 0.000007561 mult_time= 0.000322599
5500 0.000396726 2500 0.000008230 mult_time= 0.000453137
5050 0.000362526 2550 0.000027623 mult_time= 0.000438423
3825 0.000441823 1250 0.000006808 mult_time= 0.000484339
4000 0.000123338 1375 0.000006399 mult_time= 0.000176881
4180 0.000125000 1275 0.000006437 mult_time= 0.000168563
