5460 0.001839790 2756 0.000012041 mult_time= 0.002028283
5150 0.002473608 2650 0.000008563 mult_time= 0.002563127
5885 0.002216095 2862 0.000008226 mult_time= 0.002329335
5000 0.001915354 2500 0.000007582 mult_time= 0.002001526
5100 0.002069926 2500 0.000007962 mult_time= 0.002163095
5200 0.001964697 2700 0.000007674 mult_time= 0.002048914
5000 0.000117044 2500 0.000008353 mult_time= 0.000207361
5775 0.000783481 2750 0.000008322 mult_time= 0.000875490
5555 0.002824180 2550 0.000007942 mult_time= 0.002908849
5200 0.001681623 2704 0.000010489 mult_time= 0.001775023
5610 0.003046037 2600 0.000007589 mult_time= 0.003139468
5300 0.002169719 2808 0.000009489 mult_time= 0.002260940
5250 0.000146915 2756 0.000008247 mult_time= 0.000231310
5100 0.000162132 2600 0.000008589 mult_time= 0.000242842
5610 0.004077347 2600 0.000010581 mult_time= 0.004164080
5778 0.000388857 2860 0.000008373 mult_time= 0.000481575
5500 0.000899536 2500 0.000007716 mult_time= 0.000977046
5151 0.001777675 2550 0.000008175 mult_time= 0.001859412
5000 0.001833827 2500 0.000008128 mult_time= 0.001927073
5775 0.002388599 2750 0.000008099 mult_time= 0.002475740
5830 0.003014366 2805 0.000008745 mult_time= 0.003105945
5000 0.001498737 2500 0.000008023 mult_time= 0.001566668
5355 0.002529373 2750 0.000008084 mult_time= 0.002587130
5050 0.002823557 2550 0.000008639 mult_time= 0.002886698
5400 0.003028230 2915 0.000008623 mult_time= 0.003086209
5250 0.000108279 2750 0.000010244 mult_time= 0.000164637
5610 0.000123400 3025 0.000011294 mult_time= 0.000187029
5250 0.000116727 2750 0.000007780 mult_time= 0.000169961
6050 0.000160516 3025 0.000008699 mult_time= 0.000226834
5000 0.001938731 2500 0.000008503 mult_time= 0.001996408
5200 0.003197078 2500 0.000007806 mult_time= 0.003252196
5151 0.004698547 2550 0.000008039 mult_time= 0.004753845
5150 0.004230041 2650 0.000007806 mult_time= 0.004284161
5000 0.008439076 2500 0.000008339 mult_time= 0.008491446
5350 0.001109155 2860 0.000010827 mult_time= 0.001168592
6050 0.001800426 3025 0.000008683 mult_time= 0.001868462
5250 0.001126139 2750 0.000008841 mult_time= 0.001186945
5050 0.002575820 2550 0.000007715 mult_time= 0.002630140
5100 0.002293047 2601 0.000011055 mult_time= 0.002352871
5406 0.003247730 2805 0.000011826 mult_time= 0.003312428
5300 0.001720764 2500 0.000008828 mult_time= 0.001778952
5000 0.003348771 2500 0.000007856 mult_time= 0.003402091
5775 0.004727838 2750 0.000008330 mult_time= 0.004787946
5300 0.003626369 2805 0.000010847 mult_time= 0.003685887
5100 0.002302040 2601 0.000007955 mult_time= 0.002356380
3800 0.001426394 1275 0.000007248 mult_time= 0.001478563
5050 0.000350601 2550 0.000007841 mult_time= 0.000403957
5151 0.001383499 2550 0.000010578 mult_time= 0.001440134
5353 0.000083281 2550 0.000007982 mult_time= 0.000142405
5000 0.000817151 2500 0.000008365 mult_time= 0.000874933
5775 0.000792842 2750 0.000009031 mult_time= 0.000856756
5000 0.003293607 2500 0.000007798 mult_time= 0.003350269
5200 0.000010695 2700 0.000013255 mult_time= 0.000074340
5777 0.002258472 2970 0.000028592 mult_time= 0.002351189
5304 0.000085052 2700 0.000025449 mult_time= 0.000158216
4345 0.000042397 1350 0.000015682 mult_time= 0.000099589
5610 0.000068002 2600 0.000024019 mult_time= 0.000153231
5100 0.000064132 2500 0.000020083 mult_time= 0.000136286
5151 0.000063084 2550 0.000030128 mult_time= 0.000152289
5000 0.000016272 2500 0.000021360 mult_time= 0.000078613
5250 0.000259292 2750 0.000138197 mult_time= 0.000452302
5724 0.000135104 2805 0.000007936 mult_time= 0.000192841
5460 0.000069210 2750 0.000007981 mult_time= 0.000125393
5665 0.000593303 2650 0.000007932 mult_time= 0.000649566
5670 0.001429237 2750 0.000011549 mult_time= 0.001491131
5000 0.001009963 2500 0.000007815 mult_time= 0.001061273
2500 0.004234998 2500 0.000007952 mult_time= 0.004277930
4400 0.001576010 1375 0.000006917 mult_time= 0.001621448
3800 0.001230678 1275 0.000007323 mult_time= 0.001280767
2650 0.001091566 625 0.000006988 mult_time= 0.001132104
5832 0.001244566 2915 0.000016789 mult_time= 0.001349656
5150 0.003499161 2650 0.000007912 mult_time= 0.003561007
5150 0.001907072 2650 0.000007640 mult_time= 0.001969200
5500 0.001445477 2500 0.000018177 mult_time= 0.001525850
5050 0.001278275 2550 0.000007141 mult_time= 0.001336634
5500 0.001124826 2500 0.000006988 mult_time= 0.001181977
5250 0.000149084 2750 0.000007625 mult_time= 0.000244650
2525 0.000921287 2550 0.000006736 mult_time= 0.000969558
5000 0.001766047 2500 0.000007776 mult_time= 0.001825769
5100 0.001985524 2600 0.000007769 mult_time= 0.002041582
5356 0.004396513 2652 0.000011234 mult_time= 0.004457629
5304 0.005960039 2600 0.000007833 mult_time= 0.006017940
3850 0.000586233 1300 0.000006299 mult_time= 0.000632696
5500 0.001350726 2500 0.000011719 mult_time= 0.001428077
5050 0.000735769 2550 0.000007472 mult_time= 0.000813885
5000 0.001205916 2500 0.000006929 mult_time= 0.001259919
5250 0.000460387 2750 0.000015440 mult_time= 0.000539405
5670 0.000250545 2750 0.000008044 mult_time= 0.000313441
5200 0.000146741 2500 0.000011156 mult_time= 0.000208719
5250 0.000262393 2750 0.000007718 mult_time= 0.000323772
5050 0.000455452 2550 0.000007518 mult_time= 0.000512872
5000 0.000482501 2500 0.000007691 mult_time= 0.000542379
2675 0.000076950 2860 0.000007199 mult_time= 0.000123947
5250 0.000431573 2750 0.000009891 mult_time= 0.000499496
5665 0.000516248 2650 0.000007359 mult_time= 0.000574473
5100 0.000534876 2500 0.000007153 mult_time= 0.000599402
5200 0.000534183 2500 0.000015487 mult_time= 0.000594686
5000 0.000538207 2500 0.000009564 mult_time= 0.000592648
5500 0.000611686 2500 0.000007150 mult_time= 0.000665345
5050 0.000628744 2550 0.000007530 mult_time= 0.000682232
5775 0.000475030 2750 0.000010540 mult_time= 0.000534420
5250 0.000605505 2750 0.000007553 mult_time= 0.000660324
5250 0.000837541 2750 0.000008010 mult_time= 0.000897345
5050 0.001017940 2550 0.000007851 mult_time= 0.001072027
5300 0.001256235 2805 0.000010559 mult_time= 0.001315984
5202 0.002937171 2601 0.000007592 mult_time= 0.002992176
5565 0.002263974 2750 0.000008136 mult_time= 0.002322153
5000 0.002863079 2500 0.000007682 mult_time= 0.002914296
3825 0.005317491 1250 0.000009635 mult_time= 0.005366089
5050 0.002624628 2550 0.000007701 mult_time= 0.002679209
5454 0.003696294 2550 0.000007567 mult_time= 0.003751947
5151 0.003377365 2550 0.000007811 mult_time= 0.003430066
5300 0.000486867 2805 0.000008136 mult_time= 0.000543893
5000 0.000421397 2500 0.000007310 mult_time= 0.000473359
5500 0.000610051 2500 0.000011333 mult_time= 0.000667761
3750 0.000424554 1250 0.000009971 mult_time= 0.000478627
5304 0.000060527 2700 0.000355406 mult_time= 0.000465010
5250 0.000059599 2754 0.000024638 mult_time= 0.000131974
5100 0.000072165 2500 0.000024834 mult_time= 0.000147861
2500 0.000046003 2500 0.000025772 mult_time= 0.000110574
5555 0.000064296 2550 0.000023864 mult_time= 0.000137669
5500 0.000085752 2500 0.000022858 mult_time= 0.000159664
5508 0.000148803 2915 0.000030793 mult_time= 0.000227962
5250 0.000100875 2750 0.000023562 mult_time= 0.000170360
5250 0.000135607 2750 0.000026565 mult_time= 0.000208987
5830 0.000192894 2805 0.000011446 mult_time= 0.000255781
5500 0.000089711 3025 0.000008531 mult_time= 0.000150115
5406 0.001034979 2600 0.000007938 mult_time= 0.001093372
5000 0.001165318 2500 0.000007687 mult_time= 0.001221531
5720 0.005169613 2700 0.000010979 mult_time= 0.005230719
4050 0.002028696 1250 0.000007093 mult_time= 0.002075923
3952 0.001499217 1275 0.000007184 mult_time= 0.001547543
4125 0.001590491 1250 0.000008400 mult_time= 0.001660462
5300 0.001199581 2809 0.000010682 mult_time= 0.001348685
2575 0.002282751 2650 0.000008459 mult_time= 0.002343216
5200 0.001715049 2703 0.000008260 mult_time= 0.001776806
5665 0.001592772 2650 0.000008847 mult_time= 0.001667428
5000 0.001705429 2500 0.000007766 mult_time= 0.001764626
5050 0.003660457 2550 0.000007865 mult_time= 0.003735739
5202 0.000049565 2600 0.000008331 mult_time= 0.000111748
5000 0.000047441 2500 0.000007249 mult_time= 0.000105327
5353 0.000211668 2550 0.000007639 mult_time= 0.000282164
5250 0.000656552 2750 0.000009819 mult_time= 0.000716996
5610 0.000501077 2600 0.000007642 mult_time= 0.000564098
5665 0.000441000 2652 0.000007302 mult_time= 0.000504048
5350 0.000299615 2860 0.000008719 mult_time= 0.000368647
5304 0.000446130 2600 0.000008272 mult_time= 0.000507275
2575 0.001573693 2652 0.000020332 mult_time= 0.001670441
4158 0.001082932 1300 0.000007423 mult_time= 0.001133194
2625 0.000753903 2750 0.000007887 mult_time= 0.000805407
5500 0.002059733 2500 0.000010723 mult_time= 0.002123355
5885 0.005534269 2860 0.000008617 mult_time= 0.005609095
2575 0.000802009 2650 0.000007636 mult_time= 0.000851325
5250 0.000849828 2750 0.000008315 mult_time= 0.000918870
5555 0.001190902 2550 0.000010512 mult_time= 0.001263266
5775 0.001581194 2750 0.000007742 mult_time= 0.001643526
5300 0.000671588 2805 0.000008213 mult_time= 0.000742953
5775 0.000697391 2750 0.000008175 mult_time= 0.000762553
5250 0.001141441 2750 0.000007898 mult_time= 0.001200880
5000 0.002248014 2500 0.000008357 mult_time= 0.002303691
3750 0.001760736 1250 0.000006352 mult_time= 0.001804354
5100 0.002708441 2600 0.000007899 mult_time= 0.002764256
5500 0.002121249 2500 0.000007699 mult_time= 0.002176410
5250 0.000069890 2750 0.000007942 mult_time= 0.000130275
4050 0.000152290 1250 0.000006631 mult_time= 0.000198517
5355 0.000856834 2750 0.000007923 mult_time= 0.000915494
5250 0.001294733 2750 0.000007702 mult_time= 0.001351520
6050 0.003249898 3025 0.000008142 mult_time= 0.003324147
5250 0.005917750 2750 0.000008059 mult_time= 0.005975905
5252 0.002121135 2550 0.000007569 mult_time= 0.002176831
5775 0.002616061 2754 0.000008459 mult_time= 0.002681812
5500 0.000170802 2500 0.000008353 mult_time= 0.000231169
5565 0.000861549 2750 0.000007781 mult_time= 0.000921805
5500 0.002164562 2500 0.000007835 mult_time= 0.002224550
3750 0.000992536 1250 0.000008929 mult_time= 0.001042151
5353 0.002323519 2550 0.000007933 mult_time= 0.002380740
5300 0.000942342 2805 0.000009905 mult_time= 0.001030473
5100 0.004067147 2601 0.000008648 mult_time= 0.004129859
5253 0.000571007 2652 0.000007754 mult_time= 0.000628860
2525 0.001599841 2550 0.000007383 mult_time= 0.001649808
5250 0.001604166 2754 0.000008489 mult_time= 0.001663027
5202 0.004936074 2600 0.000008028 mult_time= 0.004993892
5555 0.001930605 2550 0.000008513 mult_time= 0.002003522
5350 0.001713248 2862 0.000008529 mult_time= 0.001775283
5200 0.000060548 2700 0.000028462 mult_time= 0.000139763
2625 0.000048862 2754 0.000026281 mult_time= 0.000115119
3950 0.000091318 1350 0.000016415 mult_time= 0.000147648
5508 0.000078690 2600 0.000038382 mult_time= 0.000178336
5100 0.000044449 2500 0.000020627 mult_time= 0.000116117
5250 0.000056218 2750 0.000032883 mult_time= 0.000137331
5000 0.000068635 2500 0.000078588 mult_time= 0.000222233
5832 0.000282407 2915 0.000028183 mult_time= 0.000368567
5250 0.000068013 2750 0.000025654 mult_time= 0.000142659
5300 0.000193986 2805 0.000008438 mult_time= 0.000254017
5450 0.000140319 2970 0.000010720 mult_time= 0.000201860
5610 0.000596814 2600 0.000008793 mult_time= 0.000658049
5500 0.000757195 2500 0.000009038 mult_time= 0.000822055
5000 0.000439203 2500 0.000008776 mult_time= 0.000499527
3927 0.000292759 1300 0.000007215 mult_time= 0.000341452
4080 0.000099534 1375 0.000007185 mult_time= 0.000147662
4000 0.000117051 1375 0.000006889 mult_time= 0.000164494
5150 0.001635106 2650 0.000009047 mult_time= 0.001718964
5200 0.001477380 2703 0.000008863 mult_time= 0.001553200
3900 0.001322196 1325 0.000007876 mult_time= 0.001389559
5250 0.001426840 2750 0.000008598 mult_time= 0.001492063
5200 0.001632733 2500 0.000008240 mult_time= 0.001696378
5000 0.001547569 2500 0.000007619 mult_time= 0.001604615
5460 0.000104391 2750 0.000008086 mult_time= 0.000167369
5250 0.000311754 2750 0.000008534 mult_time= 0.000377597
5720 0.001099719 2700 0.000008517 mult_time= 0.001168297
5408 0.003398222 2704 0.000007601 mult_time= 0.003455288
4158 0.002992562 1300 0.000007930 mult_time= 0.003051108
5150 0.002687738 2652 0.000008690 mult_time= 0.002756669
5610 0.000456567 2600 0.000007877 mult_time= 0.000519473
5775 0.000502676 2750 0.000008095 mult_time= 0.000566634
5940 0.000100743 2915 0.000009165 mult_time= 0.000202745
5250 0.000179977 2750 0.000008215 mult_time= 0.000248418
5610 0.000826923 3025 0.000007820 mult_time= 0.000896769
5100 0.000760514 2600 0.000007620 mult_time= 0.000816113
5151 0.001338844 2550 0.000010493 mult_time= 0.001401291
5200 0.001961820 2500 0.000007797 mult_time= 0.002019507
5610 0.000184193 3025 0.000008173 mult_time= 0.000260480
6050 0.004416411 3025 0.000007857 mult_time= 0.004482239
5300 0.000746443 2500 0.000008265 mult_time= 0.000803510
5050 0.001314034 2550 0.000007943 mult_time= 0.001373177
5000 0.001184675 2500 0.000007386 mult_time= 0.001238529
5202 0.002906050 2600 0.000010477 mult_time= 0.002963656
2525 0.000089892 2550 0.000008007 mult_time= 0.000131446
5000 0.001920828 2500 0.000010430 mult_time= 0.001975815
5250 0.000658591 2750 0.000007671 mult_time= 0.000712203
2650 0.001086164 2805 0.000007159 mult_time= 0.001145144
4080 0.000645900 1375 0.000006466 mult_time= 0.000690847
5300 0.001874262 2805 0.000010526 mult_time= 0.001933173
5555 0.002311441 2550 0.000007590 mult_time= 0.002366833
5100 0.000554041 2600 0.000007576 mult_time= 0.000606565
5500 0.000450802 2500 0.000007475 mult_time= 0.000505685
5304 0.001865297 2700 0.000011363 mult_time= 0.001929897
5050 0.004098716 2550 0.000007974 mult_time= 0.004155951
5050 0.002820070 2550 0.000007949 mult_time= 0.002876357
5050 0.002694301 2550 0.000007732 mult_time= 0.002748139
5300 0.000271890 2805 0.000008587 mult_time= 0.000331522
5202 0.000941497 2601 0.000008418 mult_time= 0.000997829
5500 0.002168636 2500 0.000007750 mult_time= 0.002223326
5300 0.002117734 2500 0.000007815 mult_time= 0.002173844
5050 0.002337302 2550 0.000007643 mult_time= 0.002391051
1875 0.002412889 1250 0.000007185 mult_time= 0.002453272
5200 0.000026173 2700 0.000025745 mult_time= 0.000100808
5250 0.000064651 2754 0.000190836 mult_time= 0.000302549
5670 0.000024724 2754 0.000027309 mult_time= 0.000102508
5450 0.000074456 2970 0.000037607 mult_time= 0.000167776
5775 0.000067052 2750 0.000026316 mult_time= 0.000143560
5000 0.000075530 2500 0.000022678 mult_time= 0.000140470
3750 0.000047014 1250 0.000016306 mult_time= 0.000097573
5350 0.000110815 2860 0.000030760 mult_time= 0.000190580
5610 0.000299307 3025 0.000009602 mult_time= 0.000360620
5670 0.000376247 2750 0.000009633 mult_time= 0.000441542
5100 0.000380817 2600 0.000009230 mult_time= 0.000444273
5555 0.000539600 2550 0.000008455 mult_time= 0.000599434
5000 0.000795425 2500 0.000007753 mult_time= 0.000850566
3900 0.000130121 1250 0.000007363 mult_time= 0.000175867
4028 0.000097797 1275 0.000006537 mult_time= 0.000141850
