5665 0.001764219 2650 0.000021133 mult_time= 0.001955406
5562 0.002222787 2650 0.000008943 mult_time= 0.002323552
5400 0.002020436 2500 0.000007914 mult_time= 0.002113039
5250 0.001856698 2750 0.000008308 mult_time= 0.001944867
5000 0.003191746 2500 0.000007820 mult_time= 0.003281591
5610 0.000245702 2600 0.000008227 mult_time= 0.000335102
5050 0.001681439 2550 0.000008213 mult_time= 0.001763358
5508 0.003669905 2600 0.000007942 mult_time= 0.003751189
5100 0.002925600 2600 0.000008148 mult_time= 0.003010514
5460 0.006702512 2756 0.000008092 mult_time= 0.006793560
5100 0.000961430 2600 0.000007957 mult_time= 0.001045638
5100 0.000707483 2500 0.000007979 mult_time= 0.000802158
5454 0.001466588 2550 0.000009493 mult_time= 0.001551805
5400 0.002584102 2915 0.000008334 mult_time= 0.002669542
6050 0.003167889 3025 0.000009914 mult_time= 0.003289660
5000 0.001080981 2500 0.000007680 mult_time= 0.001180618
5050 0.003252369 2550 0.000008602 mult_time= 0.003346856
5000 0.002943959 2500 0.000008126 mult_time= 0.003031291
5500 0.007940350 3025 0.000008715 mult_time= 0.008037887
5000 0.001106629 2500 0.000008943 mult_time= 0.001192101
5100 0.002564537 2500 0.000007457 mult_time= 0.002655024
5000 0.003512938 2500 0.000009594 mult_time= 0.003571030
5250 0.004287210 2750 0.000007699 mult_time= 0.004348412
5250 0.004202667 2750 0.000008368 mult_time= 0.004266951
5050 0.000095608 2550 0.000007849 mult_time= 0.000153256
5200 0.003096122 2500 0.000008262 mult_time= 0.003155088
5565 0.000207280 2750 0.000009040 mult_time= 0.000268789
5355 0.006420586 2750 0.000011994 mult_time= 0.006484653
5050 0.000032480 2550 0.000008759 mult_time= 0.000091448
5300 0.002080622 2805 0.000008149 mult_time= 0.002140727
5555 0.002998723 2550 0.000008124 mult_time= 0.003058117
3800 0.002502646 1275 0.000016595 mult_time= 0.002571872
5000 0.000030708 2500 0.000023015 mult_time= 0.000101205
5300 0.000029576 2500 0.000022638 mult_time= 0.000095814
3750 0.000028553 1250 0.000014066 mult_time= 0.000080379
5253 0.000031099 2652 0.000027498 mult_time= 0.000106478
5555 0.000028525 2550 0.000034596 mult_time= 0.000111361
5610 0.000033180 2601 0.000021417 mult_time= 0.000102543
4028 0.000065728 1275 0.000016486 mult_time= 0.000131837
5050 0.000411509 2550 0.000007895 mult_time= 0.000467231
5050 0.000847490 2550 0.000007669 mult_time= 0.000902602
5151 0.001891553 2550 0.000008446 mult_time= 0.001949748
5355 0.001371630 2750 0.000008346 mult_time= 0.001437003
5250 0.002566482 2750 0.000008156 mult_time= 0.002625364
5200 0.002864072 2500 0.000007627 mult_time= 0.002919572
5300 0.000078137 2808 0.000007998 mult_time= 0.000136022
5304 0.000082252 2700 0.000007783 mult_time= 0.000137206
5304 0.001205862 2700 0.000009151 mult_time= 0.001263676
5408 0.000992421 2700 0.000009194 mult_time= 0.001053330
5500 0.001427076 2500 0.000010965 mult_time= 0.001486049
5100 0.003023409 2500 0.000007695 mult_time= 0.003077755
5252 0.002320071 2550 0.000007908 mult_time= 0.002374703
5000 0.002687024 2500 0.000009360 mult_time= 0.002754458
2750 0.000035471 3025 0.000010374 mult_time= 0.000087424
5250 0.002043535 2750 0.000008587 mult_time= 0.002101631
5450 0.000316232 2970 0.000014232 mult_time= 0.000380113
5000 0.000899141 2500 0.000007870 mult_time= 0.000956253
5500 0.001484068 2500 0.000007826 mult_time= 0.001539589
5500 0.001013501 2500 0.000008890 mult_time= 0.001073948
5775 0.001686232 2750 0.000011155 mult_time= 0.001749842
4050 0.001968230 1250 0.000006802 mult_time= 0.002012458
2000 0.003513147 1375 0.000009038 mult_time= 0.003558884
2500 0.001004023 625 0.000006643 mult_time= 0.001040611
5356 0.000783757 2650 0.000008571 mult_time= 0.000870033
5459 0.003795618 2650 0.000008045 mult_time= 0.003862179
3900 0.001385416 1325 0.000006786 mult_time= 0.001436068
5250 0.001275891 2750 0.000012229 mult_time= 0.001370259
5050 0.001148109 2550 0.000008167 mult_time= 0.001211058
5250 0.001187226 2750 0.000007926 mult_time= 0.001248961
5100 0.000056132 2600 0.000007437 mult_time= 0.000118995
5500 0.000071707 2500 0.000007301 mult_time= 0.000129330
5000 0.001123862 2500 0.000012925 mult_time= 0.001186718
2500 0.001694340 2500 0.000007780 mult_time= 0.001741328
2550 0.001838359 2600 0.000007972 mult_time= 0.001895147
5356 0.001321367 2652 0.000007736 mult_time= 0.001382789
5304 0.005641474 2600 0.000007804 mult_time= 0.005701864
5202 0.000055091 2600 0.000007789 mult_time= 0.000120989
5150 0.000067343 2652 0.000007714 mult_time= 0.000135872
5512 0.001908280 2808 0.000007780 mult_time= 0.001969294
5304 0.000754242 2600 0.000007739 mult_time= 0.000815151
5500 0.000682102 2500 0.000007501 mult_time= 0.000751076
5200 0.000702600 2700 0.000008256 mult_time= 0.000764272
5775 0.000909115 2750 0.000008110 mult_time= 0.000970802
5830 0.000191835 2805 0.000007898 mult_time= 0.000257614
5460 0.000048107 2750 0.000007905 mult_time= 0.000109685
5400 0.000199320 2500 0.000007117 mult_time= 0.000254210
5000 0.000342686 2500 0.000018570 mult_time= 0.000420897
5100 0.000312178 2500 0.000007681 mult_time= 0.000368551
5350 0.000499505 2860 0.000008123 mult_time= 0.000561684
5500 0.000411547 3025 0.000008498 mult_time= 0.000482932
5406 0.000166127 2805 0.000007921 mult_time= 0.000225981
5200 0.000424413 2500 0.000007987 mult_time= 0.000482265
5460 0.000550393 2750 0.000007800 mult_time= 0.000609045
5050 0.000499863 2550 0.000010295 mult_time= 0.000559534
5253 0.000452753 2650 0.000008003 mult_time= 0.000513756
5250 0.000612281 2750 0.000007712 mult_time= 0.000671474
5252 0.000650292 2550 0.000007402 mult_time= 0.000705252
5940 0.000511963 2915 0.000007742 mult_time= 0.000573061
5670 0.000670051 2750 0.000009902 mult_time= 0.000729038
5300 0.000653330 2805 0.000007737 mult_time= 0.000718871
5616 0.000886108 2703 0.000007396 mult_time= 0.000944609
5151 0.000638973 2550 0.000007446 mult_time= 0.000692516
5555 0.001803510 2550 0.000009810 mult_time= 0.001861072
5100 0.000020300 2600 0.000024833 mult_time= 0.000092469
5000 0.000037374 2500 0.000023980 mult_time= 0.000116434
5252 0.000042546 2550 0.000024803 mult_time= 0.000122910
5200 0.000027838 2500 0.000026062 mult_time= 0.000108932
5555 0.000051303 2550 0.000021829 mult_time= 0.000121420
5555 0.000047511 2550 0.000024122 mult_time= 0.000122273
5252 0.000046042 2550 0.000024968 mult_time= 0.000118548
5100 0.000039901 2601 0.000024095 mult_time= 0.000112101
5250 0.000028889 2754 0.000028608 mult_time= 0.000111530
5151 0.000015942 2550 0.000022721 mult_time= 0.000093046
3800 0.000206487 1275 0.000016423 mult_time= 0.000260470
5253 0.000140919 2652 0.000007827 mult_time= 0.000198289
5830 0.000133591 2805 0.000007769 mult_time= 0.000195123
5050 0.000298550 2550 0.000015260 mult_time= 0.000361222
5000 0.000324832 2500 0.000009976 mult_time= 0.000381071
5355 0.000386595 2750 0.000007736 mult_time= 0.000443732
5200 0.000378673 2500 0.000007703 mult_time= 0.000439596
5200 0.000101729 2700 0.000007431 mult_time= 0.000154723
5616 0.001069379 2700 0.000007634 mult_time= 0.001123785
5720 0.000953126 2700 0.000007742 mult_time= 0.001008882
5100 0.001744037 2500 0.000010652 mult_time= 0.001805771
5050 0.000902715 2550 0.000007735 mult_time= 0.000957663
5555 0.001452314 2550 0.000007651 mult_time= 0.001509860
3975 0.001711856 1250 0.000006742 mult_time= 0.001754812
5355 0.000039155 2750 0.000008075 mult_time= 0.000096983
5565 0.001851358 2750 0.000008050 mult_time= 0.001909076
5665 0.001110327 2650 0.000007736 mult_time= 0.001168128
5250 0.000597829 2750 0.000009034 mult_time= 0.000659763
5775 0.001263898 2750 0.000009744 mult_time= 0.001365251
2500 0.004301388 2500 0.000008657 mult_time= 0.004348713
4080 0.002150489 1375 0.000010023 mult_time= 0.002201510
4108 0.001269162 1350 0.000007028 mult_time= 0.001320933
5150 0.001526511 2650 0.000009433 mult_time= 0.001650880
5400 0.002468325 2915 0.000008748 mult_time= 0.002538432
5720 0.001827335 2703 0.000008539 mult_time= 0.001898010
5665 0.001761243 2650 0.000008147 mult_time= 0.001822987
5000 0.003933244 2500 0.000007337 mult_time= 0.004000343
5100 0.001579558 2500 0.000007452 mult_time= 0.001634105
5775 0.000173459 2750 0.000011241 mult_time= 0.000274173
5151 0.000460532 2550 0.000007454 mult_time= 0.000519428
5000 0.000766709 2500 0.000007535 mult_time= 0.000821458
5720 0.000398653 2704 0.000007454 mult_time= 0.000458632
5202 0.000319726 2600 0.000011318 mult_time= 0.000390791
5610 0.000457796 2600 0.000008129 mult_time= 0.000519440
2600 0.000135932 2704 0.000008072 mult_time= 0.000189124
5610 0.000331415 2600 0.000007249 mult_time= 0.000397638
5150 0.001482279 2652 0.000007997 mult_time= 0.001553913
5562 0.002127513 2650 0.000008505 mult_time= 0.002192146
5000 0.001371762 2500 0.000007766 mult_time= 0.001426704
5151 0.002255067 2550 0.000008586 mult_time= 0.002318583
5250 0.000164950 2750 0.000010624 mult_time= 0.000238022
5300 0.000109688 2805 0.000007727 mult_time= 0.000185979
5670 0.000123629 2750 0.000008152 mult_time= 0.000189279
5565 0.000856303 2750 0.000010975 mult_time= 0.000930487
5100 0.000905635 2500 0.000007832 mult_time= 0.000961435
5200 0.000973496 2500 0.000018872 mult_time= 0.001039142
5000 0.003145719 2500 0.000007405 mult_time= 0.003197616
5250 0.001159176 2750 0.000008282 mult_time= 0.001217250
5610 0.000905450 2600 0.000007125 mult_time= 0.000971998
5775 0.001869466 2750 0.000008190 mult_time= 0.001934017
5775 0.001421330 2750 0.000008412 mult_time= 0.001482516
5202 0.001154530 2600 0.000007838 mult_time= 0.001210702
5000 0.002160165 2500 0.000007399 mult_time= 0.002214609
5000 0.003810243 2500 0.000007742 mult_time= 0.003862257
5775 0.007181270 2750 0.000007959 mult_time= 0.007241405
5555 0.001208149 2550 0.000007628 mult_time= 0.001265306
5252 0.002642091 2550 0.000010478 mult_time= 0.002703261
3876 0.002273761 1275 0.000016914 mult_time= 0.002348294
5050 0.000057101 2550 0.000023313 mult_time= 0.000139347
5565 0.000281449 2750 0.000028908 mult_time= 0.000367828
5050 0.000018382 2550 0.000095266 mult_time= 0.000161946
5151 0.000082673 2550 0.000022314 mult_time= 0.000168652
5100 0.000051173 2601 0.000021727 mult_time= 0.000119283
5508 0.000068834 2601 0.000025291 mult_time= 0.000143553
5050 0.000193293 2550 0.000025137 mult_time= 0.000266240
5616 0.000474495 2703 0.000021789 mult_time= 0.000546008
5618 0.000046551 2805 0.000008870 mult_time= 0.000111561
5202 0.001811482 2601 0.000008360 mult_time= 0.001873970
5300 0.001926541 2805 0.000008830 mult_time= 0.001990056
5202 0.002819216 2600 0.000007627 mult_time= 0.002873460
5353 0.002720104 2550 0.000007986 mult_time= 0.002777529
5885 0.000175561 2862 0.000008103 mult_time= 0.000240567
5830 0.000164938 2808 0.000008285 mult_time= 0.000225845
5200 0.000641406 2700 0.000007819 mult_time= 0.000695294
5508 0.003682269 2916 0.000010536 mult_time= 0.003741123
5610 0.003248075 2600 0.000008095 mult_time= 0.003302415
5565 0.003493640 2750 0.000008147 mult_time= 0.003553010
5000 0.005244595 2500 0.000007922 mult_time= 0.005297174
5350 0.000096796 2860 0.000008685 mult_time= 0.000177924
6050 0.000101554 3025 0.000011165 mult_time= 0.000166644
5500 0.001505351 3025 0.000008205 mult_time= 0.001566399
5300 0.000140833 2805 0.000010593 mult_time= 0.000207269
5250 0.000585542 2750 0.000007696 mult_time= 0.000639337
5000 0.000439456 2500 0.000007585 mult_time= 0.000491829
5100 0.000342812 2500 0.000008351 mult_time= 0.000411760
5500 0.000362942 2500 0.000019159 mult_time= 0.000432322
3825 0.000310457 1250 0.000007474 mult_time= 0.000359242
4080 0.000182528 1375 0.000007514 mult_time= 0.000231970
3950 0.000071354 1350 0.000007389 mult_time= 0.000119863
5830 0.000391469 2809 0.000009082 mult_time= 0.000476491
5356 0.002352347 2650 0.000008125 mult_time= 0.002427039
5253 0.002435140 2650 0.000007568 mult_time= 0.002492895
5300 0.003524878 2500 0.000007688 mult_time= 0.003581374
5000 0.003564405 2500 0.000007151 mult_time= 0.003618657
2575 0.000060328 2650 0.000007128 mult_time= 0.000107674
5460 0.001693240 2750 0.000007380 mult_time= 0.001754303
5000 0.001396679 2500 0.000007789 mult_time= 0.001467669
2550 0.000657507 2600 0.000011169 mult_time= 0.000711787
5885 0.001745212 2860 0.000008032 mult_time= 0.001810334
5202 0.001745184 2600 0.000007622 mult_time= 0.001800741
5100 0.001988841 2600 0.000008756 mult_time= 0.002071275
2550 0.000099393 2600 0.000007828 mult_time= 0.000151786
5150 0.000136975 2652 0.000007575 mult_time= 0.000209077
5100 0.000109547 2600 0.000007071 mult_time= 0.000169640
4081 0.000161089 1300 0.000006462 mult_time= 0.000211759
5100 0.000425799 2500 0.000010294 mult_time= 0.000490301
5151 0.000344929 2550 0.000013696 mult_time= 0.000425511
5565 0.000352608 2750 0.000008154 mult_time= 0.000433260
5250 0.000110226 2750 0.000007584 mult_time= 0.000174239
5460 0.000082954 2750 0.000007283 mult_time= 0.000146030
5000 0.000935656 2500 0.000007730 mult_time= 0.000999155
5500 0.000859004 2500 0.000008034 mult_time= 0.000928329
5555 0.001376886 2550 0.000007813 mult_time= 0.001486861
5508 0.000098783 2915 0.000008215 mult_time= 0.000198313
5671 0.002937196 2860 0.000008572 mult_time= 0.003005243
4160 0.000734113 1375 0.000006962 mult_time= 0.000786452
5460 0.001054503 2750 0.000007929 mult_time= 0.001123728
5050 0.001959909 2550 0.000007896 mult_time= 0.002030031
4125 0.001480138 1250 0.000006152 mult_time= 0.001527903
5000 0.002212354 2500 0.000007329 mult_time= 0.002271986
5000 0.003565765 2500 0.000008272 mult_time= 0.003631107
5500 0.000796841 3025 0.000011756 mult_time= 0.000869457
5300 0.001074236 2805 0.000007493 mult_time= 0.001153044
5050 0.001577693 2550 0.000006905 mult_time= 0.001634819
5202 0.002281322 2601 0.000027427 mult_time= 0.002418828
5454 0.001472852 2550 0.000024738 mult_time= 0.001551501
5250 0.000119371 2750 0.000134929 mult_time= 0.000315998
5616 0.000054985 2700 0.000025248 mult_time= 0.000133250
5050 0.000039289 2550 0.000034137 mult_time= 0.000142498
2575 0.000047232 2652 0.000079767 mult_time= 0.000185262
5555 0.000053656 2550 0.000033943 mult_time= 0.000148965
5100 0.000033054 2601 0.000034136 mult_time= 0.000114806
5252 0.000035505 2550 0.000037778 mult_time= 0.000123053
4180 0.000062895 1275 0.000015893 mult_time= 0.000118474
5618 0.000046456 2805 0.000009170 mult_time= 0.000114109
5300 0.000892927 2805 0.000011296 mult_time= 0.000954173
5460 0.000968944 2754 0.000014299 mult_time= 0.001034635
5406 0.002204022 2600 0.000007566 mult_time= 0.002261821
5200 0.002910828 2500 0.000007139 mult_time= 0.002966971
4050 0.003340149 1250 0.000008982 mult_time= 0.003388186
5355 0.001427558 2754 0.000008537 mult_time= 0.001498749
4345 0.001012227 1350 0.000006547 mult_time= 0.001060297
5355 0.001712232 2750 0.000007954 mult_time= 0.001773835
5555 0.001446221 2550 0.000010032 mult_time= 0.001505495
5250 0.001962658 2750 0.000007432 mult_time= 0.002019415
5564 0.003187190 2860 0.000007826 mult_time= 0.003247361
5830 0.000142745 2805 0.000007585 mult_time= 0.000203576
5250 0.000360659 2750 0.000007370 mult_time= 0.000418556
5000 0.000400820 2500 0.000007279 mult_time= 0.000457947
5151 0.000487419 2550 0.000007332 mult_time= 0.000544150
5460 0.000438515 2750 0.000010167 mult_time= 0.000499260
3900 0.000093435 1250 0.000006208 mult_time= 0.000136518
3800 0.000087764 1275 0.000007093 mult_time= 0.000134826
3800 0.000051487 1275 0.000006312 mult_time= 0.000093307
