5150 0.004651569 2650 0.000011781 mult_time= 0.004804534
5720 0.001864690 2703 0.000009071 mult_time= 0.001961669
5000 0.002096818 2500 0.000011279 mult_time= 0.002160310
5000 0.003129226 2500 0.000007796 mult_time= 0.003197347
5000 0.002592744 2500 0.000010273 mult_time= 0.002652179
5300 0.000259472 2500 0.000011510 mult_time= 0.000325194
5151 0.002828774 2550 0.000009301 mult_time= 0.002910433
5610 0.002928916 2600 0.000008638 mult_time= 0.002999264
5100 0.002909750 2600 0.000007895 mult_time= 0.002968029
5830 0.002242236 2808 0.000010288 mult_time= 0.002314172
5355 0.000169268 2756 0.000009266 mult_time= 0.000241435
5200 0.000093664 2704 0.000008720 mult_time= 0.000168261
5100 0.000060480 2600 0.000007430 mult_time= 0.000121265
5100 0.000155103 2600 0.000019285 mult_time= 0.000291681
5459 0.001857128 2652 0.000008014 mult_time= 0.001921832
5200 0.001246868 2500 0.000007519 mult_time= 0.001307195
5250 0.001804262 2750 0.000040727 mult_time= 0.001904800
5050 0.001771595 2550 0.000007974 mult_time= 0.001833662
5400 0.000215436 2915 0.000008153 mult_time= 0.000282030
5350 0.000049438 2860 0.000007859 mult_time= 0.000109724
5500 0.002974779 3025 0.000011904 mult_time= 0.003044769
5355 0.000189565 2750 0.000013061 mult_time= 0.000288899
4080 0.000443347 1375 0.000007070 mult_time= 0.000502767
5100 0.002071584 2600 0.000007705 mult_time= 0.002129163
2500 0.002487210 2500 0.000007626 mult_time= 0.002543440
5250 0.001180841 2750 0.000010718 mult_time= 0.001245466
5355 0.000053540 2750 0.000008270 mult_time= 0.000114909
5885 0.002188765 2860 0.000007864 mult_time= 0.002252614
5500 0.006418960 3025 0.000008707 mult_time= 0.006487118
5100 0.001495882 2500 0.000008078 mult_time= 0.001554662
5250 0.001840299 2750 0.000008215 mult_time= 0.001902229
5050 0.004405848 2550 0.000011313 mult_time= 0.004471929
5150 0.003950562 2650 0.000008549 mult_time= 0.004009736
5250 0.004867420 2750 0.000007778 mult_time= 0.004925290
5200 0.000093361 2700 0.000007822 mult_time= 0.000148121
5250 0.002367737 2750 0.000007973 mult_time= 0.002429253
5250 0.001376796 2750 0.000010999 mult_time= 0.001438076
6050 0.002270730 3025 0.000008448 mult_time= 0.002345848
5450 0.006135965 2970 0.000008154 mult_time= 0.006194852
5151 0.002568915 2550 0.000007779 mult_time= 0.002624365
5565 0.003829292 2754 0.000011492 mult_time= 0.003915722
5775 0.001618938 2750 0.000009057 mult_time= 0.001685385
5000 0.003122428 2500 0.000008497 mult_time= 0.003191142
4125 0.003269971 1250 0.000009717 mult_time= 0.003318898
5151 0.006281127 2550 0.000008657 mult_time= 0.006348482
5353 0.002714046 2550 0.000008354 mult_time= 0.002773597
5150 0.000111528 2652 0.000008357 mult_time= 0.000169358
5252 0.000563140 2550 0.000016953 mult_time= 0.000628634
5050 0.001074127 2550 0.000007734 mult_time= 0.001129218
5200 0.000574471 2500 0.000008120 mult_time= 0.000633482
5202 0.004681707 2600 0.000008920 mult_time= 0.004757300
5400 0.002619509 2500 0.000008203 mult_time= 0.002678831
2675 0.000030545 2862 0.000007817 mult_time= 0.000077199
5720 0.000066957 2700 0.000007793 mult_time= 0.000126768
5300 0.001736299 2808 0.000008014 mult_time= 0.001792760
5355 0.000848494 2754 0.000007961 mult_time= 0.000906187
5400 0.001831031 2916 0.000019767 mult_time= 0.001905317
5500 0.007062455 2500 0.000008503 mult_time= 0.007126570
5252 0.002142931 2550 0.000008184 mult_time= 0.002202636
2500 0.001902976 2500 0.000010322 mult_time= 0.001949705
5350 0.000043412 2860 0.000008109 mult_time= 0.000099984
5720 0.002147551 3025 0.000026083 mult_time= 0.002229077
5250 0.000088733 2750 0.000026779 mult_time= 0.000167189
5775 0.000031510 2750 0.000026593 mult_time= 0.000112890
5555 0.000044895 2550 0.000026480 mult_time= 0.000125130
4125 0.000043829 1250 0.000015515 mult_time= 0.000115156
4160 0.000029877 1375 0.000017472 mult_time= 0.000096619
4125 0.000048937 1250 0.000016529 mult_time= 0.000102330
3750 0.000041104 1250 0.000089893 mult_time= 0.000166684
5459 0.003155901 2650 0.000008683 mult_time= 0.003251825
5200 0.001730408 2703 0.000008401 mult_time= 0.001799382
5000 0.001350704 2500 0.000009942 mult_time= 0.001437745
5200 0.001339558 2500 0.000008679 mult_time= 0.001403804
5304 0.000055669 2600 0.000007946 mult_time= 0.000118015
5000 0.000220610 2500 0.000008029 mult_time= 0.000285211
5200 0.000977466 2500 0.000012452 mult_time= 0.001042264
5304 0.004484633 2600 0.000008615 mult_time= 0.004553691
5100 0.001119874 2600 0.000008256 mult_time= 0.001180339
3850 0.003981794 1300 0.000007458 mult_time= 0.004040713
5100 0.000193209 2600 0.000008210 mult_time= 0.000269634
5830 0.000189790 2808 0.000007612 mult_time= 0.000256185
5150 0.001327354 2650 0.000008120 mult_time= 0.001449526
5000 0.000727576 2500 0.000019690 mult_time= 0.000804799
5050 0.000625145 2550 0.000007741 mult_time= 0.000714270
5400 0.000626723 2915 0.000008361 mult_time= 0.000700838
5564 0.000462910 2860 0.000007961 mult_time= 0.000527887
5618 0.000281170 2805 0.000007527 mult_time= 0.000343011
5775 0.000290391 2750 0.000010097 mult_time= 0.000385267
5000 0.000248898 2500 0.000007900 mult_time= 0.000306436
5304 0.000464470 2700 0.000016547 mult_time= 0.000535741
5778 0.000095020 2860 0.000008098 mult_time= 0.000166370
5500 0.000054798 3025 0.000007514 mult_time= 0.000116090
5460 0.000389692 2750 0.000007658 mult_time= 0.000449216
5150 0.000436937 2650 0.000010860 mult_time= 0.000526400
5355 0.000439929 2750 0.000007874 mult_time= 0.000502192
5000 0.000999840 2500 0.000007423 mult_time= 0.001053616
5610 0.000591234 2600 0.000007823 mult_time= 0.000650493
5400 0.000067319 2500 0.000007681 mult_time= 0.000125551
5555 0.000607521 2550 0.000008313 mult_time= 0.000672959
4125 0.000131351 1250 0.000006491 mult_time= 0.000178023
5940 0.000382095 3025 0.000010647 mult_time= 0.000451403
5775 0.000645182 2750 0.000007481 mult_time= 0.000706522
5670 0.000866711 2750 0.000008554 mult_time= 0.000970727
5300 0.001229705 2805 0.000007605 mult_time= 0.001290498
5508 0.000699804 2601 0.000010349 mult_time= 0.000759254
5775 0.003108139 2754 0.000008121 mult_time= 0.003170195
5355 0.002259430 2750 0.000011881 mult_time= 0.002341177
2500 0.003054122 2500 0.000007520 mult_time= 0.003099107
5000 0.003338771 2500 0.000007721 mult_time= 0.003393620
5353 0.001628708 2550 0.000008167 mult_time= 0.001690257
5610 0.003615394 2601 0.000007635 mult_time= 0.003676978
5555 0.000119456 2550 0.000007940 mult_time= 0.000179331
5665 0.000145849 2652 0.000007978 mult_time= 0.000204411
5300 0.000187599 2805 0.000007701 mult_time= 0.000245442
5100 0.000157559 2601 0.000007652 mult_time= 0.000213064
5460 0.000283988 2754 0.000007587 mult_time= 0.000339875
5000 0.000249745 2500 0.000007473 mult_time= 0.000301606
5300 0.000364105 2500 0.000007886 mult_time= 0.000419138
5000 0.000214292 2500 0.000007484 mult_time= 0.000266607
5408 0.000346790 2700 0.000007888 mult_time= 0.000403971
5559 0.000673392 2970 0.000008175 mult_time= 0.000734096
5450 0.000719854 2970 0.000007911 mult_time= 0.000779755
2550 0.001757697 2600 0.000010037 mult_time= 0.001820845
5720 0.002098589 2700 0.000008167 mult_time= 0.002171345
5460 0.001738684 2750 0.000008382 mult_time= 0.001803585
5250 0.000085857 2750 0.000024639 mult_time= 0.000163176
5565 0.000499306 2750 0.000024609 mult_time= 0.000589079
5100 0.000072915 2600 0.000024253 mult_time= 0.000153585
5250 0.000055107 2750 0.000023549 mult_time= 0.000131901
5000 0.000051489 2500 0.000023104 mult_time= 0.000132866
5100 0.000046565 2500 0.000032772 mult_time= 0.000126251
1875 0.000012213 1250 0.000013471 mult_time= 0.000063999
3750 0.000051392 1250 0.000015420 mult_time= 0.000105768
3750 0.000072770 1250 0.000014260 mult_time= 0.000126310
4345 0.000012807 1350 0.000015152 mult_time= 0.000069685
5665 0.001552810 2650 0.000009589 mult_time= 0.001704530
5253 0.002191678 2650 0.000008487 mult_time= 0.002307442
5150 0.002354065 2650 0.000007990 mult_time= 0.002414357
5300 0.003544708 2500 0.000007548 mult_time= 0.003603427
5500 0.001520739 2500 0.000007855 mult_time= 0.001581879
3750 0.003611010 1250 0.000006678 mult_time= 0.003668628
5000 0.000522634 2500 0.000007604 mult_time= 0.000577853
5000 0.000641429 2500 0.000007241 mult_time= 0.000708945
5100 0.000550565 2600 0.000007466 mult_time= 0.000610129
5150 0.000453440 2652 0.000011281 mult_time= 0.000524399
5885 0.000352940 2860 0.000008706 mult_time= 0.000434959
5885 0.000178265 2860 0.000008519 mult_time= 0.000256915
5100 0.001304543 2600 0.000008568 mult_time= 0.001374269
3850 0.001728628 1300 0.000008520 mult_time= 0.001799548
5100 0.001294671 2500 0.000008226 mult_time= 0.001362508
5000 0.002032903 2500 0.000008178 mult_time= 0.002094318
5400 0.002074255 2915 0.000008469 mult_time= 0.002147267
5250 0.002657885 2750 0.000007946 mult_time= 0.002730123
4000 0.000526669 1375 0.000007034 mult_time= 0.000579212
5100 0.000842160 2500 0.000007634 mult_time= 0.000912216
5500 0.001818083 2500 0.000008142 mult_time= 0.001882714
5200 0.001238100 2700 0.000007905 mult_time= 0.001301695
5775 0.000070211 2750 0.000007887 mult_time= 0.000135479
5564 0.000912123 2860 0.000007456 mult_time= 0.000976826
5775 0.002074177 2750 0.000007754 mult_time= 0.002137210
5668 0.001028720 2970 0.000008620 mult_time= 0.001096513
5000 0.001001049 2500 0.000008109 mult_time= 0.001061650
5355 0.001239142 2750 0.000007634 mult_time= 0.001303112
5100 0.000607997 2500 0.000008211 mult_time= 0.000669829
5000 0.001876674 2500 0.000008411 mult_time= 0.001938066
5562 0.000073275 2650 0.000007921 mult_time= 0.000136823
5304 0.000930775 2600 0.000010819 mult_time= 0.000995482
5400 0.000172179 2500 0.000008323 mult_time= 0.000234689
5500 0.001437390 2500 0.000007723 mult_time= 0.001500702
5050 0.002274505 2550 0.000008078 mult_time= 0.002335382
5670 0.000938733 2750 0.000023471 mult_time= 0.001036319
5355 0.006762982 2750 0.000008595 mult_time= 0.006827555
5150 0.000086398 2652 0.000008603 mult_time= 0.000148467
5050 0.001811958 2550 0.000007837 mult_time= 0.001872610
5151 0.001492911 2550 0.000010584 mult_time= 0.001550920
5610 0.001118257 2600 0.000007916 mult_time= 0.001175554
5000 0.001276093 2500 0.000007583 mult_time= 0.001329565
5555 0.001437792 2550 0.000007922 mult_time= 0.001497980
5000 0.002015284 2500 0.000007682 mult_time= 0.002070065
5252 0.002080820 2550 0.000007697 mult_time= 0.002135479
5724 0.002531913 2805 0.000007967 mult_time= 0.002591176
5202 0.004367635 2601 0.000010010 mult_time= 0.004426868
5665 0.000327238 2652 0.000007854 mult_time= 0.000386528
5050 0.001125934 2550 0.000012861 mult_time= 0.001188016
5100 0.001393196 2601 0.000007795 mult_time= 0.001448966
5050 0.005535634 2550 0.000007947 mult_time= 0.005591260
5250 0.003310126 2750 0.000008472 mult_time= 0.003370460
5350 0.000649368 2862 0.000008105 mult_time= 0.000708708
5450 0.000188484 2970 0.000008766 mult_time= 0.000251612
5460 0.001263586 2754 0.000008550 mult_time= 0.001347448
5555 0.003855156 2550 0.000008397 mult_time= 0.003918194
5000 0.003515004 2500 0.000010780 mult_time= 0.003574643
5885 0.002851130 2860 0.000008082 mult_time= 0.002913199
5250 0.000036868 2750 0.000026312 mult_time= 0.000114099
5450 0.000042942 2970 0.000026206 mult_time= 0.000118876
5150 0.000038681 2650 0.000027270 mult_time= 0.000134623
5250 0.000051656 2750 0.000081383 mult_time= 0.000189534
5720 0.000037152 2700 0.000025665 mult_time= 0.000123056
3850 0.000032385 1300 0.000017599 mult_time= 0.000103441
3876 0.000041009 1275 0.000186714 mult_time= 0.000269717
3750 0.000044561 1250 0.000015313 mult_time= 0.000098270
5150 0.002265833 2650 0.000009415 mult_time= 0.002383967
5200 0.003137584 2703 0.000008704 mult_time= 0.003220038
5562 0.002025743 2650 0.000008206 mult_time= 0.002093669
2500 0.001876980 2500 0.000008036 mult_time= 0.001928081
5050 0.001899165 2550 0.000007696 mult_time= 0.001958743
5500 0.000107036 2500 0.000008114 mult_time= 0.000170867
5500 0.000137655 2500 0.000007832 mult_time= 0.000202545
5555 0.001093856 2550 0.000007338 mult_time= 0.001168509
5406 0.001551216 2600 0.000011250 mult_time= 0.001612708
5459 0.002214956 2652 0.000007989 mult_time= 0.002278237
5778 0.001168522 2860 0.000008677 mult_time= 0.001236439
5610 0.000182523 2600 0.000007654 mult_time= 0.000244856
5100 0.000119988 2600 0.000008142 mult_time= 0.000181389
5100 0.002336773 2600 0.000008647 mult_time= 0.002416631
5253 0.000545355 2650 0.000010642 mult_time= 0.000610679
5000 0.000815885 2500 0.000007481 mult_time= 0.000878795
5050 0.000666195 2550 0.000007298 mult_time= 0.000728421
5400 0.000104168 2915 0.000008403 mult_time= 0.000188692
2750 0.000051336 3025 0.000010990 mult_time= 0.000111024
5830 0.000501685 2805 0.000008280 mult_time= 0.000581313
5150 0.001210776 2650 0.000008039 mult_time= 0.001281140
5000 0.001048935 2500 0.000008040 mult_time= 0.001109872
4050 0.002356105 1250 0.000006461 mult_time= 0.002406717
5250 0.000217296 2750 0.000007980 mult_time= 0.000276695
5250 0.000131649 2750 0.000008080 mult_time= 0.000191797
5775 0.001199481 2750 0.000007854 mult_time= 0.001262090
5000 0.002051405 2500 0.000007700 mult_time= 0.002110063
3750 0.002117899 1250 0.000007331 mult_time= 0.002167064
5250 0.000079496 2750 0.000008587 mult_time= 0.000140572
5500 0.000802985 2500 0.000008075 mult_time= 0.000864503
5500 0.000089584 2500 0.000010866 mult_time= 0.000151277
5100 0.000990100 2500 0.000007980 mult_time= 0.001045723
3900 0.001654231 1250 0.000006267 mult_time= 0.001698955
5565 0.000609698 2750 0.000007150 mult_time= 0.000664577
5500 0.000829206 3025 0.000008096 mult_time= 0.000888418
2600 0.000067719 2703 0.000011410 mult_time= 0.000121152
5050 0.000496610 2550 0.000007645 mult_time= 0.000551428
5406 0.003365254 2805 0.000007432 mult_time= 0.003450915
5300 0.001698031 2805 0.000008118 mult_time= 0.001757892
2500 0.000531384 2500 0.000007186 mult_time= 0.000578454
5252 0.001476537 2550 0.000007765 mult_time= 0.001538401
5512 0.003129690 2805 0.000007531 mult_time= 0.003189359
4028 0.002946822 1275 0.000006419 mult_time= 0.002995613
5050 0.000463807 2550 0.000010828 mult_time= 0.000522721
5250 0.000965304 2754 0.000008652 mult_time= 0.001026871
5000 0.000880830 2500 0.000008254 mult_time= 0.000937130
5355 0.004484812 2750 0.000007940 mult_time= 0.004543860
5408 0.002426643 2700 0.000008285 mult_time= 0.002485603
5830 0.000166535 2808 0.000008091 mult_time= 0.000227985
5200 0.000202658 2700 0.000007352 mult_time= 0.000254700
5200 0.000144916 2700 0.000007141 mult_time= 0.000197369
5200 0.000391549 2700 0.000007798 mult_time= 0.000448118
5200 0.001030073 2500 0.000012173 mult_time= 0.001094509
5050 0.002150409 2550 0.000008260 mult_time= 0.002210323
5200 0.002281042 2500 0.000007848 mult_time= 0.002336935
5250 0.000116568 2750 0.000136885 mult_time= 0.000307622
5830 0.000082406 2805 0.000092243 mult_time= 0.000230478
5775 0.001182116 2750 0.000083826 mult_time= 0.001320806
5200 0.000100308 2500 0.000079296 mult_time= 0.000231455
5353 0.000063819 2550 0.000023112 mult_time= 0.000136871
1875 0.000025003 1250 0.000027090 mult_time= 0.000095647
4400 0.000097036 1375 0.000126509 mult_time= 0.000272013
4187 0.000086597 1350 0.000016470 mult_time= 0.000140721
