5250 0.004149402 2756 0.000011243 mult_time= 0.004270738
5150 0.002860353 2650 0.000008424 mult_time= 0.002922839
5100 0.002055468 2500 0.000008498 mult_time= 0.002117777
5250 0.001677720 2750 0.000008250 mult_time= 0.001740127
5050 0.001646270 2550 0.000008540 mult_time= 0.001717482
5253 0.000166839 2650 0.000008857 mult_time= 0.000231664
5000 0.000255754 2500 0.000008523 mult_time= 0.000315249
5050 0.001801826 2550 0.000008569 mult_time= 0.001863032
5000 0.002728729 2500 0.000027498 mult_time= 0.002804720
5100 0.003317906 2600 0.000008217 mult_time= 0.003375133
5150 0.003056698 2652 0.000007989 mult_time= 0.003114478
5457 0.000821637 2860 0.000008119 mult_time= 0.000885247
5200 0.003341182 2704 0.000029503 mult_time= 0.003419071
5100 0.001656260 2600 0.000029862 mult_time= 0.001738935
5000 0.001342592 2500 0.000009208 mult_time= 0.001402276
5555 0.001864656 2550 0.000008147 mult_time= 0.001929214
5832 0.000171004 2915 0.000009418 mult_time= 0.000237462
2750 0.000107770 3025 0.000011846 mult_time= 0.000238896
5500 0.000056368 3025 0.000008661 mult_time= 0.000131093
5406 0.000338082 2805 0.000008076 mult_time= 0.000413698
5450 0.001673072 2970 0.000008691 mult_time= 0.001741858
5000 0.001446054 2500 0.000008454 mult_time= 0.001528887
5200 0.004936035 2500 0.000008653 mult_time= 0.005000437
5670 0.002604224 2750 0.000008527 mult_time= 0.002675177
5778 0.000039028 2860 0.000008313 mult_time= 0.000105625
5250 0.000071756 2750 0.000009071 mult_time= 0.000134899
5355 0.000062240 2750 0.000008642 mult_time= 0.000123169
6050 0.005525556 3025 0.000008640 mult_time= 0.005599385
5000 0.003689833 2500 0.000007772 mult_time= 0.003756596
5050 0.003202038 2550 0.000008458 mult_time= 0.003266695
5000 0.001830399 2500 0.000008589 mult_time= 0.001893080
5355 0.004480248 2750 0.000011942 mult_time= 0.004552089
5050 0.006172047 2550 0.000008425 mult_time= 0.006235195
5355 0.002791745 2750 0.000008287 mult_time= 0.002857651
5995 0.006153234 2970 0.000011062 mult_time= 0.006222968
5724 0.001303550 2805 0.000008167 mult_time= 0.001366677
5050 0.002222942 2550 0.000007622 mult_time= 0.002283415
2625 0.000064448 2754 0.000007266 mult_time= 0.000114769
5830 0.004628486 2805 0.000009087 mult_time= 0.004720206
5000 0.003347952 2500 0.000008338 mult_time= 0.003410783
4125 0.002179432 1250 0.000007400 mult_time= 0.002231389
5665 0.003568172 2652 0.000009186 mult_time= 0.003635908
5100 0.001501857 2601 0.000008611 mult_time= 0.001566708
5355 0.002215427 2754 0.000008581 mult_time= 0.002279304
5665 0.000055810 2652 0.000540568 mult_time= 0.000649828
5300 0.000033325 2805 0.000027497 mult_time= 0.000115671
5100 0.000035809 2601 0.000024621 mult_time= 0.000108060
5356 0.000036904 2650 0.000033570 mult_time= 0.000138227
5000 0.000036870 2500 0.000030352 mult_time= 0.000113297
5500 0.000046530 2500 0.000023640 mult_time= 0.000119754
5000 0.001312592 2500 0.000023830 mult_time= 0.001385204
5720 0.000087037 2700 0.000026491 mult_time= 0.000170513
5720 0.000348163 2700 0.000008008 mult_time= 0.000408217
5508 0.002924484 2916 0.000007939 mult_time= 0.002985204
5610 0.002457195 2600 0.000008270 mult_time= 0.002518901
5300 0.003054101 2500 0.000007822 mult_time= 0.003108594
5100 0.002487774 2500 0.000013941 mult_time= 0.002548380
5565 0.001717890 2750 0.000008244 mult_time= 0.001779278
5250 0.000688424 2750 0.000008964 mult_time= 0.000747667
5250 0.001765232 2750 0.000007989 mult_time= 0.001825033
5000 0.001485600 2500 0.000008041 mult_time= 0.001540646
5000 0.000988873 2500 0.000008190 mult_time= 0.001046343
3750 0.001012469 1250 0.000007063 mult_time= 0.001060321
4004 0.001958900 1300 0.000006837 mult_time= 0.002005478
3750 0.001348003 1250 0.000007028 mult_time= 0.001394429
4050 0.000944447 1250 0.000007112 mult_time= 0.000992942
5150 0.000801658 2650 0.000010064 mult_time= 0.000898171
5200 0.002138108 2703 0.000010374 mult_time= 0.002219745
5253 0.001925639 2650 0.000008432 mult_time= 0.001985940
5460 0.001714591 2750 0.000008323 mult_time= 0.001780635
5720 0.001300320 2700 0.000008070 mult_time= 0.001363041
5500 0.000081615 2500 0.000008113 mult_time= 0.000149790
5000 0.000296858 2500 0.000020830 mult_time= 0.000410259
5000 0.001037636 2500 0.000007439 mult_time= 0.001097706
5250 0.000117745 2750 0.000047406 mult_time= 0.000214950
5610 0.002321368 2600 0.000008961 mult_time= 0.002387616
5100 0.000697714 2600 0.000008986 mult_time= 0.000757169
5202 0.002785190 2600 0.000008423 mult_time= 0.002845079
5200 0.000113326 2704 0.000008745 mult_time= 0.000173583
5100 0.003568208 2600 0.000008116 mult_time= 0.003626800
4235 0.000562816 1300 0.000007503 mult_time= 0.000617396
5300 0.000783676 2500 0.000008859 mult_time= 0.000845704
5500 0.000787322 2500 0.000008584 mult_time= 0.000864404
5885 0.000929275 2860 0.000008972 mult_time= 0.001014683
5355 0.000290304 2750 0.000008021 mult_time= 0.000381708
2000 0.000247832 1375 0.000007515 mult_time= 0.000296293
5250 0.000244576 2750 0.000008512 mult_time= 0.000316853
5454 0.000555119 2550 0.000008390 mult_time= 0.000636316
5508 0.000104839 2915 0.000008422 mult_time= 0.000174743
5720 0.000340891 3025 0.000008495 mult_time= 0.000403127
5250 0.000107869 2750 0.000007785 mult_time= 0.000166406
5100 0.000332862 2500 0.000007339 mult_time= 0.000405796
5000 0.000421775 2500 0.000026874 mult_time= 0.000497446
5050 0.000508583 2550 0.000008131 mult_time= 0.000566302
5100 0.000517796 2500 0.000007517 mult_time= 0.000571275
5000 0.000692281 2500 0.000007754 mult_time= 0.000748429
5000 0.000564873 2500 0.000026465 mult_time= 0.000637740
5454 0.000092269 2550 0.000008501 mult_time= 0.000151183
5250 0.000583334 2750 0.000007806 mult_time= 0.000642031
5250 0.000377091 2750 0.000007798 mult_time= 0.000434222
5355 0.000630599 2750 0.000008393 mult_time= 0.000688110
5995 0.000822298 2970 0.000008687 mult_time= 0.000883395
5304 0.001916929 2703 0.000008137 mult_time= 0.001979509
5151 0.001360380 2550 0.000008297 mult_time= 0.001418344
5460 0.001083108 2754 0.000009003 mult_time= 0.001143914
5200 0.000994668 2500 0.000008523 mult_time= 0.001055125
5565 0.001287959 2750 0.000008832 mult_time= 0.001350766
5050 0.001526036 2550 0.000008204 mult_time= 0.001584582
5775 0.003250687 2750 0.000008183 mult_time= 0.003311013
5356 0.002885950 2652 0.000008169 mult_time= 0.002942688
5050 0.002495626 2550 0.000007977 mult_time= 0.002550546
5151 0.003688924 2550 0.000008391 mult_time= 0.003744636
5050 0.000025743 2550 0.000025472 mult_time= 0.000119423
5555 0.000073062 2550 0.000243067 mult_time= 0.000364865
5100 0.000068557 2601 0.000025295 mult_time= 0.000140915
5775 0.000040693 2754 0.000024896 mult_time= 0.000118195
5202 0.000030034 2600 0.000024384 mult_time= 0.000100222
5775 0.000083713 2750 0.000025858 mult_time= 0.000160851
5050 0.000060757 2550 0.000026101 mult_time= 0.000136487
5000 0.000018357 2500 0.000024435 mult_time= 0.000088253
5304 0.000128385 2700 0.000083483 mult_time= 0.000262632
5886 0.000885876 2970 0.000029931 mult_time= 0.000972738
5304 0.000750220 2700 0.000008845 mult_time= 0.000812799
5202 0.001021344 2600 0.000008234 mult_time= 0.001078636
5300 0.002093031 2500 0.000008009 mult_time= 0.002149893
3750 0.000786497 1250 0.000024811 mult_time= 0.000850048
5350 0.002366700 2860 0.000008601 mult_time= 0.002426589
5300 0.000993365 2805 0.000008835 mult_time= 0.001053547
5253 0.001167652 2650 0.000009145 mult_time= 0.001225965
5200 0.001935283 2500 0.000008403 mult_time= 0.001991273
5050 0.001907947 2550 0.000009197 mult_time= 0.001966963
5775 0.004903975 2750 0.000008626 mult_time= 0.004965654
4160 0.000793266 1375 0.000007308 mult_time= 0.000839528
4050 0.001168144 1250 0.000006992 mult_time= 0.001213647
2700 0.001625533 625 0.000025411 mult_time= 0.001682907
5250 0.001682160 2756 0.000009619 mult_time= 0.001854149
5562 0.001823174 2650 0.000008493 mult_time= 0.001908225
5885 0.001958487 2862 0.000008633 mult_time= 0.002029050
5304 0.002069356 2600 0.000008085 mult_time= 0.002130982
5100 0.002342090 2500 0.000008617 mult_time= 0.002406226
5500 0.002043609 2500 0.000007590 mult_time= 0.002101679
5100 0.000104114 2600 0.000007471 mult_time= 0.000159587
5050 0.000488240 2550 0.000008334 mult_time= 0.000552833
5250 0.000704860 2756 0.000008262 mult_time= 0.000767567
5508 0.000472675 2600 0.000027894 mult_time= 0.000550409
5830 0.000449139 2808 0.000007496 mult_time= 0.000514854
5200 0.000075640 2704 0.000018701 mult_time= 0.000173352
5100 0.000120933 2600 0.000007222 mult_time= 0.000174075
5100 0.001200696 2600 0.000019654 mult_time= 0.001276082
4004 0.001764699 1300 0.000006895 mult_time= 0.001810829
5500 0.001150024 2500 0.000007903 mult_time= 0.001224534
5050 0.001740931 2550 0.000007859 mult_time= 0.001796300
5775 0.001571438 2750 0.000007956 mult_time= 0.001633499
5670 0.000062990 2750 0.000008090 mult_time= 0.000121598
5460 0.003745325 2750 0.000008469 mult_time= 0.003815040
5559 0.000322503 2970 0.000008258 mult_time= 0.000382528
4000 0.000192480 1375 0.000006719 mult_time= 0.000238254
5500 0.000771770 2500 0.000007663 mult_time= 0.000850709
5555 0.001178051 2550 0.000007900 mult_time= 0.001236241
5355 0.001208928 2750 0.000007899 mult_time= 0.001266907
5610 0.001076064 3025 0.000008869 mult_time= 0.001136910
5355 0.001189640 2750 0.000007990 mult_time= 0.001244705
5355 0.000089406 2750 0.000011908 mult_time= 0.000185024
5400 0.000879250 2500 0.000007985 mult_time= 0.000942673
5775 0.005222933 2750 0.000009640 mult_time= 0.005303375
5250 0.003721865 2750 0.000009180 mult_time= 0.003802332
5000 0.000747489 2500 0.000007959 mult_time= 0.000813188
5565 0.001027278 2750 0.000008104 mult_time= 0.001084554
5250 0.001187636 2750 0.000008031 mult_time= 0.001242641
2650 0.003365689 2805 0.000007317 mult_time= 0.003410350
2750 0.002710507 3025 0.000008125 mult_time= 0.002765354
5150 0.002596624 2652 0.000008085 mult_time= 0.002651224
5304 0.001196316 2601 0.000007919 mult_time= 0.001252032
5300 0.001483482 2805 0.000008014 mult_time= 0.001539172
5200 0.001810062 2500 0.000008170 mult_time= 0.001864009
5555 0.002845356 2550 0.000008278 mult_time= 0.002900959
5151 0.002945119 2550 0.000008404 mult_time= 0.003002612
5202 0.001507319 2601 0.000008522 mult_time= 0.001564783
5151 0.002102605 2550 0.000008160 mult_time= 0.002155908
5353 0.000731929 2550 0.000024648 mult_time= 0.000801050
5151 0.000017109 2550 0.000110055 mult_time= 0.000172606
5000 0.000078061 2500 0.000024958 mult_time= 0.000146514
5250 0.000043969 2750 0.000025002 mult_time= 0.000115550
5250 0.000070010 2750 0.000025261 mult_time= 0.000142015
5565 0.000076923 2750 0.000048472 mult_time= 0.000201728
5830 0.000191210 2808 0.000143430 mult_time= 0.000406935
5670 0.001917839 2754 0.000009010 mult_time= 0.001981244
5355 0.003918685 2750 0.000008350 mult_time= 0.003979051
5250 0.003845413 2750 0.000007927 mult_time= 0.003902959
5830 0.002610996 3025 0.000008689 mult_time= 0.002673813
5100 0.000405495 2500 0.000008029 mult_time= 0.000462991
5250 0.000431189 2750 0.000007723 mult_time= 0.000489129
5050 0.000391437 2550 0.000007444 mult_time= 0.000443906
3825 0.000345065 1250 0.000006347 mult_time= 0.000386769
4080 0.000124300 1375 0.000006340 mult_time= 0.000166938
4400 0.000233114 1375 0.000006584 mult_time= 0.000279402
5150 0.001807860 2650 0.000008478 mult_time= 0.001880267
5408 0.001445698 2703 0.000008422 mult_time= 0.001510287
5253 0.001855826 2650 0.000008350 mult_time= 0.001918803
5500 0.001498821 2500 0.000007651 mult_time= 0.001558069
5555 0.001715271 2550 0.000008082 mult_time= 0.001778518
5250 0.001641698 2750 0.000008715 mult_time= 0.001709239
5202 0.000119412 2600 0.000008210 mult_time= 0.000178748
5100 0.000218457 2500 0.000007706 mult_time= 0.000274028
5100 0.001037812 2500 0.000007416 mult_time= 0.001122601
5100 0.001639803 2600 0.000028010 mult_time= 0.001717138
5610 0.002518117 2600 0.000007501 mult_time= 0.002575472
5512 0.004033465 2808 0.000008164 mult_time= 0.004091220
5350 0.000088551 2860 0.000008487 mult_time= 0.000151173
5253 0.000164075 2652 0.000028861 mult_time= 0.000251340
5350 0.000310545 2860 0.000008899 mult_time= 0.000387090
5100 0.000481526 2600 0.000007929 mult_time= 0.000571500
5100 0.000556307 2500 0.000008452 mult_time= 0.000616036
5100 0.000311240 2500 0.000029766 mult_time= 0.000394161
5457 0.000095158 2860 0.000008522 mult_time= 0.000159750
5300 0.000273998 2805 0.000008537 mult_time= 0.000338954
4160 0.000146281 1375 0.000007252 mult_time= 0.000226752
5200 0.001039795 2500 0.000038485 mult_time= 0.001127366
5000 0.000796436 2500 0.000007340 mult_time= 0.000865334
3750 0.002360911 1250 0.000006699 mult_time= 0.002407540
5610 0.000094488 3025 0.000009117 mult_time= 0.000164515
5775 0.000116569 2750 0.000008174 mult_time= 0.000185110
5355 0.000104236 2750 0.000008258 mult_time= 0.000161288
5250 0.000064174 2750 0.000007844 mult_time= 0.000118789
5565 0.001108088 2750 0.000007844 mult_time= 0.001164248
5250 0.000858381 2750 0.000025719 mult_time= 0.000931602
5050 0.001968037 2550 0.000008046 mult_time= 0.002023874
3825 0.001432902 1250 0.000006582 mult_time= 0.001475262
5100 0.002091376 2500 0.000007974 mult_time= 0.002143801
2500 0.000091676 2500 0.000007224 mult_time= 0.000133223
5555 0.000116004 2550 0.000028576 mult_time= 0.000193566
5616 0.000096908 2700 0.000008029 mult_time= 0.000155569
5500 0.002071505 2500 0.000007070 mult_time= 0.002128301
5775 0.000805219 2750 0.000007870 mult_time= 0.000864629
5450 0.001162559 2970 0.000007853 mult_time= 0.001219794
5408 0.001012164 2703 0.000007906 mult_time= 0.001085383
5050 0.000634982 2550 0.000008566 mult_time= 0.000691624
5555 0.003804402 2550 0.000007950 mult_time= 0.003860908
5000 0.000357949 2500 0.000007548 mult_time= 0.000410898
5775 0.000355020 2750 0.000008118 mult_time= 0.000426575
5454 0.001565471 2550 0.000007683 mult_time= 0.001633343
5200 0.002131949 2703 0.000028039 mult_time= 0.002213282
5618 0.002780343 2805 0.000008121 mult_time= 0.002841408
5250 0.003353168 2754 0.000008655 mult_time= 0.003414188
5555 0.000086298 2550 0.000432397 mult_time= 0.000570572
5454 0.000083028 2550 0.000022278 mult_time= 0.000150734
5100 0.000064438 2600 0.000034446 mult_time= 0.000152990
5200 0.000065474 2500 0.000032164 mult_time= 0.000167268
5250 0.000072651 2750 0.000049055 mult_time= 0.000168099
5200 0.000120637 2700 0.000029999 mult_time= 0.000198387
5200 0.000134864 2700 0.000023858 mult_time= 0.000202098
5200 0.000111234 2700 0.000009097 mult_time= 0.000191451
5304 0.000195760 2700 0.000015875 mult_time= 0.000276347
5150 0.001025350 2650 0.000007920 mult_time= 0.001091107
5250 0.001714922 2750 0.000007875 mult_time= 0.001770696
5500 0.001384010 2500 0.000007746 mult_time= 0.001438043
5300 0.002027440 2500 0.000008152 mult_time= 0.002080200
5350 0.000126045 2860 0.000008137 mult_time= 0.000182747
5670 0.002143723 2750 0.000026212 mult_time= 0.002228035
5450 0.000223501 2970 0.000008532 mult_time= 0.000279867
5000 0.000686244 2500 0.000007895 mult_time= 0.000738491
5400 0.000338336 2500 0.000007264 mult_time= 0.000389103
5000 0.000523352 2500 0.000007794 mult_time= 0.000576165
4235 0.000437419 1300 0.000006549 mult_time= 0.000481476
4125 0.000162963 1250 0.000006652 mult_time= 0.000204728
4345 0.000167420 1350 0.000006832 mult_time= 0.000222808
