5670 0.001727773 2756 0.000011396 mult_time= 0.001923056
5400 0.003651558 2915 0.000010353 mult_time= 0.003787966
5253 0.001119182 2650 0.000008327 mult_time= 0.001219193
5000 0.001170950 2500 0.000008788 mult_time= 0.001272125
5555 0.001256500 2550 0.000008824 mult_time= 0.001354568
3750 0.001236717 1250 0.000006604 mult_time= 0.001337201
5100 0.000667162 2500 0.000027819 mult_time= 0.000773984
5050 0.002749021 2550 0.000008179 mult_time= 0.002844490
5200 0.002015338 2704 0.000008958 mult_time= 0.002097013
5457 0.003130963 2860 0.000007916 mult_time= 0.003218569
5100 0.005068567 2600 0.000008840 mult_time= 0.005158896
5885 0.003614819 2860 0.000008266 mult_time= 0.003710438
5202 0.000421024 2600 0.000008774 mult_time= 0.000510388
3850 0.000973154 1300 0.000007149 mult_time= 0.001051301
5250 0.001560888 2750 0.000044501 mult_time= 0.001709278
5100 0.001795176 2500 0.000008292 mult_time= 0.001878872
5250 0.001769495 2750 0.000007772 mult_time= 0.001851956
6050 0.002634356 3025 0.000007987 mult_time= 0.002727438
5775 0.002572604 2750 0.000025933 mult_time= 0.002680762
5100 0.002307303 2500 0.000007827 mult_time= 0.002386606
2500 0.002785500 2500 0.000007566 mult_time= 0.002854836
3975 0.002859992 1250 0.000006236 mult_time= 0.002934996
5500 0.000074821 3025 0.000007843 mult_time= 0.000134870
6050 0.006230051 3025 0.000007727 mult_time= 0.006291149
5200 0.001361415 2500 0.000007862 mult_time= 0.001414806
5000 0.003431702 2500 0.000007888 mult_time= 0.003483961
5555 0.004507160 2550 0.000031475 mult_time= 0.004588162
3825 0.004119404 1250 0.000006616 mult_time= 0.004163735
5400 0.000076884 2500 0.000007607 mult_time= 0.000129708
5200 0.004201874 2500 0.000008004 mult_time= 0.004255559
5720 0.005169795 2700 0.000007800 mult_time= 0.005227059
5250 0.001085976 2750 0.000008375 mult_time= 0.001140610
5500 0.003873738 3025 0.000028914 mult_time= 0.003956970
5050 0.002821856 2550 0.000007587 mult_time= 0.002876191
5202 0.005701428 2601 0.000008308 mult_time= 0.005760103
5000 0.001730216 2500 0.000008146 mult_time= 0.001785768
5050 0.001712868 2550 0.000015312 mult_time= 0.001775677
5100 0.008574221 2500 0.000007788 mult_time= 0.008627580
5100 0.002339607 2601 0.000027871 mult_time= 0.002414053
5151 0.004285229 2550 0.000007851 mult_time= 0.004338804
5100 0.001200770 2601 0.000007379 mult_time= 0.001253348
5150 0.002030056 2650 0.000008036 mult_time= 0.002086038
5250 0.002399036 2750 0.000011866 mult_time= 0.002459449
5252 0.002593335 2550 0.000007525 mult_time= 0.002649899
5000 0.003052234 2500 0.000007972 mult_time= 0.003105247
5200 0.001744650 2700 0.000025444 mult_time= 0.001816868
5200 0.000057752 2700 0.000025852 mult_time= 0.000129921
5202 0.000087234 2600 0.000032647 mult_time= 0.000177611
5000 0.000072170 2500 0.000023601 mult_time= 0.000139019
5353 0.000246422 2550 0.000023557 mult_time= 0.000316441
5500 0.000059094 2500 0.000023037 mult_time= 0.000125543
5250 0.000074224 2750 0.000024160 mult_time= 0.000151728
5565 0.000041524 2750 0.000008807 mult_time= 0.000103535
5450 0.000985273 2970 0.000008727 mult_time= 0.001049370
5202 0.001034475 2600 0.000008589 mult_time= 0.001094377
5252 0.001549064 2550 0.000008654 mult_time= 0.001609468
5100 0.001999744 2500 0.000007942 mult_time= 0.002056171
4004 0.002116610 1300 0.000007054 mult_time= 0.002160990
4125 0.001621556 1250 0.000007257 mult_time= 0.001668336
3800 0.001325948 1275 0.000006774 mult_time= 0.001367154
2750 0.000487122 625 0.000026703 mult_time= 0.000549341
5940 0.001311889 2915 0.000015499 mult_time= 0.001404949
5150 0.001427739 2650 0.000008455 mult_time= 0.001492507
5150 0.001340480 2650 0.000007966 mult_time= 0.001398168
5100 0.001424365 2500 0.000007377 mult_time= 0.001480166
5555 0.001215039 2550 0.000007386 mult_time= 0.001273650
2500 0.001212495 2500 0.000007994 mult_time= 0.001265117
5304 0.000086796 2600 0.000007340 mult_time= 0.000140547
5050 0.000716687 2550 0.000007704 mult_time= 0.000776281
5200 0.000723678 2500 0.000007883 mult_time= 0.000780041
5406 0.002041471 2600 0.000007268 mult_time= 0.002107228
5508 0.002112966 2600 0.000008090 mult_time= 0.002172348
5150 0.004842397 2652 0.000008382 mult_time= 0.004899059
5610 0.000092108 2600 0.000027186 mult_time= 0.000168861
5720 0.000088973 2704 0.000008212 mult_time= 0.000150666
5100 0.004312584 2600 0.000007766 mult_time= 0.004378482
5000 0.000836319 2500 0.000007341 mult_time= 0.000903784
5250 0.000754873 2750 0.000025122 mult_time= 0.000828640
5050 0.000667329 2550 0.000007716 mult_time= 0.000722565
5300 0.000721433 2500 0.000007566 mult_time= 0.000776265
5778 0.000075487 2860 0.000008950 mult_time= 0.000139336
5500 0.000473286 3025 0.000009039 mult_time= 0.000537323
5250 0.000344016 2750 0.000008616 mult_time= 0.000405287
2500 0.000211245 2500 0.000027555 mult_time= 0.000276707
5000 0.000372919 2500 0.000008059 mult_time= 0.000431981
5512 0.000325633 2700 0.000013590 mult_time= 0.000390277
5355 0.000153924 2750 0.000008160 mult_time= 0.000211243
5670 0.000071277 2750 0.000008367 mult_time= 0.000133602
6050 0.000417162 3025 0.000009241 mult_time= 0.000496466
5775 0.000441513 2750 0.000008031 mult_time= 0.000502430
5050 0.000511674 2550 0.000007788 mult_time= 0.000564860
3750 0.001096836 1250 0.000007010 mult_time= 0.001140832
5000 0.000634360 2500 0.000007572 mult_time= 0.000686952
5000 0.000068275 2500 0.000007793 mult_time= 0.000120505
5350 0.000419803 2860 0.000007927 mult_time= 0.000475354
5775 0.001120981 2750 0.000026797 mult_time= 0.001197437
5355 0.001606324 2750 0.000009108 mult_time= 0.001669549
5050 0.001196487 2550 0.000008439 mult_time= 0.001251284
5100 0.000595065 2601 0.000008364 mult_time= 0.000652356
5252 0.001485079 2550 0.000007760 mult_time= 0.001539592
5000 0.001161475 2500 0.000008074 mult_time= 0.001217323
5250 0.001765479 2750 0.000008098 mult_time= 0.001823208
5555 0.003014308 2550 0.000008439 mult_time= 0.003073273
5408 0.002577314 2703 0.000026576 mult_time= 0.002652904
5050 0.002646582 2550 0.000007770 mult_time= 0.002700177
5406 0.004001800 2805 0.000008899 mult_time= 0.004060806
3876 0.002981220 1275 0.000007541 mult_time= 0.003029148
5555 0.000186379 2550 0.000008700 mult_time= 0.000252757
5775 0.000277933 2754 0.000008115 mult_time= 0.000338118
5000 0.000341696 2500 0.000007839 mult_time= 0.000395266
5202 0.000387192 2600 0.000007886 mult_time= 0.000440594
5250 0.000375999 2750 0.000007682 mult_time= 0.000429477
5151 0.000272559 2550 0.000014394 mult_time= 0.000341067
5200 0.000077783 2700 0.000025654 mult_time= 0.000150673
5720 0.000068314 2700 0.000022846 mult_time= 0.000139147
5250 0.000057490 2754 0.000024759 mult_time= 0.000128317
3950 0.000158496 1350 0.000014851 mult_time= 0.000209221
5200 0.000109431 2500 0.000022639 mult_time= 0.000176464
5200 0.000065620 2500 0.000079724 mult_time= 0.000189628
5200 0.000113103 2500 0.000135550 mult_time= 0.000300270
5775 0.000073242 2750 0.000025486 mult_time= 0.000153856
5250 0.000184608 2750 0.000008639 mult_time= 0.000244526
5250 0.000082226 2750 0.000008190 mult_time= 0.000138613
5100 0.001119820 2600 0.000008048 mult_time= 0.001172645
5555 0.002455754 2550 0.000025804 mult_time= 0.002529051
4125 0.002718243 1250 0.000006756 mult_time= 0.002761146
4320 0.001774428 1375 0.000007375 mult_time= 0.001821743
1900 0.003653775 1275 0.000006975 mult_time= 0.003694473
5406 0.001255611 2809 0.000010937 mult_time= 0.001402863
5400 0.002499051 2915 0.000034740 mult_time= 0.002607066
5350 0.002121923 2862 0.000008702 mult_time= 0.002186679
5400 0.002168757 2500 0.000008511 mult_time= 0.002231448
5500 0.002398244 2500 0.000008305 mult_time= 0.002457363
5304 0.002204649 2700 0.000023249 mult_time= 0.002277780
5100 0.000106015 2500 0.000007433 mult_time= 0.000184030
5000 0.000109260 2500 0.000007909 mult_time= 0.000166291
5050 0.000628347 2550 0.000008445 mult_time= 0.000694907
5100 0.000588705 2600 0.000008406 mult_time= 0.000649395
5100 0.000399340 2600 0.000008332 mult_time= 0.000458881
5830 0.000405914 2808 0.000008473 mult_time= 0.000477578
5200 0.000154392 2704 0.000008123 mult_time= 0.000212248
5350 0.001007561 2860 0.000009236 mult_time= 0.001069145
5304 0.000084877 2600 0.000008268 mult_time= 0.000142617
5000 0.004644270 2500 0.000008219 mult_time= 0.004702285
5000 0.002541785 2500 0.000008291 mult_time= 0.002597466
5500 0.000077936 3025 0.000009312 mult_time= 0.000161275
5830 0.000171145 2805 0.000008585 mult_time= 0.000245033
5300 0.001921138 2805 0.000008415 mult_time= 0.001982545
5000 0.000888722 2500 0.000008236 mult_time= 0.000949808
5250 0.000938246 2750 0.000008941 mult_time= 0.001003144
5000 0.001217532 2500 0.000008039 mult_time= 0.001274853
5885 0.000144849 2860 0.000009468 mult_time= 0.000213854
5250 0.001637826 2750 0.000008669 mult_time= 0.001710044
5300 0.000113768 2805 0.000018592 mult_time= 0.000181398
5250 0.000151889 2750 0.000008201 mult_time= 0.000208932
5000 0.000911453 2500 0.000031155 mult_time= 0.000988803
5000 0.003959864 2500 0.000008136 mult_time= 0.004013486
5150 0.001571576 2650 0.000008126 mult_time= 0.001625242
5000 0.001210180 2500 0.000008436 mult_time= 0.001262936
5252 0.002505079 2550 0.000008810 mult_time= 0.002563263
3825 0.001463640 1250 0.000007335 mult_time= 0.001517088
5250 0.001070869 2750 0.000009043 mult_time= 0.001135355
5500 0.003041483 3025 0.000009380 mult_time= 0.003102276
5450 0.002990843 2970 0.000008618 mult_time= 0.003051307
2525 0.000192072 2550 0.000008589 mult_time= 0.000238913
5555 0.001345273 2550 0.000007902 mult_time= 0.001402950
2525 0.000080627 2550 0.000008686 mult_time= 0.000128969
5610 0.005442164 2601 0.000008556 mult_time= 0.005512687
5355 0.001792704 2750 0.000008070 mult_time= 0.001852894
5151 0.004933298 2550 0.000008139 mult_time= 0.004990211
5050 0.004813204 2550 0.000028739 mult_time= 0.004890496
4104 0.002055210 1275 0.000007862 mult_time= 0.002105484
5555 0.002020004 2550 0.000008627 mult_time= 0.002080950
2525 0.002560227 2550 0.000008148 mult_time= 0.002604938
5100 0.005540302 2500 0.000008117 mult_time= 0.005593940
5720 0.002079731 2700 0.000008351 mult_time= 0.002139588
5200 0.000046988 2700 0.000008254 mult_time= 0.000103477
5200 0.001306059 2700 0.000025480 mult_time= 0.001379418
5450 0.000010227 2970 0.000082939 mult_time= 0.000142054
5304 0.000050987 2700 0.000025060 mult_time= 0.000126153
5100 0.000107765 2600 0.000024940 mult_time= 0.000183492
5202 0.000064978 2600 0.000023999 mult_time= 0.000139169
5000 0.000119163 2500 0.000025235 mult_time= 0.000192263
5050 0.000073706 2550 0.000035518 mult_time= 0.000157949
5724 0.000068863 2915 0.000029007 mult_time= 0.000153345
2675 0.000082433 2860 0.000026611 mult_time= 0.000147523
5300 0.000108739 2805 0.000009983 mult_time= 0.000172391
5355 0.000506061 2750 0.000008573 mult_time= 0.000563061
5500 0.000469409 2500 0.000008027 mult_time= 0.000523631
5050 0.000674788 2550 0.000007878 mult_time= 0.000731276
3750 0.000554107 1250 0.000007309 mult_time= 0.000600190
1925 0.000217592 1300 0.000006680 mult_time= 0.000256182
3800 0.000163800 1275 0.000007146 mult_time= 0.000208188
4320 0.000128552 1375 0.000012048 mult_time= 0.000180307
2625 0.001474330 2756 0.000009524 mult_time= 0.001550622
5508 0.001635840 2915 0.000008569 mult_time= 0.001706750
5400 0.003390731 2915 0.000007830 mult_time= 0.003461409
5200 0.001688829 2500 0.000007784 mult_time= 0.001745820
5555 0.001897460 2550 0.000008445 mult_time= 0.001965917
3750 0.001649560 1250 0.000013148 mult_time= 0.001703486
5200 0.000987350 2500 0.000007643 mult_time= 0.001044207
5460 0.001162257 2750 0.000008676 mult_time= 0.001228370
5304 0.004075544 2600 0.000032520 mult_time= 0.004163578
3850 0.003031771 1300 0.000007471 mult_time= 0.003083185
5610 0.000121816 2600 0.000008692 mult_time= 0.000180457
5610 0.000147496 2600 0.000009120 mult_time= 0.000219030
5610 0.001105069 2600 0.000008388 mult_time= 0.001164553
5500 0.000504535 2500 0.000019067 mult_time= 0.000572278
5000 0.000470486 2500 0.000008140 mult_time= 0.000531174
5000 0.000340999 2500 0.000008263 mult_time= 0.000399778
5460 0.000532628 2750 0.000008423 mult_time= 0.000636457
5406 0.000587249 2805 0.000008183 mult_time= 0.000650876
5400 0.001105968 2500 0.000008337 mult_time= 0.001167112
5000 0.000983949 2500 0.000008099 mult_time= 0.001046612
5408 0.001517054 2700 0.000008519 mult_time= 0.001580639
5671 0.001080917 2860 0.000008926 mult_time= 0.001145854
6050 0.002601982 3025 0.000008333 mult_time= 0.002667961
5668 0.001739738 2970 0.000029174 mult_time= 0.001821398
5400 0.000710948 2500 0.000007559 mult_time= 0.000766992
5100 0.001086670 2500 0.000008081 mult_time= 0.001144400
5000 0.003985608 2500 0.000008722 mult_time= 0.004044560
5000 0.001272356 2500 0.000008290 mult_time= 0.001332011
5250 0.002260375 2750 0.000008447 mult_time= 0.002321063
5250 0.000712175 2750 0.000008268 mult_time= 0.000789553
5250 0.001195372 2750 0.000007717 mult_time= 0.001251413
2525 0.000106128 2550 0.000007526 mult_time= 0.000150850
5050 0.001063670 2550 0.000007460 mult_time= 0.001116922
5300 0.000971739 2805 0.000008127 mult_time= 0.001034506
5151 0.002555273 2550 0.000008609 mult_time= 0.002612336
5670 0.000526311 2750 0.000007947 mult_time= 0.000586811
5720 0.001722606 2700 0.000007507 mult_time= 0.001783256
5555 0.003321200 2550 0.000007957 mult_time= 0.003379186
5610 0.002598803 2601 0.000027194 mult_time= 0.002676256
5300 0.002804814 2805 0.000008478 mult_time= 0.002871297
5406 0.001380222 2805 0.000007755 mult_time= 0.001436745
5610 0.000942264 2601 0.000007668 mult_time= 0.001003315
3800 0.001981991 1275 0.000027602 mult_time= 0.002046360
5000 0.001946174 2500 0.000007675 mult_time= 0.001998589
5300 0.002658509 2500 0.000008090 mult_time= 0.002714281
5775 0.002457819 2750 0.000007827 mult_time= 0.002514921
5777 0.002952546 2970 0.000029013 mult_time= 0.003031250
5200 0.000060009 2700 0.000025925 mult_time= 0.000133401
5304 0.000056777 2600 0.000025341 mult_time= 0.000127697
5000 0.000054935 2500 0.000022591 mult_time= 0.000120494
5200 0.000049195 2700 0.000023676 mult_time= 0.000149083
5671 0.000063296 2860 0.000026377 mult_time= 0.000135757
5250 0.000134752 2750 0.000026480 mult_time= 0.000205478
5830 0.000236542 2805 0.000007989 mult_time= 0.000295264
5500 0.000331506 2500 0.000008209 mult_time= 0.000389241
5355 0.000396926 2750 0.000007636 mult_time= 0.000454434
5400 0.000293564 2500 0.000007960 mult_time= 0.000349803
4125 0.000303086 1250 0.000006974 mult_time= 0.000347506
4000 0.000198593 1375 0.000006638 mult_time= 0.000242211
4266 0.000119338 1350 0.000032825 mult_time= 0.000189570
