5940 0.002092313 2915 0.000009481 mult_time= 0.002248688
5408 0.001206976 2703 0.000008660 mult_time= 0.001299214
4290 0.001299359 1325 0.000008839 mult_time= 0.001391852
5460 0.001174071 2750 0.000008536 mult_time= 0.001241785
5555 0.001356912 2550 0.000008061 mult_time= 0.001422910
5355 0.001521540 2750 0.000008348 mult_time= 0.001584325
5400 0.000212145 2500 0.000007788 mult_time= 0.000285081
2625 0.001545075 2750 0.000007718 mult_time= 0.001594145
5355 0.002312920 2750 0.000009387 mult_time= 0.002377776
5408 0.006711553 2704 0.000008530 mult_time= 0.006770812
5508 0.003003515 2600 0.000008706 mult_time= 0.003062432
5100 0.000171592 2600 0.000008104 mult_time= 0.000228426
5304 0.000108381 2704 0.000008613 mult_time= 0.000167531
5610 0.000864254 2600 0.000008348 mult_time= 0.000923351
5508 0.000221267 2600 0.000008240 mult_time= 0.000279238
5300 0.000207184 2808 0.000007741 mult_time= 0.000264315
5610 0.000402326 2600 0.000007392 mult_time= 0.000459898
5000 0.000964163 2500 0.000019597 mult_time= 0.001053711
5050 0.001977366 2550 0.000008652 mult_time= 0.002038182
5250 0.001935241 2750 0.000008477 mult_time= 0.001995043
5775 0.000164280 2750 0.000032983 mult_time= 0.000256041
5775 0.005667770 2750 0.000008340 mult_time= 0.005733417
5610 0.002492216 2600 0.000008303 mult_time= 0.002552194
5250 0.002577985 2750 0.000008525 mult_time= 0.002636789
5500 0.006921624 2500 0.000009224 mult_time= 0.006985066
5830 0.000070758 2805 0.000008716 mult_time= 0.000132810
2650 0.000059316 2805 0.000008193 mult_time= 0.000107390
5250 0.005050432 2750 0.000007978 mult_time= 0.005118704
5000 0.001718328 2500 0.000007524 mult_time= 0.001769537
5000 0.001677300 2500 0.000007741 mult_time= 0.001731088
5200 0.004264732 2500 0.000030384 mult_time= 0.004341463
5100 0.004296469 2600 0.000007998 mult_time= 0.004351462
5050 0.007385271 2550 0.000009017 mult_time= 0.007440358
2750 0.001797082 3025 0.000008548 mult_time= 0.001845313
5300 0.002361478 2805 0.000008356 mult_time= 0.002418651
5253 0.003126586 2652 0.000008278 mult_time= 0.003183280
5202 0.003241358 2601 0.000030633 mult_time= 0.003321454
5000 0.000384567 2500 0.000007949 mult_time= 0.000443586
5100 0.001811613 2500 0.000007984 mult_time= 0.001867279
5555 0.001847354 2550 0.000034067 mult_time= 0.001931031
5200 0.003907785 2703 0.000008596 mult_time= 0.003965372
5724 0.003465744 2805 0.000007589 mult_time= 0.003524421
5050 0.002303339 2550 0.000008152 mult_time= 0.002356323
2650 0.002296228 2805 0.000032582 mult_time= 0.002366286
5618 0.001830381 2805 0.000009402 mult_time= 0.001890015
5353 0.000139115 2550 0.000008271 mult_time= 0.000194555
5555 0.001954821 2550 0.000036142 mult_time= 0.002038549
5200 0.001506124 2500 0.000007686 mult_time= 0.001561087
5050 0.002674269 2550 0.000008205 mult_time= 0.002728671
5000 0.002968560 2500 0.000007930 mult_time= 0.003021016
5830 0.000099904 2808 0.000007869 mult_time= 0.000157801
5450 0.000347006 2970 0.000009242 mult_time= 0.000411824
5720 0.001380767 2700 0.000008176 mult_time= 0.001440577
5250 0.003722094 2750 0.000007895 mult_time= 0.003780437
5050 0.002393338 2550 0.000008625 mult_time= 0.002453624
5000 0.002126831 2500 0.000008096 mult_time= 0.002183812
5885 0.000103561 2860 0.000031209 mult_time= 0.000199731
5250 0.000112828 2750 0.000075870 mult_time= 0.000253619
5300 0.001169948 2805 0.000015627 mult_time= 0.001238198
5000 0.000098368 2500 0.000022409 mult_time= 0.000244544
5250 0.000067286 2750 0.000016216 mult_time= 0.000168353
5250 0.000064711 2750 0.000015708 mult_time= 0.000160491
4004 0.000097534 1300 0.000009302 mult_time= 0.000180097
4000 0.000081517 1375 0.000010584 mult_time= 0.000174933
3825 0.000077393 1250 0.000009354 mult_time= 0.000149145
5250 0.001209296 2756 0.000028559 mult_time= 0.001368440
5200 0.001699564 2703 0.000008930 mult_time= 0.001790828
5400 0.001824249 2915 0.000008161 mult_time= 0.001937266
5500 0.001470343 2500 0.000007143 mult_time= 0.001555749
5050 0.001300488 2550 0.000008603 mult_time= 0.001397236
5459 0.002924073 2650 0.000008577 mult_time= 0.003019713
5775 0.000729543 2750 0.000008516 mult_time= 0.000837335
5355 0.002165456 2756 0.000008893 mult_time= 0.002260561
2550 0.002158949 2600 0.000008267 mult_time= 0.002232652
5356 0.002278828 2652 0.000008343 mult_time= 0.002365890
3850 0.004125207 1300 0.000008007 mult_time= 0.004206569
5665 0.000101056 2652 0.000008896 mult_time= 0.000183533
5508 0.000363119 2600 0.000008429 mult_time= 0.000452663
5200 0.000870188 2500 0.000011684 mult_time= 0.000980662
5500 0.000768807 2500 0.000007802 mult_time= 0.000911963
5454 0.000859725 2550 0.000008699 mult_time= 0.000951422
5565 0.000680438 2750 0.000008838 mult_time= 0.000779533
5775 0.000071712 2750 0.000008651 mult_time= 0.000158854
5565 0.000097500 2750 0.000008530 mult_time= 0.000181556
5000 0.000357781 2500 0.000007666 mult_time= 0.000416282
5000 0.000350884 2500 0.000008236 mult_time= 0.000421973
5000 0.000473644 2500 0.000007858 mult_time= 0.000529221
5610 0.000117043 3025 0.000008569 mult_time= 0.000195479
5300 0.000332090 2805 0.000008528 mult_time= 0.000409424
5450 0.000300855 2970 0.000007407 mult_time= 0.000370048
2550 0.000434437 2600 0.000030006 mult_time= 0.000501837
5460 0.000541120 2750 0.000007566 mult_time= 0.000598527
5100 0.000498575 2500 0.000007563 mult_time= 0.000551855
5200 0.000587262 2500 0.000007516 mult_time= 0.000639947
5100 0.000651681 2500 0.000030227 mult_time= 0.000729336
5353 0.000669143 2550 0.000008046 mult_time= 0.000732390
5500 0.000893330 2500 0.000007736 mult_time= 0.000948858
5671 0.000669797 2860 0.000007591 mult_time= 0.000726005
6050 0.001286881 3025 0.000007854 mult_time= 0.001351842
5355 0.000832191 2750 0.000007814 mult_time= 0.000890937
5665 0.001221990 2652 0.000007961 mult_time= 0.001280512
5830 0.003624116 2805 0.000007796 mult_time= 0.003685965
2550 0.001412811 2600 0.000007610 mult_time= 0.001460088
5000 0.002287007 2500 0.000008215 mult_time= 0.002342944
5200 0.002766563 2700 0.000007679 mult_time= 0.002823068
5151 0.002987657 2550 0.000007256 mult_time= 0.003045978
5300 0.002515703 2805 0.000008230 mult_time= 0.002572828
2550 0.003066247 2601 0.000007670 mult_time= 0.003111594
5512 0.003391848 2703 0.000007856 mult_time= 0.003448661
5100 0.000298958 2601 0.000007598 mult_time= 0.000353724
5050 0.000440963 2550 0.000036617 mult_time= 0.000527442
5250 0.000407366 2750 0.000007781 mult_time= 0.000465002
5252 0.000538377 2550 0.000007686 mult_time= 0.000601681
5885 0.000118667 2862 0.000007521 mult_time= 0.000176827
5830 0.000063380 2808 0.000007735 mult_time= 0.000120875
5450 0.000652867 2970 0.000007968 mult_time= 0.000710736
5720 0.000842087 2700 0.000007761 mult_time= 0.000904172
5565 0.001605024 2750 0.000008841 mult_time= 0.001667139
5050 0.001417722 2550 0.000031941 mult_time= 0.001504813
3750 0.000555242 1250 0.000007150 mult_time= 0.000601317
5565 0.001560480 2750 0.000008472 mult_time= 0.001621150
5300 0.000080948 2805 0.000073557 mult_time= 0.000204167
4400 0.000007913 1375 0.000008997 mult_time= 0.000067882
5250 0.000059235 2750 0.000015786 mult_time= 0.000124911
5151 0.000058192 2550 0.000014540 mult_time= 0.000122365
5100 0.000039504 2500 0.000014456 mult_time= 0.000100544
3900 0.000048315 1250 0.000009138 mult_time= 0.000094063
3750 0.000057756 1250 0.000008115 mult_time= 0.000097957
4080 0.000050223 1375 0.000009624 mult_time= 0.000099167
4000 0.000043967 1375 0.000009218 mult_time= 0.000091216
5150 0.001434485 2650 0.000008773 mult_time= 0.001570526
5356 0.002052859 2650 0.000009127 mult_time= 0.002143433
5665 0.001908153 2650 0.000009223 mult_time= 0.001983381
5100 0.001889067 2600 0.000008180 mult_time= 0.001951970
5000 0.002255262 2500 0.000007915 mult_time= 0.002312188
5000 0.002009216 2500 0.000007372 mult_time= 0.002064601
5202 0.000106024 2600 0.000007831 mult_time= 0.000163587
5050 0.000462674 2550 0.000008817 mult_time= 0.000528398
5670 0.000652073 2750 0.000008335 mult_time= 0.000723334
5200 0.000480334 2704 0.000008457 mult_time= 0.000541853
5350 0.000511674 2860 0.000012661 mult_time= 0.000589088
5100 0.000320246 2600 0.000008621 mult_time= 0.000383807
5100 0.000608901 2600 0.000008599 mult_time= 0.000671311
5150 0.001489977 2652 0.000008242 mult_time= 0.001550410
5253 0.002090197 2650 0.000008738 mult_time= 0.002155480
5355 0.001578062 2750 0.000008900 mult_time= 0.001643544
5050 0.002124764 2550 0.000008143 mult_time= 0.002196256
5400 0.001888611 2500 0.000007760 mult_time= 0.001948449
2625 0.000057360 2750 0.000008444 mult_time= 0.000113813
2625 0.000055054 2750 0.000008447 mult_time= 0.000118617
5355 0.000366719 2750 0.000008399 mult_time= 0.000429665
5000 0.000724275 2500 0.000008245 mult_time= 0.000785342
5050 0.001181333 2550 0.000008295 mult_time= 0.001247469
5400 0.000980416 2500 0.000007677 mult_time= 0.001039278
5457 0.001078888 2860 0.000008127 mult_time= 0.001138558
5250 0.002365449 2750 0.000007905 mult_time= 0.002425565
5250 0.000234115 2750 0.000011818 mult_time= 0.000301457
5150 0.001508408 2650 0.000008248 mult_time= 0.001566088
5500 0.001497123 2500 0.000008297 mult_time= 0.001558168
5000 0.001597751 2500 0.000008142 mult_time= 0.001652892
3750 0.004896123 1250 0.000006961 mult_time= 0.004941461
5151 0.002246758 2550 0.000008068 mult_time= 0.002305953
5250 0.001884975 2750 0.000008172 mult_time= 0.001944310
5500 0.004323405 3025 0.000008767 mult_time= 0.004384006
2625 0.003298032 2750 0.000008004 mult_time= 0.003344101
5454 0.002609986 2550 0.000007939 mult_time= 0.002675636
5151 0.004764640 2550 0.000007354 mult_time= 0.004817822
5500 0.001699278 2500 0.000008419 mult_time= 0.001762145
5050 0.003011020 2550 0.000008290 mult_time= 0.003073670
5253 0.002427180 2652 0.000008230 mult_time= 0.002485079
5050 0.002232212 2550 0.000011812 mult_time= 0.002290743
5050 0.002901620 2550 0.000008128 mult_time= 0.002958819
5353 0.000242421 2550 0.000007979 mult_time= 0.000299036
5100 0.001960881 2601 0.000012607 mult_time= 0.002029507
5150 0.002797911 2650 0.000008564 mult_time= 0.002858807
5500 0.005473468 2500 0.000008653 mult_time= 0.005531277
5250 0.001961368 2750 0.000008416 mult_time= 0.002018629
5512 0.002626273 2700 0.000007953 mult_time= 0.002683096
5200 0.003393756 2700 0.000008802 mult_time= 0.003456275
5508 0.003028441 2600 0.000008117 mult_time= 0.003088979
5500 0.003320561 2500 0.000008320 mult_time= 0.003388414
5500 0.003729472 2500 0.000007910 mult_time= 0.003784868
2625 0.000007623 2750 0.000011575 mult_time= 0.000056299
5775 0.000041698 2750 0.000008493 mult_time= 0.000100349
5940 0.002577362 3025 0.000017291 mult_time= 0.002653218
5250 0.000597556 2750 0.000015421 mult_time= 0.000660370
5000 0.000009886 2500 0.000071135 mult_time= 0.000129720
5100 0.000118260 2500 0.000014123 mult_time= 0.000182053
4125 0.000054627 1250 0.000080929 mult_time= 0.000197103
1875 0.000005931 1250 0.000120137 mult_time= 0.000157833
3750 0.000070410 1250 0.000066144 mult_time= 0.000172012
5356 0.000649923 2650 0.000008800 mult_time= 0.000728859
5508 0.002520247 2915 0.000008808 mult_time= 0.002587875
5665 0.002449721 2650 0.000008163 mult_time= 0.002515581
5500 0.002211280 2500 0.000008036 mult_time= 0.002274131
5200 0.002035585 2500 0.000008001 mult_time= 0.002093557
5100 0.002016785 2500 0.000006929 mult_time= 0.002069815
5100 0.002609474 2600 0.000008673 mult_time= 0.002673418
5050 0.001115235 2550 0.000008191 mult_time= 0.001178992
5202 0.001607983 2600 0.000007580 mult_time= 0.001666482
2675 0.002166243 2860 0.000007965 mult_time= 0.002216949
5100 0.001277409 2600 0.000008130 mult_time= 0.001336974
5202 0.000288921 2600 0.000015279 mult_time= 0.000354364
5304 0.004027558 2600 0.000008508 mult_time= 0.004091993
3850 0.000100162 1300 0.000006818 mult_time= 0.000147028
2550 0.000357228 2600 0.000007295 mult_time= 0.000402973
5000 0.000491012 2500 0.000011732 mult_time= 0.000554799
5500 0.000570164 2500 0.000008232 mult_time= 0.000641390
5250 0.000168583 2750 0.000008486 mult_time= 0.000247245
5775 0.000396529 2750 0.000007965 mult_time= 0.000460910
4400 0.001100248 1375 0.000010828 mult_time= 0.001158038
5100 0.000810896 2600 0.000008141 mult_time= 0.000869709
5252 0.001393134 2550 0.000008611 mult_time= 0.001458749
5200 0.001104524 2500 0.000008071 mult_time= 0.001163823
5885 0.000778535 2860 0.000012186 mult_time= 0.000863192
5610 0.000127837 3025 0.000016640 mult_time= 0.000199811
5610 0.000096022 3025 0.000014476 mult_time= 0.000167274
5512 0.002376658 2805 0.000007804 mult_time= 0.002437083
5100 0.000614972 2500 0.000008178 mult_time= 0.000674544
5500 0.001057996 2500 0.000007930 mult_time= 0.001115973
5200 0.001915637 2500 0.000018730 mult_time= 0.001981354
5406 0.002442286 2600 0.000007704 mult_time= 0.002497685
5050 0.002107391 2550 0.000008174 mult_time= 0.002166363
5000 0.000179787 2500 0.000008054 mult_time= 0.000238153
4050 0.000083644 1250 0.000007406 mult_time= 0.000139031
5457 0.001210005 2860 0.000011784 mult_time= 0.001272778
5250 0.000889027 2750 0.000008373 mult_time= 0.000946224
4400 0.001405342 1375 0.000007383 mult_time= 0.001455327
5300 0.002554921 2805 0.000007773 mult_time= 0.002611468
5304 0.001875948 2601 0.000011031 mult_time= 0.001947420
5100 0.000808759 2500 0.000007527 mult_time= 0.000864180
5250 0.002360873 2750 0.000007906 mult_time= 0.002429629
5830 0.003072085 2805 0.000011709 mult_time= 0.003136697
5202 0.005493712 2601 0.000007551 mult_time= 0.005548116
5202 0.000857119 2601 0.000008469 mult_time= 0.000918525
5151 0.001806552 2550 0.000008259 mult_time= 0.001876430
5775 0.001359241 2750 0.000008158 mult_time= 0.001421827
5151 0.004546452 2550 0.000012504 mult_time= 0.004614247
5512 0.001956199 2808 0.000008639 mult_time= 0.002016248
5720 0.000447195 2700 0.000008261 mult_time= 0.000505683
5356 0.001069020 2650 0.000008173 mult_time= 0.001126596
5250 0.002041048 2750 0.000008979 mult_time= 0.002103393
5250 0.002192852 2750 0.000008180 mult_time= 0.002251234
5720 0.001763081 3025 0.000016644 mult_time= 0.001833520
5995 0.000086857 2970 0.000074255 mult_time= 0.000213620
4000 0.000070698 1375 0.000010330 mult_time= 0.000126347
5250 0.000103464 2750 0.000015941 mult_time= 0.000175176
5050 0.000073784 2550 0.000015736 mult_time= 0.000149758
3900 0.000073594 1250 0.000009704 mult_time= 0.000121932
2000 0.000006996 1375 0.000009310 mult_time= 0.000049429
1975 0.000006729 1350 0.000258403 mult_time= 0.000303129
