5616 0.001981902 2915 0.000010158 mult_time= 0.002142668
5150 0.001333710 2650 0.000018665 mult_time= 0.001616924
4290 0.001171382 1325 0.000006970 mult_time= 0.001235836
2625 0.001131543 2750 0.000007544 mult_time= 0.001206531
5100 0.001247614 2500 0.000008235 mult_time= 0.001342745
5100 0.001356255 2500 0.000007330 mult_time= 0.001416893
5250 0.001909338 2750 0.000007979 mult_time= 0.001978248
5000 0.000095178 2500 0.000007819 mult_time= 0.000153684
5000 0.003100681 2500 0.000010293 mult_time= 0.003163562
5350 0.003281561 2860 0.000009589 mult_time= 0.003350383
5253 0.002878260 2652 0.000011453 mult_time= 0.002956986
5304 0.004657392 2600 0.000008051 mult_time= 0.004718301
5150 0.000143843 2652 0.000007839 mult_time= 0.000203190
5610 0.000276112 2600 0.000007811 mult_time= 0.000338975
3927 0.000811475 1300 0.000009260 mult_time= 0.000867781
5355 0.001524928 2750 0.000008267 mult_time= 0.001585379
5050 0.001313537 2550 0.000007750 mult_time= 0.001372289
5500 0.001849384 2500 0.000007763 mult_time= 0.001914113
5885 0.000123466 2860 0.000007665 mult_time= 0.000192843
5355 0.000074815 2750 0.000011153 mult_time= 0.000144260
5250 0.000196791 2750 0.000007771 mult_time= 0.000255841
5775 0.001977375 2750 0.000007585 mult_time= 0.002040339
5000 0.001008780 2500 0.000007344 mult_time= 0.001065203
5100 0.001069111 2500 0.000007681 mult_time= 0.001127221
5250 0.002337317 2750 0.000016738 mult_time= 0.002441446
5200 0.002998644 2700 0.000007785 mult_time= 0.003056832
5564 0.003316014 2860 0.000007746 mult_time= 0.003376559
5355 0.004046744 2750 0.000008575 mult_time= 0.004105780
5253 0.000821496 2650 0.000007644 mult_time= 0.000878743
5250 0.001132528 2750 0.000007959 mult_time= 0.001197956
5200 0.003426918 2500 0.000007803 mult_time= 0.003485370
5200 0.004590147 2700 0.000007891 mult_time= 0.004650369
5100 0.004404403 2500 0.000007822 mult_time= 0.004462924
5050 0.000031275 2550 0.000010596 mult_time= 0.000105528
5050 0.001911242 2550 0.000007578 mult_time= 0.001967931
5000 0.002805606 2500 0.000036099 mult_time= 0.002900542
5250 0.000034224 2750 0.000031857 mult_time= 0.000114465
5450 0.000048032 2970 0.000032764 mult_time= 0.000143170
5151 0.000039374 2550 0.000025975 mult_time= 0.000117917
5150 0.000034181 2652 0.000103909 mult_time= 0.000195984
5300 0.000048390 2805 0.000026722 mult_time= 0.000127886
5100 0.000048661 2601 0.000082496 mult_time= 0.000188047
5050 0.000037427 2550 0.000008120 mult_time= 0.000113319
5304 0.001085508 2600 0.000008280 mult_time= 0.001147752
5250 0.004371304 2750 0.000009050 mult_time= 0.004435745
5500 0.004515870 2500 0.000008170 mult_time= 0.004578713
5300 0.003643157 2805 0.000008014 mult_time= 0.003703165
5050 0.002077958 2550 0.000010498 mult_time= 0.002135787
5050 0.002049603 2550 0.000008170 mult_time= 0.002107508
5300 0.000415696 2805 0.000007878 mult_time= 0.000475567
5100 0.001222742 2601 0.000007620 mult_time= 0.001279121
5000 0.001823316 2500 0.000011340 mult_time= 0.001886158
5775 0.000748696 2750 0.000008697 mult_time= 0.000813757
5304 0.001261527 2700 0.000008345 mult_time= 0.001323975
5350 0.000072539 2862 0.000008622 mult_time= 0.000136937
5720 0.000055012 2700 0.000009012 mult_time= 0.000155073
5304 0.000087162 2700 0.000009336 mult_time= 0.000150194
2600 0.000191728 2700 0.000007820 mult_time= 0.000240393
5200 0.000375716 2700 0.000007889 mult_time= 0.000431633
5616 0.000699108 2916 0.000008604 mult_time= 0.000763245
4345 0.003045475 1350 0.000007070 mult_time= 0.003094204
5250 0.002092372 2750 0.000008388 mult_time= 0.002156675
5050 0.002058424 2550 0.000007666 mult_time= 0.002114658
5355 0.000135517 2750 0.000008434 mult_time= 0.000198522
5300 0.001558168 2805 0.000008843 mult_time= 0.001622098
5100 0.000824922 2500 0.000008055 mult_time= 0.000883474
5000 0.001503634 2500 0.000007766 mult_time= 0.001576859
5300 0.000509126 2500 0.000007966 mult_time= 0.000567336
3900 0.002143545 1250 0.000006766 mult_time= 0.002193579
3750 0.001946443 1250 0.000006559 mult_time= 0.001988322
4028 0.001293321 1275 0.000006885 mult_time= 0.001339409
1875 0.001372574 1250 0.000006250 mult_time= 0.001412317
5670 0.000624127 2756 0.000008552 mult_time= 0.000703857
5150 0.003750656 2650 0.000008003 mult_time= 0.003816063
4290 0.001263819 1325 0.000006244 mult_time= 0.001315240
5250 0.001306900 2750 0.000008394 mult_time= 0.001379040
5555 0.001168094 2550 0.000016011 mult_time= 0.001273369
5250 0.001189161 2750 0.000007504 mult_time= 0.001260112
5406 0.002063369 2600 0.000007369 mult_time= 0.002129337
5100 0.001148479 2500 0.000006980 mult_time= 0.001205620
5100 0.002363288 2600 0.000007334 mult_time= 0.002429213
5350 0.000651189 2860 0.000007936 mult_time= 0.000715441
4235 0.004008450 1300 0.000006974 mult_time= 0.004062205
5610 0.002288173 2600 0.000008328 mult_time= 0.002352260
5253 0.000807278 2650 0.000007557 mult_time= 0.000865086
5460 0.001310515 2750 0.000007301 mult_time= 0.001370811
5720 0.000712338 2700 0.000020190 mult_time= 0.000819481
5350 0.000579860 2860 0.000008061 mult_time= 0.000642375
5250 0.000045922 2750 0.000007407 mult_time= 0.000102880
4000 0.000051715 1375 0.000010196 mult_time= 0.000113910
5670 0.000251144 2750 0.000007724 mult_time= 0.000314117
5050 0.000535532 2550 0.000007867 mult_time= 0.000599939
2700 0.000126913 2915 0.000008069 mult_time= 0.000182092
2625 0.000099318 2750 0.000007378 mult_time= 0.000146722
5830 0.000235161 2805 0.000010605 mult_time= 0.000302318
4400 0.000446896 1375 0.000006509 mult_time= 0.000497685
5610 0.000381257 2600 0.000007295 mult_time= 0.000439734
5200 0.000838390 2500 0.000009208 mult_time= 0.000925045
5500 0.000604871 2500 0.000010218 mult_time= 0.000672776
5304 0.000618838 2600 0.000007832 mult_time= 0.000680540
5250 0.000627260 2750 0.000007740 mult_time= 0.000690430
5252 0.000597805 2550 0.000007433 mult_time= 0.000666403
5250 0.000044971 2750 0.000027905 mult_time= 0.000133302
5460 0.000042842 2750 0.000026791 mult_time= 0.000122698
5668 0.000037009 2970 0.000026687 mult_time= 0.000121718
5050 0.000040033 2550 0.000023118 mult_time= 0.000118464
5555 0.000023746 2550 0.000022878 mult_time= 0.000098852
5670 0.000063156 2754 0.000023449 mult_time= 0.000138520
5000 0.000669180 2500 0.000007064 mult_time= 0.000723281
5300 0.002652907 2500 0.000007967 mult_time= 0.002713688
5454 0.003074657 2550 0.000007720 mult_time= 0.003133635
5720 0.003100114 2703 0.000011440 mult_time= 0.003166071
5151 0.004933445 2550 0.000007456 mult_time= 0.004990031
5555 0.003425157 2550 0.000007553 mult_time= 0.003483761
5300 0.000095032 2805 0.000010074 mult_time= 0.000154607
5050 0.000341887 2550 0.000007162 mult_time= 0.000394496
5000 0.000276681 2500 0.000007937 mult_time= 0.000346590
5500 0.000343940 2500 0.000007999 mult_time= 0.000403912
5500 0.000183298 2500 0.000032292 mult_time= 0.000294669
5720 0.000044560 2700 0.000007977 mult_time= 0.000113247
5720 0.000475065 2700 0.000010091 mult_time= 0.000535731
5408 0.000117776 2700 0.000007413 mult_time= 0.000174819
5512 0.000103070 2700 0.000007578 mult_time= 0.000164505
5100 0.001576070 2600 0.000008085 mult_time= 0.001637540
5100 0.001861188 2500 0.000007558 mult_time= 0.001919885
3900 0.001146080 1250 0.000009578 mult_time= 0.001197659
5500 0.000066394 3025 0.000007892 mult_time= 0.000128096
2625 0.000055284 2750 0.000007652 mult_time= 0.000101124
5250 0.001064158 2750 0.000007766 mult_time= 0.001121518
5500 0.000963239 2500 0.000010296 mult_time= 0.001022961
5300 0.000981740 2500 0.000007443 mult_time= 0.001036912
5050 0.001781969 2550 0.000007312 mult_time= 0.001836378
3825 0.002560065 1250 0.000006622 mult_time= 0.002603259
3975 0.001992443 1250 0.000009010 mult_time= 0.002039543
3800 0.001221375 1275 0.000006310 mult_time= 0.001265675
4320 0.001962977 1375 0.000006901 mult_time= 0.002012270
5400 0.002061199 2915 0.000013026 mult_time= 0.002232632
5356 0.001388434 2650 0.000008278 mult_time= 0.001458231
5150 0.003250801 2650 0.000008178 mult_time= 0.003315692
5000 0.001842093 2500 0.000007683 mult_time= 0.001902133
5050 0.001789322 2550 0.000007559 mult_time= 0.001848803
5665 0.000043299 2650 0.000007731 mult_time= 0.000108604
5000 0.002060460 2500 0.000007208 mult_time= 0.002117610
5500 0.000793732 2500 0.000007974 mult_time= 0.000879318
5720 0.000473389 2704 0.000010592 mult_time= 0.000582425
5350 0.000540869 2860 0.000008096 mult_time= 0.000634053
5457 0.000298198 2860 0.000008500 mult_time= 0.000364807
5100 0.000056289 2600 0.000008196 mult_time= 0.000119634
5350 0.000132199 2860 0.000007609 mult_time= 0.000191918
5100 0.000577770 2600 0.000007304 mult_time= 0.000632742
5508 0.001147191 2600 0.000011528 mult_time= 0.001215579
4235 0.001730583 1300 0.000006742 mult_time= 0.001779619
5250 0.001029182 2750 0.000007904 mult_time= 0.001092563
5151 0.002183345 2550 0.000007619 mult_time= 0.002242904
5250 0.001439937 2750 0.000010884 mult_time= 0.001501706
5775 0.001758306 2750 0.000007924 mult_time= 0.001827669
5355 0.000051048 2750 0.000007883 mult_time= 0.000110997
5250 0.001389213 2750 0.000008283 mult_time= 0.001483132
5355 0.000263474 2750 0.000007327 mult_time= 0.000341241
5000 0.000812545 2500 0.000007878 mult_time= 0.000874043
5200 0.000936364 2500 0.000007027 mult_time= 0.000990609
5000 0.001188867 2500 0.000007341 mult_time= 0.001248901
5670 0.000052717 2750 0.000010655 mult_time= 0.000115292
5250 0.000941614 2750 0.000007668 mult_time= 0.001009022
5512 0.001159059 2805 0.000007918 mult_time= 0.001216932
4160 0.000531214 1375 0.000018270 mult_time= 0.000596291
5500 0.000966237 2500 0.000008618 mult_time= 0.001074876
5250 0.000666553 2750 0.000011316 mult_time= 0.000731773
5353 0.001799978 2550 0.000007609 mult_time= 0.001855103
5000 0.001899250 2500 0.000007457 mult_time= 0.001952873
5250 0.002241722 2750 0.000007780 mult_time= 0.002298094
5050 0.000097414 2550 0.000007494 mult_time= 0.000152782
5500 0.002972597 2500 0.000008058 mult_time= 0.003034408
5460 0.000070184 2750 0.000024527 mult_time= 0.000149082
5720 0.000069299 3025 0.000170833 mult_time= 0.000304662
5355 0.000018438 2750 0.000081870 mult_time= 0.000156107
4000 0.000014315 1375 0.000014455 mult_time= 0.000072993
5665 0.000025034 2652 0.000026847 mult_time= 0.000156615
5300 0.000060908 2805 0.000026570 mult_time= 0.000146329
5202 0.000055456 2601 0.000024777 mult_time= 0.000132836
5050 0.000112206 2550 0.000019292 mult_time= 0.000181408
2550 0.000689952 2600 0.000007508 mult_time= 0.000741073
5565 0.003540613 2750 0.000008320 mult_time= 0.003606870
5500 0.002592153 2500 0.000010810 mult_time= 0.002654929
5665 0.004955442 2652 0.000007942 mult_time= 0.005017443
2625 0.002218921 2754 0.000007604 mult_time= 0.002267507
5253 0.001642018 2652 0.000007660 mult_time= 0.001708252
5100 0.001909566 2601 0.000007615 mult_time= 0.001972115
5253 0.003160507 2650 0.000008433 mult_time= 0.003223515
5000 0.002619895 2500 0.000007770 mult_time= 0.002678577
5151 0.004634527 2550 0.000010929 mult_time= 0.004699253
5450 0.002460602 2970 0.000008907 mult_time= 0.002524425
5720 0.003454104 2700 0.000008548 mult_time= 0.003516847
5202 0.003187814 2600 0.000008101 mult_time= 0.003247509
5200 0.003477821 2500 0.000008007 mult_time= 0.003535931
5000 0.003775112 2500 0.000007824 mult_time= 0.003833578
5565 0.001702784 2750 0.000009027 mult_time= 0.001774536
5775 0.002815130 2750 0.000008072 mult_time= 0.002878471
5775 0.000492410 2750 0.000010486 mult_time= 0.000558687
5460 0.000402102 2750 0.000008072 mult_time= 0.000463758
5100 0.000291213 2500 0.000007817 mult_time= 0.000353680
3750 0.000361453 1250 0.000006477 mult_time= 0.000408806
3750 0.000110614 1250 0.000007214 mult_time= 0.000170868
4125 0.000327923 1250 0.000007280 mult_time= 0.000376828
3750 0.000144777 1250 0.000007468 mult_time= 0.000192758
2575 0.000950059 2650 0.000010461 mult_time= 0.001023161
5940 0.001623142 2915 0.000008877 mult_time= 0.001733807
5616 0.001817383 2915 0.000008326 mult_time= 0.001898630
5100 0.001553504 2600 0.000008588 mult_time= 0.001619508
5250 0.001839209 2750 0.000008888 mult_time= 0.001903489
5000 0.001730829 2500 0.000008432 mult_time= 0.001795526
5406 0.002648312 2600 0.000009380 mult_time= 0.002711109
5300 0.000086092 2500 0.000011885 mult_time= 0.000159834
2550 0.001631793 2600 0.000007562 mult_time= 0.001681690
5350 0.001280431 2860 0.000008839 mult_time= 0.001343723
5665 0.000900354 2652 0.000008151 mult_time= 0.000962446
5100 0.000726683 2600 0.000011556 mult_time= 0.000795221
5610 0.000092897 2600 0.000008989 mult_time= 0.000157012
5720 0.000122563 2704 0.000008400 mult_time= 0.000191793
5457 0.000196595 2860 0.000007912 mult_time= 0.000257532
5356 0.002823249 2652 0.000008033 mult_time= 0.002886138
5508 0.000478593 2600 0.000008254 mult_time= 0.000567491
5050 0.000802556 2550 0.000010136 mult_time= 0.000869362
5500 0.000351856 2500 0.000007937 mult_time= 0.000411274
5355 0.000128318 2750 0.000008569 mult_time= 0.000204474
5720 0.000667486 3025 0.000009093 mult_time= 0.000745312
5565 0.000130504 2750 0.000008692 mult_time= 0.000198190
5100 0.000830773 2600 0.000007932 mult_time= 0.000889916
5500 0.000888567 2500 0.000012643 mult_time= 0.000968738
5720 0.003679778 2700 0.000008876 mult_time= 0.003749465
5610 0.000939335 3025 0.000008435 mult_time= 0.001004688
5355 0.000141723 2750 0.000008467 mult_time= 0.000200000
5500 0.000551723 2500 0.000007786 mult_time= 0.000606954
5250 0.001060624 2750 0.000008124 mult_time= 0.001119614
5100 0.000953878 2500 0.000011116 mult_time= 0.001013763
5000 0.001480422 2500 0.000007608 mult_time= 0.001532014
5250 0.005339605 2750 0.000008856 mult_time= 0.005399076
5775 0.000143208 2750 0.000028382 mult_time= 0.000223299
5350 0.000242195 2860 0.000133380 mult_time= 0.000423530
5406 0.000022417 2805 0.000022993 mult_time= 0.000093927
5775 0.000114287 2750 0.000024355 mult_time= 0.000187401
5665 0.000071523 2652 0.000022009 mult_time= 0.000161029
5406 0.000081914 2805 0.000025886 mult_time= 0.000157709
5250 0.000115380 2754 0.000022686 mult_time= 0.000185370
5500 0.000494670 2500 0.000008207 mult_time= 0.000549941
5000 0.000553492 2500 0.000011206 mult_time= 0.000612418
5200 0.001775027 2700 0.000008260 mult_time= 0.001834139
5151 0.002346281 2550 0.000010242 mult_time= 0.002423723
5300 0.002786400 2805 0.000008248 mult_time= 0.002849208
5100 0.002710189 2601 0.000010642 mult_time= 0.002772106
5050 0.002600422 2550 0.000007847 mult_time= 0.002660331
2525 0.000523548 2550 0.000007344 mult_time= 0.000572486
5355 0.001097032 2754 0.000007722 mult_time= 0.001160284
5100 0.000702056 2600 0.000008056 mult_time= 0.000763713
5250 0.004921103 2750 0.000008086 mult_time= 0.004983983
5500 0.001981140 2500 0.000007849 mult_time= 0.002044241
5200 0.000077037 2700 0.000007686 mult_time= 0.000137431
5616 0.000209504 2700 0.000007873 mult_time= 0.000270843
5559 0.000122406 2970 0.000007975 mult_time= 0.000184559
5250 0.001948986 2754 0.000008419 mult_time= 0.002011490
5000 0.000948304 2500 0.000010348 mult_time= 0.001007873
5500 0.001802150 2500 0.000008075 mult_time= 0.001862836
5000 0.001474444 2500 0.000007900 mult_time= 0.001531436
5000 0.002081888 2500 0.000008123 mult_time= 0.002140090
5500 0.002867787 3025 0.000011419 mult_time= 0.002983465
2725 0.000505112 2970 0.000008107 mult_time= 0.000557341
2500 0.000382928 2500 0.000007366 mult_time= 0.000431464
5500 0.000339793 2500 0.000008242 mult_time= 0.000410011
5050 0.000326834 2550 0.000011042 mult_time= 0.000388367
5200 0.000274763 2700 0.000008167 mult_time= 0.000336492
3850 0.000332888 1300 0.000006574 mult_time= 0.000381136
4000 0.000104024 1375 0.000006462 mult_time= 0.000148802
3975 0.000105329 1250 0.000009847 mult_time= 0.000154546
