5460 0.001868810 2756 0.000013582 mult_time= 0.002032002
5665 0.002465622 2650 0.000008962 mult_time= 0.002546071
5350 0.002317875 2862 0.000010239 mult_time= 0.002410592
5304 0.001845141 2600 0.000007447 mult_time= 0.001907266
5400 0.001841277 2500 0.000007980 mult_time= 0.001906510
5000 0.001921297 2500 0.000007499 mult_time= 0.001980040
5000 0.000055438 2500 0.000007527 mult_time= 0.000129229
5000 0.000659181 2500 0.000007320 mult_time= 0.000719200
5100 0.002203696 2500 0.000008624 mult_time= 0.002288429
3900 0.002880358 1250 0.000007607 mult_time= 0.002951289
2675 0.003223780 2860 0.000007767 mult_time= 0.003276779
5350 0.000666514 2860 0.000008218 mult_time= 0.000731880
5200 0.000112397 2704 0.000007913 mult_time= 0.000173300
5457 0.000047236 2860 0.000007801 mult_time= 0.000111254
5610 0.000147499 2600 0.000007604 mult_time= 0.000208003
5150 0.002206468 2652 0.000008385 mult_time= 0.002275007
5150 0.001232059 2650 0.000007988 mult_time= 0.001295848
5400 0.001745096 2500 0.000007784 mult_time= 0.001807634
5304 0.001768509 2700 0.000010385 mult_time= 0.001834136
5775 0.002044633 2750 0.000007866 mult_time= 0.002110625
5300 0.002653721 2805 0.000007628 mult_time= 0.002718654
5670 0.000208376 2750 0.000007478 mult_time= 0.000269387
5500 0.003745828 2500 0.000007602 mult_time= 0.003808738
5000 0.000994148 2500 0.000007559 mult_time= 0.001054292
3825 0.001689675 1250 0.000009261 mult_time= 0.001743996
5500 0.000058191 3025 0.000008007 mult_time= 0.000123286
5250 0.000046807 2750 0.000008757 mult_time= 0.000125897
5830 0.004924613 2805 0.000009412 mult_time= 0.005036209
5200 0.000763597 2500 0.000008578 mult_time= 0.000824667
5000 0.001446971 2500 0.000009031 mult_time= 0.001520891
5400 0.002880240 2500 0.000008222 mult_time= 0.002939967
2500 0.004481194 2500 0.000027701 mult_time= 0.004548682
5500 0.004420373 2500 0.000008212 mult_time= 0.004479959
5000 0.000128348 2500 0.000007918 mult_time= 0.000184313
5151 0.003718308 2550 0.000009722 mult_time= 0.003777095
5000 0.002868943 2500 0.000007286 mult_time= 0.002924135
5250 0.002375100 2750 0.000008787 mult_time= 0.002433480
5500 0.003837724 3025 0.000007964 mult_time= 0.003899211
5555 0.003086494 2550 0.000007654 mult_time= 0.003144265
5050 0.004394270 2550 0.000008854 mult_time= 0.004455105
5775 0.002789630 2750 0.000007856 mult_time= 0.002853036
5400 0.003299310 2500 0.000027033 mult_time= 0.003384687
5252 0.004466929 2550 0.000007481 mult_time= 0.004524070
5300 0.002889994 2805 0.000007926 mult_time= 0.002949946
5100 0.002402758 2601 0.000008138 mult_time= 0.002462904
5304 0.002149917 2703 0.000026360 mult_time= 0.002230492
5555 0.000711258 2550 0.000044729 mult_time= 0.000818368
5050 0.001305884 2550 0.000008108 mult_time= 0.001362960
5775 0.003107964 2750 0.000007859 mult_time= 0.003169592
5512 0.001680239 2700 0.000008437 mult_time= 0.001741579
3900 0.003058639 1250 0.000032962 mult_time= 0.003131835
5995 0.000059962 2970 0.000027750 mult_time= 0.000148848
5250 0.000074958 2754 0.000025296 mult_time= 0.000151050
5408 0.000444085 2700 0.000023626 mult_time= 0.000517692
4187 0.000098583 1350 0.000015930 mult_time= 0.000157466
5508 0.000161774 2600 0.000023454 mult_time= 0.000251750
5000 0.000073202 2500 0.000023295 mult_time= 0.000144866
5250 0.000063297 2750 0.000026113 mult_time= 0.000141720
2600 0.000091116 2700 0.000024380 mult_time= 0.000151274
5250 0.000081645 2750 0.000025905 mult_time= 0.000154987
5775 0.000069502 2750 0.000025779 mult_time= 0.000145316
5300 0.000198614 2805 0.000008234 mult_time= 0.000255575
5000 0.001069152 2500 0.000008098 mult_time= 0.001126310
5775 0.001505121 2750 0.000008309 mult_time= 0.001563389
5050 0.001037884 2550 0.000008091 mult_time= 0.001093440
3750 0.002512215 1250 0.000006663 mult_time= 0.002556594
3750 0.001718629 1250 0.000006371 mult_time= 0.001760865
3800 0.001397905 1275 0.000006847 mult_time= 0.001441282
2550 0.001088584 625 0.000025114 mult_time= 0.001147220
5400 0.001280838 2915 0.000013958 mult_time= 0.001370915
5150 0.001488669 2650 0.000008410 mult_time= 0.001550169
5356 0.001701134 2650 0.000008244 mult_time= 0.001760929
5000 0.001576674 2500 0.000007821 mult_time= 0.001651256
5250 0.001383715 2750 0.000007913 mult_time= 0.001443709
5000 0.001391060 2500 0.000007578 mult_time= 0.001447799
5610 0.000066065 2600 0.000007629 mult_time= 0.000124854
5000 0.000188477 2500 0.000007617 mult_time= 0.000243332
5555 0.001200492 2550 0.000008440 mult_time= 0.001267891
5500 0.000939973 2500 0.000019362 mult_time= 0.001011324
5512 0.001115340 2704 0.000008013 mult_time= 0.001188576
5100 0.003111881 2600 0.000008546 mult_time= 0.003173382
3850 0.004030572 1300 0.000006778 mult_time= 0.004079331
5100 0.000238278 2600 0.000007343 mult_time= 0.000295610
5253 0.000604897 2650 0.000007681 mult_time= 0.000665322
5250 0.000745562 2750 0.000008511 mult_time= 0.000810715
5151 0.000735211 2550 0.000008180 mult_time= 0.000805547
2500 0.000603025 2500 0.000007682 mult_time= 0.000652571
5355 0.000145869 2750 0.000028419 mult_time= 0.000227691
5500 0.000138163 3025 0.000008257 mult_time= 0.000199218
5775 0.000344332 2750 0.000008998 mult_time= 0.000421456
5500 0.000413865 2500 0.000027979 mult_time= 0.000494856
5252 0.000487776 2550 0.000007189 mult_time= 0.000543281
5400 0.000060148 2915 0.000007624 mult_time= 0.000128721
5500 0.000112569 3025 0.000007337 mult_time= 0.000169683
6050 0.000108388 3025 0.000018740 mult_time= 0.000179367
5300 0.000297576 2805 0.000008081 mult_time= 0.000367165
5253 0.000399189 2650 0.000007415 mult_time= 0.000466207
5250 0.000555685 2750 0.000007751 mult_time= 0.000611097
5775 0.000551648 2750 0.000007667 mult_time= 0.000609472
5400 0.000346049 2500 0.000007680 mult_time= 0.000399856
5775 0.000625117 2750 0.000007597 mult_time= 0.000682402
5000 0.000700038 2500 0.000007366 mult_time= 0.000752301
2500 0.000311231 2500 0.000007318 mult_time= 0.000353189
5250 0.000563079 2750 0.000025769 mult_time= 0.000635756
5406 0.001292725 2805 0.000008456 mult_time= 0.001350124
5720 0.000996435 2703 0.000007620 mult_time= 0.001052909
5618 0.001269487 2805 0.000007941 mult_time= 0.001327046
5304 0.000792431 2601 0.000007413 mult_time= 0.000846778
5300 0.001671238 2805 0.000027434 mult_time= 0.001747792
5250 0.002171161 2750 0.000008065 mult_time= 0.002230552
5050 0.002747453 2550 0.000007853 mult_time= 0.002805300
1875 0.002273900 1250 0.000006680 mult_time= 0.002311722
5050 0.002783729 2550 0.000025711 mult_time= 0.002856048
5610 0.002922496 2601 0.000007906 mult_time= 0.002980660
5406 0.006479593 2805 0.000026347 mult_time= 0.006630121
5050 0.000409246 2550 0.000026223 mult_time= 0.000516518
5100 0.000266255 2500 0.000008182 mult_time= 0.000353816
5565 0.000205867 2750 0.000008129 mult_time= 0.000297576
5000 0.000300361 2500 0.000008810 mult_time= 0.000382330
5300 0.000052831 2808 0.000007651 mult_time= 0.000137618
5995 0.000084400 2970 0.000027522 mult_time= 0.000192374
5450 0.000020610 2970 0.000084063 mult_time= 0.000181241
5500 0.000065925 2500 0.000021054 mult_time= 0.000160380
5050 0.000080655 2550 0.000022271 mult_time= 0.000179167
5300 0.000058441 2500 0.000025377 mult_time= 0.000175393
5885 0.000096454 2860 0.000026442 mult_time= 0.000202845
5250 0.000067024 2750 0.000008971 mult_time= 0.000155198
5300 0.000251814 2805 0.000009053 mult_time= 0.000339745
5500 0.000083265 3025 0.000009098 mult_time= 0.000173915
2500 0.002871491 2500 0.000007818 mult_time= 0.002949911
5500 0.001676898 2500 0.000008472 mult_time= 0.001761247
5000 0.002397319 2500 0.000008479 mult_time= 0.002478946
4081 0.002267164 1300 0.000007273 mult_time= 0.002341736
2000 0.003836110 1375 0.000007061 mult_time= 0.003904550
2600 0.001435374 625 0.000006602 mult_time= 0.001499083
5300 0.001329528 2809 0.000009500 mult_time= 0.001477369
5940 0.002678114 2915 0.000008793 mult_time= 0.002756367
5350 0.002100682 2862 0.000008696 mult_time= 0.002165327
5000 0.002112504 2500 0.000008298 mult_time= 0.002170719
5200 0.002442611 2500 0.000008470 mult_time= 0.002507589
5304 0.002173821 2700 0.000008290 mult_time= 0.002248761
5508 0.000110834 2600 0.000008044 mult_time= 0.000167140
5151 0.000439691 2550 0.000008076 mult_time= 0.000526357
5000 0.000611627 2500 0.000013630 mult_time= 0.000750783
5564 0.000899353 2860 0.000007936 mult_time= 0.000977216
5512 0.000591229 2808 0.000008093 mult_time= 0.000665420
5100 0.000247170 2600 0.000007205 mult_time= 0.000303772
5350 0.000101499 2860 0.000010442 mult_time= 0.000169488
5304 0.001511548 2600 0.000008159 mult_time= 0.001574199
5202 0.002171671 2600 0.000008948 mult_time= 0.002244608
5353 0.003331041 2550 0.000008576 mult_time= 0.003391384
4125 0.001849580 1250 0.000029610 mult_time= 0.001953151
5355 0.000135839 2750 0.000008567 mult_time= 0.000197696
5355 0.000146475 2750 0.000008629 mult_time= 0.000210211
5250 0.001521534 2750 0.000008344 mult_time= 0.001583186
5000 0.000979300 2500 0.000007690 mult_time= 0.001032806
2500 0.000912902 2500 0.000018953 mult_time= 0.000973570
5400 0.000146181 2915 0.000008833 mult_time= 0.000211146
5885 0.001092354 2860 0.000008672 mult_time= 0.001152283
5500 0.000858482 3025 0.000008943 mult_time= 0.000949399
5610 0.001002706 3025 0.000008880 mult_time= 0.001066402
5000 0.000979740 2500 0.000028228 mult_time= 0.001063096
5555 0.002067425 2550 0.000009122 mult_time= 0.002135344
5000 0.001888568 2500 0.000008369 mult_time= 0.001945074
5100 0.005458381 2600 0.000008218 mult_time= 0.005514362
5300 0.002155242 2500 0.000009122 mult_time= 0.002211055
5350 0.002767794 2860 0.000028231 mult_time= 0.002846248
5300 0.003377003 2805 0.000007945 mult_time= 0.003435157
5610 0.002701774 3025 0.000008488 mult_time= 0.002764935
5356 0.002302675 2652 0.000008880 mult_time= 0.002370939
5300 0.002380086 2805 0.000029827 mult_time= 0.002464098
5618 0.002444956 2805 0.000008904 mult_time= 0.002516493
5500 0.000932742 2500 0.000008104 mult_time= 0.000993788
2525 0.002214444 2550 0.000008572 mult_time= 0.002264611
5100 0.003695024 2500 0.000008549 mult_time= 0.003753693
5830 0.002387518 2805 0.000028824 mult_time= 0.002468425
5610 0.001725318 2601 0.000008317 mult_time= 0.001783906
3800 0.001842853 1275 0.000007446 mult_time= 0.001891550
5100 0.001795341 2601 0.000008649 mult_time= 0.001857442
5300 0.002040637 2805 0.000008450 mult_time= 0.002101047
5202 0.005110955 2600 0.000008348 mult_time= 0.005166730
5000 0.002202238 2500 0.000028049 mult_time= 0.002277415
5457 0.000079263 2862 0.000008430 mult_time= 0.000136555
5406 0.000063872 2808 0.000008819 mult_time= 0.000118960
5200 0.000038078 2700 0.000027360 mult_time= 0.000116386
5450 0.001489470 2970 0.000028392 mult_time= 0.001584042
5150 0.000087243 2650 0.000125031 mult_time= 0.000291073
5775 0.000068834 2750 0.000025898 mult_time= 0.000148405
5050 0.000041058 2550 0.000024806 mult_time= 0.000114131
5720 0.000072487 2700 0.000025317 mult_time= 0.000148170
5100 0.000063590 2500 0.000022373 mult_time= 0.000152813
5250 0.000376534 2750 0.000082878 mult_time= 0.000509551
6050 0.000144465 3025 0.000008895 mult_time= 0.000218725
5775 0.000288547 2750 0.000044196 mult_time= 0.000384383
5100 0.000412744 2500 0.000008067 mult_time= 0.000466067
5000 0.000377517 2500 0.000007886 mult_time= 0.000433013
5200 0.000476341 2700 0.000008440 mult_time= 0.000535295
3750 0.000296269 1250 0.000028308 mult_time= 0.000362951
1875 0.000122239 1250 0.000006312 mult_time= 0.000163525
4125 0.000075940 1250 0.000007033 mult_time= 0.000121349
2500 0.000097042 625 0.000025841 mult_time= 0.000152461
5250 0.001584913 2756 0.000009575 mult_time= 0.001675917
5408 0.001607744 2703 0.000009177 mult_time= 0.001674268
2700 0.001573551 2915 0.000008472 mult_time= 0.001629136
2550 0.001440885 2600 0.000007515 mult_time= 0.001488233
5670 0.001706847 2750 0.000009308 mult_time= 0.001775086
5460 0.001658495 2750 0.000009214 mult_time= 0.001746627
5100 0.000072723 2600 0.000007695 mult_time= 0.000134940
5100 0.000112975 2500 0.000007291 mult_time= 0.000173709
5500 0.000974770 2500 0.000013052 mult_time= 0.001088994
3750 0.001392417 1250 0.000006485 mult_time= 0.001445673
5350 0.000695909 2860 0.000007556 mult_time= 0.000754501
5100 0.006920078 2600 0.000008468 mult_time= 0.006985176
5100 0.000339150 2600 0.000008290 mult_time= 0.000409889
5610 0.000786211 2600 0.000007778 mult_time= 0.000859385
5252 0.000392640 2550 0.000008306 mult_time= 0.000470103
5250 0.000361868 2750 0.000008058 mult_time= 0.000425331
6050 0.000058140 3025 0.000019051 mult_time= 0.000140176
5355 0.000289333 2750 0.000010617 mult_time= 0.000351398
5253 0.001148557 2650 0.000015627 mult_time= 0.001223424
5250 0.000885977 2750 0.000018843 mult_time= 0.000970450
2525 0.001334039 2550 0.000007573 mult_time= 0.001385058
5250 0.000772318 2750 0.000010481 mult_time= 0.000836348
5355 0.000087428 2750 0.000010576 mult_time= 0.000172960
5500 0.000527399 3025 0.000008448 mult_time= 0.000591110
5300 0.003444022 2805 0.000007832 mult_time= 0.003503055
5500 0.001103400 2500 0.000025383 mult_time= 0.001246714
5000 0.001911290 2500 0.000008390 mult_time= 0.001998622
3750 0.001164382 1250 0.000006948 mult_time= 0.001242919
5300 0.000998318 2500 0.000009946 mult_time= 0.001082571
5250 0.002256838 2750 0.000019559 mult_time= 0.002363682
5200 0.002104482 2700 0.000008529 mult_time= 0.002187768
5671 0.000579541 2860 0.000008334 mult_time= 0.000669867
5250 0.000864566 2750 0.000008577 mult_time= 0.000961226
5250 0.001203488 2750 0.000025539 mult_time= 0.001304634
5150 0.001747403 2652 0.000008178 mult_time= 0.001832721
5300 0.000907766 2805 0.000008085 mult_time= 0.001003605
5300 0.000562631 2805 0.000008645 mult_time= 0.000652770
5150 0.000100765 2650 0.000008395 mult_time= 0.000185290
5406 0.000441031 2600 0.000007544 mult_time= 0.000525026
5355 0.000924558 2750 0.000008490 mult_time= 0.001013879
5250 0.002200008 2750 0.000008784 mult_time= 0.002313535
5050 0.003076903 2550 0.000008325 mult_time= 0.003162000
5508 0.002707339 2601 0.000008115 mult_time= 0.002789369
5408 0.000120758 2703 0.000008275 mult_time= 0.000205417
5050 0.000099580 2550 0.000007775 mult_time= 0.000181519
5830 0.000336692 2805 0.000028866 mult_time= 0.000446993
5050 0.000496765 2550 0.000007958 mult_time= 0.000579508
5670 0.001087722 2754 0.000008309 mult_time= 0.001192313
5000 0.001050206 2500 0.000007827 mult_time= 0.001131475
5500 0.001938193 2500 0.000027142 mult_time= 0.002038891
5100 0.005281631 2500 0.000010407 mult_time= 0.005339687
5720 0.000074642 2700 0.000024570 mult_time= 0.000147462
5200 0.002028707 2700 0.000025384 mult_time= 0.002101498
5832 0.000017297 2916 0.000026072 mult_time= 0.000095842
5000 0.000069197 2500 0.000023506 mult_time= 0.000136171
5000 0.000033280 2500 0.000022910 mult_time= 0.000099382
5400 0.000016652 2500 0.000022593 mult_time= 0.000084475
5775 0.000745630 2750 0.000024552 mult_time= 0.000817233
5830 0.000100989 3025 0.000028258 mult_time= 0.000193492
5995 0.000199026 2970 0.000008580 mult_time= 0.000262802
5406 0.000490448 2600 0.000008738 mult_time= 0.000548573
5100 0.000365845 2500 0.000010585 mult_time= 0.000425746
5100 0.000559507 2500 0.000029355 mult_time= 0.000636400
3850 0.000363483 1300 0.000022839 mult_time= 0.000426898
4050 0.000065607 1250 0.000006940 mult_time= 0.000122827
4000 0.000083873 1375 0.000006557 mult_time= 0.000127552
