5508 0.002094314 2915 0.000025022 mult_time= 0.002363935
5408 0.001200351 2703 0.000008367 mult_time= 0.001301615
3900 0.001269246 1325 0.000008618 mult_time= 0.001388392
5250 0.001161268 2750 0.000009028 mult_time= 0.001270753
5000 0.004292435 2500 0.000007498 mult_time= 0.004390340
5400 0.000128157 2500 0.000007899 mult_time= 0.000217620
5000 0.000796212 2500 0.000009584 mult_time= 0.000891678
5400 0.003131656 2500 0.000008876 mult_time= 0.003226995
2600 0.003186329 2704 0.000007749 mult_time= 0.003264959
5100 0.003099931 2600 0.000007862 mult_time= 0.003186646
5300 0.003176133 2808 0.000009931 mult_time= 0.003266900
5100 0.003475986 2600 0.000007962 mult_time= 0.003565798
5562 0.000229760 2652 0.000008160 mult_time= 0.000325010
5350 0.000444088 2860 0.000009141 mult_time= 0.000551008
2500 0.001052206 2500 0.000031856 mult_time= 0.001152670
5000 0.001764952 2500 0.000007745 mult_time= 0.001848780
5304 0.001824517 2700 0.000008008 mult_time= 0.001913795
5250 0.000100222 2750 0.000008678 mult_time= 0.000187296
5830 0.004103746 3025 0.000008621 mult_time= 0.004200037
5250 0.001366325 2750 0.000012558 mult_time= 0.001493026
5250 0.002920942 2750 0.000008758 mult_time= 0.003006674
5000 0.002037639 2500 0.000008062 mult_time= 0.002126591
5350 0.000057953 2860 0.000008230 mult_time= 0.000146313
5775 0.004813456 2750 0.000007893 mult_time= 0.004903497
5500 0.002757113 3025 0.000028048 mult_time= 0.002864573
5610 0.002870213 2600 0.000025745 mult_time= 0.002970485
5775 0.003456705 2750 0.000008476 mult_time= 0.003519325
5250 0.003931767 2750 0.000007850 mult_time= 0.003993873
5610 0.003986440 2600 0.000008121 mult_time= 0.004050642
5000 0.004296692 2500 0.000007793 mult_time= 0.004360372
3750 0.000114626 1250 0.000006609 mult_time= 0.000161507
5355 0.000184230 2750 0.000007929 mult_time= 0.000245799
5350 0.001215191 2860 0.000007876 mult_time= 0.001275787
5610 0.001149772 3025 0.000007825 mult_time= 0.001212613
5250 0.006715065 2750 0.000007684 mult_time= 0.006776029
5151 0.006339993 2550 0.000007561 mult_time= 0.006395760
5202 0.001714980 2600 0.000008549 mult_time= 0.001778793
5555 0.001736949 2550 0.000008850 mult_time= 0.001802752
2500 0.003396559 2500 0.000008442 mult_time= 0.003444126
5050 0.007528855 2550 0.000027739 mult_time= 0.007603724
5100 0.002188910 2601 0.000008344 mult_time= 0.002249768
3800 0.002468275 1275 0.000012780 mult_time= 0.002520464
5100 0.000835033 2601 0.000007525 mult_time= 0.000891351
5555 0.001730014 2550 0.000008048 mult_time= 0.001793907
5000 0.001660659 2500 0.000007686 mult_time= 0.001719633
5000 0.005700832 2500 0.000007497 mult_time= 0.005755842
5408 0.003270502 2700 0.000007594 mult_time= 0.003327263
5720 0.001622158 2700 0.000008039 mult_time= 0.001679431
5304 0.003184780 2700 0.000007804 mult_time= 0.003239380
5000 0.003015110 2500 0.000007573 mult_time= 0.003067613
2625 0.002522733 2750 0.000007369 mult_time= 0.002568726
5000 0.002396859 2500 0.000007575 mult_time= 0.002450218
5775 0.000034954 2750 0.000007660 mult_time= 0.000095269
5610 0.000029692 3025 0.000008124 mult_time= 0.000089641
5720 0.001703980 3025 0.000037229 mult_time= 0.001810402
5150 0.000029257 2650 0.000023935 mult_time= 0.000101005
5000 0.000135024 2500 0.000023562 mult_time= 0.000210625
5500 0.000032311 2500 0.000033981 mult_time= 0.000112965
3850 0.000032636 1300 0.000014614 mult_time= 0.000083661
3750 0.000358908 1250 0.000014316 mult_time= 0.000408761
4400 0.000082493 1375 0.000017179 mult_time= 0.000142612
5250 0.001017806 2756 0.000009294 mult_time= 0.001117288
5200 0.003463722 2703 0.000008344 mult_time= 0.003531939
5665 0.001677422 2650 0.000007938 mult_time= 0.001744261
5200 0.001308706 2500 0.000007519 mult_time= 0.001369621
5616 0.001264915 2700 0.000008094 mult_time= 0.001332768
5406 0.002382273 2600 0.000007248 mult_time= 0.002441598
2500 0.001067493 2500 0.000026313 mult_time= 0.001136461
5200 0.002375550 2704 0.000008348 mult_time= 0.002439805
5406 0.000839804 2600 0.000008284 mult_time= 0.000903537
5406 0.002599312 2808 0.000023227 mult_time= 0.002732203
5304 0.005972915 2600 0.000008540 mult_time= 0.006036735
5100 0.000723191 2600 0.000008333 mult_time= 0.000788008
5100 0.000647216 2600 0.000007895 mult_time= 0.000706314
5400 0.000660221 2500 0.000025869 mult_time= 0.000739169
5460 0.001163932 2750 0.000007697 mult_time= 0.001225333
5250 0.000395282 2750 0.000018652 mult_time= 0.000468815
5512 0.000134157 2805 0.000008508 mult_time= 0.000209293
5200 0.000247069 2500 0.000008077 mult_time= 0.000352056
5252 0.000399889 2550 0.000008114 mult_time= 0.000490179
5000 0.000425298 2500 0.000008114 mult_time= 0.000534460
5250 0.000055008 2750 0.000007655 mult_time= 0.000114043
5885 0.000736730 2860 0.000007826 mult_time= 0.000810629
5406 0.000095418 2805 0.000028078 mult_time= 0.000174848
5460 0.000113335 2750 0.000007457 mult_time= 0.000201663
5300 0.000363056 2500 0.000029138 mult_time= 0.000444354
5250 0.000441716 2750 0.000008422 mult_time= 0.000507138
5304 0.000608640 2700 0.000007708 mult_time= 0.000672694
5100 0.001119806 2600 0.000007470 mult_time= 0.001189632
5000 0.000679430 2500 0.000007656 mult_time= 0.000734098
5000 0.000583996 2500 0.000007986 mult_time= 0.000673895
5460 0.000517995 2750 0.000007861 mult_time= 0.000577663
5618 0.000649178 2805 0.000026219 mult_time= 0.000728755
5200 0.000952802 2703 0.000007528 mult_time= 0.001010067
5050 0.001234947 2550 0.000008174 mult_time= 0.001314683
5100 0.000754325 2601 0.000007804 mult_time= 0.000812905
5406 0.002115163 2805 0.000007959 mult_time= 0.002174355
5355 0.000747522 2750 0.000008166 mult_time= 0.000807769
5454 0.003508999 2550 0.000008481 mult_time= 0.003594593
5200 0.003064614 2703 0.000008110 mult_time= 0.003123095
5050 0.002705278 2550 0.000008020 mult_time= 0.002761315
5724 0.004125467 2805 0.000008100 mult_time= 0.004186586
5610 0.000267562 2601 0.000007703 mult_time= 0.000324991
5300 0.000389055 2805 0.000007867 mult_time= 0.000450376
5000 0.000293285 2500 0.000027275 mult_time= 0.000365398
5355 0.000406080 2750 0.000008936 mult_time= 0.000517140
5200 0.000234718 2500 0.000007508 mult_time= 0.000295668
5200 0.000095606 2700 0.000008058 mult_time= 0.000157836
5304 0.000649961 2700 0.000008755 mult_time= 0.000716846
5400 0.001571499 2916 0.000008380 mult_time= 0.001638614
5100 0.001300710 2600 0.000008184 mult_time= 0.001359281
5565 0.001953151 2750 0.000007855 mult_time= 0.002016985
5616 0.003569248 2700 0.000008039 mult_time= 0.003631345
5250 0.000026599 2750 0.000141610 mult_time= 0.000222433
5670 0.000801868 2750 0.000134488 mult_time= 0.000992156
5610 0.000083228 2600 0.000023422 mult_time= 0.000159174
5000 0.000061912 2500 0.000022964 mult_time= 0.000134819
5000 0.000067873 2500 0.000022004 mult_time= 0.000151014
5000 0.000051448 2500 0.000020884 mult_time= 0.000131482
3825 0.000044447 1250 0.000013595 mult_time= 0.000099803
4125 0.000084007 1250 0.000014253 mult_time= 0.000138979
1875 0.000013099 1250 0.000019089 mult_time= 0.000071608
3750 0.000043579 1250 0.000014836 mult_time= 0.000098423
2750 0.000012090 625 0.000008671 mult_time= 0.000055153
5562 0.001442333 2650 0.000010026 mult_time= 0.001618552
5665 0.001294627 2650 0.000016724 mult_time= 0.001381515
5400 0.001588179 2915 0.000017165 mult_time= 0.001682056
5200 0.001639251 2500 0.000008599 mult_time= 0.001723307
5151 0.001841585 2550 0.000008094 mult_time= 0.001905546
5250 0.001558338 2750 0.000008488 mult_time= 0.001623522
5000 0.000067259 2500 0.000010293 mult_time= 0.000126268
5250 0.000153646 2750 0.000007901 mult_time= 0.000216998
5555 0.000509479 2550 0.000009796 mult_time= 0.000598239
5000 0.000654744 2500 0.000008029 mult_time= 0.000713861
5100 0.000528427 2600 0.000012504 mult_time= 0.000595705
5665 0.000356109 2652 0.000008213 mult_time= 0.000439974
2675 0.000224326 2860 0.000008744 mult_time= 0.000282396
5100 0.000254423 2600 0.000008212 mult_time= 0.000344181
5508 0.000500326 2600 0.000007810 mult_time= 0.000559130
5406 0.000138201 2600 0.000031913 mult_time= 0.000220204
5253 0.000879609 2652 0.000007957 mult_time= 0.000944545
5150 0.001847557 2650 0.000009063 mult_time= 0.001912612
5250 0.003981999 2750 0.000008961 mult_time= 0.004048299
5100 0.001488656 2500 0.000009300 mult_time= 0.001550877
5775 0.000113823 2750 0.000008517 mult_time= 0.000175542
5250 0.000888299 2750 0.000008098 mult_time= 0.000948172
5618 0.002159727 2805 0.000020473 mult_time= 0.002237643
5500 0.000983869 3025 0.000008254 mult_time= 0.001049142
5775 0.001727280 2750 0.000008861 mult_time= 0.001803175
5050 0.001255419 2550 0.000008816 mult_time= 0.001316360
1875 0.001343164 1250 0.000007764 mult_time= 0.001394562
5355 0.001252082 2750 0.000008713 mult_time= 0.001314869
5300 0.000114610 2805 0.000011744 mult_time= 0.000179131
5300 0.000069605 2805 0.000008853 mult_time= 0.000131194
5668 0.001365552 2970 0.000008571 mult_time= 0.001432591
5508 0.000840946 2600 0.000012362 mult_time= 0.000929186
5500 0.001712401 2500 0.000008047 mult_time= 0.001772804
5200 0.003870049 2700 0.000012107 mult_time= 0.003976632
2625 0.000041371 2750 0.000008480 mult_time= 0.000093881
5000 0.001810025 2500 0.000010910 mult_time= 0.001870693
5050 0.001986344 2550 0.000007936 mult_time= 0.002044726
3750 0.001322892 1250 0.000007012 mult_time= 0.001379824
5610 0.003317728 3025 0.000008359 mult_time= 0.003385207
5300 0.003206881 2805 0.000011078 mult_time= 0.003273386
4400 0.005829387 1375 0.000007427 mult_time= 0.005888335
5050 0.001610343 2550 0.000007546 mult_time= 0.001666719
5100 0.000814935 2600 0.000008280 mult_time= 0.000877525
5355 0.004410343 2750 0.000008389 mult_time= 0.004486021
5408 0.002052780 2703 0.000011343 mult_time= 0.002116221
5300 0.004918897 2805 0.000008142 mult_time= 0.004982688
5720 0.000676396 2703 0.000007848 mult_time= 0.000739942
5300 0.002590566 2805 0.000008350 mult_time= 0.002654736
5355 0.004995325 2754 0.000008072 mult_time= 0.005057130
5250 0.003521568 2750 0.000008206 mult_time= 0.003584702
5000 0.002037602 2500 0.000007831 mult_time= 0.002094956
5350 0.000055441 2862 0.000008077 mult_time= 0.000118337
5618 0.001498837 2808 0.000007987 mult_time= 0.001560567
5995 0.000652458 2970 0.000008330 mult_time= 0.000719013
5450 0.000056099 2970 0.000007914 mult_time= 0.000117031
5100 0.002366843 2500 0.000008153 mult_time= 0.002424739
2500 0.003359967 2500 0.000008480 mult_time= 0.003408040
5050 0.003539168 2550 0.000016806 mult_time= 0.003610176
5200 0.003548262 2500 0.000007953 mult_time= 0.003606352
5885 0.000032982 2860 0.000011636 mult_time= 0.000096537
5460 0.001463205 2750 0.000008366 mult_time= 0.001540314
5512 0.001237105 2805 0.000024438 mult_time= 0.001328453
5000 0.000043255 2500 0.000108353 mult_time= 0.000206660
5100 0.000062517 2600 0.000025887 mult_time= 0.000137108
5050 0.000040546 2550 0.000024476 mult_time= 0.000114042
5250 0.000010451 2750 0.000026713 mult_time= 0.000089108
3750 0.000051112 1250 0.000080890 mult_time= 0.000167493
3750 0.000032373 1250 0.000015581 mult_time= 0.000090550
3750 0.000058789 1250 0.000025273 mult_time= 0.000120820
5665 0.000647232 2650 0.000009472 mult_time= 0.000733467
5150 0.003363699 2650 0.000008582 mult_time= 0.003430151
5150 0.001311136 2650 0.000008220 mult_time= 0.001375310
5100 0.001806935 2500 0.000007826 mult_time= 0.001864333
5555 0.001834101 2550 0.000007984 mult_time= 0.001897197
5000 0.000060275 2500 0.000008188 mult_time= 0.000123976
5250 0.000044168 2750 0.000008075 mult_time= 0.000103682
5775 0.000204800 2750 0.000008020 mult_time= 0.000272343
5200 0.001083409 2500 0.000007847 mult_time= 0.001146364
5200 0.001721706 2704 0.000008089 mult_time= 0.001782364
5610 0.002034335 2600 0.000008627 mult_time= 0.002099731
4235 0.001436687 1300 0.000007051 mult_time= 0.001528515
5616 0.000098589 2704 0.000008346 mult_time= 0.000170736
5304 0.004458118 2600 0.000010957 mult_time= 0.004524497
5300 0.000490186 2500 0.000008119 mult_time= 0.000552689
5250 0.000555139 2750 0.000007841 mult_time= 0.000633467
5151 0.000385575 2550 0.000024804 mult_time= 0.000478591
5724 0.000380609 2915 0.000010899 mult_time= 0.000449369
5250 0.000562495 2750 0.000007564 mult_time= 0.000626448
5300 0.000569345 2805 0.000007521 mult_time= 0.000628994
5500 0.001809740 2500 0.000010484 mult_time= 0.001871873
5252 0.001390643 2550 0.000007423 mult_time= 0.001448518
3750 0.001305725 1250 0.000006419 mult_time= 0.001349811
5775 0.001330183 2750 0.000007845 mult_time= 0.001391193
5300 0.000071567 2805 0.000007900 mult_time= 0.000130271
5250 0.000114805 2750 0.000008210 mult_time= 0.000175453
2500 0.000676880 2500 0.000007970 mult_time= 0.000723679
5050 0.001264564 2550 0.000007902 mult_time= 0.001319667
5562 0.000060619 2650 0.000008354 mult_time= 0.000120665
5000 0.004810667 2500 0.000008335 mult_time= 0.004866762
5720 0.000087330 2700 0.000007940 mult_time= 0.000145675
5000 0.002321018 2500 0.000009896 mult_time= 0.002378697
5565 0.000769603 2750 0.000007858 mult_time= 0.000828396
4000 0.001507996 1375 0.000006938 mult_time= 0.001559299
5555 0.000112702 2550 0.000008266 mult_time= 0.000170868
5830 0.002166391 2805 0.000007940 mult_time= 0.002226645
5000 0.000209015 2500 0.000009324 mult_time= 0.000297226
5000 0.000226942 2500 0.000007585 mult_time= 0.000285911
5151 0.003556162 2550 0.000008469 mult_time= 0.003624737
5253 0.003001641 2652 0.000008524 mult_time= 0.003065083
5610 0.003204445 2601 0.000011803 mult_time= 0.003277620
5555 0.000155098 2550 0.000008320 mult_time= 0.000217172
5050 0.000398662 2550 0.000007434 mult_time= 0.000455642
5100 0.001826908 2601 0.000008805 mult_time= 0.001892112
5000 0.000639006 2500 0.000007755 mult_time= 0.000697841
5000 0.004993973 2500 0.000007792 mult_time= 0.005053019
5304 0.005324675 2700 0.000008245 mult_time= 0.005394922
5250 0.000223581 2754 0.000008616 mult_time= 0.000289162
5720 0.001084333 2700 0.000008464 mult_time= 0.001149710
5500 0.001795812 2500 0.000008222 mult_time= 0.001870201
5720 0.002069639 2700 0.000008850 mult_time= 0.002131762
5250 0.000877020 2750 0.000009410 mult_time= 0.000943552
5300 0.001730067 2805 0.000026772 mult_time= 0.001817341
5200 0.000078490 2500 0.000021231 mult_time= 0.000150235
5000 0.000067883 2500 0.000022059 mult_time= 0.000139581
5720 0.000069997 2700 0.000024111 mult_time= 0.000148823
3850 0.000064221 1300 0.000016495 mult_time= 0.000121615
1875 0.000009165 1250 0.000025746 mult_time= 0.000068651
3750 0.000095239 1250 0.000021057 mult_time= 0.000234246
