5253 0.002522625 2650 0.000017763 mult_time= 0.002729750
5150 0.003111939 2650 0.000008425 mult_time= 0.003205800
5350 0.002363735 2862 0.000008327 mult_time= 0.002465005
5100 0.001843838 2600 0.000008816 mult_time= 0.001939094
5100 0.001780384 2500 0.000007976 mult_time= 0.001863406
5720 0.001951511 2700 0.000008509 mult_time= 0.002044890
5100 0.002396860 2600 0.000007869 mult_time= 0.002491365
5200 0.003089006 2500 0.000008182 mult_time= 0.003176015
5508 0.001999076 2600 0.000008762 mult_time= 0.002091355
5508 0.002895230 2600 0.000008129 mult_time= 0.002982762
5300 0.002840870 2808 0.000008722 mult_time= 0.002925153
5100 0.000062738 2600 0.000007692 mult_time= 0.000140599
5720 0.000125410 2704 0.000008222 mult_time= 0.000208124
5457 0.000095050 2860 0.000008694 mult_time= 0.000190814
5350 0.002999097 2860 0.000007446 mult_time= 0.003082946
5100 0.000822161 2600 0.000009112 mult_time= 0.000917131
5100 0.000820731 2500 0.000008103 mult_time= 0.000905351
5500 0.001457426 2500 0.000007859 mult_time= 0.001540275
5250 0.004132638 2750 0.000008978 mult_time= 0.004226266
2625 0.000286070 2750 0.000008658 mult_time= 0.000368505
5000 0.001150497 2500 0.000008364 mult_time= 0.001240577
5000 0.003507305 2500 0.000009655 mult_time= 0.003625384
3750 0.002881104 1250 0.000007409 mult_time= 0.002974895
5720 0.004840063 3025 0.000009032 mult_time= 0.004944209
5565 0.000490484 2750 0.000008333 mult_time= 0.000588495
5100 0.007195187 2600 0.000007695 mult_time= 0.007285447
5000 0.004280233 2500 0.000007759 mult_time= 0.004344935
5200 0.002706428 2500 0.000007693 mult_time= 0.002784235
5200 0.004315573 2500 0.000007467 mult_time= 0.004375713
5400 0.000096947 2915 0.000017501 mult_time= 0.000171610
5350 0.000803705 2860 0.000008118 mult_time= 0.000871460
5830 0.007111436 2805 0.000013413 mult_time= 0.007217310
5050 0.003197346 2550 0.000016349 mult_time= 0.003269615
5555 0.000036971 2550 0.000007909 mult_time= 0.000101340
5050 0.002063243 2550 0.000007533 mult_time= 0.002135312
5300 0.000038662 2500 0.000025967 mult_time= 0.000120978
5100 0.000045736 2600 0.000033131 mult_time= 0.000132164
5250 0.000028264 2750 0.000023420 mult_time= 0.000119497
5250 0.000033682 2750 0.000025472 mult_time= 0.000110779
5555 0.000038286 2550 0.000137893 mult_time= 0.000235128
5100 0.000025847 2500 0.000025294 mult_time= 0.000144013
5050 0.000033988 2550 0.000024382 mult_time= 0.000109828
2525 0.000029508 2550 0.000025236 mult_time= 0.000094848
5100 0.000016278 2601 0.000023743 mult_time= 0.000126852
5555 0.000046145 2550 0.000024537 mult_time= 0.000142389
5151 0.000084882 2550 0.000007795 mult_time= 0.000146217
5300 0.000628834 2805 0.000008062 mult_time= 0.000694502
5555 0.001066626 2550 0.000007782 mult_time= 0.001127246
5000 0.001899290 2500 0.000007458 mult_time= 0.001961706
5200 0.002420175 2500 0.000008224 mult_time= 0.002485557
5250 0.003405503 2750 0.000009049 mult_time= 0.003480037
5200 0.002252729 2700 0.000007948 mult_time= 0.002310920
3950 0.003017236 1350 0.000007465 mult_time= 0.003068761
5000 0.005190514 2500 0.000007688 mult_time= 0.005248453
5500 0.000828822 2500 0.000010782 mult_time= 0.000890480
5250 0.000177233 2750 0.000009280 mult_time= 0.000241509
5355 0.000187030 2750 0.000007912 mult_time= 0.000248137
5565 0.000671769 2750 0.000007603 mult_time= 0.000730726
5500 0.000939285 2500 0.000007676 mult_time= 0.000997816
5355 0.001554538 2750 0.000008735 mult_time= 0.001622377
5050 0.001195661 2550 0.000011602 mult_time= 0.001258787
3750 0.001742019 1250 0.000006999 mult_time= 0.001789061
3850 0.001955689 1300 0.000006697 mult_time= 0.002000791
4400 0.001151302 1375 0.000007136 mult_time= 0.001200846
3950 0.002169386 1350 0.000006979 mult_time= 0.002215667
5830 0.000747778 2809 0.000008698 mult_time= 0.000840141
5400 0.004226200 2915 0.000008314 mult_time= 0.004292398
5562 0.001369667 2650 0.000007961 mult_time= 0.001431343
5000 0.001426119 2500 0.000007846 mult_time= 0.001483957
5050 0.001294929 2550 0.000007706 mult_time= 0.001352274
5000 0.001299667 2500 0.000007352 mult_time= 0.001355401
5508 0.000086681 2600 0.000007228 mult_time= 0.000140698
5250 0.000597701 2750 0.000007934 mult_time= 0.000658519
5200 0.001221293 2700 0.000007987 mult_time= 0.001280911
5720 0.000719432 2704 0.000010605 mult_time= 0.000789222
5100 0.001833324 2600 0.000008507 mult_time= 0.001895713
5610 0.002050268 2600 0.000008324 mult_time= 0.002108907
5885 0.003793704 2860 0.000007912 mult_time= 0.003857512
5610 0.000207214 2600 0.000008735 mult_time= 0.000286309
5300 0.000232128 2808 0.000007808 mult_time= 0.000290144
5100 0.000449982 2600 0.000007238 mult_time= 0.000502696
5000 0.000664079 2500 0.000011415 mult_time= 0.000726874
5500 0.000702308 2500 0.000008003 mult_time= 0.000765465
5000 0.000672575 2500 0.000007858 mult_time= 0.000743020
5720 0.000863844 3025 0.000008567 mult_time= 0.000943962
5450 0.000268824 2970 0.000008364 mult_time= 0.000331024
5355 0.000264539 2750 0.000008322 mult_time= 0.000329301
5050 0.000932309 2550 0.000008019 mult_time= 0.001055170
5250 0.000104359 2750 0.000008395 mult_time= 0.000167839
5500 0.000119256 3025 0.000008386 mult_time= 0.000193311
5300 0.000203388 2805 0.000007513 mult_time= 0.000269374
5000 0.000283055 2500 0.000019066 mult_time= 0.000350159
5000 0.000496123 2500 0.000007916 mult_time= 0.000553920
5200 0.000597220 2700 0.000007453 mult_time= 0.000654381
5000 0.000139760 2500 0.000011214 mult_time= 0.000200402
5250 0.000711065 2750 0.000007768 mult_time= 0.000779669
5200 0.000905601 2700 0.000010927 mult_time= 0.000967352
5350 0.000605783 2860 0.000007591 mult_time= 0.000668288
5610 0.001276742 3025 0.000008121 mult_time= 0.001338608
4000 0.000920290 1375 0.000006720 mult_time= 0.000966083
5050 0.001372615 2550 0.000007371 mult_time= 0.001429171
5300 0.002046748 2805 0.000023788 mult_time= 0.002123613
5000 0.000055693 2500 0.000023027 mult_time= 0.000127388
5252 0.000063761 2550 0.000023769 mult_time= 0.000136501
5250 0.000052111 2750 0.000024882 mult_time= 0.000128870
5050 0.000065707 2550 0.000022870 mult_time= 0.000136563
5253 0.000058077 2652 0.000021927 mult_time= 0.000128909
5512 0.000076812 2805 0.000024676 mult_time= 0.000154515
5300 0.000022474 2805 0.000024011 mult_time= 0.000097650
5555 0.000075332 2550 0.000023181 mult_time= 0.000150777
5050 0.000075695 2550 0.000023490 mult_time= 0.000146506
5253 0.000095109 2652 0.000008067 mult_time= 0.000152217
5050 0.000221277 2550 0.000007713 mult_time= 0.000276014
5775 0.000348607 2754 0.000007525 mult_time= 0.000408977
5100 0.000384018 2600 0.000007749 mult_time= 0.000438771
5000 0.000283342 2500 0.000007940 mult_time= 0.000338556
2525 0.000403506 2550 0.000010461 mult_time= 0.000451175
3750 0.000486981 1250 0.000006801 mult_time= 0.000529536
5995 0.000138516 2970 0.000008209 mult_time= 0.000220117
2600 0.000736920 2700 0.000007643 mult_time= 0.000782232
4029 0.000831036 1350 0.000006747 mult_time= 0.000877091
5200 0.001839282 2500 0.000008045 mult_time= 0.001895377
5050 0.000861662 2550 0.000007742 mult_time= 0.000917203
5000 0.002248907 2500 0.000007434 mult_time= 0.002300598
5500 0.002065015 3025 0.000008340 mult_time= 0.002125423
5355 0.000436094 2750 0.000007848 mult_time= 0.000493076
4000 0.002052111 1375 0.000007203 mult_time= 0.002097029
5250 0.002240418 2750 0.000008811 mult_time= 0.002300931
5500 0.002367469 2500 0.000007916 mult_time= 0.002424732
3750 0.002314909 1250 0.000009373 mult_time= 0.002360877
3750 0.001479713 1250 0.000006888 mult_time= 0.001522745
3800 0.001701466 1275 0.000006682 mult_time= 0.001745056
1875 0.002870022 1250 0.000006516 mult_time= 0.002911803
5459 0.003000902 2650 0.000018228 mult_time= 0.003142988
5253 0.001119828 2650 0.000008567 mult_time= 0.001186061
5508 0.001571450 2915 0.000008708 mult_time= 0.001638768
2550 0.001628828 2600 0.000007943 mult_time= 0.001680332
5252 0.001973929 2550 0.000008421 mult_time= 0.002049424
5250 0.001623574 2750 0.000015383 mult_time= 0.001740176
5100 0.000068141 2500 0.000008293 mult_time= 0.000150468
5300 0.000104281 2500 0.000008140 mult_time= 0.000166523
4125 0.000586818 1250 0.000010065 mult_time= 0.000639223
5202 0.000482639 2600 0.000008128 mult_time= 0.000543604
5100 0.000292522 2600 0.000008487 mult_time= 0.000364536
3850 0.000247443 1300 0.000007492 mult_time= 0.000299044
5100 0.000184859 2600 0.000013288 mult_time= 0.000247373
5356 0.001559448 2652 0.000007650 mult_time= 0.001619935
3850 0.000038878 1300 0.000007714 mult_time= 0.000091759
5000 0.002182832 2500 0.000010300 mult_time= 0.002241911
5100 0.001243636 2500 0.000008352 mult_time= 0.001304927
5000 0.002285982 2500 0.000008105 mult_time= 0.002344556
6050 0.000079677 3025 0.000008217 mult_time= 0.000166074
5250 0.000067105 2750 0.000008474 mult_time= 0.000129457
5250 0.000093535 2750 0.000007779 mult_time= 0.000154307
6050 0.001200848 3025 0.000009627 mult_time= 0.001306630
5100 0.000941513 2500 0.000008302 mult_time= 0.001007643
5454 0.001221806 2550 0.000008435 mult_time= 0.001299316
5775 0.003886495 2750 0.000007642 mult_time= 0.003950436
5250 0.000254901 2750 0.000009573 mult_time= 0.000321566
5000 0.000962378 2500 0.000007827 mult_time= 0.001019830
5500 0.001560874 2500 0.000010938 mult_time= 0.001627842
5100 0.002464830 2500 0.000021137 mult_time= 0.002538324
5500 0.002082006 2500 0.000008440 mult_time= 0.002144272
5555 0.002382770 2550 0.000009262 mult_time= 0.002450530
5200 0.001484813 2500 0.000008657 mult_time= 0.001547574
5355 0.003101695 2750 0.000012431 mult_time= 0.003170808
5250 0.003322490 2750 0.000008176 mult_time= 0.003382417
5250 0.005753877 2750 0.000008726 mult_time= 0.005814458
5830 0.005408228 2805 0.000011888 mult_time= 0.005479729
5250 0.000061359 2750 0.000025943 mult_time= 0.000148533
5050 0.000073264 2550 0.000024687 mult_time= 0.000161576
5000 0.000085870 2500 0.000024180 mult_time= 0.000162007
5150 0.000074089 2652 0.000024230 mult_time= 0.000150897
5454 0.000082078 2550 0.000024838 mult_time= 0.000188938
5050 0.000042271 2550 0.000036323 mult_time= 0.000132099
5512 0.000068725 2703 0.000026388 mult_time= 0.000151274
5252 0.000600216 2550 0.000008137 mult_time= 0.000662748
5202 0.004298560 2601 0.000008465 mult_time= 0.004363268
5100 0.003009189 2600 0.000008653 mult_time= 0.003075531
5250 0.002117285 2750 0.000011352 mult_time= 0.002177951
5500 0.001162567 2500 0.000007874 mult_time= 0.001218882
5512 0.002041365 2700 0.000007665 mult_time= 0.002094474
5460 0.000738233 2754 0.000008253 mult_time= 0.000795433
5304 0.001766625 2700 0.000008458 mult_time= 0.001824175
5000 0.003089179 2500 0.000007588 mult_time= 0.003141838
5500 0.003402640 2500 0.000008394 mult_time= 0.003457572
5050 0.006930591 2550 0.000008127 mult_time= 0.006984539
5500 0.003025202 3025 0.000011426 mult_time= 0.003091074
5559 0.000204725 2970 0.000009118 mult_time= 0.000262557
5500 0.000565255 2500 0.000008273 mult_time= 0.000620213
5000 0.000425279 2500 0.000011997 mult_time= 0.000487640
5050 0.000365470 2550 0.000008814 mult_time= 0.000424742
4290 0.000335812 1325 0.000008085 mult_time= 0.000389590
3850 0.000132110 1300 0.000007103 mult_time= 0.000173238
4080 0.000076124 1375 0.000011298 mult_time= 0.000128240
3952 0.000139261 1275 0.000006817 mult_time= 0.000182268
5512 0.000344806 2809 0.000009647 mult_time= 0.000438555
5665 0.002322141 2650 0.000008837 mult_time= 0.002387837
5200 0.001920955 2703 0.000008944 mult_time= 0.001990754
5150 0.001867272 2650 0.000008554 mult_time= 0.001928492
5000 0.001805726 2500 0.000007588 mult_time= 0.001864007
5050 0.001884229 2550 0.000008692 mult_time= 0.001948812
1875 0.001725174 1250 0.000007439 mult_time= 0.001773314
5250 0.000548310 2750 0.000008307 mult_time= 0.000608583
5000 0.001425645 2500 0.000012644 mult_time= 0.001493281
5100 0.001217117 2600 0.000008565 mult_time= 0.001275244
2550 0.001811577 2600 0.000008053 mult_time= 0.001862014
5150 0.004012295 2652 0.000008411 mult_time= 0.004070794
5885 0.000117145 2860 0.000008172 mult_time= 0.000198073
5253 0.000138869 2652 0.000011334 mult_time= 0.000217021
5457 0.000222348 2860 0.000008618 mult_time= 0.000301899
5202 0.000515591 2600 0.000008270 mult_time= 0.000586490
5555 0.000383188 2550 0.000008392 mult_time= 0.000449957
5200 0.000496470 2500 0.000010408 mult_time= 0.000558286
6050 0.000102499 3025 0.000019228 mult_time= 0.000193516
5300 0.000114396 2805 0.000007656 mult_time= 0.000176316
5450 0.000111373 2970 0.000008580 mult_time= 0.000182224
5202 0.000659054 2600 0.000011988 mult_time= 0.000726958
5000 0.002257710 2500 0.000008361 mult_time= 0.002315373
5775 0.002879272 2750 0.000008483 mult_time= 0.002944910
5355 0.000119342 2750 0.000008672 mult_time= 0.000183790
5720 0.001368105 3025 0.000008690 mult_time= 0.001432652
5100 0.001065537 2500 0.000008288 mult_time= 0.001123043
5050 0.001909232 2550 0.000008660 mult_time= 0.001965529
5400 0.001421958 2500 0.000008294 mult_time= 0.001478385
5250 0.003080538 2750 0.000008618 mult_time= 0.003145451
5000 0.002008123 2500 0.000011408 mult_time= 0.002066583
5830 0.000720380 3025 0.000009151 mult_time= 0.000788800
5830 0.001774637 2805 0.000009016 mult_time= 0.001843748
5460 0.000627205 2750 0.000008186 mult_time= 0.000685399
5665 0.000059401 2652 0.000010833 mult_time= 0.000122665
5050 0.001363580 2550 0.000013239 mult_time= 0.001423530
2550 0.000127004 2601 0.000007974 mult_time= 0.000171544
2525 0.000056913 2550 0.000008381 mult_time= 0.000103466
5500 0.000080431 2500 0.000025860 mult_time= 0.000155757
5460 0.000052277 2750 0.000033502 mult_time= 0.000147983
5250 0.000085200 2750 0.000024437 mult_time= 0.000167299
5050 0.000060980 2550 0.000024337 mult_time= 0.000134540
4125 0.000064636 1250 0.000014596 mult_time= 0.000126600
5050 0.000066231 2550 0.000041925 mult_time= 0.000169358
5151 0.000026540 2550 0.000022801 mult_time= 0.000097870
5304 0.000041976 2601 0.000023567 mult_time= 0.000111974
5775 0.000046768 2754 0.000025653 mult_time= 0.000123049
5050 0.000190815 2550 0.000008742 mult_time= 0.000270829
5150 0.000199398 2652 0.000008174 mult_time= 0.000254807
2650 0.000609896 2805 0.000007734 mult_time= 0.000658550
5151 0.001359884 2550 0.000007368 mult_time= 0.001413852
5508 0.004406578 2600 0.000011276 mult_time= 0.004469999
5151 0.002425925 2550 0.000008380 mult_time= 0.002482847
4125 0.002356083 1250 0.000007171 mult_time= 0.002401063
5200 0.000126489 2700 0.000010604 mult_time= 0.000182839
5720 0.000179166 2700 0.000007799 mult_time= 0.000237012
5616 0.000557841 2700 0.000007662 mult_time= 0.000612563
5562 0.001037952 2650 0.000008488 mult_time= 0.001094581
5100 0.001770249 2500 0.000007860 mult_time= 0.001823879
5555 0.001248017 2550 0.000008051 mult_time= 0.001305195
4125 0.001929153 1250 0.000007229 mult_time= 0.001982880
5500 0.000117505 3025 0.000008710 mult_time= 0.000184311
6050 0.000093903 3025 0.000008249 mult_time= 0.000154948
5250 0.000167559 2750 0.000008171 mult_time= 0.000224508
4000 0.000474686 1375 0.000006970 mult_time= 0.000521764
5355 0.000456667 2750 0.000008448 mult_time= 0.000516463
5050 0.000764127 2550 0.000011370 mult_time= 0.000824838
5100 0.000287126 2500 0.000007984 mult_time= 0.000343160
3750 0.000095491 1250 0.000007051 mult_time= 0.000141044
3900 0.000131155 1250 0.000018408 mult_time= 0.000187779
2500 0.000112522 625 0.000010508 mult_time= 0.000151683
