5250 0.001794485 2756 0.000013763 mult_time= 0.001990726
5356 0.002481591 2650 0.000009125 mult_time= 0.002587289
5350 0.002332358 2862 0.000008233 mult_time= 0.002423165
5000 0.002028979 2500 0.000008289 mult_time= 0.002114892
5500 0.001945014 2500 0.000008197 mult_time= 0.002044605
5000 0.001933960 2500 0.000007746 mult_time= 0.002018834
5000 0.000114762 2500 0.000007906 mult_time= 0.000247886
5460 0.000718532 2750 0.000008056 mult_time= 0.000811681
5050 0.002777741 2550 0.000007841 mult_time= 0.002863122
5200 0.001726648 2704 0.000008411 mult_time= 0.001813011
5304 0.006688091 2600 0.000009498 mult_time= 0.006778201
3927 0.001546694 1300 0.000007141 mult_time= 0.001620992
5564 0.003156910 2860 0.000007959 mult_time= 0.003253287
5100 0.000536132 2600 0.000010279 mult_time= 0.000624284
5304 0.000810235 2600 0.000008000 mult_time= 0.000893325
5000 0.001730416 2500 0.000008473 mult_time= 0.001819805
5250 0.001900341 2750 0.000008151 mult_time= 0.001990406
5250 0.000094141 2750 0.000008144 mult_time= 0.000175633
5355 0.000056629 2750 0.000010597 mult_time= 0.000155486
5618 0.002906059 2805 0.000008533 mult_time= 0.002998775
5150 0.000761467 2650 0.000007959 mult_time= 0.000831081
5300 0.002525425 2500 0.000007992 mult_time= 0.002586044
5050 0.002416319 2550 0.000008540 mult_time= 0.002514781
5565 0.002657864 2750 0.000008248 mult_time= 0.002722214
2675 0.000062331 2860 0.000010093 mult_time= 0.000113273
5670 0.000064460 2750 0.000008830 mult_time= 0.000139263
2650 0.000315471 2805 0.000007823 mult_time= 0.000364372
5610 0.001460910 3025 0.000010700 mult_time= 0.001531909
5775 0.002658194 2750 0.000008652 mult_time= 0.002724173
5555 0.003788662 2550 0.000008211 mult_time= 0.003846789
5250 0.004336997 2750 0.000009335 mult_time= 0.004397172
5508 0.000122950 2600 0.000008691 mult_time= 0.000204264
5355 0.003780317 2750 0.000008510 mult_time= 0.003853574
5555 0.006760538 2550 0.000009205 mult_time= 0.006821213
5610 0.002716373 3025 0.000008382 mult_time= 0.002777718
4000 0.001030635 1375 0.000006942 mult_time= 0.001077194
5050 0.002532555 2550 0.000009015 mult_time= 0.002590518
2650 0.000083996 2805 0.000014935 mult_time= 0.000162198
5508 0.000702906 2601 0.000010591 mult_time= 0.000778523
5830 0.003012225 2805 0.000008734 mult_time= 0.003084625
5100 0.001158013 2600 0.000012128 mult_time= 0.001221596
5100 0.001471643 2500 0.000009501 mult_time= 0.001533827
5555 0.004688012 2550 0.000008649 mult_time= 0.004751042
5555 0.002444653 2550 0.000008317 mult_time= 0.002506045
5252 0.001945749 2550 0.000010826 mult_time= 0.002007430
5050 0.000128998 2550 0.000008760 mult_time= 0.000188345
5830 0.000432591 2805 0.000008480 mult_time= 0.000505156
2650 0.000571823 2805 0.000007914 mult_time= 0.000623424
5300 0.001628991 2805 0.000009396 mult_time= 0.001702229
5355 0.003293259 2750 0.000008820 mult_time= 0.003355454
5200 0.001756503 2700 0.000009199 mult_time= 0.001820137
5350 0.002866896 2862 0.000009000 mult_time= 0.002935413
5775 0.000076023 2754 0.000027917 mult_time= 0.000165129
5200 0.000097286 2700 0.000026454 mult_time= 0.000178911
5000 0.000066048 2500 0.000124949 mult_time= 0.000273569
5500 0.000081990 2500 0.000024941 mult_time= 0.000180651
5100 0.000073346 2500 0.000030008 mult_time= 0.000163138
5050 0.000058468 2550 0.000026061 mult_time= 0.000139157
5100 0.000133297 2500 0.000035739 mult_time= 0.000222629
5500 0.000068543 3025 0.000026323 mult_time= 0.000156599
5250 0.000185070 2750 0.000008744 mult_time= 0.000248516
4160 0.000034109 1375 0.000010470 mult_time= 0.000088390
2500 0.002405603 2500 0.000008648 mult_time= 0.002454699
5050 0.000839583 2550 0.000015671 mult_time= 0.000953833
5100 0.001909287 2500 0.000008197 mult_time= 0.001971473
3750 0.001896445 1250 0.000006889 mult_time= 0.001943584
3750 0.002351896 1250 0.000006940 mult_time= 0.002397983
5400 0.001336413 2915 0.000016149 mult_time= 0.001428483
5150 0.001396052 2650 0.000008683 mult_time= 0.001462257
5665 0.001365976 2650 0.000008386 mult_time= 0.001429611
5200 0.001698933 2500 0.000008036 mult_time= 0.001758964
2500 0.001365131 2500 0.000007938 mult_time= 0.001415644
5500 0.000098149 2500 0.000007857 mult_time= 0.000166888
5775 0.000070453 2750 0.000007990 mult_time= 0.000134611
5500 0.001024255 2500 0.000007999 mult_time= 0.001085264
3750 0.001715652 1250 0.000009118 mult_time= 0.001767072
5885 0.001771001 2860 0.000008647 mult_time= 0.001842392
5665 0.001352632 2652 0.000008139 mult_time= 0.001418106
5406 0.002661670 2808 0.000008002 mult_time= 0.002724009
5610 0.000059420 2600 0.000008350 mult_time= 0.000139995
5720 0.000049665 2704 0.000011985 mult_time= 0.000117370
5350 0.001242796 2860 0.000008812 mult_time= 0.001312504
5350 0.000150848 2860 0.000007478 mult_time= 0.000207337
5100 0.000155714 2600 0.000008061 mult_time= 0.000213124
3850 0.000293475 1300 0.000009228 mult_time= 0.000342895
5250 0.000747670 2750 0.000008163 mult_time= 0.000807495
5500 0.000633386 2500 0.000007781 mult_time= 0.000693488
5000 0.000558377 2500 0.000007751 mult_time= 0.000613853
5460 0.000492834 2750 0.000011396 mult_time= 0.000557067
5300 0.000285038 2805 0.000007845 mult_time= 0.000345431
4000 0.000232392 1375 0.000006888 mult_time= 0.000280633
5250 0.000344610 2750 0.000008031 mult_time= 0.000413432
5050 0.000545527 2550 0.000007886 mult_time= 0.000613298
5000 0.000507402 2500 0.000010889 mult_time= 0.000564605
5350 0.000852152 2860 0.000008044 mult_time= 0.000939776
5670 0.000048994 2750 0.000010772 mult_time= 0.000109211
4080 0.000440576 1375 0.000006883 mult_time= 0.000486901
5200 0.000545498 2500 0.000008404 mult_time= 0.000605773
5151 0.000432115 2550 0.000008429 mult_time= 0.000494621
5000 0.000487544 2500 0.000011147 mult_time= 0.000547265
5100 0.001071069 2600 0.000007855 mult_time= 0.001129832
5050 0.000671608 2550 0.000008189 mult_time= 0.000732464
5775 0.000608367 2750 0.000008251 mult_time= 0.000670879
5670 0.000350423 2750 0.000008307 mult_time= 0.000411788
5670 0.000490425 2750 0.000007996 mult_time= 0.000549633
5300 0.000626076 2805 0.000007449 mult_time= 0.000695803
4000 0.000836894 1375 0.000007033 mult_time= 0.000884265
5724 0.001153846 2805 0.000007823 mult_time= 0.001218486
5100 0.000991980 2601 0.000007684 mult_time= 0.001046165
3800 0.003337955 1275 0.000006677 mult_time= 0.003382596
5250 0.002288845 2750 0.000010822 mult_time= 0.002349536
5400 0.003222820 2500 0.000007605 mult_time= 0.003278899
5050 0.002867204 2550 0.000007862 mult_time= 0.002923959
2525 0.002635317 2550 0.000007494 mult_time= 0.002679292
5100 0.003207818 2601 0.000010965 mult_time= 0.003268375
4104 0.003656161 1275 0.000007447 mult_time= 0.003704876
5304 0.000194180 2601 0.000008537 mult_time= 0.000257198
5050 0.000319386 2550 0.000010565 mult_time= 0.000376513
5250 0.000335979 2750 0.000008000 mult_time= 0.000404176
5050 0.000487598 2550 0.000010812 mult_time= 0.000557608
5457 0.000124112 2862 0.000019317 mult_time= 0.000192946
5720 0.000037599 2700 0.000080712 mult_time= 0.000167350
5720 0.000036727 2700 0.000033783 mult_time= 0.000121623
5665 0.000127357 2650 0.000081302 mult_time= 0.000257768
5250 0.000094105 2750 0.000030824 mult_time= 0.000172914
5050 0.000059260 2550 0.000112362 mult_time= 0.000230638
5000 0.000032429 2500 0.000022477 mult_time= 0.000101286
5500 0.000049813 3025 0.000025903 mult_time= 0.000127557
5250 0.000121393 2750 0.000008017 mult_time= 0.000178548
5775 0.001062618 2750 0.000007918 mult_time= 0.001121308
5100 0.001613225 2600 0.000010147 mult_time= 0.001698096
5355 0.001661429 2750 0.000008559 mult_time= 0.001723800
5304 0.002169614 2700 0.000008307 mult_time= 0.002227605
3750 0.002037274 1250 0.000006795 mult_time= 0.002080085
3900 0.002091425 1250 0.000006501 mult_time= 0.002132302
3750 0.001520559 1250 0.000012460 mult_time= 0.001591857
4080 0.001967556 1375 0.000011559 mult_time= 0.002038585
2650 0.001364329 2809 0.000009952 mult_time= 0.001496613
5400 0.002355732 2915 0.000008669 mult_time= 0.002489868
5885 0.002119483 2862 0.000008878 mult_time= 0.002238479
5610 0.001946588 2600 0.000008597 mult_time= 0.002040312
5100 0.002343721 2500 0.000007860 mult_time= 0.002439623
5200 0.002077184 2500 0.000007590 mult_time= 0.002157940
5400 0.000077516 2500 0.000010000 mult_time= 0.000220854
5250 0.000227289 2750 0.000008248 mult_time= 0.000349684
5500 0.000726406 2500 0.000008068 mult_time= 0.000827762
5616 0.000464416 2704 0.000008789 mult_time= 0.000563328
5100 0.000317881 2600 0.000010064 mult_time= 0.000408073
5665 0.000403640 2652 0.000008647 mult_time= 0.000500084
5250 0.000135787 2756 0.000007806 mult_time= 0.000235874
5304 0.000387790 2600 0.000007581 mult_time= 0.000484123
5150 0.001049825 2652 0.000007722 mult_time= 0.001133122
5150 0.002002733 2650 0.000008217 mult_time= 0.002090182
5250 0.001557561 2750 0.000008686 mult_time= 0.001653091
5555 0.002127672 2550 0.000008347 mult_time= 0.002217129
5000 0.001849441 2500 0.000008127 mult_time= 0.001945194
5250 0.001754198 2750 0.000008045 mult_time= 0.001840356
5300 0.001599739 2805 0.000008216 mult_time= 0.001686069
4000 0.000526814 1375 0.000006856 mult_time= 0.000577086
2500 0.000918742 2500 0.000007289 mult_time= 0.000963822
5353 0.001108515 2550 0.000008508 mult_time= 0.001175810
5000 0.000986919 2500 0.000007643 mult_time= 0.001044533
5670 0.000029825 2750 0.000016313 mult_time= 0.000099397
5830 0.002641824 2805 0.000008431 mult_time= 0.002708635
5100 0.000890123 2600 0.000008393 mult_time= 0.000949468
5355 0.001910478 2750 0.000008381 mult_time= 0.001974291
5200 0.001893820 2500 0.000008105 mult_time= 0.001953091
5200 0.000780353 2500 0.000008306 mult_time= 0.000842176
5500 0.002078128 2500 0.000007946 mult_time= 0.002144698
5000 0.002207080 2500 0.000008050 mult_time= 0.002263357
5250 0.001373764 2750 0.000008152 mult_time= 0.001432604
5670 0.003809890 2750 0.000007860 mult_time= 0.003870622
2000 0.002549270 1375 0.000006778 mult_time= 0.002592532
5050 0.002463996 2550 0.000007765 mult_time= 0.002519158
5100 0.002009800 2601 0.000008201 mult_time= 0.002069803
5050 0.002166176 2550 0.000007827 mult_time= 0.002230677
5100 0.003514496 2500 0.000007584 mult_time= 0.003575023
5000 0.001054594 2500 0.000008074 mult_time= 0.001114915
5200 0.001953742 2703 0.000010580 mult_time= 0.002018106
5300 0.002164447 2805 0.000007993 mult_time= 0.002232739
5610 0.001717046 2601 0.000007997 mult_time= 0.001778808
5300 0.001350239 2805 0.000008456 mult_time= 0.001417918
5555 0.000705154 2550 0.000008619 mult_time= 0.000780219
2650 0.000987295 2805 0.000010272 mult_time= 0.001049114
5050 0.000630312 2550 0.000008606 mult_time= 0.000690058
5300 0.001894359 2805 0.000008276 mult_time= 0.001954700
5610 0.006744073 2600 0.000008240 mult_time= 0.006802370
5200 0.000031608 2700 0.000007844 mult_time= 0.000084291
5512 0.002377445 2808 0.000007887 mult_time= 0.002436706
5200 0.000052851 2700 0.000023956 mult_time= 0.000121119
2500 0.000029707 2500 0.000023842 mult_time= 0.000096823
2500 0.000026987 2500 0.000021799 mult_time= 0.000081513
5300 0.000050121 2500 0.000022643 mult_time= 0.000124362
5565 0.000039755 2750 0.000043199 mult_time= 0.000130805
5500 0.000038216 2500 0.000020188 mult_time= 0.000105339
3750 0.000027017 1250 0.000013566 mult_time= 0.000076949
5564 0.000029893 2860 0.000027995 mult_time= 0.000114897
5500 0.000033076 3025 0.000008482 mult_time= 0.000092216
5355 0.000110061 2750 0.000007754 mult_time= 0.000166235
5200 0.000493180 2500 0.000008328 mult_time= 0.000581937
5050 0.000271614 2550 0.000010075 mult_time= 0.000331310
5000 0.000476694 2500 0.000011386 mult_time= 0.000544832
4235 0.000106876 1300 0.000006920 mult_time= 0.000152679
2000 0.000190081 1375 0.000005904 mult_time= 0.000228966
4000 0.000074977 1375 0.000006689 mult_time= 0.000120332
5670 0.001444024 2756 0.000018035 mult_time= 0.001533350
5400 0.001736441 2915 0.000008459 mult_time= 0.001805520
5940 0.001731966 2915 0.000008662 mult_time= 0.001801618
5610 0.001544817 2600 0.000008318 mult_time= 0.001608568
5250 0.001795910 2750 0.000007819 mult_time= 0.001856167
5000 0.001785436 2500 0.000007607 mult_time= 0.001840701
5508 0.000066743 2600 0.000007996 mult_time= 0.000126855
5355 0.000261917 2750 0.000007768 mult_time= 0.000324493
5000 0.001043512 2500 0.000007235 mult_time= 0.001110853
5100 0.001667379 2600 0.000009728 mult_time= 0.001752629
5100 0.002374931 2600 0.000008733 mult_time= 0.002437742
5100 0.000084503 2600 0.000008096 mult_time= 0.000145531
5304 0.000132351 2704 0.000008962 mult_time= 0.000197217
5885 0.000180712 2860 0.000008569 mult_time= 0.000258993
5610 0.002339838 2600 0.000008674 mult_time= 0.002410695
5304 0.000534679 2600 0.000008097 mult_time= 0.000600711
5250 0.000490307 2750 0.000008172 mult_time= 0.000551909
3750 0.000420103 1250 0.000007215 mult_time= 0.000473415
5500 0.000065489 3025 0.000008099 mult_time= 0.000141832
5450 0.000070563 2970 0.000007943 mult_time= 0.000148175
5500 0.000766166 2500 0.000027254 mult_time= 0.000853998
5000 0.000943553 2500 0.000008345 mult_time= 0.001033353
5454 0.001356795 2550 0.000007666 mult_time= 0.001417726
5355 0.002613980 2750 0.000008126 mult_time= 0.002676866
5300 0.000082578 2805 0.000010378 mult_time= 0.000143419
5460 0.001634422 2750 0.000008349 mult_time= 0.001694414
5610 0.000682731 2600 0.000007837 mult_time= 0.000744192
5000 0.001050332 2500 0.000007538 mult_time= 0.001104605
3750 0.004789857 1250 0.000009263 mult_time= 0.004843579
5000 0.002191941 2500 0.000007580 mult_time= 0.002248845
5610 0.000588885 3025 0.000010614 mult_time= 0.000653471
5500 0.000784257 3025 0.000008377 mult_time= 0.000851120
5250 0.001147492 2750 0.000008558 mult_time= 0.001209903
5151 0.002493284 2550 0.000007693 mult_time= 0.002549847
5830 0.000089183 2805 0.000010636 mult_time= 0.000158727
5250 0.002166859 2754 0.000007828 mult_time= 0.002226540
5508 0.000367598 2600 0.000007197 mult_time= 0.000423960
5151 0.002717232 2550 0.000011837 mult_time= 0.002783089
5150 0.006354007 2652 0.000007988 mult_time= 0.006411442
5250 0.002615006 2754 0.000007761 mult_time= 0.002673739
5253 0.000116638 2652 0.000008232 mult_time= 0.000191686
5050 0.000295729 2550 0.000008120 mult_time= 0.000353139
5555 0.000986457 2550 0.000008608 mult_time= 0.001051414
4180 0.001857036 1275 0.000007032 mult_time= 0.001906619
5250 0.001772009 2750 0.000008419 mult_time= 0.001841195
5555 0.002498503 2550 0.000010985 mult_time= 0.002567767
5000 0.001969758 2500 0.000007610 mult_time= 0.002025698
5406 0.000048385 2808 0.000011135 mult_time= 0.000111034
5304 0.000038579 2700 0.000028768 mult_time= 0.002870109
3950 0.000061480 1350 0.000015920 mult_time= 0.000116931
5100 0.000040953 2500 0.000022508 mult_time= 0.000118460
5050 0.000041037 2550 0.000024671 mult_time= 0.000125459
1875 0.000026567 1250 0.000015441 mult_time= 0.000075127
5250 0.000051469 2750 0.000033335 mult_time= 0.000132096
5500 0.000045055 3025 0.000007912 mult_time= 0.000117545
5300 0.000058034 2805 0.000007818 mult_time= 0.000114264
4000 0.000410477 1375 0.000006529 mult_time= 0.000455644
5460 0.000500587 2750 0.000008090 mult_time= 0.000571897
5500 0.000631916 2500 0.000007655 mult_time= 0.000689707
5500 0.000496771 2500 0.000007999 mult_time= 0.000554974
4235 0.000390918 1300 0.000006934 mult_time= 0.000440285
3750 0.000051248 1250 0.000009692 mult_time= 0.000098415
4125 0.000074647 1250 0.000006617 mult_time= 0.000125619
