5250 0.001862183 2756 0.000023013 mult_time= 0.002038512
5150 0.002211693 2650 0.000008607 mult_time= 0.002302825
5150 0.002204264 2650 0.000016464 mult_time= 0.002312248
5100 0.002882601 2600 0.000007993 mult_time= 0.002969815
5252 0.001217700 2550 0.000008121 mult_time= 0.001297918
3750 0.002993654 1250 0.000008235 mult_time= 0.003125569
5460 0.001310982 2750 0.000007976 mult_time= 0.001404068
5250 0.001365821 2750 0.000009040 mult_time= 0.001454045
5720 0.001902044 2704 0.000009197 mult_time= 0.001996991
5508 0.003105610 2600 0.000008915 mult_time= 0.003193852
5202 0.003412509 2600 0.000008735 mult_time= 0.003503672
5100 0.002851771 2600 0.000008017 mult_time= 0.002936954
5100 0.001158523 2500 0.000008712 mult_time= 0.001243925
5355 0.001759956 2750 0.000008670 mult_time= 0.001852901
5250 0.001880339 2750 0.000008274 mult_time= 0.001973428
5350 0.002796377 2860 0.000007988 mult_time= 0.002882304
5250 0.003049564 2750 0.000009008 mult_time= 0.003168436
5500 0.001122263 2500 0.000014686 mult_time= 0.001247106
5000 0.001786793 2500 0.000007946 mult_time= 0.001877386
5050 0.002322855 2550 0.000007919 mult_time= 0.002400597
3750 0.001370779 1250 0.000006501 mult_time= 0.001417975
5885 0.007999881 2860 0.000027563 mult_time= 0.008093279
5000 0.001751248 2500 0.000009017 mult_time= 0.001813970
5250 0.003368395 2750 0.000012714 mult_time= 0.003445241
5050 0.004536434 2550 0.000007958 mult_time= 0.004595038
5459 0.004197371 2650 0.000008003 mult_time= 0.004258695
5250 0.004679161 2750 0.000008217 mult_time= 0.004737956
5200 0.000147092 2700 0.000007789 mult_time= 0.000201059
2625 0.000111117 2750 0.000026852 mult_time= 0.000176602
3750 0.002159604 1250 0.000006902 mult_time= 0.002204439
5250 0.002188301 2750 0.000008158 mult_time= 0.002246124
5500 0.000597548 3025 0.000008025 mult_time= 0.000656215
5050 0.003718277 2550 0.000025228 mult_time= 0.003791848
5512 0.002670663 2805 0.000012386 mult_time= 0.002740291
5304 0.003149246 2601 0.000014997 mult_time= 0.003235775
5150 0.000091832 2650 0.000008466 mult_time= 0.000183897
5400 0.000344262 2500 0.000008446 mult_time= 0.000409159
5355 0.001613156 2750 0.000008610 mult_time= 0.001673703
5100 0.002740425 2500 0.000008331 mult_time= 0.002798006
2525 0.004618845 2550 0.000008398 mult_time= 0.004669520
5300 0.002452687 2805 0.000008322 mult_time= 0.002512089
5300 0.001740452 2805 0.000007866 mult_time= 0.001797862
5150 0.002097666 2652 0.000028528 mult_time= 0.002208534
5100 0.001206445 2601 0.000007681 mult_time= 0.001261767
3800 0.001923737 1275 0.000006719 mult_time= 0.001968050
5000 0.003158990 2500 0.000008427 mult_time= 0.003219808
5000 0.002810247 2500 0.000029055 mult_time= 0.002885573
5512 0.003533717 2808 0.000007964 mult_time= 0.003590713
5940 0.000036276 2916 0.000027967 mult_time= 0.000132085
5150 0.002588543 2650 0.000022496 mult_time= 0.002659524
5250 0.000030583 2750 0.000029059 mult_time= 0.000111748
5500 0.000053098 2500 0.000098755 mult_time= 0.000229548
5250 0.000070645 2750 0.000032791 mult_time= 0.000161369
5250 0.000130499 2750 0.000027651 mult_time= 0.000213225
5250 0.000041361 2750 0.000009295 mult_time= 0.000128947
5775 0.000914812 2750 0.000008157 mult_time= 0.000973920
5100 0.001082432 2500 0.000029559 mult_time= 0.001165417
5460 0.000859945 2750 0.000008306 mult_time= 0.000918104
5200 0.000863673 2500 0.000010798 mult_time= 0.000920134
5100 0.002145106 2500 0.000008300 mult_time= 0.002206322
3927 0.002048143 1300 0.000025273 mult_time= 0.002108926
3952 0.000922133 1275 0.000025900 mult_time= 0.001009071
3750 0.000983700 1250 0.000006984 mult_time= 0.001027156
5400 0.001449373 2915 0.000012710 mult_time= 0.001546684
5150 0.001311729 2650 0.000008830 mult_time= 0.001377201
4134 0.003625513 1325 0.000007301 mult_time= 0.003679953
5000 0.001585156 2500 0.000007895 mult_time= 0.001643469
5050 0.001224676 2550 0.000008104 mult_time= 0.001284614
3900 0.001163770 1250 0.000006922 mult_time= 0.001220610
5000 0.000133098 2500 0.000007262 mult_time= 0.000195864
5500 0.001026284 2500 0.000012988 mult_time= 0.001144470
5250 0.001851439 2756 0.000028743 mult_time= 0.001932733
5350 0.001957261 2860 0.000033513 mult_time= 0.002059530
5100 0.002009943 2600 0.000008096 mult_time= 0.002071665
5457 0.003731903 2860 0.000007931 mult_time= 0.003793796
5665 0.000193411 2652 0.000010145 mult_time= 0.000285185
5150 0.000236852 2652 0.000008216 mult_time= 0.000298434
2675 0.000347497 2860 0.000008134 mult_time= 0.000418539
5100 0.000726002 2600 0.000012515 mult_time= 0.000804459
5000 0.000692157 2500 0.000008249 mult_time= 0.000754438
5000 0.000800917 2500 0.000008534 mult_time= 0.000863945
5460 0.000700305 2750 0.000008418 mult_time= 0.000764910
5250 0.000382402 2750 0.000011032 mult_time= 0.000450031
5450 0.000238820 2970 0.000011478 mult_time= 0.000309107
5610 0.000375217 2600 0.000008322 mult_time= 0.000441185
5050 0.000522041 2550 0.000007443 mult_time= 0.000604384
5000 0.000589343 2500 0.000007955 mult_time= 0.000646114
6050 0.000527911 3025 0.000010624 mult_time= 0.000597749
5668 0.000121414 2970 0.000019224 mult_time= 0.000195513
5500 0.000266892 2500 0.000007644 mult_time= 0.000327167
2500 0.000426435 2500 0.000007373 mult_time= 0.000484860
5300 0.000740781 2500 0.000007366 mult_time= 0.000798221
5500 0.000644776 2500 0.000008256 mult_time= 0.000710048
5000 0.000124263 2500 0.000007213 mult_time= 0.000181157
5200 0.000614075 2700 0.000007755 mult_time= 0.000671927
5457 0.000638264 2860 0.000008065 mult_time= 0.000698593
5720 0.000597322 3025 0.000011058 mult_time= 0.000673994
5559 0.000841132 2970 0.000008239 mult_time= 0.000903887
5050 0.001195165 2550 0.000008236 mult_time= 0.001256056
5050 0.001576281 2550 0.000007888 mult_time= 0.001632681
4180 0.001845668 1275 0.000007059 mult_time= 0.001891411
5500 0.000957720 2500 0.000008160 mult_time= 0.001015140
5353 0.002544705 2550 0.000007828 mult_time= 0.002599589
5000 0.003291069 2500 0.000010656 mult_time= 0.003346277
5356 0.002856063 2652 0.000008022 mult_time= 0.002910746
5830 0.002791109 2805 0.000007965 mult_time= 0.002849121
5050 0.003680530 2550 0.000007883 mult_time= 0.003732739
5454 0.000085478 2550 0.000010330 mult_time= 0.000141758
5150 0.000107808 2652 0.000007419 mult_time= 0.000160864
5300 0.000204154 2805 0.000007841 mult_time= 0.000259870
5151 0.000228399 2550 0.000008115 mult_time= 0.000282203
5050 0.000180944 2550 0.000010625 mult_time= 0.000239051
5300 0.000705540 2805 0.000008187 mult_time= 0.000764179
5000 0.000316297 2500 0.000008201 mult_time= 0.000373910
5050 0.000406045 2550 0.000011592 mult_time= 0.000464427
5457 0.000157166 2862 0.000011029 mult_time= 0.000217786
5200 0.000062863 2700 0.000025679 mult_time= 0.000134583
5250 0.000077029 2754 0.000026799 mult_time= 0.000151253
2575 0.000092175 2650 0.000026280 mult_time= 0.000158698
5100 0.000067491 2500 0.000023042 mult_time= 0.000136348
5100 0.000097222 2500 0.000022414 mult_time= 0.000164346
5200 0.000106014 2500 0.000024054 mult_time= 0.000181720
5350 0.000082569 2860 0.000036034 mult_time= 0.000166360
5512 0.000069591 2805 0.000008679 mult_time= 0.000127733
5355 0.000644963 2750 0.000008251 mult_time= 0.000701350
5562 0.000683158 2650 0.000008046 mult_time= 0.000739110
5250 0.001933078 2750 0.000008169 mult_time= 0.001996079
5000 0.001606892 2500 0.000007979 mult_time= 0.001661458
5460 0.002230365 2750 0.000008253 mult_time= 0.002291377
4000 0.002511904 1375 0.000007265 mult_time= 0.002557308
3750 0.001712575 1250 0.000007640 mult_time= 0.001767614
4050 0.001445705 1250 0.000007584 mult_time= 0.001493443
5356 0.001399103 2650 0.000008754 mult_time= 0.001528407
2700 0.002310617 2915 0.000008429 mult_time= 0.002369204
5150 0.001860783 2650 0.000013100 mult_time= 0.001937075
5100 0.001905151 2600 0.000007880 mult_time= 0.001966547
5500 0.002346469 2500 0.000007980 mult_time= 0.002414678
2600 0.002093503 2700 0.000022598 mult_time= 0.002159542
5100 0.000064491 2500 0.000007434 mult_time= 0.000131448
5250 0.000205662 2750 0.000007729 mult_time= 0.000266192
5050 0.000598027 2550 0.000012947 mult_time= 0.000662540
5100 0.000620904 2600 0.000007749 mult_time= 0.000685011
5100 0.000459770 2600 0.000007565 mult_time= 0.000518542
5100 0.000235224 2600 0.000007838 mult_time= 0.000296655
5610 0.000083559 2600 0.000007708 mult_time= 0.000152670
5202 0.000721920 2600 0.000007450 mult_time= 0.000781080
5885 0.000082293 2860 0.000008088 mult_time= 0.000171733
5100 0.002126253 2500 0.000008015 mult_time= 0.002187500
5000 0.001624673 2500 0.000007860 mult_time= 0.001683037
2525 0.002429941 2550 0.000007655 mult_time= 0.002482440
5350 0.000074382 2860 0.000007804 mult_time= 0.000142787
5250 0.000046792 2750 0.000007792 mult_time= 0.000120638
5300 0.001739851 2805 0.000007659 mult_time= 0.001802440
5775 0.000269398 2750 0.000007863 mult_time= 0.000338332
5100 0.001328775 2600 0.000007099 mult_time= 0.001395382
5300 0.000401270 2500 0.000007349 mult_time= 0.000458225
5555 0.001194820 2550 0.000011248 mult_time= 0.001256692
5250 0.000101256 2750 0.000008518 mult_time= 0.000175943
5350 0.000055882 2860 0.000007943 mult_time= 0.000120715
2625 0.000117058 2750 0.000019892 mult_time= 0.000196305
5559 0.000110197 2970 0.000007541 mult_time= 0.000183239
5000 0.000887753 2500 0.000007879 mult_time= 0.000974935
5100 0.001459230 2500 0.000007845 mult_time= 0.001516241
5300 0.001675035 2500 0.000007509 mult_time= 0.001732025
4125 0.001797788 1250 0.000010567 mult_time= 0.001863278
5000 0.001297957 2500 0.000007749 mult_time= 0.001353153
5500 0.004495072 2500 0.000010490 mult_time= 0.004556181
5671 0.002288844 2860 0.000010587 mult_time= 0.002352848
5500 0.002835072 3025 0.000007816 mult_time= 0.002897464
5565 0.003018099 2750 0.000007840 mult_time= 0.003075455
5050 0.001311590 2550 0.000006921 mult_time= 0.001363963
5050 0.002274839 2550 0.000010581 mult_time= 0.002348716
5355 0.004605189 2754 0.000007570 mult_time= 0.004669551
5000 0.004221597 2500 0.000007277 mult_time= 0.004277258
3900 0.002153897 1250 0.000006611 mult_time= 0.002199409
5406 0.004050292 2805 0.000007823 mult_time= 0.004110041
5555 0.001785409 2550 0.000007486 mult_time= 0.001842477
5555 0.000246959 2550 0.000007690 mult_time= 0.000306950
5665 0.000534550 2652 0.000007567 mult_time= 0.000594251
5724 0.001754289 2805 0.000007945 mult_time= 0.001877867
2525 0.001767430 2550 0.000007971 mult_time= 0.001814314
5100 0.002399171 2600 0.000007354 mult_time= 0.002455381
5000 0.002628877 2500 0.000007703 mult_time= 0.002683022
5500 0.002224687 2500 0.000007459 mult_time= 0.002281468
5720 0.000071777 2700 0.000007626 mult_time= 0.000132223
5300 0.000031397 2808 0.000008129 mult_time= 0.000089635
5450 0.000018779 2970 0.000026447 mult_time= 0.000103956
5512 0.001035490 2700 0.000024405 mult_time= 0.001108673
5500 0.000040997 2500 0.000035214 mult_time= 0.000145260
5250 0.000035337 2750 0.000023721 mult_time= 0.000110397
5460 0.000042797 2750 0.000033187 mult_time= 0.000128588
5100 0.000035171 2500 0.000041450 mult_time= 0.000157912
5400 0.000244632 2915 0.000027689 mult_time= 0.000335741
5610 0.000063149 3025 0.000031389 mult_time= 0.000150528
5300 0.000071230 2805 0.000008355 mult_time= 0.000132726
5000 0.000771928 2500 0.000008079 mult_time= 0.000831935
5355 0.000351430 2750 0.000008098 mult_time= 0.000409050
5050 0.000274656 2550 0.000007442 mult_time= 0.000330686
5500 0.000392529 2500 0.000007389 mult_time= 0.000450275
4080 0.000131747 1375 0.000006290 mult_time= 0.000176148
3800 0.000191336 1275 0.000006254 mult_time= 0.000235392
2750 0.000041187 625 0.000008533 mult_time= 0.000083927
5250 0.001263431 2756 0.000009924 mult_time= 0.001363699
5616 0.001633030 2915 0.000008302 mult_time= 0.001703495
5885 0.002061136 2862 0.000008018 mult_time= 0.002135819
5100 0.003234282 2600 0.000007630 mult_time= 0.003299599
5000 0.001573448 2500 0.000007863 mult_time= 0.001635812
5000 0.001606386 2500 0.000007687 mult_time= 0.001666043
5250 0.000095368 2750 0.000007993 mult_time= 0.000159734
5000 0.000618365 2500 0.000007057 mult_time= 0.000675599
5100 0.001373818 2500 0.000010517 mult_time= 0.001434478
5350 0.000621288 2860 0.000014536 mult_time= 0.000707394
5350 0.002644666 2860 0.000008447 mult_time= 0.002709256
5406 0.003276660 2600 0.000008267 mult_time= 0.003364946
5564 0.000709463 2860 0.000007935 mult_time= 0.000775525
5250 0.000372907 2750 0.000007501 mult_time= 0.000446472
5151 0.000380927 2550 0.000007490 mult_time= 0.000449344
5200 0.000438797 2700 0.000014010 mult_time= 0.000499707
4125 0.000448531 1250 0.000006044 mult_time= 0.000494870
5355 0.000092617 2750 0.000010463 mult_time= 0.000168486
5777 0.000111180 2970 0.000008331 mult_time= 0.000186647
5500 0.001003875 2500 0.000008000 mult_time= 0.001065567
5500 0.001036589 2500 0.000007989 mult_time= 0.001116817
5050 0.001321406 2550 0.000008348 mult_time= 0.001415374
3750 0.000514424 1250 0.000007441 mult_time= 0.000568311
5564 0.001730380 2860 0.000008169 mult_time= 0.001794873
5500 0.001280031 3025 0.000007806 mult_time= 0.001341706
5000 0.000688714 2500 0.000007575 mult_time= 0.000744035
5050 0.001406949 2550 0.000007238 mult_time= 0.001462546
5000 0.001282211 2500 0.000010526 mult_time= 0.001340922
5100 0.000046607 2600 0.000007523 mult_time= 0.000100753
5355 0.002564975 2750 0.000007602 mult_time= 0.002625283
5000 0.001789101 2500 0.000008100 mult_time= 0.001878894
6050 0.001527992 3025 0.000010817 mult_time= 0.001596748
5355 0.001190198 2750 0.000008088 mult_time= 0.001249698
5150 0.000550263 2652 0.000007538 mult_time= 0.000606429
5555 0.004459018 2550 0.000007270 mult_time= 0.004515515
5150 0.000127765 2650 0.000007415 mult_time= 0.000204132
5200 0.000218366 2500 0.000008524 mult_time= 0.000316688
5454 0.001487345 2550 0.000008255 mult_time= 0.001554308
5150 0.006348508 2652 0.000015623 mult_time= 0.006426353
5151 0.005238407 2550 0.000007911 mult_time= 0.005298227
5050 0.000491741 2550 0.000007864 mult_time= 0.000550553
5250 0.001053852 2754 0.000008209 mult_time= 0.001116136
5100 0.003068913 2500 0.000008507 mult_time= 0.003127868
5250 0.002854035 2750 0.000008362 mult_time= 0.002917000
5300 0.002178550 2500 0.000007625 mult_time= 0.002235692
5512 0.002817015 2808 0.000007865 mult_time= 0.002879440
5200 0.000067891 2700 0.000214257 mult_time= 0.000341916
5724 0.000602196 2916 0.000025642 mult_time= 0.000684337
5304 0.000061944 2600 0.000117641 mult_time= 0.000231908
5400 0.000033115 2500 0.000032381 mult_time= 0.000128907
5000 0.000071177 2500 0.000032439 mult_time= 0.000155954
5775 0.000060564 2750 0.000022579 mult_time= 0.000136908
5350 0.000033675 2860 0.000024319 mult_time= 0.000108190
5500 0.000094506 3025 0.000013400 mult_time= 0.000184307
5450 0.000166599 2970 0.000009260 mult_time= 0.000243152
5100 0.000439022 2600 0.000015479 mult_time= 0.000501407
5355 0.000448635 2750 0.000007990 mult_time= 0.000509959
2625 0.000591819 2750 0.000007377 mult_time= 0.000637690
3750 0.000117227 1250 0.000006632 mult_time= 0.000159706
4180 0.000069321 1275 0.000006872 mult_time= 0.000124360
4125 0.000059376 1250 0.000008927 mult_time= 0.000108108
