capacity sum_comm_cmp max(sum_comm,sum_comp) sum_comm sum_comp	optimal_time_infinite_case order_of_submission order_of_optimal_strategy_infinite_memory increasing_order_of_communication_strategy decreasing_order_of_computation_strategy increasing_order_of_communication_plus_computation_strategy decreasing_order_of_communication_plus_computation_strategy largest_communication_task_respects_memory_restriction smallest_communication_task_respects_memory_restriction maximum_accelerated_task_respects_memory_restriction optimal_order_infinite_memory_largest_communication_task_respects_memory_restriction optimal_order_infinite_memory_smallest_communication_task_respects_memory_restriction optimal_order_infinite_memory_maximum_accelerated_task_respects_memory_restriction
899 2.157503423 1.785077029 1.785077029 0.372426394	1.785087874 2.025384984 2.022450318 2.023838862 2.021639297 2.017437137 2.018375043 1.907066861 1.873708155 1.873708155 1.873650149 1.873650149 1.885154690
988 2.157503423 1.785077029 1.785077029 0.372426394	1.785087874 1.987634094 1.987143060 1.988040820 1.985650165 1.981059064 1.981094752 1.881277089 1.840058506 1.840058506 1.851146939 1.851146939 1.849792989
1077 2.157503423 1.785077029 1.785077029 0.372426394	1.785087874 1.950023607 1.948688165 1.952558047 1.947640602 1.938101666 1.939160183 1.857531786 1.811226693 1.811226693 1.836940336 1.836940336 1.837883211
1166 2.157503423 1.785077029 1.785077029 0.372426394	1.785087874 1.917932765 1.918589529 1.920053371 1.915428382 1.905225532 1.905608552 1.838036553 1.799333625 1.799333625 1.819843372 1.819843372 1.823700120
1255 2.157503423 1.785077029 1.785077029 0.372426394	1.785087874 1.886551744 1.890607697 1.892252045 1.885707858 1.877752918 1.877233300 1.821523210 1.793600651 1.793600651 1.810457614 1.810457614 1.817665048
1344 2.157503423 1.785077029 1.785077029 0.372426394	1.785087874 1.862313152 1.867656929 1.867519054 1.862325493 1.854088996 1.854043988 1.811587358 1.792786139 1.792786139 1.801884257 1.801884257 1.816053619
1433 2.157503423 1.785077029 1.785077029 0.372426394	1.785087874 1.840877460 1.848497453 1.847011048 1.840862230 1.831065014 1.831415351 1.801073109 1.793107644 1.793107644 1.798881606 1.798881606 1.813237731
1522 2.157503423 1.785077029 1.785077029 0.372426394	1.785087874 1.823701516 1.833266103 1.830434730 1.824597631 1.814780856 1.814652941 1.796994763 1.792116984 1.792116984 1.793789510 1.793789510 1.812051482
1611 2.157503423 1.785077029 1.785077029 0.372426394	1.785087874 1.812174168 1.822867131 1.819467539 1.811709972 1.802356443 1.802395033 1.794219464 1.792013195 1.792013195 1.793582348 1.793582348 1.812630864
1700 2.157503423 1.785077029 1.785077029 0.372426394	1.785087874 1.803874177 1.815592237 1.811909187 1.802721464 1.795058433 1.794873400 1.793083473 1.790247919 1.790247919 1.792959777 1.792959777 1.811357204
899 2.221661903 1.886258487 1.886258487 0.335403416	1.886269170 2.097813139 2.098025496 2.095978704 2.097183237 2.090809995 2.094554968 1.988282043 1.957030519 1.957030519 1.962848674 1.962848674 1.965582391
988 2.221661903 1.886258487 1.886258487 0.335403416	1.886269170 2.064496949 2.064784794 2.065688960 2.062928490 2.059024978 2.061548862 1.964298093 1.923809001 1.923809001 1.934919948 1.934919948 1.931977633
1077 2.221661903 1.886258487 1.886258487 0.335403416	1.886269170 2.030225917 2.032321373 2.031791505 2.030094065 2.021524573 2.022819158 1.944258369 1.901140672 1.901140672 1.925840253 1.925840253 1.922348137
1166 2.221661903 1.886258487 1.886258487 0.335403416	1.886269170 2.001454032 2.001143946 2.002541859 1.998985865 1.990973312 1.989775582 1.927942791 1.894985061 1.894985061 1.913476192 1.913476192 1.910283996
1255 2.221661903 1.886258487 1.886258487 0.335403416	1.886269170 1.973083905 1.974563787 1.976108169 1.971188419 1.964065822 1.962909390 1.914936887 1.891634287 1.891634287 1.905036483 1.905036483 1.908411716
1344 2.221661903 1.886258487 1.886258487 0.335403416	1.886269170 1.951611639 1.954371550 1.954304858 1.949469085 1.940980603 1.940882759 1.904310278 1.892130184 1.892130184 1.898399839 1.898399839 1.906539211
1433 2.221661903 1.886258487 1.886258487 0.335403416	1.886269170 1.932856057 1.937235000 1.935424521 1.931140215 1.922523803 1.922507124 1.899977576 1.891867296 1.891867296 1.894452974 1.894452974 1.905610643
1522 2.221661903 1.886258487 1.886258487 0.335403416	1.886269170 1.917154943 1.922616182 1.921296026 1.915773457 1.909024911 1.909460633 1.895047888 1.891164870 1.891164870 1.892181378 1.892181378 1.904095128
1611 2.221661903 1.886258487 1.886258487 0.335403416	1.886269170 1.907248143 1.912276922 1.909798926 1.904984061 1.898288907 1.898786840 1.892227790 1.891065213 1.891065213 1.892018179 1.892018179 1.903560903
1700 2.221661903 1.886258487 1.886258487 0.335403416	1.886269170 1.900503568 1.906427459 1.903544529 1.898203650 1.891759540 1.891951018 1.891228410 1.890177053 1.890177053 1.891160561 1.891160561 1.902617807
899 2.145121368 1.775586646 1.775586646 0.369534722	1.775596984 2.012508055 2.011434553 2.013810901 2.011530920 2.005112759 2.005092075 1.894004529 1.864401920 1.864401920 1.866591764 1.866591764 1.873904150
988 2.145121368 1.775586646 1.775586646 0.369534722	1.775596984 1.974676902 1.974613884 1.974728231 1.973732225 1.963765464 1.965987242 1.872017600 1.829096074 1.829096074 1.832277060 1.832277060 1.838787930
1077 2.145121368 1.775586646 1.775586646 0.369534722	1.775596984 1.938495558 1.939429522 1.936716771 1.937727943 1.925816525 1.927606976 1.849167130 1.802590531 1.802590531 1.824156607 1.824156607 1.825087746
1166 2.145121368 1.775586646 1.775586646 0.369534722	1.775596984 1.907184330 1.907217155 1.905267605 1.900846499 1.894168999 1.892318703 1.829884680 1.790018881 1.790018881 1.807908600 1.807908600 1.812935494
1255 2.145121368 1.775586646 1.775586646 0.369534722	1.775596984 1.876204352 1.879689499 1.877488795 1.872222619 1.867100822 1.865011187 1.810526900 1.785346477 1.785346477 1.799516190 1.799516190 1.805738445
1344 2.145121368 1.775586646 1.775586646 0.369534722	1.775596984 1.851655071 1.856216208 1.852553275 1.847830277 1.842280597 1.841158257 1.801117056 1.784393500 1.784393500 1.793444893 1.793444893 1.804171408
1433 2.145121368 1.775586646 1.775586646 0.369534722	1.775596984 1.830017014 1.835758923 1.832183626 1.826767866 1.820450458 1.818765931 1.794025141 1.783848336 1.783848336 1.789079787 1.789079787 1.801801689
1522 2.145121368 1.775586646 1.775586646 0.369534722	1.775596984 1.812885359 1.819294285 1.815637132 1.810649877 1.803517101 1.803097777 1.786873880 1.782120133 1.782120133 1.784642046 1.784642046 1.799796088
1611 2.145121368 1.775586646 1.775586646 0.369534722	1.775596984 1.801746382 1.807768940 1.803416595 1.797464399 1.791838893 1.791624493 1.785357364 1.782727844 1.782727844 1.783278021 1.783278021 1.798771999
1700 2.145121368 1.775586646 1.775586646 0.369534722	1.775596984 1.794373473 1.799372676 1.796232824 1.789373193 1.783898118 1.783720797 1.783849486 1.780611169 1.780611169 1.780922298 1.780922298 1.796461373
899 2.123459573 1.765084833 1.765084833 0.358374740	1.765094663 1.994076772 1.990723364 1.993731850 1.990675200 1.989547066 1.990340698 1.880626603 1.848669094 1.848669094 1.853268873 1.853268873 1.857125777
988 2.123459573 1.765084833 1.765084833 0.358374740	1.765094663 1.958011470 1.956605472 1.955932011 1.957344982 1.948516772 1.949576050 1.855164163 1.812412252 1.812412252 1.817731989 1.817731989 1.823342387
1077 2.123459573 1.765084833 1.765084833 0.358374740	1.765094663 1.921544641 1.921353380 1.920033697 1.919713724 1.914342213 1.914751693 1.833034163 1.787473983 1.787473983 1.809436229 1.809436229 1.810335562
1166 2.123459573 1.765084833 1.765084833 0.358374740	1.765094663 1.891968198 1.890147597 1.886818837 1.887063896 1.881056863 1.880181309 1.815523761 1.775550803 1.775550803 1.797718660 1.797718660 1.799101282
1255 2.123459573 1.765084833 1.765084833 0.358374740	1.765094663 1.861775363 1.862043720 1.858596707 1.858050728 1.850337082 1.850869130 1.798950879 1.772851300 1.772851300 1.786347025 1.786347025 1.792264857
1344 2.123459573 1.765084833 1.765084833 0.358374740	1.765094663 1.838315520 1.839549759 1.834780254 1.835081201 1.824741660 1.824457472 1.788392874 1.772782995 1.772782995 1.779799365 1.779799365 1.789863563
1433 2.123459573 1.765084833 1.765084833 0.358374740	1.765094663 1.817279453 1.819776304 1.817094742 1.813703388 1.806450921 1.805737088 1.779975478 1.771914302 1.771914302 1.776028492 1.776028492 1.787802665
1522 2.123459573 1.765084833 1.765084833 0.358374740	1.765094663 1.800812894 1.805487016 1.801176729 1.798423820 1.790088929 1.789716707 1.774917290 1.771307923 1.771307923 1.772854808 1.772854808 1.786602975
1611 2.123459573 1.765084833 1.765084833 0.358374740	1.765094663 1.789560188 1.793793424 1.789429597 1.785405866 1.779980714 1.779953775 1.771542083 1.768913588 1.768913588 1.771229575 1.771229575 1.785951933
1700 2.123459573 1.765084833 1.765084833 0.358374740	1.765094663 1.781978518 1.786749728 1.782338349 1.777879449 1.771970073 1.772120855 1.770812440 1.769770128 1.769770128 1.770039062 1.770039062 1.785759165
899 2.144790836 1.777667306 1.777667306 0.367123530	1.777678570 2.011445035 2.012080764 2.012212268 2.009108404 2.003337843 2.004037272 1.896314360 1.860477417 1.860477417 1.866263647 1.866263647 1.872015916
988 2.144790836 1.777667306 1.777667306 0.367123530	1.777678570 1.974724735 1.973573466 1.976693642 1.972414808 1.965524051 1.966207609 1.870532922 1.825867489 1.825867489 1.833067194 1.833067194 1.837981612
1077 2.144790836 1.777667306 1.777667306 0.367123530	1.777678570 1.937564681 1.935967648 1.937530283 1.933606826 1.929499710 1.928388420 1.848552597 1.801309807 1.801309807 1.827665003 1.827665003 1.825473433
1166 2.144790836 1.777667306 1.777667306 0.367123530	1.777678570 1.906004307 1.903981674 1.904816540 1.901886948 1.895607994 1.894243410 1.828741692 1.789948038 1.789948038 1.812564422 1.812564422 1.811179042
1255 2.144790836 1.777667306 1.777667306 0.367123530	1.777678570 1.874917156 1.876428438 1.877415223 1.873528400 1.866913985 1.866529350 1.814018305 1.787427492 1.787427492 1.799722795 1.799722795 1.804771300
1344 2.144790836 1.777667306 1.777667306 0.367123530	1.777678570 1.851313424 1.852248241 1.852001746 1.847070630 1.841708243 1.841684634 1.801597346 1.784686736 1.784686736 1.792514448 1.792514448 1.802081553
1433 2.144790836 1.777667306 1.777667306 0.367123530	1.777678570 1.830026242 1.832733671 1.832249867 1.826825793 1.819880367 1.819747397 1.793507526 1.784479398 1.784479398 1.787943858 1.787943858 1.801811370
1522 2.144790836 1.777667306 1.777667306 0.367123530	1.777678570 1.813294135 1.818338521 1.816917638 1.810990697 1.803620874 1.803373092 1.788489041 1.784405317 1.784405317 1.786174393 1.786174393 1.799943514
1611 2.144790836 1.777667306 1.777667306 0.367123530	1.777678570 1.802131294 1.807641980 1.804379057 1.799060597 1.792438163 1.792097072 1.785480740 1.781991897 1.781991897 1.784565345 1.784565345 1.799381527
1700 2.144790836 1.777667306 1.777667306 0.367123530	1.777678570 1.793958127 1.800510056 1.796885813 1.790278458 1.784963626 1.784893616 1.784438517 1.783048016 1.783048016 1.784213609 1.784213609 1.797409726
899 2.224489310 1.882654639 1.882654639 0.341834671	1.882664998 2.098658313 2.096432504 2.098449326 2.096175788 2.092263435 2.092976916 1.985891151 1.953921877 1.953921877 1.958932871 1.958932871 1.961363183
988 2.224489310 1.882654639 1.882654639 0.341834671	1.882664998 2.064439411 2.064114292 2.064953426 2.063138873 2.057399496 2.058741625 1.961369849 1.919991335 1.919991335 1.929094219 1.929094219 1.926862205
1077 2.224489310 1.882654639 1.882654639 0.341834671	1.882664998 2.029343945 2.030674228 2.027213978 2.028191838 2.021620886 2.021196801 1.942225827 1.898590143 1.898590143 1.921530251 1.921530251 1.917826803
1166 2.224489310 1.882654639 1.882654639 0.341834671	1.882664998 2.000658403 2.000929795 1.997186969 1.998870620 1.987533697 1.988385903 1.924910678 1.891748412 1.891748412 1.909689307 1.909689307 1.904698100
1255 2.224489310 1.882654639 1.882654639 0.341834671	1.882664998 1.971848831 1.972543001 1.970808558 1.969757946 1.960762629 1.960935876 1.912063239 1.888957495 1.888957495 1.899759925 1.899759925 1.902350236
1344 2.224489310 1.882654639 1.882654639 0.341834671	1.882664998 1.948742262 1.949074300 1.947715106 1.946051326 1.937741257 1.937794342 1.900037120 1.889594762 1.889594762 1.894367603 1.894367603 1.900299864
1433 2.224489310 1.882654639 1.882654639 0.341834671	1.882664998 1.928311094 1.931093684 1.928183767 1.926625521 1.918568206 1.918288864 1.895196015 1.888355550 1.888355550 1.889906199 1.889906199 1.899730173
1522 2.224489310 1.882654639 1.882654639 0.341834671	1.882664998 1.912697902 1.916144019 1.914817659 1.911264019 1.904021181 1.904042949 1.890583663 1.887764178 1.887764178 1.888932122 1.888932122 1.899181411
1611 2.224489310 1.882654639 1.882654639 0.341834671	1.882664998 1.902557795 1.905620320 1.903245563 1.899786619 1.892861232 1.892800982 1.888121595 1.887304387 1.887304387 1.887142738 1.887142738 1.898118862
1700 2.224489310 1.882654639 1.882654639 0.341834671	1.882664998 1.895726305 1.899979317 1.897126988 1.893261194 1.886978499 1.887198765 1.887341025 1.887117885 1.887117885 1.888173269 1.888173269 1.897400112
899 2.220557321 1.881556269 1.881556269 0.339001052	1.881566471 2.095309814 2.097307790 2.097987938 2.096667582 2.094115111 2.093924505 1.981888087 1.952536164 1.952536164 1.959717081 1.959717081 1.958070637
988 2.220557321 1.881556269 1.881556269 0.339001052	1.881566471 2.060757186 2.063709658 2.061370064 2.062729455 2.059229380 2.059911140 1.959977945 1.918510916 1.918510916 1.928982682 1.928982682 1.923574530
1077 2.220557321 1.881556269 1.881556269 0.339001052	1.881566471 2.026120546 2.025322146 2.025013423 2.024632695 2.022715459 2.021426583 1.938593108 1.894435057 1.894435057 1.919492519 1.919492519 1.913101336
1166 2.220557321 1.881556269 1.881556269 0.339001052	1.881566471 1.997779360 1.993835353 1.994366078 1.993066392 1.990467499 1.990486657 1.922531790 1.888603334 1.888603334 1.906127039 1.906127039 1.901240270
1255 2.220557321 1.881556269 1.881556269 0.339001052	1.881566471 1.968497017 1.966489631 1.967954457 1.965564940 1.963250666 1.961822108 1.908944363 1.887884152 1.887884152 1.898756863 1.898756863 1.898170654
1344 2.220557321 1.881556269 1.881556269 0.339001052	1.881566471 1.946313865 1.945011506 1.943974651 1.941031805 1.938237450 1.938358299 1.898623936 1.886572728 1.886572728 1.891424370 1.891424370 1.896911347
1433 2.220557321 1.881556269 1.881556269 0.339001052	1.881566471 1.926021926 1.926145608 1.926311481 1.922302387 1.918422057 1.919097193 1.893313369 1.887087451 1.887087451 1.888686298 1.888686298 1.896461256
1522 2.220557321 1.881556269 1.881556269 0.339001052	1.881566471 1.910745019 1.912974331 1.912197098 1.908336971 1.903955566 1.904102494 1.888370377 1.885330504 1.885330504 1.886198657 1.886198657 1.895605402
1611 2.220557321 1.881556269 1.881556269 0.339001052	1.881566471 1.900551623 1.902477298 1.900854128 1.897289990 1.892383533 1.892864432 1.885683176 1.886197249 1.886197249 1.885383240 1.885383240 1.895344759
1700 2.220557321 1.881556269 1.881556269 0.339001052	1.881566471 1.893344118 1.896734776 1.894058973 1.890796143 1.886580749 1.886344573 1.886033773 1.885499232 1.885499232 1.884882918 1.884882918 1.894679021
899 2.199102063 1.852325901 1.852325901 0.346776162	1.852336030 2.073235026 2.071558585 2.071543299 2.070952359 2.063601656 2.065081827 1.957481549 1.927615176 1.927615176 1.935056441 1.935056441 1.934444786
988 2.199102063 1.852325901 1.852325901 0.346776162	1.852336030 2.037683376 2.037485915 2.039604303 2.036362246 2.030070786 2.031579461 1.934408215 1.893708959 1.893708959 1.906480745 1.906480745 1.900249801
1077 2.199102063 1.852325901 1.852325901 0.346776162	1.852336030 2.002051906 2.004587982 2.002739320 2.002793836 1.995098157 1.996158318 1.911631614 1.868903510 1.868903510 1.895298350 1.895298350 1.890351668
1166 2.199102063 1.852325901 1.852325901 0.346776162	1.852336030 1.972738257 1.975044990 1.973181813 1.971884881 1.963398873 1.963910752 1.895773753 1.862568047 1.862568047 1.882415090 1.882415090 1.879415736
1255 2.199102063 1.852325901 1.852325901 0.346776162	1.852336030 1.944406453 1.947049010 1.945412760 1.943363344 1.936223574 1.935570729 1.882865523 1.859980848 1.859980848 1.872598329 1.872598329 1.876155703
1344 2.199102063 1.852325901 1.852325901 0.346776162	1.852336030 1.921812430 1.923035771 1.922266405 1.919732025 1.910431857 1.909936784 1.873948061 1.858302697 1.858302697 1.866157998 1.866157998 1.874842211
1433 2.199102063 1.852325901 1.852325901 0.346776162	1.852336030 1.901164598 1.903509971 1.901792609 1.898764246 1.890923081 1.890464737 1.868429324 1.857961601 1.857961601 1.862187804 1.862187804 1.873331922
1522 2.199102063 1.852325901 1.852325901 0.346776162	1.852336030 1.885165920 1.888722287 1.887831231 1.884044186 1.874399852 1.874878119 1.862042281 1.858549950 1.858549950 1.860193440 1.860193440 1.872903881
1611 2.199102063 1.852325901 1.852325901 0.346776162	1.852336030 1.874352305 1.879709718 1.876383649 1.873593849 1.864604240 1.865161690 1.859188740 1.857212075 1.857212075 1.858241516 1.858241516 1.870939086
1700 2.199102063 1.852325901 1.852325901 0.346776162	1.852336030 1.866908645 1.871749898 1.869492695 1.864709485 1.857776551 1.857796939 1.857248645 1.856000292 1.856000292 1.858184627 1.858184627 1.870429869
899 2.155880951 1.791036548 1.791036548 0.364844403	1.791046810 2.024546407 2.022695434 2.019986955 2.020723228 2.015856593 2.019305189 1.907903940 1.872410801 1.872410801 1.875208096 1.875208096 1.884530749
988 2.155880951 1.791036548 1.791036548 0.364844403	1.791046810 1.987644373 1.987017307 1.983307205 1.984516968 1.979902055 1.983405732 1.881508194 1.836063461 1.836063461 1.842289483 1.842289483 1.849580737
1077 2.155880951 1.791036548 1.791036548 0.364844403	1.791046810 1.950519920 1.951126106 1.948005258 1.948198868 1.943584473 1.945705034 1.859570961 1.811701051 1.811701051 1.835956491 1.835956491 1.834890878
1166 2.155880951 1.791036548 1.791036548 0.364844403	1.791046810 1.918907023 1.919506871 1.917652409 1.915262072 1.910685325 1.910151324 1.840704677 1.801269651 1.801269651 1.822947344 1.822947344 1.821059946
1255 2.155880951 1.791036548 1.791036548 0.364844403	1.791046810 1.888996645 1.892343696 1.891016387 1.888960831 1.880588066 1.880352443 1.824624826 1.800112508 1.800112508 1.812904407 1.812904407 1.815491520
1344 2.155880951 1.791036548 1.791036548 0.364844403	1.791046810 1.865219288 1.868363274 1.867693002 1.863480117 1.854219835 1.854767504 1.812840368 1.798060406 1.798060406 1.804281653 1.804281653 1.813366015
1433 2.155880951 1.791036548 1.791036548 0.364844403	1.791046810 1.843777194 1.849430983 1.848504809 1.842368826 1.833527907 1.834829458 1.807102426 1.797396894 1.797396894 1.800618025 1.800618025 1.812626074
1522 2.155880951 1.791036548 1.791036548 0.364844403	1.791046810 1.826940598 1.831333636 1.831228718 1.822752228 1.817139976 1.817301558 1.801659008 1.796608545 1.796608545 1.798430439 1.798430439 1.811499817
1611 2.155880951 1.791036548 1.791036548 0.364844403	1.791046810 1.815619922 1.820322009 1.818651186 1.810994641 1.804987444 1.805005760 1.798913696 1.796129238 1.796129238 1.796880725 1.796880725 1.810341992
1700 2.155880951 1.791036548 1.791036548 0.364844403	1.791046810 1.808060363 1.813546541 1.810486621 1.802863066 1.797625432 1.797733047 1.795815551 1.795398904 1.795398904 1.795815955 1.795815955 1.808796867
899 2.217127887 1.880635148 1.880635148 0.336492739	1.880645555 2.093818594 2.093377351 2.093833435 2.093930441 2.088781837 2.090525106 1.982823846 1.949112615 1.949112615 1.954694011 1.954694011 1.954144112
988 2.217127887 1.880635148 1.880635148 0.336492739	1.880645555 2.059101041 2.058616373 2.062968235 2.057962761 2.055383508 2.057588018 1.960005179 1.915050695 1.915050695 1.921795900 1.921795900 1.921069787
1077 2.217127887 1.880635148 1.880635148 0.336492739	1.880645555 2.024587800 2.023315723 2.026440765 2.022962296 2.020772220 2.021556954 1.937492884 1.894089071 1.894089071 1.921299498 1.921299498 1.910501549
1166 2.217127887 1.880635148 1.880635148 0.336492739	1.880645555 1.994995737 1.990764081 1.994132715 1.990474394 1.987896470 1.989619938 1.920587542 1.888700510 1.888700510 1.906552628 1.906552628 1.899743381
1255 2.217127887 1.880635148 1.880635148 0.336492739	1.880645555 1.966774272 1.966474401 1.967686500 1.963699710 1.960365691 1.962043555 1.907149832 1.887243344 1.887243344 1.897034515 1.897034515 1.895381084
1344 2.217127887 1.880635148 1.880635148 0.336492739	1.880645555 1.944621534 1.945529944 1.945202666 1.943494381 1.938177462 1.939969805 1.898055976 1.885436617 1.885436617 1.891456573 1.891456573 1.895979664
1433 2.217127887 1.880635148 1.880635148 0.336492739	1.880645555 1.924993247 1.927285590 1.927293100 1.923992328 1.918275426 1.920524806 1.892886391 1.886132332 1.886132332 1.887422158 1.887422158 1.894893265
1522 2.217127887 1.880635148 1.880635148 0.336492739	1.880645555 1.909662115 1.913623177 1.912803912 1.909993775 1.903755839 1.904180303 1.888181238 1.885938221 1.885938221 1.885943468 1.885943468 1.895007572
1611 2.217127887 1.880635148 1.880635148 0.336492739	1.880645555 1.899372354 1.902734287 1.902136941 1.897994174 1.893379660 1.893771022 1.885537789 1.885186535 1.885186535 1.885503096 1.885503096 1.894019709
1700 2.217127887 1.880635148 1.880635148 0.336492739	1.880645555 1.892642931 1.895977701 1.894627509 1.891191009 1.885635819 1.885639818 1.885331322 1.885683139 1.885683139 1.884978250 1.884978250 1.893244816
899 2.218345827 1.872706555 1.872706555 0.345639272	1.872716751 2.091511404 2.092267030 2.089904567 2.090750224 2.087749925 2.087747696 1.976550389 1.943066347 1.943066347 1.948843640 1.948843640 1.950005897
988 2.218345827 1.872706555 1.872706555 0.345639272	1.872716751 2.056449929 2.057762754 2.055790600 2.055175006 2.050637078 2.050198092 1.950338746 1.909223584 1.909223584 1.923432989 1.923432989 1.915926626
1077 2.218345827 1.872706555 1.872706555 0.345639272	1.872716751 2.021039288 2.020534615 2.020735633 2.018696339 2.013215918 2.012561594 1.930882819 1.887181226 1.887181226 1.912230655 1.912230655 1.904762878
1166 2.218345827 1.872706555 1.872706555 0.345639272	1.872716751 1.991439678 1.991890813 1.990215302 1.989714346 1.984266872 1.983551542 1.915809746 1.880403476 1.880403476 1.898044514 1.898044514 1.894999978
1255 2.218345827 1.872706555 1.872706555 0.345639272	1.872716751 1.962204106 1.964686324 1.962298078 1.961175060 1.955782671 1.954839920 1.902413753 1.879259607 1.879259607 1.890187469 1.890187469 1.890504726
1344 2.218345827 1.872706555 1.872706555 0.345639272	1.872716751 1.938715810 1.942822287 1.939979805 1.938874352 1.931357433 1.930604014 1.891545329 1.878290903 1.878290903 1.885432803 1.885432803 1.888998737
1433 2.218345827 1.872706555 1.872706555 0.345639272	1.872716751 1.918699221 1.922339910 1.921254365 1.919180581 1.910719933 1.910343153 1.885933644 1.877383068 1.877383068 1.881024874 1.881024874 1.888660398
1522 2.218345827 1.872706555 1.872706555 0.345639272	1.872716751 1.902589732 1.906545192 1.907326476 1.902086160 1.895069122 1.895333517 1.880719444 1.877914648 1.877914648 1.878711225 1.878711225 1.887883615
1611 2.218345827 1.872706555 1.872706555 0.345639272	1.872716751 1.892284857 1.896033846 1.895311822 1.889541931 1.883706678 1.883632312 1.878700484 1.876744387 1.876744387 1.878002551 1.878002551 1.887079906
1700 2.218345827 1.872706555 1.872706555 0.345639272	1.872716751 1.884945505 1.889157352 1.888230118 1.882141171 1.877081274 1.877053604 1.876069500 1.876850283 1.876850283 1.877379559 1.877379559 1.886135164
899 2.179423645 1.840944123 1.840944123 0.338479522	1.840955131 2.053985542 2.053038677 2.051532348 2.051746588 2.051308633 2.052097549 1.943342032 1.911160427 1.911160427 1.914719849 1.914719849 1.915914452
988 2.179423645 1.840944123 1.840944123 0.338479522	1.840955131 2.019152899 2.019659588 2.017493203 2.018775835 2.017519083 2.019737322 1.920369723 1.878362051 1.878362051 1.883266878 1.883266878 1.881730712
1077 2.179423645 1.840944123 1.840944123 0.338479522	1.840955131 1.984658135 1.985790198 1.983325182 1.984569460 1.980452843 1.981053069 1.899601235 1.853044662 1.853044662 1.881139003 1.881139003 1.870747176
1166 2.179423645 1.840944123 1.840944123 0.338479522	1.840955131 1.955093614 1.956749364 1.955441569 1.953354444 1.950504765 1.951795853 1.881945936 1.848393384 1.848393384 1.867934009 1.867934009 1.860726193
1255 2.179423645 1.840944123 1.840944123 0.338479522	1.840955131 1.926778559 1.929084653 1.931195314 1.925984840 1.923865862 1.924476486 1.868377493 1.846580667 1.846580667 1.858443458 1.858443458 1.856082686
1344 2.179423645 1.840944123 1.840944123 0.338479522	1.840955131 1.904294035 1.907488666 1.908260517 1.904500042 1.899992662 1.900027714 1.858027867 1.845916182 1.845916182 1.851728579 1.851728579 1.855253247
1433 2.179423645 1.840944123 1.840944123 0.338479522	1.840955131 1.884843684 1.888933083 1.887945683 1.885027290 1.879015943 1.879914842 1.851937126 1.846026748 1.846026748 1.847736829 1.847736829 1.854172885
1522 2.179423645 1.840944123 1.840944123 0.338479522	1.840955131 1.869535405 1.874183826 1.872918398 1.870009954 1.863579324 1.863965278 1.847516834 1.845261612 1.845261612 1.846121731 1.846121731 1.853443274
1611 2.179423645 1.840944123 1.840944123 0.338479522	1.840955131 1.859065020 1.864133832 1.861702406 1.858161745 1.854500599 1.853174136 1.846475004 1.844466890 1.844466890 1.845338889 1.845338889 1.853451070
1700 2.179423645 1.840944123 1.840944123 0.338479522	1.840955131 1.851750096 1.856372179 1.854897322 1.849993900 1.846008286 1.846325991 1.845217636 1.845274650 1.845274650 1.844143552 1.844143552 1.852529415
899 2.236046718 1.898136365 1.898136365 0.337910353	1.898146566 2.109179885 2.110996252 2.109618440 2.111030175 2.105773027 2.105488739 1.999065655 1.966898633 1.966898633 1.972263629 1.972263629 1.970461099
988 2.236046718 1.898136365 1.898136365 0.337910353	1.898146566 2.074378323 2.076742294 2.076331880 2.076374893 2.071559370 2.072324203 1.975998826 1.933381495 1.933381495 1.938468166 1.938468166 1.936402722
1077 2.236046718 1.898136365 1.898136365 0.337910353	1.898146566 2.039955427 2.042644648 2.040072665 2.042049598 2.034470851 2.036945806 1.955963942 1.911022734 1.911022734 1.936806967 1.936806967 1.927236646
1166 2.236046718 1.898136365 1.898136365 0.337910353	1.898146566 2.011507492 2.011824103 2.011342945 2.010510676 2.003431187 2.005778325 1.938601478 1.905008770 1.905008770 1.925924816 1.925924816 1.915155541
1255 2.236046718 1.898136365 1.898136365 0.337910353	1.898146566 1.983209793 1.984893034 1.985263035 1.982959952 1.977367252 1.979811654 1.924492356 1.904360948 1.904360948 1.914875510 1.914875510 1.912264842
1344 2.236046718 1.898136365 1.898136365 0.337910353	1.898146566 1.960696333 1.961822468 1.962273540 1.959443689 1.953660200 1.954825097 1.916134359 1.903855318 1.903855318 1.908913309 1.908913309 1.911444199
1433 2.236046718 1.898136365 1.898136365 0.337910353	1.898146566 1.940901177 1.943308022 1.941316460 1.939334455 1.934201544 1.935384887 1.910097602 1.902527810 1.902527810 1.905281501 1.905281501 1.911190115
1522 2.236046718 1.898136365 1.898136365 0.337910353	1.898146566 1.925557035 1.928165099 1.926731051 1.924311434 1.919363030 1.920545499 1.904818512 1.902738869 1.902738869 1.902896351 1.902896351 1.910438566
1611 2.236046718 1.898136365 1.898136365 0.337910353	1.898146566 1.915752905 1.918248461 1.916533890 1.914067780 1.909585402 1.909326244 1.902867564 1.902603779 1.902603779 1.902729282 1.902729282 1.909703087
1700 2.236046718 1.898136365 1.898136365 0.337910353	1.898146566 1.908661666 1.911868533 1.910272380 1.907350031 1.902580354 1.902334246 1.902619746 1.902694622 1.902694622 1.902567870 1.902567870 1.909013072
899 2.143688666 1.785385510 1.785385510 0.358303156	1.785394997 2.012674244 2.012525985 2.010127261 2.010331560 2.008112889 2.006596977 1.900009476 1.866330395 1.866330395 1.870405295 1.870405295 1.875090019
988 2.143688666 1.785385510 1.785385510 0.358303156	1.785394997 1.975694816 1.975929104 1.976642541 1.975490472 1.971456997 1.970999516 1.873604048 1.831067408 1.831067408 1.842575172 1.842575172 1.840975145
1077 2.143688666 1.785385510 1.785385510 0.358303156	1.785394997 1.939632376 1.940434611 1.939811544 1.938239744 1.936597540 1.935509046 1.849430882 1.806120041 1.806120041 1.831344799 1.831344799 1.828838071
1166 2.143688666 1.785385510 1.785385510 0.358303156	1.785394997 1.909387574 1.908882346 1.909535074 1.905434467 1.901720003 1.901580438 1.835294152 1.797165667 1.797165667 1.817610957 1.817610957 1.816692559
1255 2.143688666 1.785385510 1.785385510 0.358303156	1.785394997 1.879385901 1.881279961 1.882193841 1.877521696 1.872831192 1.873053348 1.817714994 1.793716214 1.793716214 1.807105027 1.807105027 1.810437439
1344 2.143688666 1.785385510 1.785385510 0.358303156	1.785394997 1.856010485 1.858063358 1.857739462 1.853197113 1.848168163 1.850608977 1.804677967 1.792853821 1.792853821 1.800380770 1.800380770 1.807628336
1433 2.143688666 1.785385510 1.785385510 0.358303156	1.785394997 1.834774513 1.837471120 1.837685526 1.833505520 1.825279241 1.828022582 1.800157263 1.792145820 1.792145820 1.795026491 1.795026491 1.806403065
1522 2.143688666 1.785385510 1.785385510 0.358303156	1.785394997 1.818224632 1.822461214 1.820614594 1.817379136 1.809569338 1.812741909 1.794565775 1.791585487 1.791585487 1.792565491 1.792565491 1.805098027
1611 2.143688666 1.785385510 1.785385510 0.358303156	1.785394997 1.807879350 1.811624584 1.808572527 1.805347166 1.798827905 1.800004407 1.792068052 1.790853538 1.790853538 1.792076175 1.792076175 1.804728994
1700 2.143688666 1.785385510 1.785385510 0.358303156	1.785394997 1.800599706 1.805393550 1.801632509 1.797572385 1.790896116 1.791891817 1.791382177 1.790241582 1.790241582 1.791544461 1.791544461 1.803074840
899 2.162707868 1.800673475 1.800673475 0.362034393	1.800683814 2.030378803 2.028665983 2.030465144 2.027346636 2.026268000 2.025687535 1.914242663 1.880948771 1.880948771 1.884023789 1.884023789 1.888809630
988 2.162707868 1.800673475 1.800673475 0.362034393	1.800683814 1.994401918 1.990746501 1.992176172 1.989942536 1.989403314 1.988582469 1.888994900 1.845872339 1.845872339 1.850418768 1.850418768 1.853766777
1077 2.162707868 1.800673475 1.800673475 0.362034393	1.800683814 1.956985693 1.954636646 1.956188568 1.953317510 1.951255957 1.949191027 1.866282883 1.821112565 1.821112565 1.843507122 1.843507122 1.842323583
1166 2.162707868 1.800673475 1.800673475 0.362034393	1.800683814 1.926685813 1.924637073 1.925042287 1.923400405 1.918242492 1.915693551 1.849630314 1.810984143 1.810984143 1.831153852 1.831153852 1.829427037
1255 2.162707868 1.800673475 1.800673475 0.362034393	1.800683814 1.896692766 1.897390227 1.894522542 1.894668877 1.890300665 1.888030619 1.834015107 1.809128446 1.809128446 1.821194213 1.821194213 1.824057090
1344 2.162707868 1.800673475 1.800673475 0.362034393	1.800683814 1.872832767 1.872238796 1.871831842 1.868432016 1.864048861 1.862953694 1.822637347 1.806885693 1.806885693 1.813441382 1.813441382 1.820762004
1433 2.162707868 1.800673475 1.800673475 0.362034393	1.800683814 1.851131718 1.852815568 1.850984508 1.848349476 1.841168829 1.840567787 1.815583602 1.807021554 1.807021554 1.809663729 1.809663729 1.820190017
1522 2.162707868 1.800673475 1.800673475 0.362034393	1.800683814 1.834898199 1.838453602 1.836145907 1.831599257 1.824378357 1.824955779 1.810403888 1.806581032 1.806581032 1.808386143 1.808386143 1.818816254
1611 2.162707868 1.800673475 1.800673475 0.362034393	1.800683814 1.823885475 1.826362553 1.824210591 1.819475378 1.813661600 1.814166509 1.808516981 1.806086572 1.806086572 1.806799581 1.806799581 1.817667532
1700 2.162707868 1.800673475 1.800673475 0.362034393	1.800683814 1.815810410 1.819763054 1.817009454 1.812015790 1.805991067 1.805947533 1.806238337 1.805580331 1.805580331 1.805963674 1.805963674 1.816297727
899 2.124269736 1.773483600 1.773483600 0.350786136	1.773493481 1.995781349 1.997973515 1.995577326 1.997752637 1.989047212 1.990189008 1.883801099 1.849945906 1.849945906 1.853237328 1.853237328 1.856059863
988 2.124269736 1.773483600 1.773483600 0.350786136	1.773493481 1.959547941 1.961286569 1.961265880 1.961333157 1.953335271 1.953343967 1.859179384 1.816543133 1.816543133 1.817587649 1.817587649 1.822938942
1077 2.124269736 1.773483600 1.773483600 0.350786136	1.773493481 1.922976527 1.924699766 1.923410333 1.922321986 1.918057842 1.916372538 1.836454425 1.792461849 1.792461849 1.815753189 1.815753189 1.811813825
1166 2.124269736 1.773483600 1.773483600 0.350786136	1.773493481 1.893296252 1.892444799 1.892423978 1.889813235 1.885830012 1.884267073 1.819912943 1.782728966 1.782728966 1.802082089 1.802082089 1.800052002
1255 2.124269736 1.773483600 1.773483600 0.350786136	1.773493481 1.863600222 1.864013129 1.864290853 1.860329150 1.857879110 1.855754705 1.804032876 1.780158102 1.780158102 1.792623612 1.792623612 1.795366370
1344 2.124269736 1.773483600 1.773483600 0.350786136	1.773493481 1.840616721 1.841411965 1.840718169 1.836854747 1.833133484 1.831714407 1.793704789 1.778752447 1.778752447 1.785333214 1.785333214 1.792212469
1433 2.124269736 1.773483600 1.773483600 0.350786136	1.773493481 1.820861008 1.822273290 1.821673792 1.817225862 1.811658993 1.810865595 1.787164068 1.778436598 1.778436598 1.781756395 1.781756395 1.790633806
1522 2.124269736 1.773483600 1.773483600 0.350786136	1.773493481 1.804584357 1.809328336 1.806624813 1.802541006 1.797909205 1.797222919 1.782162550 1.777966544 1.777966544 1.779809591 1.779809591 1.789385822
1611 2.124269736 1.773483600 1.773483600 0.350786136	1.773493481 1.793687425 1.798357533 1.795771892 1.790379524 1.786017385 1.785719835 1.779138085 1.777582006 1.777582006 1.778754498 1.778754498 1.789428676
1700 2.124269736 1.773483600 1.773483600 0.350786136	1.773493481 1.786666148 1.792010975 1.788296981 1.783368707 1.779722033 1.779578584 1.777539074 1.777151078 1.777151078 1.778057119 1.778057119 1.788882319
899 2.172795783 1.822022506 1.822022506 0.350773277	1.822032916 2.043980633 2.043112398 2.045429962 2.042522082 2.041117308 2.040994295 1.929760252 1.896650388 1.896650388 1.901632702 1.901632702 1.902842191
988 2.172795783 1.822022506 1.822022506 0.350773277	1.822032916 2.008718863 2.008550437 2.008490192 2.007412409 2.007310240 2.007170859 1.904332959 1.862614793 1.862614793 1.871505823 1.871505823 1.866543570
1077 2.172795783 1.822022506 1.822022506 0.350773277	1.822032916 1.973329915 1.971528675 1.972907735 1.970751999 1.970404380 1.969172257 1.883289818 1.838264270 1.838264270 1.862510881 1.862510881 1.856826412
1166 2.172795783 1.822022506 1.822022506 0.350773277	1.822032916 1.942941877 1.939969430 1.942048803 1.939279613 1.935009422 1.933862296 1.865540861 1.831757269 1.831757269 1.848936249 1.848936249 1.845053859
1255 2.172795783 1.822022506 1.822022506 0.350773277	1.822032916 1.913006664 1.915206464 1.915676300 1.912464411 1.906026341 1.902988445 1.851892243 1.828826532 1.828826532 1.840443634 1.840443634 1.842216533
1344 2.172795783 1.822022506 1.822022506 0.350773277	1.822032916 1.890035193 1.892131576 1.890702200 1.888195164 1.881791153 1.879595729 1.839856620 1.827370056 1.827370056 1.833614180 1.833614180 1.840548491
1433 2.172795783 1.822022506 1.822022506 0.350773277	1.822032916 1.869997593 1.872553323 1.870925966 1.867772178 1.862929299 1.860721644 1.835964229 1.827786014 1.827786014 1.829685870 1.829685870 1.840582708
1522 2.172795783 1.822022506 1.822022506 0.350773277	1.822032916 1.854343540 1.858183242 1.855574862 1.852566801 1.847778195 1.846494416 1.830424994 1.826080100 1.826080100 1.827359461 1.827359461 1.839075330
1611 2.172795783 1.822022506 1.822022506 0.350773277	1.822032916 1.843181925 1.848227546 1.844640334 1.841124830 1.836999266 1.835467806 1.828225721 1.825058349 1.825058349 1.825680322 1.825680322 1.837915259
1700 2.172795783 1.822022506 1.822022506 0.350773277	1.822032916 1.835082784 1.840822013 1.837506518 1.832767550 1.828142876 1.828491132 1.824685368 1.825996098 1.825996098 1.825998216 1.825998216 1.836503961
899 2.112369430 1.756569132 1.756569132 0.355800298	1.756579870 1.982455268 1.978646458 1.979263214 1.979336633 1.974088664 1.974840304 1.868489842 1.834958929 1.834958929 1.838114441 1.838114441 1.845093250
988 2.112369430 1.756569132 1.756569132 0.355800298	1.756579870 1.946081577 1.943172030 1.943619358 1.943271560 1.940610344 1.941419552 1.842016785 1.800740973 1.800740973 1.806625852 1.806625852 1.808637193
1077 2.112369430 1.756569132 1.756569132 0.355800298	1.756579870 1.909932361 1.906127153 1.910029387 1.905369557 1.904708860 1.903906078 1.821076344 1.777571212 1.777571212 1.796615851 1.796615851 1.796082766
1166 2.112369430 1.756569132 1.756569132 0.355800298	1.756579870 1.879740353 1.873515338 1.877768301 1.872546822 1.871303137 1.870360600 1.802948071 1.765454526 1.765454526 1.784739739 1.784739739 1.784450362
1255 2.112369430 1.756569132 1.756569132 0.355800298	1.756579870 1.849046843 1.846235048 1.849755220 1.843642621 1.842114090 1.841475529 1.790300755 1.762131825 1.762131825 1.774898530 1.774898530 1.777974752
1344 2.112369430 1.756569132 1.756569132 0.355800298	1.756579870 1.825219362 1.823507192 1.826820865 1.819200664 1.817736031 1.818720058 1.777249331 1.760764469 1.760764469 1.768375945 1.768375945 1.776142060
1433 2.112369430 1.756569132 1.756569132 0.355800298	1.756579870 1.803920219 1.803202386 1.807270074 1.798447134 1.797101782 1.798440837 1.771932770 1.761539279 1.761539279 1.762954612 1.762954612 1.774928804
1522 2.112369430 1.756569132 1.756569132 0.355800298	1.756579870 1.787667532 1.789955453 1.790071066 1.784676454 1.781523181 1.782858082 1.765815882 1.761202229 1.761202229 1.760504103 1.760504103 1.773050440
1611 2.112369430 1.756569132 1.756569132 0.355800298	1.756579870 1.776796758 1.779050402 1.778207972 1.772473219 1.770248481 1.771625584 1.762472866 1.759698152 1.759698152 1.759821850 1.759821850 1.771418593
1700 2.112369430 1.756569132 1.756569132 0.355800298	1.756579870 1.769296019 1.772529263 1.771170468 1.764894441 1.762386445 1.763953043 1.760951964 1.758932664 1.758932664 1.758740725 1.758740725 1.770671447
899 2.220053760 1.884039507 1.884039507 0.336014253	1.884049996 2.094666987 2.091673381 2.092783694 2.089872632 2.090079100 2.087758152 1.982819002 1.950686338 1.950686338 1.957821268 1.957821268 1.955387690
988 2.220053760 1.884039507 1.884039507 0.336014253	1.884049996 2.059993925 2.058909594 2.060244665 2.058741183 2.056751693 2.056449696 1.961589389 1.916780046 1.916780046 1.921729375 1.921729375 1.921674143
1077 2.220053760 1.884039507 1.884039507 0.336014253	1.884049996 2.025843017 2.025733186 2.026121098 2.025517885 2.019529180 2.019376834 1.941043339 1.896312821 1.896312821 1.922366914 1.922366914 1.912758599
1166 2.220053760 1.884039507 1.884039507 0.336014253	1.884049996 1.996767194 1.996510380 1.995118502 1.995822131 1.990035621 1.989606721 1.924549688 1.890211049 1.890211049 1.906653249 1.906653249 1.902594707
1255 2.220053760 1.884039507 1.884039507 0.336014253	1.884049996 1.968028356 1.969034988 1.967986531 1.968575152 1.964976387 1.965143081 1.909307131 1.889217792 1.889217792 1.898212375 1.898212375 1.898323771
1344 2.220053760 1.884039507 1.884039507 0.336014253	1.884049996 1.945033604 1.944807224 1.946221527 1.944055900 1.940393147 1.940147226 1.900783639 1.888753808 1.888753808 1.892221764 1.892221764 1.897255942
1433 2.220053760 1.884039507 1.884039507 0.336014253	1.884049996 1.925709906 1.924977361 1.927802461 1.923474498 1.920880197 1.919854479 1.896149193 1.889034036 1.889034036 1.888806488 1.888806488 1.897104687
1522 2.220053760 1.884039507 1.884039507 0.336014253	1.884049996 1.910815943 1.910842786 1.913333220 1.908416332 1.906334489 1.905685068 1.891321716 1.887158159 1.887158159 1.887144934 1.887144934 1.896071148
1611 2.220053760 1.884039507 1.884039507 0.336014253	1.884049996 1.900610789 1.901301082 1.902207342 1.897223655 1.895065001 1.894763679 1.889252294 1.887840410 1.887840410 1.886335998 1.886335998 1.895753218
1700 2.220053760 1.884039507 1.884039507 0.336014253	1.884049996 1.893844941 1.895223049 1.894584623 1.890756295 1.888246576 1.887982391 1.888340520 1.887374783 1.887374783 1.886312500 1.886312500 1.894539717
899 2.217257274 1.885998445 1.885998445 0.331258829	1.886008234 2.094700317 2.091186568 2.092340457 2.093632083 2.089065736 2.090040876 1.986897553 1.955021263 1.955021263 1.957997758 1.957997758 1.958554257
988 2.217257274 1.885998445 1.885998445 0.331258829	1.886008234 2.060864761 2.057110268 2.058939736 2.058677679 2.054992647 2.055228543 1.963304842 1.921340708 1.921340708 1.927303415 1.927303415 1.925788733
1077 2.217257274 1.885998445 1.885998445 0.331258829	1.886008234 2.027161934 2.023063286 2.025702438 2.025179371 2.021775617 2.021556063 1.942966056 1.900236102 1.900236102 1.922426097 1.922426097 1.915971846
1166 2.217257274 1.885998445 1.885998445 0.331258829	1.886008234 1.999408936 1.994056908 1.996151404 1.995315606 1.990430707 1.990080856 1.927141592 1.893524831 1.893524831 1.908526889 1.908526889 1.905046420
1255 2.217257274 1.885998445 1.885998445 0.331258829	1.886008234 1.970281550 1.966698541 1.970163226 1.967991165 1.963127335 1.962747293 1.914324576 1.890581110 1.890581110 1.901268838 1.901268838 1.901789615
1344 2.217257274 1.885998445 1.885998445 0.331258829	1.886008234 1.948523606 1.945144765 1.946565547 1.945766416 1.940327225 1.939728972 1.902136214 1.889346983 1.889346983 1.895591304 1.895591304 1.900599196
1433 2.217257274 1.885998445 1.885998445 0.331258829	1.886008234 1.929078142 1.928074262 1.927307199 1.928360199 1.921104165 1.922293677 1.898367317 1.891006093 1.891006093 1.891762011 1.891762011 1.899793596
1522 2.217257274 1.885998445 1.885998445 0.331258829	1.886008234 1.913513769 1.915285826 1.914144167 1.913251558 1.907220626 1.908222479 1.893508413 1.890300461 1.890300461 1.890509174 1.890509174 1.899285212
1611 2.217257274 1.885998445 1.885998445 0.331258829	1.886008234 1.904087141 1.905351713 1.902992746 1.902681433 1.896192733 1.896161246 1.891184826 1.888060042 1.888060042 1.889537676 1.889537676 1.898976726
1700 2.217257274 1.885998445 1.885998445 0.331258829	1.886008234 1.897015202 1.898527195 1.897264616 1.895267871 1.890313177 1.890296768 1.891265563 1.889745755 1.889745755 1.889427232 1.889427232 1.898546014
899 2.143905402 1.784262692 1.784262692 0.359642710	1.784273095 2.014809087 2.011425121 2.011558544 2.011853679 2.009730956 2.008189809 1.897172316 1.866376664 1.866376664 1.871477604 1.871477604 1.871656906
988 2.143905402 1.784262692 1.784262692 0.359642710	1.784273095 1.978646555 1.977113042 1.977184714 1.977278057 1.972346765 1.974023736 1.873873931 1.830672100 1.830672100 1.839419193 1.839419193 1.837803090
1077 2.143905402 1.784262692 1.784262692 0.359642710	1.784273095 1.941443875 1.939532107 1.940938287 1.938267362 1.934531287 1.936548900 1.851909185 1.807046470 1.807046470 1.829744427 1.829744427 1.825305447
1166 2.143905402 1.784262692 1.784262692 0.359642710	1.784273095 1.911012073 1.906644374 1.906407687 1.906102304 1.900419497 1.902147441 1.834243126 1.797939003 1.797939003 1.815486774 1.815486774 1.814147090
1255 2.143905402 1.784262692 1.784262692 0.359642710	1.784273095 1.880914390 1.878690188 1.877766254 1.877180021 1.871219251 1.868989655 1.819241703 1.794018535 1.794018535 1.805380732 1.805380732 1.808992339
1344 2.143905402 1.784262692 1.784262692 0.359642710	1.784273095 1.856847974 1.854213289 1.851138977 1.853198867 1.843819898 1.844240217 1.808657093 1.793849281 1.793849281 1.797492997 1.797492997 1.806993869
1433 2.143905402 1.784262692 1.784262692 0.359642710	1.784273095 1.835507874 1.834871034 1.831231708 1.832341555 1.823770951 1.822950473 1.802583763 1.793145684 1.793145684 1.793953552 1.793953552 1.805776273
1522 2.143905402 1.784262692 1.784262692 0.359642710	1.784273095 1.819735695 1.819990341 1.817483117 1.815439669 1.808121492 1.807377854 1.796532783 1.792163169 1.792163169 1.791920935 1.791920935 1.804787216
1611 2.143905402 1.784262692 1.784262692 0.359642710	1.784273095 1.808826822 1.810022238 1.805494685 1.803918226 1.797059526 1.796925266 1.794505842 1.791433842 1.791433842 1.790344179 1.790344179 1.802822704
1700 2.143905402 1.784262692 1.784262692 0.359642710	1.784273095 1.800872438 1.802327380 1.798801339 1.795124310 1.790839327 1.791159726 1.791997129 1.791745561 1.791745561 1.789915655 1.789915655 1.802885974
899 2.141336556 1.781070186 1.781070186 0.360266370	1.781081149 2.008130837 2.004358610 2.005657136 2.004899371 1.999722099 1.999241582 1.892953208 1.860168826 1.860168826 1.858745805 1.858745805 1.866526165
988 2.141336556 1.781070186 1.781070186 0.360266370	1.781081149 1.970634048 1.969450467 1.970745532 1.968688287 1.964025535 1.963956781 1.870276216 1.824195794 1.824195794 1.825792104 1.825792104 1.832271521
1077 2.141336556 1.781070186 1.781070186 0.360266370	1.781081149 1.934293284 1.933792095 1.932692567 1.932288739 1.928228682 1.928036308 1.847011500 1.798975034 1.798975034 1.824427786 1.824427786 1.820670744
1166 2.141336556 1.781070186 1.781070186 0.360266370	1.781081149 1.903685748 1.903455658 1.900497803 1.901007792 1.898134746 1.896727330 1.827671120 1.790821776 1.790821776 1.809312146 1.809312146 1.808683754
1255 2.141336556 1.781070186 1.781070186 0.360266370	1.781081149 1.873060332 1.874285282 1.873082586 1.871893148 1.868809786 1.866993367 1.814923389 1.786031592 1.786031592 1.800234851 1.800234851 1.801210210
1344 2.141336556 1.781070186 1.781070186 0.360266370	1.781081149 1.848960820 1.848366418 1.848982943 1.845812161 1.843536886 1.842160588 1.802279871 1.784623521 1.784623521 1.792008201 1.792008201 1.799307928
1433 2.141336556 1.781070186 1.781070186 0.360266370	1.781081149 1.827727216 1.828807660 1.828669941 1.826014187 1.820886607 1.820881273 1.795499771 1.784803225 1.784803225 1.787467433 1.787467433 1.797424260
1522 2.141336556 1.781070186 1.781070186 0.360266370	1.781081149 1.811672694 1.813900522 1.813960225 1.810396475 1.805245622 1.804893684 1.789625647 1.785216221 1.785216221 1.785001242 1.785001242 1.797331003
1611 2.141336556 1.781070186 1.781070186 0.360266370	1.781081149 1.800172962 1.802494386 1.801831718 1.796923058 1.793283390 1.793234082 1.786837683 1.783324716 1.783324716 1.784342040 1.784342040 1.795111245
1700 2.141336556 1.781070186 1.781070186 0.360266370	1.781081149 1.792230891 1.795664529 1.794420798 1.789022201 1.786213149 1.786035258 1.784947614 1.784737728 1.784737728 1.783239588 1.783239588 1.793469946
899 2.194074364 1.855652831 1.855652831 0.338421533	1.855662751 2.069031784 2.066842701 2.072288173 2.065407206 2.062525415 2.062149305 1.957430375 1.924671259 1.924671259 1.929980585 1.929980585 1.930285208
988 2.194074364 1.855652831 1.855652831 0.338421533	1.855662751 2.034710768 2.033434441 2.036733444 2.033117748 2.028712508 2.028492088 1.934617717 1.892209016 1.892209016 1.900441149 1.900441149 1.897116578
1077 2.194074364 1.855652831 1.855652831 0.338421533	1.855662751 1.999689286 2.000282152 2.001349108 1.998856558 1.995901695 1.995299007 1.914383403 1.868536008 1.868536008 1.895140914 1.895140914 1.887874510
1166 2.194074364 1.855652831 1.855652831 0.338421533	1.855662751 1.970655430 1.969441010 1.968785262 1.967652610 1.962488972 1.960738660 1.894716018 1.864229317 1.864229317 1.882426632 1.882426632 1.875747641
1255 2.194074364 1.855652831 1.855652831 0.338421533	1.855662751 1.941896606 1.942055519 1.943121454 1.940003391 1.933138073 1.931555065 1.883219288 1.859721610 1.859721610 1.872041694 1.872041694 1.873279411
1344 2.194074364 1.855652831 1.855652831 0.338421533	1.855662751 1.919444872 1.919558262 1.919815823 1.917682747 1.912754645 1.912522871 1.872208159 1.859714446 1.859714446 1.865665112 1.865665112 1.871391714
1433 2.194074364 1.855652831 1.855652831 0.338421533	1.855662751 1.899585139 1.901308540 1.899288146 1.896816533 1.893537219 1.893583739 1.868349798 1.861189877 1.861189877 1.862059377 1.862059377 1.870347049
1522 2.194074364 1.855652831 1.855652831 0.338421533	1.855662751 1.884097918 1.886904138 1.885522866 1.881526617 1.878476322 1.878827042 1.862903910 1.859351068 1.859351068 1.860059606 1.860059606 1.870558723
1611 2.194074364 1.855652831 1.855652831 0.338421533	1.855662751 1.874366362 1.876239966 1.874570018 1.870921898 1.868000577 1.867801752 1.861395619 1.858836299 1.858836299 1.859448796 1.859448796 1.869118170
1700 2.194074364 1.855652831 1.855652831 0.338421533	1.855662751 1.867402691 1.869646974 1.868388965 1.864302827 1.860682821 1.860638753 1.860140524 1.858614658 1.858614658 1.858453033 1.858453033 1.869200893
899 2.174473903 1.807351494 1.807351494 0.367122409	1.807361769 2.039777895 2.039920136 2.038879019 2.040168860 2.031100940 2.032621370 1.922751360 1.889129414 1.889129414 1.892348786 1.892348786 1.897846479
988 2.174473903 1.807351494 1.807351494 0.367122409	1.807361769 2.002052317 2.004107108 2.001671387 2.003795485 1.994654919 1.995941744 1.897073099 1.853473431 1.853473431 1.865485078 1.865485078 1.861370364
1077 2.174473903 1.807351494 1.807351494 0.367122409	1.807361769 1.964289389 1.964322433 1.963111037 1.963233794 1.957544566 1.958422217 1.874430125 1.825658302 1.825658302 1.851986370 1.851986370 1.848018023
1166 2.174473903 1.807351494 1.807351494 0.367122409	1.807361769 1.933607837 1.930836142 1.933053086 1.928680598 1.923951732 1.924985345 1.856236228 1.817753731 1.817753731 1.837199592 1.837199592 1.837081784
1255 2.174473903 1.807351494 1.807351494 0.367122409	1.807361769 1.902896750 1.902138890 1.902025638 1.899794438 1.896388135 1.897508774 1.841142463 1.814077577 1.814077577 1.828441140 1.828441140 1.831605754
1344 2.174473903 1.807351494 1.807351494 0.367122409	1.807361769 1.878593484 1.877892033 1.878427065 1.873858081 1.870642833 1.872101348 1.830022309 1.813496514 1.813496514 1.821104795 1.821104795 1.828807008
1433 2.174473903 1.807351494 1.807351494 0.367122409	1.807361769 1.856671019 1.859482281 1.857344684 1.852718970 1.848844193 1.850793556 1.821343573 1.812402293 1.812402293 1.816694845 1.816694845 1.826712983
1522 2.174473903 1.807351494 1.807351494 0.367122409	1.807361769 1.839936107 1.842007304 1.841213630 1.835917257 1.833365427 1.834471763 1.816538019 1.812563590 1.812563590 1.813241073 1.813241073 1.825052589
1611 2.174473903 1.807351494 1.807351494 0.367122409	1.807361769 1.829338094 1.832281095 1.829094569 1.824586445 1.821318333 1.821044994 1.814257209 1.810915000 1.810915000 1.812483083 1.812483083 1.825586222
1700 2.174473903 1.807351494 1.807351494 0.367122409	1.807361769 1.821440785 1.824452922 1.822539517 1.816550088 1.813396657 1.813486736 1.812855188 1.810881062 1.810881062 1.810931312 1.810931312 1.823890884
899 2.137950783 1.774011891 1.774011891 0.363938892	1.774021456 2.005542267 2.004841751 2.003106159 2.003752221 2.000477300 1.999254036 1.888736240 1.856226659 1.856226659 1.859478468 1.859478468 1.863651153
988 2.137950783 1.774011891 1.774011891 0.363938892	1.774021456 1.967583977 1.971357215 1.966772268 1.969968585 1.961761130 1.960129389 1.862925738 1.822923440 1.822923440 1.835529176 1.835529176 1.830472269
1077 2.137950783 1.774011891 1.774011891 0.363938892	1.774021456 1.930819832 1.931589156 1.931577486 1.930403089 1.925790609 1.924166710 1.843294560 1.795295732 1.795295732 1.820798936 1.820798936 1.817697350
1166 2.137950783 1.774011891 1.774011891 0.363938892	1.774021456 1.899018708 1.897573853 1.899389443 1.895803349 1.890589785 1.890570870 1.821641825 1.785558109 1.785558109 1.804278071 1.804278071 1.804082242
1255 2.137950783 1.774011891 1.774011891 0.363938892	1.774021456 1.868446246 1.871108224 1.868678488 1.868301058 1.860757191 1.861737563 1.808799370 1.781986965 1.781986965 1.795350516 1.795350516 1.796958073
1344 2.137950783 1.774011891 1.774011891 0.363938892	1.774021456 1.844619132 1.845155284 1.843863392 1.842919338 1.837382211 1.838314293 1.797035371 1.780179482 1.780179482 1.785556834 1.785556834 1.795993819
1433 2.137950783 1.774011891 1.774011891 0.363938892	1.774021456 1.823270252 1.824672081 1.824565595 1.820682047 1.816883708 1.817295533 1.787904964 1.778921062 1.778921062 1.782367095 1.782367095 1.794437568
1522 2.137950783 1.774011891 1.774011891 0.363938892	1.774021456 1.806728761 1.808856389 1.809269131 1.803447795 1.800469049 1.801838063 1.781745811 1.778096154 1.778096154 1.779471213 1.779471213 1.792137644
1611 2.137950783 1.774011891 1.774011891 0.363938892	1.774021456 1.795187685 1.797471563 1.797967534 1.791985791 1.787954919 1.788847150 1.780018402 1.777268303 1.777268303 1.777765060 1.777765060 1.792561058
1700 2.137950783 1.774011891 1.774011891 0.363938892	1.774021456 1.787317435 1.791494181 1.789665533 1.785178288 1.780286574 1.780449376 1.778345484 1.777751817 1.777751817 1.776419922 1.776419922 1.791403349
