#capacity sum_comm_cmp max(sum_comm,sum_comp) sum_comm sum_comp
24200 0.179657993 0.146162896 0.146162896 0.033495097
26620 0.179657993 0.146162896 0.146162896 0.033495097
29040 0.179657993 0.146162896 0.146162896 0.033495097
31460 0.179657993 0.146162896 0.146162896 0.033495097
33880 0.179657993 0.146162896 0.146162896 0.033495097
36300 0.179657993 0.146162896 0.146162896 0.033495097
38720 0.179657993 0.146162896 0.146162896 0.033495097
41140 0.179657993 0.146162896 0.146162896 0.033495097
43560 0.179657993 0.146162896 0.146162896 0.033495097
45980 0.179657993 0.146162896 0.146162896 0.033495097
24200 0.197478952 0.168741511 0.168741511 0.028737441
26620 0.197478952 0.168741511 0.168741511 0.028737441
29040 0.197478952 0.168741511 0.168741511 0.028737441
31460 0.197478952 0.168741511 0.168741511 0.028737441
33880 0.197478952 0.168741511 0.168741511 0.028737441
36300 0.197478952 0.168741511 0.168741511 0.028737441
38720 0.197478952 0.168741511 0.168741511 0.028737441
41140 0.197478952 0.168741511 0.168741511 0.028737441
43560 0.197478952 0.168741511 0.168741511 0.028737441
45980 0.197478952 0.168741511 0.168741511 0.028737441
24200 0.168953671 0.137658618 0.137658618 0.031295053
26620 0.168953671 0.137658618 0.137658618 0.031295053
29040 0.168953671 0.137658618 0.137658618 0.031295053
31460 0.168953671 0.137658618 0.137658618 0.031295053
33880 0.168953671 0.137658618 0.137658618 0.031295053
36300 0.168953671 0.137658618 0.137658618 0.031295053
38720 0.168953671 0.137658618 0.137658618 0.031295053
41140 0.168953671 0.137658618 0.137658618 0.031295053
43560 0.168953671 0.137658618 0.137658618 0.031295053
45980 0.168953671 0.137658618 0.137658618 0.031295053
24200 0.171685982 0.141788414 0.141788414 0.029897568
26620 0.171685982 0.141788414 0.141788414 0.029897568
29040 0.171685982 0.141788414 0.141788414 0.029897568
31460 0.171685982 0.141788414 0.141788414 0.029897568
33880 0.171685982 0.141788414 0.141788414 0.029897568
36300 0.171685982 0.141788414 0.141788414 0.029897568
38720 0.171685982 0.141788414 0.141788414 0.029897568
41140 0.171685982 0.141788414 0.141788414 0.029897568
43560 0.171685982 0.141788414 0.141788414 0.029897568
45980 0.171685982 0.141788414 0.141788414 0.029897568
24200 0.166779140 0.135085989 0.135085989 0.031693151
26620 0.166779140 0.135085989 0.135085989 0.031693151
29040 0.166779140 0.135085989 0.135085989 0.031693151
31460 0.166779140 0.135085989 0.135085989 0.031693151
33880 0.166779140 0.135085989 0.135085989 0.031693151
36300 0.166779140 0.135085989 0.135085989 0.031693151
38720 0.166779140 0.135085989 0.135085989 0.031693151
41140 0.166779140 0.135085989 0.135085989 0.031693151
43560 0.166779140 0.135085989 0.135085989 0.031693151
45980 0.166779140 0.135085989 0.135085989 0.031693151
24200 0.190841657 0.162922112 0.162922112 0.027919545
26620 0.190841657 0.162922112 0.162922112 0.027919545
29040 0.190841657 0.162922112 0.162922112 0.027919545
31460 0.190841657 0.162922112 0.162922112 0.027919545
33880 0.190841657 0.162922112 0.162922112 0.027919545
36300 0.190841657 0.162922112 0.162922112 0.027919545
38720 0.190841657 0.162922112 0.162922112 0.027919545
41140 0.190841657 0.162922112 0.162922112 0.027919545
43560 0.190841657 0.162922112 0.162922112 0.027919545
45980 0.190841657 0.162922112 0.162922112 0.027919545
24200 0.182761528 0.154588617 0.154588617 0.028172911
26620 0.182761528 0.154588617 0.154588617 0.028172911
29040 0.182761528 0.154588617 0.154588617 0.028172911
31460 0.182761528 0.154588617 0.154588617 0.028172911
33880 0.182761528 0.154588617 0.154588617 0.028172911
36300 0.182761528 0.154588617 0.154588617 0.028172911
38720 0.182761528 0.154588617 0.154588617 0.028172911
41140 0.182761528 0.154588617 0.154588617 0.028172911
43560 0.182761528 0.154588617 0.154588617 0.028172911
45980 0.182761528 0.154588617 0.154588617 0.028172911
24200 0.185148311 0.156163830 0.156163830 0.028984481
26620 0.185148311 0.156163830 0.156163830 0.028984481
29040 0.185148311 0.156163830 0.156163830 0.028984481
31460 0.185148311 0.156163830 0.156163830 0.028984481
33880 0.185148311 0.156163830 0.156163830 0.028984481
36300 0.185148311 0.156163830 0.156163830 0.028984481
38720 0.185148311 0.156163830 0.156163830 0.028984481
41140 0.185148311 0.156163830 0.156163830 0.028984481
43560 0.185148311 0.156163830 0.156163830 0.028984481
45980 0.185148311 0.156163830 0.156163830 0.028984481
24200 0.194115906 0.163864262 0.163864262 0.030251644
26620 0.194115906 0.163864262 0.163864262 0.030251644
29040 0.194115906 0.163864262 0.163864262 0.030251644
31460 0.194115906 0.163864262 0.163864262 0.030251644
33880 0.194115906 0.163864262 0.163864262 0.030251644
36300 0.194115906 0.163864262 0.163864262 0.030251644
38720 0.194115906 0.163864262 0.163864262 0.030251644
41140 0.194115906 0.163864262 0.163864262 0.030251644
43560 0.194115906 0.163864262 0.163864262 0.030251644
45980 0.194115906 0.163864262 0.163864262 0.030251644
24200 0.200620531 0.173149578 0.173149578 0.027470953
26620 0.200620531 0.173149578 0.173149578 0.027470953
29040 0.200620531 0.173149578 0.173149578 0.027470953
31460 0.200620531 0.173149578 0.173149578 0.027470953
33880 0.200620531 0.173149578 0.173149578 0.027470953
36300 0.200620531 0.173149578 0.173149578 0.027470953
38720 0.200620531 0.173149578 0.173149578 0.027470953
41140 0.200620531 0.173149578 0.173149578 0.027470953
43560 0.200620531 0.173149578 0.173149578 0.027470953
45980 0.200620531 0.173149578 0.173149578 0.027470953
24200 0.217627463 0.188678735 0.188678735 0.028948728
26620 0.217627463 0.188678735 0.188678735 0.028948728
29040 0.217627463 0.188678735 0.188678735 0.028948728
31460 0.217627463 0.188678735 0.188678735 0.028948728
33880 0.217627463 0.188678735 0.188678735 0.028948728
36300 0.217627463 0.188678735 0.188678735 0.028948728
38720 0.217627463 0.188678735 0.188678735 0.028948728
41140 0.217627463 0.188678735 0.188678735 0.028948728
43560 0.217627463 0.188678735 0.188678735 0.028948728
45980 0.217627463 0.188678735 0.188678735 0.028948728
24200 0.205238326 0.177129906 0.177129906 0.028108420
26620 0.205238326 0.177129906 0.177129906 0.028108420
29040 0.205238326 0.177129906 0.177129906 0.028108420
31460 0.205238326 0.177129906 0.177129906 0.028108420
33880 0.205238326 0.177129906 0.177129906 0.028108420
36300 0.205238326 0.177129906 0.177129906 0.028108420
38720 0.205238326 0.177129906 0.177129906 0.028108420
41140 0.205238326 0.177129906 0.177129906 0.028108420
43560 0.205238326 0.177129906 0.177129906 0.028108420
45980 0.205238326 0.177129906 0.177129906 0.028108420
24200 0.216796938 0.188405460 0.188405460 0.028391478
26620 0.216796938 0.188405460 0.188405460 0.028391478
29040 0.216796938 0.188405460 0.188405460 0.028391478
31460 0.216796938 0.188405460 0.188405460 0.028391478
33880 0.216796938 0.188405460 0.188405460 0.028391478
36300 0.216796938 0.188405460 0.188405460 0.028391478
38720 0.216796938 0.188405460 0.188405460 0.028391478
41140 0.216796938 0.188405460 0.188405460 0.028391478
43560 0.216796938 0.188405460 0.188405460 0.028391478
45980 0.216796938 0.188405460 0.188405460 0.028391478
24200 0.187383464 0.157600521 0.157600521 0.029782943
26620 0.187383464 0.157600521 0.157600521 0.029782943
29040 0.187383464 0.157600521 0.157600521 0.029782943
31460 0.187383464 0.157600521 0.157600521 0.029782943
33880 0.187383464 0.157600521 0.157600521 0.029782943
36300 0.187383464 0.157600521 0.157600521 0.029782943
38720 0.187383464 0.157600521 0.157600521 0.029782943
41140 0.187383464 0.157600521 0.157600521 0.029782943
43560 0.187383464 0.157600521 0.157600521 0.029782943
45980 0.187383464 0.157600521 0.157600521 0.029782943
24200 0.192612192 0.163264568 0.163264568 0.029347624
26620 0.192612192 0.163264568 0.163264568 0.029347624
29040 0.192612192 0.163264568 0.163264568 0.029347624
31460 0.192612192 0.163264568 0.163264568 0.029347624
33880 0.192612192 0.163264568 0.163264568 0.029347624
36300 0.192612192 0.163264568 0.163264568 0.029347624
38720 0.192612192 0.163264568 0.163264568 0.029347624
41140 0.192612192 0.163264568 0.163264568 0.029347624
43560 0.192612192 0.163264568 0.163264568 0.029347624
45980 0.192612192 0.163264568 0.163264568 0.029347624
24200 0.188903455 0.160588347 0.160588347 0.028315108
26620 0.188903455 0.160588347 0.160588347 0.028315108
29040 0.188903455 0.160588347 0.160588347 0.028315108
31460 0.188903455 0.160588347 0.160588347 0.028315108
33880 0.188903455 0.160588347 0.160588347 0.028315108
36300 0.188903455 0.160588347 0.160588347 0.028315108
38720 0.188903455 0.160588347 0.160588347 0.028315108
41140 0.188903455 0.160588347 0.160588347 0.028315108
43560 0.188903455 0.160588347 0.160588347 0.028315108
45980 0.188903455 0.160588347 0.160588347 0.028315108
24200 0.197809946 0.168439681 0.168439681 0.029370265
26620 0.197809946 0.168439681 0.168439681 0.029370265
29040 0.197809946 0.168439681 0.168439681 0.029370265
31460 0.197809946 0.168439681 0.168439681 0.029370265
33880 0.197809946 0.168439681 0.168439681 0.029370265
36300 0.197809946 0.168439681 0.168439681 0.029370265
38720 0.197809946 0.168439681 0.168439681 0.029370265
41140 0.197809946 0.168439681 0.168439681 0.029370265
43560 0.197809946 0.168439681 0.168439681 0.029370265
45980 0.197809946 0.168439681 0.168439681 0.029370265
24200 0.183197208 0.153541855 0.153541855 0.029655353
26620 0.183197208 0.153541855 0.153541855 0.029655353
29040 0.183197208 0.153541855 0.153541855 0.029655353
31460 0.183197208 0.153541855 0.153541855 0.029655353
33880 0.183197208 0.153541855 0.153541855 0.029655353
36300 0.183197208 0.153541855 0.153541855 0.029655353
38720 0.183197208 0.153541855 0.153541855 0.029655353
41140 0.183197208 0.153541855 0.153541855 0.029655353
43560 0.183197208 0.153541855 0.153541855 0.029655353
45980 0.183197208 0.153541855 0.153541855 0.029655353
24200 0.202964684 0.174403757 0.174403757 0.028560927
26620 0.202964684 0.174403757 0.174403757 0.028560927
29040 0.202964684 0.174403757 0.174403757 0.028560927
31460 0.202964684 0.174403757 0.174403757 0.028560927
33880 0.202964684 0.174403757 0.174403757 0.028560927
36300 0.202964684 0.174403757 0.174403757 0.028560927
38720 0.202964684 0.174403757 0.174403757 0.028560927
41140 0.202964684 0.174403757 0.174403757 0.028560927
43560 0.202964684 0.174403757 0.174403757 0.028560927
45980 0.202964684 0.174403757 0.174403757 0.028560927
24200 0.200289235 0.172454806 0.172454806 0.027834429
26620 0.200289235 0.172454806 0.172454806 0.027834429
29040 0.200289235 0.172454806 0.172454806 0.027834429
31460 0.200289235 0.172454806 0.172454806 0.027834429
33880 0.200289235 0.172454806 0.172454806 0.027834429
36300 0.200289235 0.172454806 0.172454806 0.027834429
38720 0.200289235 0.172454806 0.172454806 0.027834429
41140 0.200289235 0.172454806 0.172454806 0.027834429
43560 0.200289235 0.172454806 0.172454806 0.027834429
45980 0.200289235 0.172454806 0.172454806 0.027834429
24200 0.184889202 0.153697801 0.153697801 0.031191401
26620 0.184889202 0.153697801 0.153697801 0.031191401
29040 0.184889202 0.153697801 0.153697801 0.031191401
31460 0.184889202 0.153697801 0.153697801 0.031191401
33880 0.184889202 0.153697801 0.153697801 0.031191401
36300 0.184889202 0.153697801 0.153697801 0.031191401
38720 0.184889202 0.153697801 0.153697801 0.031191401
41140 0.184889202 0.153697801 0.153697801 0.031191401
43560 0.184889202 0.153697801 0.153697801 0.031191401
45980 0.184889202 0.153697801 0.153697801 0.031191401
24200 0.176113031 0.147710476 0.147710476 0.028402555
26620 0.176113031 0.147710476 0.147710476 0.028402555
29040 0.176113031 0.147710476 0.147710476 0.028402555
31460 0.176113031 0.147710476 0.147710476 0.028402555
33880 0.176113031 0.147710476 0.147710476 0.028402555
36300 0.176113031 0.147710476 0.147710476 0.028402555
38720 0.176113031 0.147710476 0.147710476 0.028402555
41140 0.176113031 0.147710476 0.147710476 0.028402555
43560 0.176113031 0.147710476 0.147710476 0.028402555
45980 0.176113031 0.147710476 0.147710476 0.028402555
24200 0.195880695 0.167637120 0.167637120 0.028243575
26620 0.195880695 0.167637120 0.167637120 0.028243575
29040 0.195880695 0.167637120 0.167637120 0.028243575
31460 0.195880695 0.167637120 0.167637120 0.028243575
33880 0.195880695 0.167637120 0.167637120 0.028243575
36300 0.195880695 0.167637120 0.167637120 0.028243575
38720 0.195880695 0.167637120 0.167637120 0.028243575
41140 0.195880695 0.167637120 0.167637120 0.028243575
43560 0.195880695 0.167637120 0.167637120 0.028243575
45980 0.195880695 0.167637120 0.167637120 0.028243575
24200 0.182172155 0.153498992 0.153498992 0.028673163
26620 0.182172155 0.153498992 0.153498992 0.028673163
29040 0.182172155 0.153498992 0.153498992 0.028673163
31460 0.182172155 0.153498992 0.153498992 0.028673163
33880 0.182172155 0.153498992 0.153498992 0.028673163
36300 0.182172155 0.153498992 0.153498992 0.028673163
38720 0.182172155 0.153498992 0.153498992 0.028673163
41140 0.182172155 0.153498992 0.153498992 0.028673163
43560 0.182172155 0.153498992 0.153498992 0.028673163
45980 0.182172155 0.153498992 0.153498992 0.028673163
24200 0.180928288 0.150489073 0.150489073 0.030439215
26620 0.180928288 0.150489073 0.150489073 0.030439215
29040 0.180928288 0.150489073 0.150489073 0.030439215
31460 0.180928288 0.150489073 0.150489073 0.030439215
33880 0.180928288 0.150489073 0.150489073 0.030439215
36300 0.180928288 0.150489073 0.150489073 0.030439215
38720 0.180928288 0.150489073 0.150489073 0.030439215
41140 0.180928288 0.150489073 0.150489073 0.030439215
43560 0.180928288 0.150489073 0.150489073 0.030439215
45980 0.180928288 0.150489073 0.150489073 0.030439215
24200 0.191861445 0.162438939 0.162438939 0.029422506
26620 0.191861445 0.162438939 0.162438939 0.029422506
29040 0.191861445 0.162438939 0.162438939 0.029422506
31460 0.191861445 0.162438939 0.162438939 0.029422506
33880 0.191861445 0.162438939 0.162438939 0.029422506
36300 0.191861445 0.162438939 0.162438939 0.029422506
38720 0.191861445 0.162438939 0.162438939 0.029422506
41140 0.191861445 0.162438939 0.162438939 0.029422506
43560 0.191861445 0.162438939 0.162438939 0.029422506
45980 0.191861445 0.162438939 0.162438939 0.029422506
24200 0.187304704 0.159227516 0.159227516 0.028077188
26620 0.187304704 0.159227516 0.159227516 0.028077188
29040 0.187304704 0.159227516 0.159227516 0.028077188
31460 0.187304704 0.159227516 0.159227516 0.028077188
33880 0.187304704 0.159227516 0.159227516 0.028077188
36300 0.187304704 0.159227516 0.159227516 0.028077188
38720 0.187304704 0.159227516 0.159227516 0.028077188
41140 0.187304704 0.159227516 0.159227516 0.028077188
43560 0.187304704 0.159227516 0.159227516 0.028077188
45980 0.187304704 0.159227516 0.159227516 0.028077188
24200 0.199428411 0.172687169 0.172687169 0.026741242
26620 0.199428411 0.172687169 0.172687169 0.026741242
29040 0.199428411 0.172687169 0.172687169 0.026741242
31460 0.199428411 0.172687169 0.172687169 0.026741242
33880 0.199428411 0.172687169 0.172687169 0.026741242
36300 0.199428411 0.172687169 0.172687169 0.026741242
38720 0.199428411 0.172687169 0.172687169 0.026741242
41140 0.199428411 0.172687169 0.172687169 0.026741242
43560 0.199428411 0.172687169 0.172687169 0.026741242
45980 0.199428411 0.172687169 0.172687169 0.026741242
24200 0.205567872 0.177376525 0.177376525 0.028191347
26620 0.205567872 0.177376525 0.177376525 0.028191347
29040 0.205567872 0.177376525 0.177376525 0.028191347
31460 0.205567872 0.177376525 0.177376525 0.028191347
33880 0.205567872 0.177376525 0.177376525 0.028191347
36300 0.205567872 0.177376525 0.177376525 0.028191347
38720 0.205567872 0.177376525 0.177376525 0.028191347
41140 0.205567872 0.177376525 0.177376525 0.028191347
43560 0.205567872 0.177376525 0.177376525 0.028191347
45980 0.205567872 0.177376525 0.177376525 0.028191347
24200 0.190494665 0.162799929 0.162799929 0.027694736
26620 0.190494665 0.162799929 0.162799929 0.027694736
29040 0.190494665 0.162799929 0.162799929 0.027694736
31460 0.190494665 0.162799929 0.162799929 0.027694736
33880 0.190494665 0.162799929 0.162799929 0.027694736
36300 0.190494665 0.162799929 0.162799929 0.027694736
38720 0.190494665 0.162799929 0.162799929 0.027694736
41140 0.190494665 0.162799929 0.162799929 0.027694736
43560 0.190494665 0.162799929 0.162799929 0.027694736
45980 0.190494665 0.162799929 0.162799929 0.027694736
24200 0.190291269 0.163424963 0.163424963 0.026866306
26620 0.190291269 0.163424963 0.163424963 0.026866306
29040 0.190291269 0.163424963 0.163424963 0.026866306
31460 0.190291269 0.163424963 0.163424963 0.026866306
33880 0.190291269 0.163424963 0.163424963 0.026866306
36300 0.190291269 0.163424963 0.163424963 0.026866306
38720 0.190291269 0.163424963 0.163424963 0.026866306
41140 0.190291269 0.163424963 0.163424963 0.026866306
43560 0.190291269 0.163424963 0.163424963 0.026866306
45980 0.190291269 0.163424963 0.163424963 0.026866306
24200 0.187451433 0.160291429 0.160291429 0.027160004
26620 0.187451433 0.160291429 0.160291429 0.027160004
29040 0.187451433 0.160291429 0.160291429 0.027160004
31460 0.187451433 0.160291429 0.160291429 0.027160004
33880 0.187451433 0.160291429 0.160291429 0.027160004
36300 0.187451433 0.160291429 0.160291429 0.027160004
38720 0.187451433 0.160291429 0.160291429 0.027160004
41140 0.187451433 0.160291429 0.160291429 0.027160004
43560 0.187451433 0.160291429 0.160291429 0.027160004
45980 0.187451433 0.160291429 0.160291429 0.027160004
24200 0.183481072 0.155740620 0.155740620 0.027740452
26620 0.183481072 0.155740620 0.155740620 0.027740452
29040 0.183481072 0.155740620 0.155740620 0.027740452
31460 0.183481072 0.155740620 0.155740620 0.027740452
33880 0.183481072 0.155740620 0.155740620 0.027740452
36300 0.183481072 0.155740620 0.155740620 0.027740452
38720 0.183481072 0.155740620 0.155740620 0.027740452
41140 0.183481072 0.155740620 0.155740620 0.027740452
43560 0.183481072 0.155740620 0.155740620 0.027740452
45980 0.183481072 0.155740620 0.155740620 0.027740452
24200 0.182353492 0.154652786 0.154652786 0.027700706
26620 0.182353492 0.154652786 0.154652786 0.027700706
29040 0.182353492 0.154652786 0.154652786 0.027700706
31460 0.182353492 0.154652786 0.154652786 0.027700706
33880 0.182353492 0.154652786 0.154652786 0.027700706
36300 0.182353492 0.154652786 0.154652786 0.027700706
38720 0.182353492 0.154652786 0.154652786 0.027700706
41140 0.182353492 0.154652786 0.154652786 0.027700706
43560 0.182353492 0.154652786 0.154652786 0.027700706
45980 0.182353492 0.154652786 0.154652786 0.027700706
24200 0.180590040 0.153979304 0.153979304 0.026610736
26620 0.180590040 0.153979304 0.153979304 0.026610736
29040 0.180590040 0.153979304 0.153979304 0.026610736
31460 0.180590040 0.153979304 0.153979304 0.026610736
33880 0.180590040 0.153979304 0.153979304 0.026610736
36300 0.180590040 0.153979304 0.153979304 0.026610736
38720 0.180590040 0.153979304 0.153979304 0.026610736
41140 0.180590040 0.153979304 0.153979304 0.026610736
43560 0.180590040 0.153979304 0.153979304 0.026610736
45980 0.180590040 0.153979304 0.153979304 0.026610736
24200 0.182755777 0.156450464 0.156450464 0.026305313
26620 0.182755777 0.156450464 0.156450464 0.026305313
29040 0.182755777 0.156450464 0.156450464 0.026305313
31460 0.182755777 0.156450464 0.156450464 0.026305313
33880 0.182755777 0.156450464 0.156450464 0.026305313
36300 0.182755777 0.156450464 0.156450464 0.026305313
38720 0.182755777 0.156450464 0.156450464 0.026305313
41140 0.182755777 0.156450464 0.156450464 0.026305313
43560 0.182755777 0.156450464 0.156450464 0.026305313
45980 0.182755777 0.156450464 0.156450464 0.026305313
24200 0.188583093 0.161304599 0.161304599 0.027278494
26620 0.188583093 0.161304599 0.161304599 0.027278494
29040 0.188583093 0.161304599 0.161304599 0.027278494
31460 0.188583093 0.161304599 0.161304599 0.027278494
33880 0.188583093 0.161304599 0.161304599 0.027278494
36300 0.188583093 0.161304599 0.161304599 0.027278494
38720 0.188583093 0.161304599 0.161304599 0.027278494
41140 0.188583093 0.161304599 0.161304599 0.027278494
43560 0.188583093 0.161304599 0.161304599 0.027278494
45980 0.188583093 0.161304599 0.161304599 0.027278494
24200 0.183153481 0.156175343 0.156175343 0.026978138
26620 0.183153481 0.156175343 0.156175343 0.026978138
29040 0.183153481 0.156175343 0.156175343 0.026978138
31460 0.183153481 0.156175343 0.156175343 0.026978138
33880 0.183153481 0.156175343 0.156175343 0.026978138
36300 0.183153481 0.156175343 0.156175343 0.026978138
38720 0.183153481 0.156175343 0.156175343 0.026978138
41140 0.183153481 0.156175343 0.156175343 0.026978138
43560 0.183153481 0.156175343 0.156175343 0.026978138
45980 0.183153481 0.156175343 0.156175343 0.026978138
24200 0.187507397 0.161582052 0.161582052 0.025925345
26620 0.187507397 0.161582052 0.161582052 0.025925345
29040 0.187507397 0.161582052 0.161582052 0.025925345
31460 0.187507397 0.161582052 0.161582052 0.025925345
33880 0.187507397 0.161582052 0.161582052 0.025925345
36300 0.187507397 0.161582052 0.161582052 0.025925345
38720 0.187507397 0.161582052 0.161582052 0.025925345
41140 0.187507397 0.161582052 0.161582052 0.025925345
43560 0.187507397 0.161582052 0.161582052 0.025925345
45980 0.187507397 0.161582052 0.161582052 0.025925345
24200 0.178821277 0.151746708 0.151746708 0.027074569
26620 0.178821277 0.151746708 0.151746708 0.027074569
29040 0.178821277 0.151746708 0.151746708 0.027074569
31460 0.178821277 0.151746708 0.151746708 0.027074569
33880 0.178821277 0.151746708 0.151746708 0.027074569
36300 0.178821277 0.151746708 0.151746708 0.027074569
38720 0.178821277 0.151746708 0.151746708 0.027074569
41140 0.178821277 0.151746708 0.151746708 0.027074569
43560 0.178821277 0.151746708 0.151746708 0.027074569
45980 0.178821277 0.151746708 0.151746708 0.027074569
24200 0.175789441 0.147363542 0.147363542 0.028425899
26620 0.175789441 0.147363542 0.147363542 0.028425899
29040 0.175789441 0.147363542 0.147363542 0.028425899
31460 0.175789441 0.147363542 0.147363542 0.028425899
33880 0.175789441 0.147363542 0.147363542 0.028425899
36300 0.175789441 0.147363542 0.147363542 0.028425899
38720 0.175789441 0.147363542 0.147363542 0.028425899
41140 0.175789441 0.147363542 0.147363542 0.028425899
43560 0.175789441 0.147363542 0.147363542 0.028425899
45980 0.175789441 0.147363542 0.147363542 0.028425899
24200 0.170426772 0.142611357 0.142611357 0.027815415
26620 0.170426772 0.142611357 0.142611357 0.027815415
29040 0.170426772 0.142611357 0.142611357 0.027815415
31460 0.170426772 0.142611357 0.142611357 0.027815415
33880 0.170426772 0.142611357 0.142611357 0.027815415
36300 0.170426772 0.142611357 0.142611357 0.027815415
38720 0.170426772 0.142611357 0.142611357 0.027815415
41140 0.170426772 0.142611357 0.142611357 0.027815415
43560 0.170426772 0.142611357 0.142611357 0.027815415
45980 0.170426772 0.142611357 0.142611357 0.027815415
24200 0.184115472 0.157724662 0.157724662 0.026390810
26620 0.184115472 0.157724662 0.157724662 0.026390810
29040 0.184115472 0.157724662 0.157724662 0.026390810
31460 0.184115472 0.157724662 0.157724662 0.026390810
33880 0.184115472 0.157724662 0.157724662 0.026390810
36300 0.184115472 0.157724662 0.157724662 0.026390810
38720 0.184115472 0.157724662 0.157724662 0.026390810
41140 0.184115472 0.157724662 0.157724662 0.026390810
43560 0.184115472 0.157724662 0.157724662 0.026390810
45980 0.184115472 0.157724662 0.157724662 0.026390810
24200 0.179929238 0.152727514 0.152727514 0.027201724
26620 0.179929238 0.152727514 0.152727514 0.027201724
29040 0.179929238 0.152727514 0.152727514 0.027201724
31460 0.179929238 0.152727514 0.152727514 0.027201724
33880 0.179929238 0.152727514 0.152727514 0.027201724
36300 0.179929238 0.152727514 0.152727514 0.027201724
38720 0.179929238 0.152727514 0.152727514 0.027201724
41140 0.179929238 0.152727514 0.152727514 0.027201724
43560 0.179929238 0.152727514 0.152727514 0.027201724
45980 0.179929238 0.152727514 0.152727514 0.027201724
24200 0.170367587 0.142997989 0.142997989 0.027369598
26620 0.170367587 0.142997989 0.142997989 0.027369598
29040 0.170367587 0.142997989 0.142997989 0.027369598
31460 0.170367587 0.142997989 0.142997989 0.027369598
33880 0.170367587 0.142997989 0.142997989 0.027369598
36300 0.170367587 0.142997989 0.142997989 0.027369598
38720 0.170367587 0.142997989 0.142997989 0.027369598
41140 0.170367587 0.142997989 0.142997989 0.027369598
43560 0.170367587 0.142997989 0.142997989 0.027369598
45980 0.170367587 0.142997989 0.142997989 0.027369598
24200 0.180758602 0.153973210 0.153973210 0.026785392
26620 0.180758602 0.153973210 0.153973210 0.026785392
29040 0.180758602 0.153973210 0.153973210 0.026785392
31460 0.180758602 0.153973210 0.153973210 0.026785392
33880 0.180758602 0.153973210 0.153973210 0.026785392
36300 0.180758602 0.153973210 0.153973210 0.026785392
38720 0.180758602 0.153973210 0.153973210 0.026785392
41140 0.180758602 0.153973210 0.153973210 0.026785392
43560 0.180758602 0.153973210 0.153973210 0.026785392
45980 0.180758602 0.153973210 0.153973210 0.026785392
24200 0.190056254 0.163538948 0.163538948 0.026517306
26620 0.190056254 0.163538948 0.163538948 0.026517306
29040 0.190056254 0.163538948 0.163538948 0.026517306
31460 0.190056254 0.163538948 0.163538948 0.026517306
33880 0.190056254 0.163538948 0.163538948 0.026517306
36300 0.190056254 0.163538948 0.163538948 0.026517306
38720 0.190056254 0.163538948 0.163538948 0.026517306
41140 0.190056254 0.163538948 0.163538948 0.026517306
43560 0.190056254 0.163538948 0.163538948 0.026517306
45980 0.190056254 0.163538948 0.163538948 0.026517306
24200 0.190940837 0.164994970 0.164994970 0.025945867
26620 0.190940837 0.164994970 0.164994970 0.025945867
29040 0.190940837 0.164994970 0.164994970 0.025945867
31460 0.190940837 0.164994970 0.164994970 0.025945867
33880 0.190940837 0.164994970 0.164994970 0.025945867
36300 0.190940837 0.164994970 0.164994970 0.025945867
38720 0.190940837 0.164994970 0.164994970 0.025945867
41140 0.190940837 0.164994970 0.164994970 0.025945867
43560 0.190940837 0.164994970 0.164994970 0.025945867
45980 0.190940837 0.164994970 0.164994970 0.025945867
24200 0.199571945 0.171122445 0.171122445 0.028449500
26620 0.199571945 0.171122445 0.171122445 0.028449500
29040 0.199571945 0.171122445 0.171122445 0.028449500
31460 0.199571945 0.171122445 0.171122445 0.028449500
33880 0.199571945 0.171122445 0.171122445 0.028449500
36300 0.199571945 0.171122445 0.171122445 0.028449500
38720 0.199571945 0.171122445 0.171122445 0.028449500
41140 0.199571945 0.171122445 0.171122445 0.028449500
43560 0.199571945 0.171122445 0.171122445 0.028449500
45980 0.199571945 0.171122445 0.171122445 0.028449500
24200 0.186154136 0.158332042 0.158332042 0.027822094
26620 0.186154136 0.158332042 0.158332042 0.027822094
29040 0.186154136 0.158332042 0.158332042 0.027822094
31460 0.186154136 0.158332042 0.158332042 0.027822094
33880 0.186154136 0.158332042 0.158332042 0.027822094
36300 0.186154136 0.158332042 0.158332042 0.027822094
38720 0.186154136 0.158332042 0.158332042 0.027822094
41140 0.186154136 0.158332042 0.158332042 0.027822094
43560 0.186154136 0.158332042 0.158332042 0.027822094
45980 0.186154136 0.158332042 0.158332042 0.027822094
24200 0.183605486 0.155488652 0.155488652 0.028116834
26620 0.183605486 0.155488652 0.155488652 0.028116834
29040 0.183605486 0.155488652 0.155488652 0.028116834
31460 0.183605486 0.155488652 0.155488652 0.028116834
33880 0.183605486 0.155488652 0.155488652 0.028116834
36300 0.183605486 0.155488652 0.155488652 0.028116834
38720 0.183605486 0.155488652 0.155488652 0.028116834
41140 0.183605486 0.155488652 0.155488652 0.028116834
43560 0.183605486 0.155488652 0.155488652 0.028116834
45980 0.183605486 0.155488652 0.155488652 0.028116834
24200 0.188745957 0.162044842 0.162044842 0.026701115
26620 0.188745957 0.162044842 0.162044842 0.026701115
29040 0.188745957 0.162044842 0.162044842 0.026701115
31460 0.188745957 0.162044842 0.162044842 0.026701115
33880 0.188745957 0.162044842 0.162044842 0.026701115
36300 0.188745957 0.162044842 0.162044842 0.026701115
38720 0.188745957 0.162044842 0.162044842 0.026701115
41140 0.188745957 0.162044842 0.162044842 0.026701115
43560 0.188745957 0.162044842 0.162044842 0.026701115
45980 0.188745957 0.162044842 0.162044842 0.026701115
24200 0.201297880 0.173744933 0.173744933 0.027552947
26620 0.201297880 0.173744933 0.173744933 0.027552947
29040 0.201297880 0.173744933 0.173744933 0.027552947
31460 0.201297880 0.173744933 0.173744933 0.027552947
33880 0.201297880 0.173744933 0.173744933 0.027552947
36300 0.201297880 0.173744933 0.173744933 0.027552947
38720 0.201297880 0.173744933 0.173744933 0.027552947
41140 0.201297880 0.173744933 0.173744933 0.027552947
43560 0.201297880 0.173744933 0.173744933 0.027552947
45980 0.201297880 0.173744933 0.173744933 0.027552947
24200 0.194883571 0.166799600 0.166799600 0.028083971
26620 0.194883571 0.166799600 0.166799600 0.028083971
29040 0.194883571 0.166799600 0.166799600 0.028083971
31460 0.194883571 0.166799600 0.166799600 0.028083971
33880 0.194883571 0.166799600 0.166799600 0.028083971
36300 0.194883571 0.166799600 0.166799600 0.028083971
38720 0.194883571 0.166799600 0.166799600 0.028083971
41140 0.194883571 0.166799600 0.166799600 0.028083971
43560 0.194883571 0.166799600 0.166799600 0.028083971
45980 0.194883571 0.166799600 0.166799600 0.028083971
24200 0.200763141 0.174255689 0.174255689 0.026507452
26620 0.200763141 0.174255689 0.174255689 0.026507452
29040 0.200763141 0.174255689 0.174255689 0.026507452
31460 0.200763141 0.174255689 0.174255689 0.026507452
33880 0.200763141 0.174255689 0.174255689 0.026507452
36300 0.200763141 0.174255689 0.174255689 0.026507452
38720 0.200763141 0.174255689 0.174255689 0.026507452
41140 0.200763141 0.174255689 0.174255689 0.026507452
43560 0.200763141 0.174255689 0.174255689 0.026507452
45980 0.200763141 0.174255689 0.174255689 0.026507452
24200 0.189853220 0.161982875 0.161982875 0.027870345
26620 0.189853220 0.161982875 0.161982875 0.027870345
29040 0.189853220 0.161982875 0.161982875 0.027870345
31460 0.189853220 0.161982875 0.161982875 0.027870345
33880 0.189853220 0.161982875 0.161982875 0.027870345
36300 0.189853220 0.161982875 0.161982875 0.027870345
38720 0.189853220 0.161982875 0.161982875 0.027870345
41140 0.189853220 0.161982875 0.161982875 0.027870345
43560 0.189853220 0.161982875 0.161982875 0.027870345
45980 0.189853220 0.161982875 0.161982875 0.027870345
24200 0.175929991 0.146557899 0.146557899 0.029372092
26620 0.175929991 0.146557899 0.146557899 0.029372092
29040 0.175929991 0.146557899 0.146557899 0.029372092
31460 0.175929991 0.146557899 0.146557899 0.029372092
33880 0.175929991 0.146557899 0.146557899 0.029372092
36300 0.175929991 0.146557899 0.146557899 0.029372092
38720 0.175929991 0.146557899 0.146557899 0.029372092
41140 0.175929991 0.146557899 0.146557899 0.029372092
43560 0.175929991 0.146557899 0.146557899 0.029372092
45980 0.175929991 0.146557899 0.146557899 0.029372092
24200 0.183535142 0.156137797 0.156137797 0.027397345
26620 0.183535142 0.156137797 0.156137797 0.027397345
29040 0.183535142 0.156137797 0.156137797 0.027397345
31460 0.183535142 0.156137797 0.156137797 0.027397345
33880 0.183535142 0.156137797 0.156137797 0.027397345
36300 0.183535142 0.156137797 0.156137797 0.027397345
38720 0.183535142 0.156137797 0.156137797 0.027397345
41140 0.183535142 0.156137797 0.156137797 0.027397345
43560 0.183535142 0.156137797 0.156137797 0.027397345
45980 0.183535142 0.156137797 0.156137797 0.027397345
24200 0.178261728 0.149574821 0.149574821 0.028686907
26620 0.178261728 0.149574821 0.149574821 0.028686907
29040 0.178261728 0.149574821 0.149574821 0.028686907
31460 0.178261728 0.149574821 0.149574821 0.028686907
33880 0.178261728 0.149574821 0.149574821 0.028686907
36300 0.178261728 0.149574821 0.149574821 0.028686907
38720 0.178261728 0.149574821 0.149574821 0.028686907
41140 0.178261728 0.149574821 0.149574821 0.028686907
43560 0.178261728 0.149574821 0.149574821 0.028686907
45980 0.178261728 0.149574821 0.149574821 0.028686907
24200 0.181201969 0.153934710 0.153934710 0.027267259
26620 0.181201969 0.153934710 0.153934710 0.027267259
29040 0.181201969 0.153934710 0.153934710 0.027267259
31460 0.181201969 0.153934710 0.153934710 0.027267259
33880 0.181201969 0.153934710 0.153934710 0.027267259
36300 0.181201969 0.153934710 0.153934710 0.027267259
38720 0.181201969 0.153934710 0.153934710 0.027267259
41140 0.181201969 0.153934710 0.153934710 0.027267259
43560 0.181201969 0.153934710 0.153934710 0.027267259
45980 0.181201969 0.153934710 0.153934710 0.027267259
24200 0.170711899 0.142317056 0.142317056 0.028394843
26620 0.170711899 0.142317056 0.142317056 0.028394843
29040 0.170711899 0.142317056 0.142317056 0.028394843
31460 0.170711899 0.142317056 0.142317056 0.028394843
33880 0.170711899 0.142317056 0.142317056 0.028394843
36300 0.170711899 0.142317056 0.142317056 0.028394843
38720 0.170711899 0.142317056 0.142317056 0.028394843
41140 0.170711899 0.142317056 0.142317056 0.028394843
43560 0.170711899 0.142317056 0.142317056 0.028394843
45980 0.170711899 0.142317056 0.142317056 0.028394843
24200 0.185727760 0.158410999 0.158410999 0.027316761
26620 0.185727760 0.158410999 0.158410999 0.027316761
29040 0.185727760 0.158410999 0.158410999 0.027316761
31460 0.185727760 0.158410999 0.158410999 0.027316761
33880 0.185727760 0.158410999 0.158410999 0.027316761
36300 0.185727760 0.158410999 0.158410999 0.027316761
38720 0.185727760 0.158410999 0.158410999 0.027316761
41140 0.185727760 0.158410999 0.158410999 0.027316761
43560 0.185727760 0.158410999 0.158410999 0.027316761
45980 0.185727760 0.158410999 0.158410999 0.027316761
24200 0.166337000 0.138763920 0.138763920 0.027573080
26620 0.166337000 0.138763920 0.138763920 0.027573080
29040 0.166337000 0.138763920 0.138763920 0.027573080
31460 0.166337000 0.138763920 0.138763920 0.027573080
33880 0.166337000 0.138763920 0.138763920 0.027573080
36300 0.166337000 0.138763920 0.138763920 0.027573080
38720 0.166337000 0.138763920 0.138763920 0.027573080
41140 0.166337000 0.138763920 0.138763920 0.027573080
43560 0.166337000 0.138763920 0.138763920 0.027573080
45980 0.166337000 0.138763920 0.138763920 0.027573080
24200 0.186903533 0.160525327 0.160525327 0.026378206
26620 0.186903533 0.160525327 0.160525327 0.026378206
29040 0.186903533 0.160525327 0.160525327 0.026378206
31460 0.186903533 0.160525327 0.160525327 0.026378206
33880 0.186903533 0.160525327 0.160525327 0.026378206
36300 0.186903533 0.160525327 0.160525327 0.026378206
38720 0.186903533 0.160525327 0.160525327 0.026378206
41140 0.186903533 0.160525327 0.160525327 0.026378206
43560 0.186903533 0.160525327 0.160525327 0.026378206
45980 0.186903533 0.160525327 0.160525327 0.026378206
24200 0.192937826 0.164000042 0.164000042 0.028937784
26620 0.192937826 0.164000042 0.164000042 0.028937784
29040 0.192937826 0.164000042 0.164000042 0.028937784
31460 0.192937826 0.164000042 0.164000042 0.028937784
33880 0.192937826 0.164000042 0.164000042 0.028937784
36300 0.192937826 0.164000042 0.164000042 0.028937784
38720 0.192937826 0.164000042 0.164000042 0.028937784
41140 0.192937826 0.164000042 0.164000042 0.028937784
43560 0.192937826 0.164000042 0.164000042 0.028937784
45980 0.192937826 0.164000042 0.164000042 0.028937784
24200 0.179142512 0.149227660 0.149227660 0.029914852
26620 0.179142512 0.149227660 0.149227660 0.029914852
29040 0.179142512 0.149227660 0.149227660 0.029914852
31460 0.179142512 0.149227660 0.149227660 0.029914852
33880 0.179142512 0.149227660 0.149227660 0.029914852
36300 0.179142512 0.149227660 0.149227660 0.029914852
38720 0.179142512 0.149227660 0.149227660 0.029914852
41140 0.179142512 0.149227660 0.149227660 0.029914852
43560 0.179142512 0.149227660 0.149227660 0.029914852
45980 0.179142512 0.149227660 0.149227660 0.029914852
24200 0.173702366 0.144581516 0.144581516 0.029120850
26620 0.173702366 0.144581516 0.144581516 0.029120850
29040 0.173702366 0.144581516 0.144581516 0.029120850
31460 0.173702366 0.144581516 0.144581516 0.029120850
33880 0.173702366 0.144581516 0.144581516 0.029120850
36300 0.173702366 0.144581516 0.144581516 0.029120850
38720 0.173702366 0.144581516 0.144581516 0.029120850
41140 0.173702366 0.144581516 0.144581516 0.029120850
43560 0.173702366 0.144581516 0.144581516 0.029120850
45980 0.173702366 0.144581516 0.144581516 0.029120850
24200 0.182190872 0.154539912 0.154539912 0.027650960
26620 0.182190872 0.154539912 0.154539912 0.027650960
29040 0.182190872 0.154539912 0.154539912 0.027650960
31460 0.182190872 0.154539912 0.154539912 0.027650960
33880 0.182190872 0.154539912 0.154539912 0.027650960
36300 0.182190872 0.154539912 0.154539912 0.027650960
38720 0.182190872 0.154539912 0.154539912 0.027650960
41140 0.182190872 0.154539912 0.154539912 0.027650960
43560 0.182190872 0.154539912 0.154539912 0.027650960
45980 0.182190872 0.154539912 0.154539912 0.027650960
24200 0.179593668 0.149321321 0.149321321 0.030272347
26620 0.179593668 0.149321321 0.149321321 0.030272347
29040 0.179593668 0.149321321 0.149321321 0.030272347
31460 0.179593668 0.149321321 0.149321321 0.030272347
33880 0.179593668 0.149321321 0.149321321 0.030272347
36300 0.179593668 0.149321321 0.149321321 0.030272347
38720 0.179593668 0.149321321 0.149321321 0.030272347
41140 0.179593668 0.149321321 0.149321321 0.030272347
43560 0.179593668 0.149321321 0.149321321 0.030272347
45980 0.179593668 0.149321321 0.149321321 0.030272347
24200 0.176485767 0.147347383 0.147347383 0.029138384
26620 0.176485767 0.147347383 0.147347383 0.029138384
29040 0.176485767 0.147347383 0.147347383 0.029138384
31460 0.176485767 0.147347383 0.147347383 0.029138384
33880 0.176485767 0.147347383 0.147347383 0.029138384
36300 0.176485767 0.147347383 0.147347383 0.029138384
38720 0.176485767 0.147347383 0.147347383 0.029138384
41140 0.176485767 0.147347383 0.147347383 0.029138384
43560 0.176485767 0.147347383 0.147347383 0.029138384
45980 0.176485767 0.147347383 0.147347383 0.029138384
24200 0.191144117 0.162708927 0.162708927 0.028435190
26620 0.191144117 0.162708927 0.162708927 0.028435190
29040 0.191144117 0.162708927 0.162708927 0.028435190
31460 0.191144117 0.162708927 0.162708927 0.028435190
33880 0.191144117 0.162708927 0.162708927 0.028435190
36300 0.191144117 0.162708927 0.162708927 0.028435190
38720 0.191144117 0.162708927 0.162708927 0.028435190
41140 0.191144117 0.162708927 0.162708927 0.028435190
43560 0.191144117 0.162708927 0.162708927 0.028435190
45980 0.191144117 0.162708927 0.162708927 0.028435190
24200 0.190477474 0.163301934 0.163301934 0.027175540
26620 0.190477474 0.163301934 0.163301934 0.027175540
29040 0.190477474 0.163301934 0.163301934 0.027175540
31460 0.190477474 0.163301934 0.163301934 0.027175540
33880 0.190477474 0.163301934 0.163301934 0.027175540
36300 0.190477474 0.163301934 0.163301934 0.027175540
38720 0.190477474 0.163301934 0.163301934 0.027175540
41140 0.190477474 0.163301934 0.163301934 0.027175540
43560 0.190477474 0.163301934 0.163301934 0.027175540
45980 0.190477474 0.163301934 0.163301934 0.027175540
24200 0.166613634 0.138321426 0.138321426 0.028292208
26620 0.166613634 0.138321426 0.138321426 0.028292208
29040 0.166613634 0.138321426 0.138321426 0.028292208
31460 0.166613634 0.138321426 0.138321426 0.028292208
33880 0.166613634 0.138321426 0.138321426 0.028292208
36300 0.166613634 0.138321426 0.138321426 0.028292208
38720 0.166613634 0.138321426 0.138321426 0.028292208
41140 0.166613634 0.138321426 0.138321426 0.028292208
43560 0.166613634 0.138321426 0.138321426 0.028292208
45980 0.166613634 0.138321426 0.138321426 0.028292208
24200 0.176566045 0.149701609 0.149701609 0.026864436
26620 0.176566045 0.149701609 0.149701609 0.026864436
29040 0.176566045 0.149701609 0.149701609 0.026864436
31460 0.176566045 0.149701609 0.149701609 0.026864436
33880 0.176566045 0.149701609 0.149701609 0.026864436
36300 0.176566045 0.149701609 0.149701609 0.026864436
38720 0.176566045 0.149701609 0.149701609 0.026864436
41140 0.176566045 0.149701609 0.149701609 0.026864436
43560 0.176566045 0.149701609 0.149701609 0.026864436
45980 0.176566045 0.149701609 0.149701609 0.026864436
24200 0.171135524 0.144279463 0.144279463 0.026856061
26620 0.171135524 0.144279463 0.144279463 0.026856061
29040 0.171135524 0.144279463 0.144279463 0.026856061
31460 0.171135524 0.144279463 0.144279463 0.026856061
33880 0.171135524 0.144279463 0.144279463 0.026856061
36300 0.171135524 0.144279463 0.144279463 0.026856061
38720 0.171135524 0.144279463 0.144279463 0.026856061
41140 0.171135524 0.144279463 0.144279463 0.026856061
43560 0.171135524 0.144279463 0.144279463 0.026856061
45980 0.171135524 0.144279463 0.144279463 0.026856061
24200 0.173439810 0.146884543 0.146884543 0.026555267
26620 0.173439810 0.146884543 0.146884543 0.026555267
29040 0.173439810 0.146884543 0.146884543 0.026555267
31460 0.173439810 0.146884543 0.146884543 0.026555267
33880 0.173439810 0.146884543 0.146884543 0.026555267
36300 0.173439810 0.146884543 0.146884543 0.026555267
38720 0.173439810 0.146884543 0.146884543 0.026555267
41140 0.173439810 0.146884543 0.146884543 0.026555267
43560 0.173439810 0.146884543 0.146884543 0.026555267
45980 0.173439810 0.146884543 0.146884543 0.026555267
24200 0.176572826 0.148895001 0.148895001 0.027677825
26620 0.176572826 0.148895001 0.148895001 0.027677825
29040 0.176572826 0.148895001 0.148895001 0.027677825
31460 0.176572826 0.148895001 0.148895001 0.027677825
33880 0.176572826 0.148895001 0.148895001 0.027677825
36300 0.176572826 0.148895001 0.148895001 0.027677825
38720 0.176572826 0.148895001 0.148895001 0.027677825
41140 0.176572826 0.148895001 0.148895001 0.027677825
43560 0.176572826 0.148895001 0.148895001 0.027677825
45980 0.176572826 0.148895001 0.148895001 0.027677825
24200 0.163582780 0.134324692 0.134324692 0.029258088
26620 0.163582780 0.134324692 0.134324692 0.029258088
29040 0.163582780 0.134324692 0.134324692 0.029258088
31460 0.163582780 0.134324692 0.134324692 0.029258088
33880 0.163582780 0.134324692 0.134324692 0.029258088
36300 0.163582780 0.134324692 0.134324692 0.029258088
38720 0.163582780 0.134324692 0.134324692 0.029258088
41140 0.163582780 0.134324692 0.134324692 0.029258088
43560 0.163582780 0.134324692 0.134324692 0.029258088
45980 0.163582780 0.134324692 0.134324692 0.029258088
24200 0.164272668 0.136608225 0.136608225 0.027664443
26620 0.164272668 0.136608225 0.136608225 0.027664443
29040 0.164272668 0.136608225 0.136608225 0.027664443
31460 0.164272668 0.136608225 0.136608225 0.027664443
33880 0.164272668 0.136608225 0.136608225 0.027664443
36300 0.164272668 0.136608225 0.136608225 0.027664443
38720 0.164272668 0.136608225 0.136608225 0.027664443
41140 0.164272668 0.136608225 0.136608225 0.027664443
43560 0.164272668 0.136608225 0.136608225 0.027664443
45980 0.164272668 0.136608225 0.136608225 0.027664443
24200 0.159619379 0.132773605 0.132773605 0.026845774
26620 0.159619379 0.132773605 0.132773605 0.026845774
29040 0.159619379 0.132773605 0.132773605 0.026845774
31460 0.159619379 0.132773605 0.132773605 0.026845774
33880 0.159619379 0.132773605 0.132773605 0.026845774
36300 0.159619379 0.132773605 0.132773605 0.026845774
38720 0.159619379 0.132773605 0.132773605 0.026845774
41140 0.159619379 0.132773605 0.132773605 0.026845774
43560 0.159619379 0.132773605 0.132773605 0.026845774
45980 0.159619379 0.132773605 0.132773605 0.026845774
24200 0.012322645 0.009362988 0.009362988 0.002959657
26620 0.012322645 0.009362988 0.009362988 0.002959657
29040 0.012322645 0.009362988 0.009362988 0.002959657
31460 0.012322645 0.009362988 0.009362988 0.002959657
33880 0.012322645 0.009362988 0.009362988 0.002959657
36300 0.012322645 0.009362988 0.009362988 0.002959657
38720 0.012322645 0.009362988 0.009362988 0.002959657
41140 0.012322645 0.009362988 0.009362988 0.002959657
43560 0.012322645 0.009362988 0.009362988 0.002959657
45980 0.012322645 0.009362988 0.009362988 0.002959657
24200 0.012087339 0.009110586 0.009110586 0.002976753
26620 0.012087339 0.009110586 0.009110586 0.002976753
29040 0.012087339 0.009110586 0.009110586 0.002976753
31460 0.012087339 0.009110586 0.009110586 0.002976753
33880 0.012087339 0.009110586 0.009110586 0.002976753
36300 0.012087339 0.009110586 0.009110586 0.002976753
38720 0.012087339 0.009110586 0.009110586 0.002976753
41140 0.012087339 0.009110586 0.009110586 0.002976753
43560 0.012087339 0.009110586 0.009110586 0.002976753
45980 0.012087339 0.009110586 0.009110586 0.002976753
24200 0.010690856 0.007692503 0.007692503 0.002998353
26620 0.010690856 0.007692503 0.007692503 0.002998353
29040 0.010690856 0.007692503 0.007692503 0.002998353
31460 0.010690856 0.007692503 0.007692503 0.002998353
33880 0.010690856 0.007692503 0.007692503 0.002998353
36300 0.010690856 0.007692503 0.007692503 0.002998353
38720 0.010690856 0.007692503 0.007692503 0.002998353
41140 0.010690856 0.007692503 0.007692503 0.002998353
43560 0.010690856 0.007692503 0.007692503 0.002998353
45980 0.010690856 0.007692503 0.007692503 0.002998353
24200 0.010845730 0.007983131 0.007983131 0.002862599
26620 0.010845730 0.007983131 0.007983131 0.002862599
29040 0.010845730 0.007983131 0.007983131 0.002862599
31460 0.010845730 0.007983131 0.007983131 0.002862599
33880 0.010845730 0.007983131 0.007983131 0.002862599
36300 0.010845730 0.007983131 0.007983131 0.002862599
38720 0.010845730 0.007983131 0.007983131 0.002862599
41140 0.010845730 0.007983131 0.007983131 0.002862599
43560 0.010845730 0.007983131 0.007983131 0.002862599
45980 0.010845730 0.007983131 0.007983131 0.002862599
24200 0.009023239 0.005932208 0.005932208 0.003091031
26620 0.009023239 0.005932208 0.005932208 0.003091031
29040 0.009023239 0.005932208 0.005932208 0.003091031
31460 0.009023239 0.005932208 0.005932208 0.003091031
33880 0.009023239 0.005932208 0.005932208 0.003091031
36300 0.009023239 0.005932208 0.005932208 0.003091031
38720 0.009023239 0.005932208 0.005932208 0.003091031
41140 0.009023239 0.005932208 0.005932208 0.003091031
43560 0.009023239 0.005932208 0.005932208 0.003091031
45980 0.009023239 0.005932208 0.005932208 0.003091031
24200 0.011621780 0.008707074 0.008707074 0.002914706
26620 0.011621780 0.008707074 0.008707074 0.002914706
29040 0.011621780 0.008707074 0.008707074 0.002914706
31460 0.011621780 0.008707074 0.008707074 0.002914706
33880 0.011621780 0.008707074 0.008707074 0.002914706
36300 0.011621780 0.008707074 0.008707074 0.002914706
38720 0.011621780 0.008707074 0.008707074 0.002914706
41140 0.011621780 0.008707074 0.008707074 0.002914706
43560 0.011621780 0.008707074 0.008707074 0.002914706
45980 0.011621780 0.008707074 0.008707074 0.002914706
24200 0.009448271 0.006747957 0.006747957 0.002700314
26620 0.009448271 0.006747957 0.006747957 0.002700314
29040 0.009448271 0.006747957 0.006747957 0.002700314
31460 0.009448271 0.006747957 0.006747957 0.002700314
33880 0.009448271 0.006747957 0.006747957 0.002700314
36300 0.009448271 0.006747957 0.006747957 0.002700314
38720 0.009448271 0.006747957 0.006747957 0.002700314
41140 0.009448271 0.006747957 0.006747957 0.002700314
43560 0.009448271 0.006747957 0.006747957 0.002700314
45980 0.009448271 0.006747957 0.006747957 0.002700314
24200 0.009642473 0.006520982 0.006520982 0.003121491
26620 0.009642473 0.006520982 0.006520982 0.003121491
29040 0.009642473 0.006520982 0.006520982 0.003121491
31460 0.009642473 0.006520982 0.006520982 0.003121491
33880 0.009642473 0.006520982 0.006520982 0.003121491
36300 0.009642473 0.006520982 0.006520982 0.003121491
38720 0.009642473 0.006520982 0.006520982 0.003121491
41140 0.009642473 0.006520982 0.006520982 0.003121491
43560 0.009642473 0.006520982 0.006520982 0.003121491
45980 0.009642473 0.006520982 0.006520982 0.003121491
24200 0.009089622 0.006168084 0.006168084 0.002921538
26620 0.009089622 0.006168084 0.006168084 0.002921538
29040 0.009089622 0.006168084 0.006168084 0.002921538
31460 0.009089622 0.006168084 0.006168084 0.002921538
33880 0.009089622 0.006168084 0.006168084 0.002921538
36300 0.009089622 0.006168084 0.006168084 0.002921538
38720 0.009089622 0.006168084 0.006168084 0.002921538
41140 0.009089622 0.006168084 0.006168084 0.002921538
43560 0.009089622 0.006168084 0.006168084 0.002921538
45980 0.009089622 0.006168084 0.006168084 0.002921538
24200 0.013374973 0.010057738 0.010057738 0.003317235
26620 0.013374973 0.010057738 0.010057738 0.003317235
29040 0.013374973 0.010057738 0.010057738 0.003317235
31460 0.013374973 0.010057738 0.010057738 0.003317235
33880 0.013374973 0.010057738 0.010057738 0.003317235
36300 0.013374973 0.010057738 0.010057738 0.003317235
38720 0.013374973 0.010057738 0.010057738 0.003317235
41140 0.013374973 0.010057738 0.010057738 0.003317235
43560 0.013374973 0.010057738 0.010057738 0.003317235
45980 0.013374973 0.010057738 0.010057738 0.003317235
24200 0.009332641 0.006543858 0.006543858 0.002788783
26620 0.009332641 0.006543858 0.006543858 0.002788783
29040 0.009332641 0.006543858 0.006543858 0.002788783
31460 0.009332641 0.006543858 0.006543858 0.002788783
33880 0.009332641 0.006543858 0.006543858 0.002788783
36300 0.009332641 0.006543858 0.006543858 0.002788783
38720 0.009332641 0.006543858 0.006543858 0.002788783
41140 0.009332641 0.006543858 0.006543858 0.002788783
43560 0.009332641 0.006543858 0.006543858 0.002788783
45980 0.009332641 0.006543858 0.006543858 0.002788783
24200 0.011063243 0.008190750 0.008190750 0.002872493
26620 0.011063243 0.008190750 0.008190750 0.002872493
29040 0.011063243 0.008190750 0.008190750 0.002872493
31460 0.011063243 0.008190750 0.008190750 0.002872493
33880 0.011063243 0.008190750 0.008190750 0.002872493
36300 0.011063243 0.008190750 0.008190750 0.002872493
38720 0.011063243 0.008190750 0.008190750 0.002872493
41140 0.011063243 0.008190750 0.008190750 0.002872493
43560 0.011063243 0.008190750 0.008190750 0.002872493
45980 0.011063243 0.008190750 0.008190750 0.002872493
24200 0.011152088 0.008388367 0.008388367 0.002763721
26620 0.011152088 0.008388367 0.008388367 0.002763721
29040 0.011152088 0.008388367 0.008388367 0.002763721
31460 0.011152088 0.008388367 0.008388367 0.002763721
33880 0.011152088 0.008388367 0.008388367 0.002763721
36300 0.011152088 0.008388367 0.008388367 0.002763721
38720 0.011152088 0.008388367 0.008388367 0.002763721
41140 0.011152088 0.008388367 0.008388367 0.002763721
43560 0.011152088 0.008388367 0.008388367 0.002763721
45980 0.011152088 0.008388367 0.008388367 0.002763721
24200 0.010382282 0.007187818 0.007187818 0.003194464
26620 0.010382282 0.007187818 0.007187818 0.003194464
29040 0.010382282 0.007187818 0.007187818 0.003194464
31460 0.010382282 0.007187818 0.007187818 0.003194464
33880 0.010382282 0.007187818 0.007187818 0.003194464
36300 0.010382282 0.007187818 0.007187818 0.003194464
38720 0.010382282 0.007187818 0.007187818 0.003194464
41140 0.010382282 0.007187818 0.007187818 0.003194464
43560 0.010382282 0.007187818 0.007187818 0.003194464
45980 0.010382282 0.007187818 0.007187818 0.003194464
24200 0.010981872 0.007648011 0.007648011 0.003333861
26620 0.010981872 0.007648011 0.007648011 0.003333861
29040 0.010981872 0.007648011 0.007648011 0.003333861
31460 0.010981872 0.007648011 0.007648011 0.003333861
33880 0.010981872 0.007648011 0.007648011 0.003333861
36300 0.010981872 0.007648011 0.007648011 0.003333861
38720 0.010981872 0.007648011 0.007648011 0.003333861
41140 0.010981872 0.007648011 0.007648011 0.003333861
43560 0.010981872 0.007648011 0.007648011 0.003333861
45980 0.010981872 0.007648011 0.007648011 0.003333861
24200 0.010449469 0.007333317 0.007333317 0.003116152
26620 0.010449469 0.007333317 0.007333317 0.003116152
29040 0.010449469 0.007333317 0.007333317 0.003116152
31460 0.010449469 0.007333317 0.007333317 0.003116152
33880 0.010449469 0.007333317 0.007333317 0.003116152
36300 0.010449469 0.007333317 0.007333317 0.003116152
38720 0.010449469 0.007333317 0.007333317 0.003116152
41140 0.010449469 0.007333317 0.007333317 0.003116152
43560 0.010449469 0.007333317 0.007333317 0.003116152
45980 0.010449469 0.007333317 0.007333317 0.003116152
24200 0.013757138 0.010649910 0.010649910 0.003107228
26620 0.013757138 0.010649910 0.010649910 0.003107228
29040 0.013757138 0.010649910 0.010649910 0.003107228
31460 0.013757138 0.010649910 0.010649910 0.003107228
33880 0.013757138 0.010649910 0.010649910 0.003107228
36300 0.013757138 0.010649910 0.010649910 0.003107228
38720 0.013757138 0.010649910 0.010649910 0.003107228
41140 0.013757138 0.010649910 0.010649910 0.003107228
43560 0.013757138 0.010649910 0.010649910 0.003107228
45980 0.013757138 0.010649910 0.010649910 0.003107228
24200 0.010667694 0.007849840 0.007849840 0.002817854
26620 0.010667694 0.007849840 0.007849840 0.002817854
29040 0.010667694 0.007849840 0.007849840 0.002817854
31460 0.010667694 0.007849840 0.007849840 0.002817854
33880 0.010667694 0.007849840 0.007849840 0.002817854
36300 0.010667694 0.007849840 0.007849840 0.002817854
38720 0.010667694 0.007849840 0.007849840 0.002817854
41140 0.010667694 0.007849840 0.007849840 0.002817854
43560 0.010667694 0.007849840 0.007849840 0.002817854
45980 0.010667694 0.007849840 0.007849840 0.002817854
24200 0.011905113 0.009104214 0.009104214 0.002800899
26620 0.011905113 0.009104214 0.009104214 0.002800899
29040 0.011905113 0.009104214 0.009104214 0.002800899
31460 0.011905113 0.009104214 0.009104214 0.002800899
33880 0.011905113 0.009104214 0.009104214 0.002800899
36300 0.011905113 0.009104214 0.009104214 0.002800899
38720 0.011905113 0.009104214 0.009104214 0.002800899
41140 0.011905113 0.009104214 0.009104214 0.002800899
43560 0.011905113 0.009104214 0.009104214 0.002800899
45980 0.011905113 0.009104214 0.009104214 0.002800899
24200 0.011058680 0.008181109 0.008181109 0.002877571
26620 0.011058680 0.008181109 0.008181109 0.002877571
29040 0.011058680 0.008181109 0.008181109 0.002877571
31460 0.011058680 0.008181109 0.008181109 0.002877571
33880 0.011058680 0.008181109 0.008181109 0.002877571
36300 0.011058680 0.008181109 0.008181109 0.002877571
38720 0.011058680 0.008181109 0.008181109 0.002877571
41140 0.011058680 0.008181109 0.008181109 0.002877571
43560 0.011058680 0.008181109 0.008181109 0.002877571
45980 0.011058680 0.008181109 0.008181109 0.002877571
24200 0.009798222 0.006934189 0.006934189 0.002864033
26620 0.009798222 0.006934189 0.006934189 0.002864033
29040 0.009798222 0.006934189 0.006934189 0.002864033
31460 0.009798222 0.006934189 0.006934189 0.002864033
33880 0.009798222 0.006934189 0.006934189 0.002864033
36300 0.009798222 0.006934189 0.006934189 0.002864033
38720 0.009798222 0.006934189 0.006934189 0.002864033
41140 0.009798222 0.006934189 0.006934189 0.002864033
43560 0.009798222 0.006934189 0.006934189 0.002864033
45980 0.009798222 0.006934189 0.006934189 0.002864033
24200 0.009925454 0.006675511 0.006675511 0.003249943
26620 0.009925454 0.006675511 0.006675511 0.003249943
29040 0.009925454 0.006675511 0.006675511 0.003249943
31460 0.009925454 0.006675511 0.006675511 0.003249943
33880 0.009925454 0.006675511 0.006675511 0.003249943
36300 0.009925454 0.006675511 0.006675511 0.003249943
38720 0.009925454 0.006675511 0.006675511 0.003249943
41140 0.009925454 0.006675511 0.006675511 0.003249943
43560 0.009925454 0.006675511 0.006675511 0.003249943
45980 0.009925454 0.006675511 0.006675511 0.003249943
24200 0.009430976 0.006655372 0.006655372 0.002775604
26620 0.009430976 0.006655372 0.006655372 0.002775604
29040 0.009430976 0.006655372 0.006655372 0.002775604
31460 0.009430976 0.006655372 0.006655372 0.002775604
33880 0.009430976 0.006655372 0.006655372 0.002775604
36300 0.009430976 0.006655372 0.006655372 0.002775604
38720 0.009430976 0.006655372 0.006655372 0.002775604
41140 0.009430976 0.006655372 0.006655372 0.002775604
43560 0.009430976 0.006655372 0.006655372 0.002775604
45980 0.009430976 0.006655372 0.006655372 0.002775604
24200 0.011447445 0.008173554 0.008173554 0.003273891
26620 0.011447445 0.008173554 0.008173554 0.003273891
29040 0.011447445 0.008173554 0.008173554 0.003273891
31460 0.011447445 0.008173554 0.008173554 0.003273891
33880 0.011447445 0.008173554 0.008173554 0.003273891
36300 0.011447445 0.008173554 0.008173554 0.003273891
38720 0.011447445 0.008173554 0.008173554 0.003273891
41140 0.011447445 0.008173554 0.008173554 0.003273891
43560 0.011447445 0.008173554 0.008173554 0.003273891
45980 0.011447445 0.008173554 0.008173554 0.003273891
24200 0.010924706 0.007732317 0.007732317 0.003192389
26620 0.010924706 0.007732317 0.007732317 0.003192389
29040 0.010924706 0.007732317 0.007732317 0.003192389
31460 0.010924706 0.007732317 0.007732317 0.003192389
33880 0.010924706 0.007732317 0.007732317 0.003192389
36300 0.010924706 0.007732317 0.007732317 0.003192389
38720 0.010924706 0.007732317 0.007732317 0.003192389
41140 0.010924706 0.007732317 0.007732317 0.003192389
43560 0.010924706 0.007732317 0.007732317 0.003192389
45980 0.010924706 0.007732317 0.007732317 0.003192389
24200 0.011306981 0.008328050 0.008328050 0.002978931
26620 0.011306981 0.008328050 0.008328050 0.002978931
29040 0.011306981 0.008328050 0.008328050 0.002978931
31460 0.011306981 0.008328050 0.008328050 0.002978931
33880 0.011306981 0.008328050 0.008328050 0.002978931
36300 0.011306981 0.008328050 0.008328050 0.002978931
38720 0.011306981 0.008328050 0.008328050 0.002978931
41140 0.011306981 0.008328050 0.008328050 0.002978931
43560 0.011306981 0.008328050 0.008328050 0.002978931
45980 0.011306981 0.008328050 0.008328050 0.002978931
24200 0.010212969 0.007348810 0.007348810 0.002864159
26620 0.010212969 0.007348810 0.007348810 0.002864159
29040 0.010212969 0.007348810 0.007348810 0.002864159
31460 0.010212969 0.007348810 0.007348810 0.002864159
33880 0.010212969 0.007348810 0.007348810 0.002864159
36300 0.010212969 0.007348810 0.007348810 0.002864159
38720 0.010212969 0.007348810 0.007348810 0.002864159
41140 0.010212969 0.007348810 0.007348810 0.002864159
43560 0.010212969 0.007348810 0.007348810 0.002864159
45980 0.010212969 0.007348810 0.007348810 0.002864159
24200 0.010804623 0.008008525 0.008008525 0.002796098
26620 0.010804623 0.008008525 0.008008525 0.002796098
29040 0.010804623 0.008008525 0.008008525 0.002796098
31460 0.010804623 0.008008525 0.008008525 0.002796098
33880 0.010804623 0.008008525 0.008008525 0.002796098
36300 0.010804623 0.008008525 0.008008525 0.002796098
38720 0.010804623 0.008008525 0.008008525 0.002796098
41140 0.010804623 0.008008525 0.008008525 0.002796098
43560 0.010804623 0.008008525 0.008008525 0.002796098
45980 0.010804623 0.008008525 0.008008525 0.002796098
24200 0.013447400 0.010232981 0.010232981 0.003214419
26620 0.013447400 0.010232981 0.010232981 0.003214419
29040 0.013447400 0.010232981 0.010232981 0.003214419
31460 0.013447400 0.010232981 0.010232981 0.003214419
33880 0.013447400 0.010232981 0.010232981 0.003214419
36300 0.013447400 0.010232981 0.010232981 0.003214419
38720 0.013447400 0.010232981 0.010232981 0.003214419
41140 0.013447400 0.010232981 0.010232981 0.003214419
43560 0.013447400 0.010232981 0.010232981 0.003214419
45980 0.013447400 0.010232981 0.010232981 0.003214419
24200 0.010285876 0.007543082 0.007543082 0.002742794
26620 0.010285876 0.007543082 0.007543082 0.002742794
29040 0.010285876 0.007543082 0.007543082 0.002742794
31460 0.010285876 0.007543082 0.007543082 0.002742794
33880 0.010285876 0.007543082 0.007543082 0.002742794
36300 0.010285876 0.007543082 0.007543082 0.002742794
38720 0.010285876 0.007543082 0.007543082 0.002742794
41140 0.010285876 0.007543082 0.007543082 0.002742794
43560 0.010285876 0.007543082 0.007543082 0.002742794
45980 0.010285876 0.007543082 0.007543082 0.002742794
24200 0.009879815 0.006908979 0.006908979 0.002970836
26620 0.009879815 0.006908979 0.006908979 0.002970836
29040 0.009879815 0.006908979 0.006908979 0.002970836
31460 0.009879815 0.006908979 0.006908979 0.002970836
33880 0.009879815 0.006908979 0.006908979 0.002970836
36300 0.009879815 0.006908979 0.006908979 0.002970836
38720 0.009879815 0.006908979 0.006908979 0.002970836
41140 0.009879815 0.006908979 0.006908979 0.002970836
43560 0.009879815 0.006908979 0.006908979 0.002970836
45980 0.009879815 0.006908979 0.006908979 0.002970836
24200 0.013418977 0.010289151 0.010289151 0.003129826
26620 0.013418977 0.010289151 0.010289151 0.003129826
29040 0.013418977 0.010289151 0.010289151 0.003129826
31460 0.013418977 0.010289151 0.010289151 0.003129826
33880 0.013418977 0.010289151 0.010289151 0.003129826
36300 0.013418977 0.010289151 0.010289151 0.003129826
38720 0.013418977 0.010289151 0.010289151 0.003129826
41140 0.013418977 0.010289151 0.010289151 0.003129826
43560 0.013418977 0.010289151 0.010289151 0.003129826
45980 0.013418977 0.010289151 0.010289151 0.003129826
24200 0.013145575 0.009999725 0.009999725 0.003145850
26620 0.013145575 0.009999725 0.009999725 0.003145850
29040 0.013145575 0.009999725 0.009999725 0.003145850
31460 0.013145575 0.009999725 0.009999725 0.003145850
33880 0.013145575 0.009999725 0.009999725 0.003145850
36300 0.013145575 0.009999725 0.009999725 0.003145850
38720 0.013145575 0.009999725 0.009999725 0.003145850
41140 0.013145575 0.009999725 0.009999725 0.003145850
43560 0.013145575 0.009999725 0.009999725 0.003145850
45980 0.013145575 0.009999725 0.009999725 0.003145850
24200 0.011394884 0.008449025 0.008449025 0.002945859
26620 0.011394884 0.008449025 0.008449025 0.002945859
29040 0.011394884 0.008449025 0.008449025 0.002945859
31460 0.011394884 0.008449025 0.008449025 0.002945859
33880 0.011394884 0.008449025 0.008449025 0.002945859
36300 0.011394884 0.008449025 0.008449025 0.002945859
38720 0.011394884 0.008449025 0.008449025 0.002945859
41140 0.011394884 0.008449025 0.008449025 0.002945859
43560 0.011394884 0.008449025 0.008449025 0.002945859
45980 0.011394884 0.008449025 0.008449025 0.002945859
24200 0.011138339 0.008415571 0.008415571 0.002722768
26620 0.011138339 0.008415571 0.008415571 0.002722768
29040 0.011138339 0.008415571 0.008415571 0.002722768
31460 0.011138339 0.008415571 0.008415571 0.002722768
33880 0.011138339 0.008415571 0.008415571 0.002722768
36300 0.011138339 0.008415571 0.008415571 0.002722768
38720 0.011138339 0.008415571 0.008415571 0.002722768
41140 0.011138339 0.008415571 0.008415571 0.002722768
43560 0.011138339 0.008415571 0.008415571 0.002722768
45980 0.011138339 0.008415571 0.008415571 0.002722768
24200 0.012352772 0.009324380 0.009324380 0.003028392
26620 0.012352772 0.009324380 0.009324380 0.003028392
29040 0.012352772 0.009324380 0.009324380 0.003028392
31460 0.012352772 0.009324380 0.009324380 0.003028392
33880 0.012352772 0.009324380 0.009324380 0.003028392
36300 0.012352772 0.009324380 0.009324380 0.003028392
38720 0.012352772 0.009324380 0.009324380 0.003028392
41140 0.012352772 0.009324380 0.009324380 0.003028392
43560 0.012352772 0.009324380 0.009324380 0.003028392
45980 0.012352772 0.009324380 0.009324380 0.003028392
24200 0.009688560 0.006498865 0.006498865 0.003189695
26620 0.009688560 0.006498865 0.006498865 0.003189695
29040 0.009688560 0.006498865 0.006498865 0.003189695
31460 0.009688560 0.006498865 0.006498865 0.003189695
33880 0.009688560 0.006498865 0.006498865 0.003189695
36300 0.009688560 0.006498865 0.006498865 0.003189695
38720 0.009688560 0.006498865 0.006498865 0.003189695
41140 0.009688560 0.006498865 0.006498865 0.003189695
43560 0.009688560 0.006498865 0.006498865 0.003189695
45980 0.009688560 0.006498865 0.006498865 0.003189695
24200 0.010069760 0.006918070 0.006918070 0.003151690
26620 0.010069760 0.006918070 0.006918070 0.003151690
29040 0.010069760 0.006918070 0.006918070 0.003151690
31460 0.010069760 0.006918070 0.006918070 0.003151690
33880 0.010069760 0.006918070 0.006918070 0.003151690
36300 0.010069760 0.006918070 0.006918070 0.003151690
38720 0.010069760 0.006918070 0.006918070 0.003151690
41140 0.010069760 0.006918070 0.006918070 0.003151690
43560 0.010069760 0.006918070 0.006918070 0.003151690
45980 0.010069760 0.006918070 0.006918070 0.003151690
24200 0.009884868 0.006851435 0.006851435 0.003033433
26620 0.009884868 0.006851435 0.006851435 0.003033433
29040 0.009884868 0.006851435 0.006851435 0.003033433
31460 0.009884868 0.006851435 0.006851435 0.003033433
33880 0.009884868 0.006851435 0.006851435 0.003033433
36300 0.009884868 0.006851435 0.006851435 0.003033433
38720 0.009884868 0.006851435 0.006851435 0.003033433
41140 0.009884868 0.006851435 0.006851435 0.003033433
43560 0.009884868 0.006851435 0.006851435 0.003033433
45980 0.009884868 0.006851435 0.006851435 0.003033433
24200 0.011637944 0.008395827 0.008395827 0.003242117
26620 0.011637944 0.008395827 0.008395827 0.003242117
29040 0.011637944 0.008395827 0.008395827 0.003242117
31460 0.011637944 0.008395827 0.008395827 0.003242117
33880 0.011637944 0.008395827 0.008395827 0.003242117
36300 0.011637944 0.008395827 0.008395827 0.003242117
38720 0.011637944 0.008395827 0.008395827 0.003242117
41140 0.011637944 0.008395827 0.008395827 0.003242117
43560 0.011637944 0.008395827 0.008395827 0.003242117
45980 0.011637944 0.008395827 0.008395827 0.003242117
24200 0.012378281 0.008542122 0.008542122 0.003836159
26620 0.012378281 0.008542122 0.008542122 0.003836159
29040 0.012378281 0.008542122 0.008542122 0.003836159
31460 0.012378281 0.008542122 0.008542122 0.003836159
33880 0.012378281 0.008542122 0.008542122 0.003836159
36300 0.012378281 0.008542122 0.008542122 0.003836159
38720 0.012378281 0.008542122 0.008542122 0.003836159
41140 0.012378281 0.008542122 0.008542122 0.003836159
43560 0.012378281 0.008542122 0.008542122 0.003836159
45980 0.012378281 0.008542122 0.008542122 0.003836159
24200 0.010320380 0.007338306 0.007338306 0.002982074
26620 0.010320380 0.007338306 0.007338306 0.002982074
29040 0.010320380 0.007338306 0.007338306 0.002982074
31460 0.010320380 0.007338306 0.007338306 0.002982074
33880 0.010320380 0.007338306 0.007338306 0.002982074
36300 0.010320380 0.007338306 0.007338306 0.002982074
38720 0.010320380 0.007338306 0.007338306 0.002982074
41140 0.010320380 0.007338306 0.007338306 0.002982074
43560 0.010320380 0.007338306 0.007338306 0.002982074
45980 0.010320380 0.007338306 0.007338306 0.002982074
24200 0.011497875 0.008401206 0.008401206 0.003096669
26620 0.011497875 0.008401206 0.008401206 0.003096669
29040 0.011497875 0.008401206 0.008401206 0.003096669
31460 0.011497875 0.008401206 0.008401206 0.003096669
33880 0.011497875 0.008401206 0.008401206 0.003096669
36300 0.011497875 0.008401206 0.008401206 0.003096669
38720 0.011497875 0.008401206 0.008401206 0.003096669
41140 0.011497875 0.008401206 0.008401206 0.003096669
43560 0.011497875 0.008401206 0.008401206 0.003096669
45980 0.011497875 0.008401206 0.008401206 0.003096669
24200 0.009292136 0.006624241 0.006624241 0.002667895
26620 0.009292136 0.006624241 0.006624241 0.002667895
29040 0.009292136 0.006624241 0.006624241 0.002667895
31460 0.009292136 0.006624241 0.006624241 0.002667895
33880 0.009292136 0.006624241 0.006624241 0.002667895
36300 0.009292136 0.006624241 0.006624241 0.002667895
38720 0.009292136 0.006624241 0.006624241 0.002667895
41140 0.009292136 0.006624241 0.006624241 0.002667895
43560 0.009292136 0.006624241 0.006624241 0.002667895
45980 0.009292136 0.006624241 0.006624241 0.002667895
24200 0.011208977 0.008166460 0.008166460 0.003042517
26620 0.011208977 0.008166460 0.008166460 0.003042517
29040 0.011208977 0.008166460 0.008166460 0.003042517
31460 0.011208977 0.008166460 0.008166460 0.003042517
33880 0.011208977 0.008166460 0.008166460 0.003042517
36300 0.011208977 0.008166460 0.008166460 0.003042517
38720 0.011208977 0.008166460 0.008166460 0.003042517
41140 0.011208977 0.008166460 0.008166460 0.003042517
43560 0.011208977 0.008166460 0.008166460 0.003042517
45980 0.011208977 0.008166460 0.008166460 0.003042517
24200 0.010872483 0.007961553 0.007961553 0.002910930
26620 0.010872483 0.007961553 0.007961553 0.002910930
29040 0.010872483 0.007961553 0.007961553 0.002910930
31460 0.010872483 0.007961553 0.007961553 0.002910930
33880 0.010872483 0.007961553 0.007961553 0.002910930
36300 0.010872483 0.007961553 0.007961553 0.002910930
38720 0.010872483 0.007961553 0.007961553 0.002910930
41140 0.010872483 0.007961553 0.007961553 0.002910930
43560 0.010872483 0.007961553 0.007961553 0.002910930
45980 0.010872483 0.007961553 0.007961553 0.002910930
24200 0.010047990 0.007195969 0.007195969 0.002852021
26620 0.010047990 0.007195969 0.007195969 0.002852021
29040 0.010047990 0.007195969 0.007195969 0.002852021
31460 0.010047990 0.007195969 0.007195969 0.002852021
33880 0.010047990 0.007195969 0.007195969 0.002852021
36300 0.010047990 0.007195969 0.007195969 0.002852021
38720 0.010047990 0.007195969 0.007195969 0.002852021
41140 0.010047990 0.007195969 0.007195969 0.002852021
43560 0.010047990 0.007195969 0.007195969 0.002852021
45980 0.010047990 0.007195969 0.007195969 0.002852021
24200 0.012268539 0.009200868 0.009200868 0.003067671
26620 0.012268539 0.009200868 0.009200868 0.003067671
29040 0.012268539 0.009200868 0.009200868 0.003067671
31460 0.012268539 0.009200868 0.009200868 0.003067671
33880 0.012268539 0.009200868 0.009200868 0.003067671
36300 0.012268539 0.009200868 0.009200868 0.003067671
38720 0.012268539 0.009200868 0.009200868 0.003067671
41140 0.012268539 0.009200868 0.009200868 0.003067671
43560 0.012268539 0.009200868 0.009200868 0.003067671
45980 0.012268539 0.009200868 0.009200868 0.003067671
24200 0.012577680 0.009497360 0.009497360 0.003080320
26620 0.012577680 0.009497360 0.009497360 0.003080320
29040 0.012577680 0.009497360 0.009497360 0.003080320
31460 0.012577680 0.009497360 0.009497360 0.003080320
33880 0.012577680 0.009497360 0.009497360 0.003080320
36300 0.012577680 0.009497360 0.009497360 0.003080320
38720 0.012577680 0.009497360 0.009497360 0.003080320
41140 0.012577680 0.009497360 0.009497360 0.003080320
43560 0.012577680 0.009497360 0.009497360 0.003080320
45980 0.012577680 0.009497360 0.009497360 0.003080320
24200 0.014031801 0.011143021 0.011143021 0.002888780
26620 0.014031801 0.011143021 0.011143021 0.002888780
29040 0.014031801 0.011143021 0.011143021 0.002888780
31460 0.014031801 0.011143021 0.011143021 0.002888780
33880 0.014031801 0.011143021 0.011143021 0.002888780
36300 0.014031801 0.011143021 0.011143021 0.002888780
38720 0.014031801 0.011143021 0.011143021 0.002888780
41140 0.014031801 0.011143021 0.011143021 0.002888780
43560 0.014031801 0.011143021 0.011143021 0.002888780
45980 0.014031801 0.011143021 0.011143021 0.002888780
24200 0.012320288 0.009412778 0.009412778 0.002907510
26620 0.012320288 0.009412778 0.009412778 0.002907510
29040 0.012320288 0.009412778 0.009412778 0.002907510
31460 0.012320288 0.009412778 0.009412778 0.002907510
33880 0.012320288 0.009412778 0.009412778 0.002907510
36300 0.012320288 0.009412778 0.009412778 0.002907510
38720 0.012320288 0.009412778 0.009412778 0.002907510
41140 0.012320288 0.009412778 0.009412778 0.002907510
43560 0.012320288 0.009412778 0.009412778 0.002907510
45980 0.012320288 0.009412778 0.009412778 0.002907510
24200 0.013802272 0.010509333 0.010509333 0.003292939
26620 0.013802272 0.010509333 0.010509333 0.003292939
29040 0.013802272 0.010509333 0.010509333 0.003292939
31460 0.013802272 0.010509333 0.010509333 0.003292939
33880 0.013802272 0.010509333 0.010509333 0.003292939
36300 0.013802272 0.010509333 0.010509333 0.003292939
38720 0.013802272 0.010509333 0.010509333 0.003292939
41140 0.013802272 0.010509333 0.010509333 0.003292939
43560 0.013802272 0.010509333 0.010509333 0.003292939
45980 0.013802272 0.010509333 0.010509333 0.003292939
24200 0.011516495 0.008323893 0.008323893 0.003192602
26620 0.011516495 0.008323893 0.008323893 0.003192602
29040 0.011516495 0.008323893 0.008323893 0.003192602
31460 0.011516495 0.008323893 0.008323893 0.003192602
33880 0.011516495 0.008323893 0.008323893 0.003192602
36300 0.011516495 0.008323893 0.008323893 0.003192602
38720 0.011516495 0.008323893 0.008323893 0.003192602
41140 0.011516495 0.008323893 0.008323893 0.003192602
43560 0.011516495 0.008323893 0.008323893 0.003192602
45980 0.011516495 0.008323893 0.008323893 0.003192602
24200 0.010766402 0.007702317 0.007702317 0.003064085
26620 0.010766402 0.007702317 0.007702317 0.003064085
29040 0.010766402 0.007702317 0.007702317 0.003064085
31460 0.010766402 0.007702317 0.007702317 0.003064085
33880 0.010766402 0.007702317 0.007702317 0.003064085
36300 0.010766402 0.007702317 0.007702317 0.003064085
38720 0.010766402 0.007702317 0.007702317 0.003064085
41140 0.010766402 0.007702317 0.007702317 0.003064085
43560 0.010766402 0.007702317 0.007702317 0.003064085
45980 0.010766402 0.007702317 0.007702317 0.003064085
24200 0.013781371 0.010912915 0.010912915 0.002868456
26620 0.013781371 0.010912915 0.010912915 0.002868456
29040 0.013781371 0.010912915 0.010912915 0.002868456
31460 0.013781371 0.010912915 0.010912915 0.002868456
33880 0.013781371 0.010912915 0.010912915 0.002868456
36300 0.013781371 0.010912915 0.010912915 0.002868456
38720 0.013781371 0.010912915 0.010912915 0.002868456
41140 0.013781371 0.010912915 0.010912915 0.002868456
43560 0.013781371 0.010912915 0.010912915 0.002868456
45980 0.013781371 0.010912915 0.010912915 0.002868456
24200 0.013734053 0.010552339 0.010552339 0.003181714
26620 0.013734053 0.010552339 0.010552339 0.003181714
29040 0.013734053 0.010552339 0.010552339 0.003181714
31460 0.013734053 0.010552339 0.010552339 0.003181714
33880 0.013734053 0.010552339 0.010552339 0.003181714
36300 0.013734053 0.010552339 0.010552339 0.003181714
38720 0.013734053 0.010552339 0.010552339 0.003181714
41140 0.013734053 0.010552339 0.010552339 0.003181714
43560 0.013734053 0.010552339 0.010552339 0.003181714
45980 0.013734053 0.010552339 0.010552339 0.003181714
24200 0.014496189 0.011442945 0.011442945 0.003053244
26620 0.014496189 0.011442945 0.011442945 0.003053244
29040 0.014496189 0.011442945 0.011442945 0.003053244
31460 0.014496189 0.011442945 0.011442945 0.003053244
33880 0.014496189 0.011442945 0.011442945 0.003053244
36300 0.014496189 0.011442945 0.011442945 0.003053244
38720 0.014496189 0.011442945 0.011442945 0.003053244
41140 0.014496189 0.011442945 0.011442945 0.003053244
43560 0.014496189 0.011442945 0.011442945 0.003053244
45980 0.014496189 0.011442945 0.011442945 0.003053244
24200 0.013269458 0.010218945 0.010218945 0.003050513
26620 0.013269458 0.010218945 0.010218945 0.003050513
29040 0.013269458 0.010218945 0.010218945 0.003050513
31460 0.013269458 0.010218945 0.010218945 0.003050513
33880 0.013269458 0.010218945 0.010218945 0.003050513
36300 0.013269458 0.010218945 0.010218945 0.003050513
38720 0.013269458 0.010218945 0.010218945 0.003050513
41140 0.013269458 0.010218945 0.010218945 0.003050513
43560 0.013269458 0.010218945 0.010218945 0.003050513
45980 0.013269458 0.010218945 0.010218945 0.003050513
24200 0.012717833 0.009744873 0.009744873 0.002972960
26620 0.012717833 0.009744873 0.009744873 0.002972960
29040 0.012717833 0.009744873 0.009744873 0.002972960
31460 0.012717833 0.009744873 0.009744873 0.002972960
33880 0.012717833 0.009744873 0.009744873 0.002972960
36300 0.012717833 0.009744873 0.009744873 0.002972960
38720 0.012717833 0.009744873 0.009744873 0.002972960
41140 0.012717833 0.009744873 0.009744873 0.002972960
43560 0.012717833 0.009744873 0.009744873 0.002972960
45980 0.012717833 0.009744873 0.009744873 0.002972960
24200 0.010138384 0.007215151 0.007215151 0.002923233
26620 0.010138384 0.007215151 0.007215151 0.002923233
29040 0.010138384 0.007215151 0.007215151 0.002923233
31460 0.010138384 0.007215151 0.007215151 0.002923233
33880 0.010138384 0.007215151 0.007215151 0.002923233
36300 0.010138384 0.007215151 0.007215151 0.002923233
38720 0.010138384 0.007215151 0.007215151 0.002923233
41140 0.010138384 0.007215151 0.007215151 0.002923233
43560 0.010138384 0.007215151 0.007215151 0.002923233
45980 0.010138384 0.007215151 0.007215151 0.002923233
24200 0.011656418 0.008457078 0.008457078 0.003199340
26620 0.011656418 0.008457078 0.008457078 0.003199340
29040 0.011656418 0.008457078 0.008457078 0.003199340
31460 0.011656418 0.008457078 0.008457078 0.003199340
33880 0.011656418 0.008457078 0.008457078 0.003199340
36300 0.011656418 0.008457078 0.008457078 0.003199340
38720 0.011656418 0.008457078 0.008457078 0.003199340
41140 0.011656418 0.008457078 0.008457078 0.003199340
43560 0.011656418 0.008457078 0.008457078 0.003199340
45980 0.011656418 0.008457078 0.008457078 0.003199340
24200 0.011452812 0.008496426 0.008496426 0.002956386
26620 0.011452812 0.008496426 0.008496426 0.002956386
29040 0.011452812 0.008496426 0.008496426 0.002956386
31460 0.011452812 0.008496426 0.008496426 0.002956386
33880 0.011452812 0.008496426 0.008496426 0.002956386
36300 0.011452812 0.008496426 0.008496426 0.002956386
38720 0.011452812 0.008496426 0.008496426 0.002956386
41140 0.011452812 0.008496426 0.008496426 0.002956386
43560 0.011452812 0.008496426 0.008496426 0.002956386
45980 0.011452812 0.008496426 0.008496426 0.002956386
24200 0.010133355 0.007079703 0.007079703 0.003053652
26620 0.010133355 0.007079703 0.007079703 0.003053652
29040 0.010133355 0.007079703 0.007079703 0.003053652
31460 0.010133355 0.007079703 0.007079703 0.003053652
33880 0.010133355 0.007079703 0.007079703 0.003053652
36300 0.010133355 0.007079703 0.007079703 0.003053652
38720 0.010133355 0.007079703 0.007079703 0.003053652
41140 0.010133355 0.007079703 0.007079703 0.003053652
43560 0.010133355 0.007079703 0.007079703 0.003053652
45980 0.010133355 0.007079703 0.007079703 0.003053652
24200 0.010923528 0.007873843 0.007873843 0.003049685
26620 0.010923528 0.007873843 0.007873843 0.003049685
29040 0.010923528 0.007873843 0.007873843 0.003049685
31460 0.010923528 0.007873843 0.007873843 0.003049685
33880 0.010923528 0.007873843 0.007873843 0.003049685
36300 0.010923528 0.007873843 0.007873843 0.003049685
38720 0.010923528 0.007873843 0.007873843 0.003049685
41140 0.010923528 0.007873843 0.007873843 0.003049685
43560 0.010923528 0.007873843 0.007873843 0.003049685
45980 0.010923528 0.007873843 0.007873843 0.003049685
24200 0.010584481 0.008085018 0.008085018 0.002499463
26620 0.010584481 0.008085018 0.008085018 0.002499463
29040 0.010584481 0.008085018 0.008085018 0.002499463
31460 0.010584481 0.008085018 0.008085018 0.002499463
33880 0.010584481 0.008085018 0.008085018 0.002499463
36300 0.010584481 0.008085018 0.008085018 0.002499463
38720 0.010584481 0.008085018 0.008085018 0.002499463
41140 0.010584481 0.008085018 0.008085018 0.002499463
43560 0.010584481 0.008085018 0.008085018 0.002499463
45980 0.010584481 0.008085018 0.008085018 0.002499463
24200 0.009621416 0.006783620 0.006783620 0.002837796
26620 0.009621416 0.006783620 0.006783620 0.002837796
29040 0.009621416 0.006783620 0.006783620 0.002837796
31460 0.009621416 0.006783620 0.006783620 0.002837796
33880 0.009621416 0.006783620 0.006783620 0.002837796
36300 0.009621416 0.006783620 0.006783620 0.002837796
38720 0.009621416 0.006783620 0.006783620 0.002837796
41140 0.009621416 0.006783620 0.006783620 0.002837796
43560 0.009621416 0.006783620 0.006783620 0.002837796
45980 0.009621416 0.006783620 0.006783620 0.002837796
24200 0.011808293 0.009015364 0.009015364 0.002792929
26620 0.011808293 0.009015364 0.009015364 0.002792929
29040 0.011808293 0.009015364 0.009015364 0.002792929
31460 0.011808293 0.009015364 0.009015364 0.002792929
33880 0.011808293 0.009015364 0.009015364 0.002792929
36300 0.011808293 0.009015364 0.009015364 0.002792929
38720 0.011808293 0.009015364 0.009015364 0.002792929
41140 0.011808293 0.009015364 0.009015364 0.002792929
43560 0.011808293 0.009015364 0.009015364 0.002792929
45980 0.011808293 0.009015364 0.009015364 0.002792929
24200 0.010555644 0.007758058 0.007758058 0.002797586
26620 0.010555644 0.007758058 0.007758058 0.002797586
29040 0.010555644 0.007758058 0.007758058 0.002797586
31460 0.010555644 0.007758058 0.007758058 0.002797586
33880 0.010555644 0.007758058 0.007758058 0.002797586
36300 0.010555644 0.007758058 0.007758058 0.002797586
38720 0.010555644 0.007758058 0.007758058 0.002797586
41140 0.010555644 0.007758058 0.007758058 0.002797586
43560 0.010555644 0.007758058 0.007758058 0.002797586
45980 0.010555644 0.007758058 0.007758058 0.002797586
24200 0.011061906 0.008239075 0.008239075 0.002822831
26620 0.011061906 0.008239075 0.008239075 0.002822831
29040 0.011061906 0.008239075 0.008239075 0.002822831
31460 0.011061906 0.008239075 0.008239075 0.002822831
33880 0.011061906 0.008239075 0.008239075 0.002822831
36300 0.011061906 0.008239075 0.008239075 0.002822831
38720 0.011061906 0.008239075 0.008239075 0.002822831
41140 0.011061906 0.008239075 0.008239075 0.002822831
43560 0.011061906 0.008239075 0.008239075 0.002822831
45980 0.011061906 0.008239075 0.008239075 0.002822831
24200 0.009170073 0.006382201 0.006382201 0.002787872
26620 0.009170073 0.006382201 0.006382201 0.002787872
29040 0.009170073 0.006382201 0.006382201 0.002787872
31460 0.009170073 0.006382201 0.006382201 0.002787872
33880 0.009170073 0.006382201 0.006382201 0.002787872
36300 0.009170073 0.006382201 0.006382201 0.002787872
38720 0.009170073 0.006382201 0.006382201 0.002787872
41140 0.009170073 0.006382201 0.006382201 0.002787872
43560 0.009170073 0.006382201 0.006382201 0.002787872
45980 0.009170073 0.006382201 0.006382201 0.002787872
24200 0.009669428 0.006916084 0.006916084 0.002753344
26620 0.009669428 0.006916084 0.006916084 0.002753344
29040 0.009669428 0.006916084 0.006916084 0.002753344
31460 0.009669428 0.006916084 0.006916084 0.002753344
33880 0.009669428 0.006916084 0.006916084 0.002753344
36300 0.009669428 0.006916084 0.006916084 0.002753344
38720 0.009669428 0.006916084 0.006916084 0.002753344
41140 0.009669428 0.006916084 0.006916084 0.002753344
43560 0.009669428 0.006916084 0.006916084 0.002753344
45980 0.009669428 0.006916084 0.006916084 0.002753344
24200 0.008715762 0.006408916 0.006408916 0.002306846
26620 0.008715762 0.006408916 0.006408916 0.002306846
29040 0.008715762 0.006408916 0.006408916 0.002306846
31460 0.008715762 0.006408916 0.006408916 0.002306846
33880 0.008715762 0.006408916 0.006408916 0.002306846
36300 0.008715762 0.006408916 0.006408916 0.002306846
38720 0.008715762 0.006408916 0.006408916 0.002306846
41140 0.008715762 0.006408916 0.006408916 0.002306846
43560 0.008715762 0.006408916 0.006408916 0.002306846
45980 0.008715762 0.006408916 0.006408916 0.002306846
24200 0.011577201 0.008658323 0.008658323 0.002918878
26620 0.011577201 0.008658323 0.008658323 0.002918878
29040 0.011577201 0.008658323 0.008658323 0.002918878
31460 0.011577201 0.008658323 0.008658323 0.002918878
33880 0.011577201 0.008658323 0.008658323 0.002918878
36300 0.011577201 0.008658323 0.008658323 0.002918878
38720 0.011577201 0.008658323 0.008658323 0.002918878
41140 0.011577201 0.008658323 0.008658323 0.002918878
43560 0.011577201 0.008658323 0.008658323 0.002918878
45980 0.011577201 0.008658323 0.008658323 0.002918878
24200 0.008484757 0.006141210 0.006141210 0.002343547
26620 0.008484757 0.006141210 0.006141210 0.002343547
29040 0.008484757 0.006141210 0.006141210 0.002343547
31460 0.008484757 0.006141210 0.006141210 0.002343547
33880 0.008484757 0.006141210 0.006141210 0.002343547
36300 0.008484757 0.006141210 0.006141210 0.002343547
38720 0.008484757 0.006141210 0.006141210 0.002343547
41140 0.008484757 0.006141210 0.006141210 0.002343547
43560 0.008484757 0.006141210 0.006141210 0.002343547
45980 0.008484757 0.006141210 0.006141210 0.002343547
24200 0.010474853 0.007853225 0.007853225 0.002621628
26620 0.010474853 0.007853225 0.007853225 0.002621628
29040 0.010474853 0.007853225 0.007853225 0.002621628
31460 0.010474853 0.007853225 0.007853225 0.002621628
33880 0.010474853 0.007853225 0.007853225 0.002621628
36300 0.010474853 0.007853225 0.007853225 0.002621628
38720 0.010474853 0.007853225 0.007853225 0.002621628
41140 0.010474853 0.007853225 0.007853225 0.002621628
43560 0.010474853 0.007853225 0.007853225 0.002621628
45980 0.010474853 0.007853225 0.007853225 0.002621628
24200 0.008796459 0.005777234 0.005777234 0.003019225
26620 0.008796459 0.005777234 0.005777234 0.003019225
29040 0.008796459 0.005777234 0.005777234 0.003019225
31460 0.008796459 0.005777234 0.005777234 0.003019225
33880 0.008796459 0.005777234 0.005777234 0.003019225
36300 0.008796459 0.005777234 0.005777234 0.003019225
38720 0.008796459 0.005777234 0.005777234 0.003019225
41140 0.008796459 0.005777234 0.005777234 0.003019225
43560 0.008796459 0.005777234 0.005777234 0.003019225
45980 0.008796459 0.005777234 0.005777234 0.003019225
24200 0.009932811 0.007141371 0.007141371 0.002791440
26620 0.009932811 0.007141371 0.007141371 0.002791440
29040 0.009932811 0.007141371 0.007141371 0.002791440
31460 0.009932811 0.007141371 0.007141371 0.002791440
33880 0.009932811 0.007141371 0.007141371 0.002791440
36300 0.009932811 0.007141371 0.007141371 0.002791440
38720 0.009932811 0.007141371 0.007141371 0.002791440
41140 0.009932811 0.007141371 0.007141371 0.002791440
43560 0.009932811 0.007141371 0.007141371 0.002791440
45980 0.009932811 0.007141371 0.007141371 0.002791440
24200 0.009156886 0.006348792 0.006348792 0.002808094
26620 0.009156886 0.006348792 0.006348792 0.002808094
29040 0.009156886 0.006348792 0.006348792 0.002808094
31460 0.009156886 0.006348792 0.006348792 0.002808094
33880 0.009156886 0.006348792 0.006348792 0.002808094
36300 0.009156886 0.006348792 0.006348792 0.002808094
38720 0.009156886 0.006348792 0.006348792 0.002808094
41140 0.009156886 0.006348792 0.006348792 0.002808094
43560 0.009156886 0.006348792 0.006348792 0.002808094
45980 0.009156886 0.006348792 0.006348792 0.002808094
24200 0.010266059 0.007201884 0.007201884 0.003064175
26620 0.010266059 0.007201884 0.007201884 0.003064175
29040 0.010266059 0.007201884 0.007201884 0.003064175
31460 0.010266059 0.007201884 0.007201884 0.003064175
33880 0.010266059 0.007201884 0.007201884 0.003064175
36300 0.010266059 0.007201884 0.007201884 0.003064175
38720 0.010266059 0.007201884 0.007201884 0.003064175
41140 0.010266059 0.007201884 0.007201884 0.003064175
43560 0.010266059 0.007201884 0.007201884 0.003064175
45980 0.010266059 0.007201884 0.007201884 0.003064175
24200 0.009636859 0.007197778 0.007197778 0.002439081
26620 0.009636859 0.007197778 0.007197778 0.002439081
29040 0.009636859 0.007197778 0.007197778 0.002439081
31460 0.009636859 0.007197778 0.007197778 0.002439081
33880 0.009636859 0.007197778 0.007197778 0.002439081
36300 0.009636859 0.007197778 0.007197778 0.002439081
38720 0.009636859 0.007197778 0.007197778 0.002439081
41140 0.009636859 0.007197778 0.007197778 0.002439081
43560 0.009636859 0.007197778 0.007197778 0.002439081
45980 0.009636859 0.007197778 0.007197778 0.002439081
