20800 0.000052863 0.000018799
10400 0.000011911 0.000014998
20800 0.000092396 0.000020188
24200 0.000099589 0.000025456
23760 0.000018001 0.000024290
20800 0.000536533 0.000034316
20400 0.000406807 0.000032995
20800 0.000231183 0.000020492
20400 0.000155710 0.000016131
20400 0.000007228 0.000014608
20800 0.000165196 0.000025893
10200 0.000227908 0.000014446
22000 0.000188033 0.000056467
22000 0.000221339 0.000018613
20000 0.000084171 0.000018970
21632 0.000152366 0.000023814
22000 0.000091598 0.000016678
24200 0.000856574 0.000015610
20400 0.000198741 0.000026827
20800 0.000164694 0.000081814
22000 0.000067857 0.000031054
21200 0.000065261 0.000030447
20000 0.000051833 0.000959194
20000 0.000037735 0.000024626
20400 0.000037298 0.000012164
20800 0.000336139 0.000021348
10000 0.000079681 0.000026609
10200 0.000024596 0.000015012
22000 0.000474090 0.000137263
20400 0.000073471 0.000037172
21600 0.000075047 0.000035565
22000 0.000008768 0.000026518
22880 0.000198640 0.000034918
22440 0.000192022 0.000057461
21216 0.000206874 0.000029490
20800 0.000208737 0.000028347
22000 0.000177841 0.000017664
20800 0.000220116 0.000024263
22440 0.000108914 0.000017353
22000 0.000007798 0.000016977
10000 0.000005101 0.000014405
23320 0.000162432 0.000057149
22000 0.000060119 0.000017057
20800 0.000246175 0.000168623
22032 0.000061087 0.000035532
20000 0.000047305 0.000041465
