2700 0.000136593 2700 0.000023674 add_time= 0.001861081
2500 0.000034803 2500 0.000019876 add_time= 0.000070938
1250 0.000080929 1250 0.000005779 add_time= 0.000099807
2860 0.000019762 2860 0.000025259 add_time= 0.000066719
2600 0.000120392 2600 0.000006130 add_time= 0.000144985
2500 0.000055653 2500 0.000007378 add_time= 0.000079125
2915 0.000596678 2915 0.000007955 add_time= 0.000680654
2860 0.000064059 2860 0.000007367 add_time= 0.000088325
1350 0.000174346 1350 0.000006660 add_time= 0.000197615
2500 0.000087287 2500 0.000015907 add_time= 0.000120819
2703 0.000489036 2703 0.000008644 add_time= 0.000526526
3025 0.000753561 3025 0.000006840 add_time= 0.000787287
2805 0.000145618 2805 0.000006752 add_time= 0.000175646
2550 0.000187359 2550 0.000008934 add_time= 0.000212089
2500 0.001154840 2500 0.000008747 add_time= 0.001211391
2750 0.000248491 2750 0.000010325 add_time= 0.000275621
2805 0.000146339 2805 0.000007701 add_time= 0.000170466
2750 0.000771249 2750 0.000007532 add_time= 0.000799486
2601 0.000311728 2601 0.000006710 add_time= 0.000339854
2500 0.000093388 2500 0.000016360 add_time= 0.000126088
2600 0.000537008 2600 0.000008697 add_time= 0.000597608
2500 0.000350515 2500 0.000009042 add_time= 0.000388213
2600 0.000283518 2600 0.000009666 add_time= 0.000462717
2550 0.000121941 2550 0.000009506 add_time= 0.000194325
2600 0.000017024 2600 0.000011050 add_time= 0.000077319
2500 0.000398619 2500 0.000015749 add_time= 0.002031065
2550 0.000081391 2550 0.000020340 add_time= 0.000117187
2500 0.000490488 2500 0.000011301 add_time= 0.000521843
2700 0.000067629 2700 0.000006613 add_time= 0.000110298
2750 0.000072164 2750 0.000005721 add_time= 0.000092351
2703 0.000538553 2703 0.000014955 add_time= 0.000639753
2805 0.000121700 2805 0.000006824 add_time= 0.000144795
2500 0.000150908 2500 0.000006434 add_time= 0.000173102
2750 0.000011770 2750 0.000089790 add_time= 0.000129686
2600 0.000096539 2600 0.000006535 add_time= 0.000119054
2750 0.000133189 2750 0.000017042 add_time= 0.000164395
2600 0.000203053 2600 0.000006740 add_time= 0.000235173
2600 0.000028228 2600 0.000016850 add_time= 0.000084528
2500 0.000071596 2500 0.000007470 add_time= 0.000102966
2700 0.000181746 2700 0.000007271 add_time= 0.000208607
2500 0.000098012 2500 0.000009056 add_time= 0.000131658
2500 0.000131438 2500 0.000006137 add_time= 0.000164096
2550 0.000491991 2550 0.000006561 add_time= 0.000514915
2500 0.000241662 2500 0.000008011 add_time= 0.000310971
2550 0.000055488 2550 0.000007103 add_time= 0.000110851
2750 0.000093336 2750 0.000030572 add_time= 0.000268849
2700 0.000040991 2700 0.000023037 add_time= 0.000129432
2550 0.000057378 2550 0.000008247 add_time= 0.000130101
1275 0.000024208 1275 0.000011086 add_time= 0.000112949
2704 0.000069636 2704 0.000015695 add_time= 0.001212572
3025 0.000061923 3025 0.000007047 add_time= 0.000095496
2550 0.000054298 2550 0.000007067 add_time= 0.000078143
2805 0.000036474 2805 0.000007293 add_time= 0.000060896
2500 0.000102924 2500 0.000006809 add_time= 0.000135031
2750 0.000048337 2750 0.000006744 add_time= 0.000072624
2550 0.000123586 2550 0.000006750 add_time= 0.000156104
2500 0.000027879 2500 0.000007139 add_time= 0.000051008
2703 0.000065413 2703 0.000007168 add_time= 0.000095324
2970 0.000106052 2970 0.000006369 add_time= 0.000138984
1250 0.000022164 1250 0.000006623 add_time= 0.000041830
2700 0.000623810 2700 0.000013203 add_time= 0.000676223
2750 0.000157754 2750 0.000007686 add_time= 0.000185971
2550 0.000116331 2550 0.000006712 add_time= 0.000140104
2805 0.000102429 2805 0.000007523 add_time= 0.000126609
2750 0.000065830 2750 0.000007533 add_time= 0.000091020
2600 0.000140127 2600 0.000006691 add_time= 0.000164351
3025 0.000086761 3025 0.000018732 add_time= 0.000124459
2750 0.000007158 2750 0.000026502 add_time= 0.000050265
2550 0.000111355 2550 0.000007377 add_time= 0.000135010
2805 0.000062998 2805 0.000008089 add_time= 0.000095854
2500 0.000102829 2500 0.000008396 add_time= 0.000146059
2600 0.000157086 2600 0.000017471 add_time= 0.000190508
2805 0.000081378 2805 0.000006845 add_time= 0.000109251
2500 0.000293043 2500 0.000005656 add_time= 0.000313363
2500 0.000076106 2500 0.000006002 add_time= 0.000095990
2500 0.000110950 2500 0.000007035 add_time= 0.000133752
1250 0.000098530 1250 0.000006273 add_time= 0.000118952
2756 0.000163466 2756 0.000006833 add_time= 0.000185800
2500 0.000268439 2500 0.000031708 add_time= 0.000316663
2500 0.000124244 2500 0.000006109 add_time= 0.000144508
2550 0.000326794 2550 0.000006411 add_time= 0.000348988
2750 0.000151955 2750 0.000007709 add_time= 0.000187048
2500 0.000048738 2500 0.000007001 add_time= 0.000073276
2652 0.000060280 2652 0.000007050 add_time= 0.000082455
2500 0.000350503 2500 0.000006750 add_time= 0.000379765
2750 0.000102661 2750 0.000006875 add_time= 0.000127421
2600 0.000102384 2600 0.000006127 add_time= 0.000122361
2970 0.000098284 2970 0.000018991 add_time= 0.000133986
2750 0.000114263 2750 0.000009620 add_time= 0.000219138
2500 0.000053645 2500 0.000007820 add_time= 0.000105420
2550 0.000046157 2550 0.000008364 add_time= 0.000088414
2601 0.000015940 2601 0.000008465 add_time= 0.000053638
2970 0.000119174 2970 0.000008534 add_time= 0.000171278
2650 0.000655651 2650 0.000008370 add_time= 0.000687102
2750 0.000579252 2750 0.000007676 add_time= 0.000608317
1250 0.000024404 1250 0.000014408 add_time= 0.000053709
2601 0.000195524 2601 0.000006560 add_time= 0.000216844
2500 0.000277431 2500 0.000007468 add_time= 0.000301440
2750 0.000074335 2750 0.000013337 add_time= 0.000103948
2500 0.000233388 2500 0.000006147 add_time= 0.000253800
2500 0.000247367 2500 0.000006777 add_time= 0.000270139
1250 0.000294013 1250 0.000007047 add_time= 0.000315163
2700 0.000067518 2700 0.000014656 add_time= 0.000096926
2500 0.000080359 2500 0.000017572 add_time= 0.000111733
2500 0.000340706 2500 0.000009812 add_time= 0.000367024
2500 0.000299013 2500 0.000006659 add_time= 0.000327998
2750 0.000007664 2750 0.000051582 add_time= 0.000094157
2550 0.000081477 2550 0.000006535 add_time= 0.000102667
3025 0.000067007 3025 0.000007818 add_time= 0.000102570
2750 0.000191505 2750 0.000008204 add_time= 0.000217348
2650 0.000129917 2650 0.000006736 add_time= 0.000153487
2600 0.000116075 2600 0.000008236 add_time= 0.000141011
2750 0.000011024 2750 0.000025222 add_time= 0.000052920
2703 0.000350574 2703 0.000006305 add_time= 0.000381533
2915 0.000325127 2915 0.000006766 add_time= 0.000348028
2500 0.000451937 2500 0.000007351 add_time= 0.000476465
2500 0.000120528 2500 0.000006195 add_time= 0.000147136
2550 0.000008262 2550 0.000024713 add_time= 0.000048959
2750 0.000183235 2750 0.000010946 add_time= 0.000210767
2750 0.000066563 2750 0.000007062 add_time= 0.000088487
2809 0.000121574 2809 0.000007853 add_time= 0.000176494
2500 0.000151682 2500 0.000006402 add_time= 0.000174731
2750 0.000017221 2750 0.000015388 add_time= 0.000047676
1275 0.000197251 1275 0.000007347 add_time= 0.000218998
2805 0.000058125 2805 0.000007162 add_time= 0.000082134
1275 0.000034649 1275 0.000005926 add_time= 0.000053375
2650 0.000221468 2650 0.000007257 add_time= 0.000248492
2700 0.000229476 2700 0.000016012 add_time= 0.000262293
3025 0.000174315 3025 0.000007868 add_time= 0.000202902
2750 0.000194564 2750 0.000006140 add_time= 0.000215362
2550 0.000088266 2550 0.000006557 add_time= 0.000110489
2750 0.000071729 2750 0.000007046 add_time= 0.000095146
1250 0.000430191 1250 0.000005528 add_time= 0.000448808
2500 0.000059393 2500 0.000007410 add_time= 0.000081885
3025 0.000095365 3025 0.000011356 add_time= 0.000123084
2600 0.000067421 2600 0.000006816 add_time= 0.000089422
2700 0.000071359 2700 0.000025112 add_time= 0.000111879
2750 0.000061503 2750 0.000009468 add_time= 0.000114659
2550 0.000050342 2550 0.000007980 add_time= 0.000083832
2500 0.000057454 2500 0.000007628 add_time= 0.000093914
2601 0.000007223 2601 0.000008216 add_time= 0.000040324
2700 0.000046634 2700 0.000007813 add_time= 0.000092067
1250 0.000080257 1250 0.000006979 add_time= 0.000119554
2703 0.000210944 2703 0.000007366 add_time= 0.000233847
2500 0.000080784 2500 0.000006773 add_time= 0.000102403
2500 0.000085776 2500 0.000006470 add_time= 0.000106847
2550 0.000100879 2550 0.000006167 add_time= 0.000121757
3025 0.000141304 3025 0.000008382 add_time= 0.000172305
2650 0.000123381 2650 0.000007066 add_time= 0.000147053
2500 0.000048774 2500 0.000006130 add_time= 0.000070311
2750 0.000044860 2750 0.000006731 add_time= 0.000075909
1375 0.000011492 1375 0.000009585 add_time= 0.000034513
2500 0.000093128 2500 0.000006948 add_time= 0.000115682
1375 0.000070620 1375 0.000006133 add_time= 0.000090838
2500 0.000671054 2500 0.000006653 add_time= 0.000698058
2860 0.000221359 2860 0.000007100 add_time= 0.000246407
2750 0.000008058 2750 0.000042319 add_time= 0.000066232
2805 0.000138147 2805 0.000006950 add_time= 0.000161499
2500 0.000094103 2500 0.000006020 add_time= 0.000114267
2860 0.000305919 2860 0.000015174 add_time= 0.000338062
2500 0.000196384 2500 0.000006308 add_time= 0.000217061
2500 0.000066193 2500 0.000006232 add_time= 0.000089586
2550 0.000170910 2550 0.000006803 add_time= 0.000194727
1250 0.000052921 1250 0.000006032 add_time= 0.000082007
2500 0.000203563 2500 0.000006102 add_time= 0.000225053
2500 0.000132002 2500 0.000007319 add_time= 0.000166544
2750 0.000071003 2750 0.000007633 add_time= 0.000107909
2500 0.000125222 2500 0.000006547 add_time= 0.000147608
2700 0.000204101 2700 0.000007201 add_time= 0.000227291
3025 0.000040452 3025 0.000006291 add_time= 0.000062369
2704 0.000122012 2704 0.000006297 add_time= 0.000143646
2860 0.000063720 2860 0.000006520 add_time= 0.000085537
2750 0.000079434 2750 0.000006871 add_time= 0.000112780
2750 0.000096409 2750 0.000006424 add_time= 0.000118737
2550 0.000100613 2550 0.000005944 add_time= 0.000120636
3025 0.000049717 3025 0.000007437 add_time= 0.000074576
1275 0.000047203 1275 0.000006273 add_time= 0.000065707
2704 0.000298103 2704 0.000006444 add_time= 0.000331956
2700 0.000087624 2700 0.000006047 add_time= 0.000108705
2601 0.000007710 2601 0.000022660 add_time= 0.000054921
2550 0.000147628 2550 0.000007139 add_time= 0.000170720
2750 0.000090844 2750 0.000007037 add_time= 0.000114212
2750 0.000157520 2750 0.000006797 add_time= 0.000198319
2600 0.000080315 2600 0.000006807 add_time= 0.000104504
2750 0.000018224 2750 0.000016475 add_time= 0.000059576
2550 0.000150592 2550 0.000006223 add_time= 0.000172036
2750 0.000142698 2750 0.000015396 add_time= 0.000184735
2500 0.000090562 2500 0.000007929 add_time= 0.000114634
2750 0.000334007 2750 0.000007550 add_time= 0.000358643
2601 0.000007562 2601 0.000014668 add_time= 0.000047326
2601 0.000247711 2601 0.000005945 add_time= 0.000268050
2750 0.000261851 2750 0.000006713 add_time= 0.000283243
2600 0.000207432 2600 0.000006324 add_time= 0.000239609
2600 0.000095579 2600 0.000006098 add_time= 0.000117653
2500 0.000146727 2500 0.000006185 add_time= 0.000178919
2500 0.000148479 2500 0.000005691 add_time= 0.000168148
2550 0.000057727 2550 0.000018238 add_time= 0.000090707
2500 0.000106920 2500 0.000006024 add_time= 0.000127592
2600 0.000193520 2600 0.000005443 add_time= 0.000213402
2650 0.000140473 2650 0.000018246 add_time= 0.000198833
2750 0.000071862 2750 0.000007665 add_time= 0.000121133
2750 0.000031928 2750 0.000027693 add_time= 0.000089546
1275 0.000027383 1275 0.000006811 add_time= 0.000059056
2750 0.000030097 2750 0.000008135 add_time= 0.000068580
2750 0.000027812 2750 0.000007661 add_time= 0.000061194
2550 0.000084131 2550 0.000007107 add_time= 0.000109460
2500 0.000067966 2500 0.000006472 add_time= 0.000098818
2652 0.000008191 2652 0.000026100 add_time= 0.000050941
2500 0.000230334 2500 0.000006357 add_time= 0.000257905
2805 0.000057431 2805 0.000006066 add_time= 0.000087928
2500 0.000245669 2500 0.000018973 add_time= 0.000291596
2860 0.000056124 2860 0.000015988 add_time= 0.000113286
2600 0.000099332 2600 0.000007041 add_time= 0.000133424
2550 0.000016977 2550 0.000014760 add_time= 0.000062226
2700 0.000044256 2700 0.000007128 add_time= 0.000098548
1275 0.000262504 1275 0.000006209 add_time= 0.000292904
2650 0.000426316 2650 0.000007490 add_time= 0.000481426
3025 0.000157320 3025 0.000007672 add_time= 0.000202242
2550 0.000062494 2550 0.000007319 add_time= 0.000096654
2750 0.000054691 2750 0.000014056 add_time= 0.000096100
2750 0.000551054 2750 0.000008455 add_time= 0.000580674
2500 0.000145065 2500 0.000006194 add_time= 0.000168017
2550 0.000019106 2550 0.000031978 add_time= 0.000066708
2750 0.000318429 2750 0.000007586 add_time= 0.000342748
2500 0.000077333 2500 0.000006863 add_time= 0.000108517
2500 0.000044592 2500 0.000006494 add_time= 0.000066315
2600 0.000027627 2600 0.000006169 add_time= 0.000048616
2500 0.000053226 2500 0.000006276 add_time= 0.000073285
2550 0.000007773 2550 0.000024545 add_time= 0.000048587
2500 0.000188921 2500 0.000006767 add_time= 0.000211640
2750 0.000116746 2750 0.000007203 add_time= 0.000139595
2500 0.000159705 2500 0.000009594 add_time= 0.000185380
2860 0.000278173 2860 0.000006546 add_time= 0.000301614
2750 0.000007441 2750 0.000025273 add_time= 0.000048363
2650 0.000053594 2650 0.000006879 add_time= 0.000074445
2550 0.000115013 2550 0.000005963 add_time= 0.000145510
2700 0.000043551 2700 0.000006466 add_time= 0.000063720
1250 0.000175873 1250 0.000006786 add_time= 0.000197146
2860 0.000203704 2860 0.000007205 add_time= 0.000227528
2970 0.000072134 2970 0.000007351 add_time= 0.000096046
2805 0.000098420 2805 0.000015221 add_time= 0.000127785
2550 0.000056965 2550 0.000006537 add_time= 0.000087291
2500 0.000102570 2500 0.000006531 add_time= 0.000124272
625 0.000072053 625 0.000006406 add_time= 0.000091520
2650 0.000126346 2650 0.000006572 add_time= 0.000148879
2600 0.000083290 2600 0.000015687 add_time= 0.000114352
2500 0.000196496 2500 0.000006154 add_time= 0.000217770
2805 0.000007503 2805 0.000026416 add_time= 0.000050202
2750 0.000084572 2750 0.000007334 add_time= 0.000108202
1250 0.000147669 1250 0.000007081 add_time= 0.000168131
2550 0.000152858 2550 0.000007124 add_time= 0.000188067
2750 0.000129204 2750 0.000007384 add_time= 0.000162159
2750 0.000524080 2750 0.000006712 add_time= 0.000545264
2500 0.000316551 2500 0.000007687 add_time= 0.000341343
2550 0.000213001 2550 0.000007189 add_time= 0.000236320
1350 0.000055979 1350 0.000019471 add_time= 0.000089781
2550 0.000241706 2550 0.000007365 add_time= 0.000265879
1300 0.000047756 1300 0.000007448 add_time= 0.000072204
2750 0.000092956 2750 0.000007658 add_time= 0.000116659
2550 0.000223002 2550 0.000007703 add_time= 0.000247042
2750 0.000039586 2750 0.000006995 add_time= 0.000062686
2915 0.000170228 2915 0.000006973 add_time= 0.000198624
2750 0.000110801 2750 0.000007443 add_time= 0.000164231
2500 0.000101704 2500 0.000006109 add_time= 0.000123550
2750 0.000063424 2750 0.000006814 add_time= 0.000087544
2550 0.000027749 2550 0.000005556 add_time= 0.000048599
3025 0.000047758 3025 0.000006850 add_time= 0.000070633
2650 0.000111363 2650 0.000012773 add_time= 0.000194327
2805 0.000007364 2805 0.000009194 add_time= 0.000055124
2750 0.000042084 2750 0.000025979 add_time= 0.000094847
2700 0.000036567 2700 0.000008226 add_time= 0.000074209
2750 0.000093139 2750 0.000007483 add_time= 0.000125940
1375 0.000034689 1375 0.000007321 add_time= 0.000074486
2500 0.000335251 2500 0.000005857 add_time= 0.000358309
2550 0.000104234 2550 0.000005382 add_time= 0.000123999
2750 0.000086753 2750 0.000006762 add_time= 0.000111725
2652 0.000033628 2652 0.000006914 add_time= 0.000057867
2915 0.000091882 2915 0.000019000 add_time= 0.000129633
1250 0.000308110 1250 0.000006912 add_time= 0.000337587
2750 0.000033313 2750 0.000006856 add_time= 0.000059885
2805 0.000016871 2805 0.000016070 add_time= 0.000050416
2550 0.000091806 2550 0.000014967 add_time= 0.000135054
1375 0.000054901 1375 0.000006253 add_time= 0.000075866
2500 0.000040931 2500 0.000007911 add_time= 0.000068838
2860 0.000042822 2860 0.000006757 add_time= 0.000069068
3025 0.000078273 3025 0.000007408 add_time= 0.000103769
2500 0.000015718 2500 0.000013154 add_time= 0.000049500
2550 0.000074322 2550 0.000006038 add_time= 0.000095404
3025 0.000122490 3025 0.000006203 add_time= 0.000152688
2600 0.000178268 2600 0.000006801 add_time= 0.000203375
2500 0.000043054 2500 0.000006623 add_time= 0.000071824
2805 0.000014891 2805 0.000015680 add_time= 0.000048624
2500 0.000066548 2500 0.000005516 add_time= 0.000086228
2970 0.000037884 2970 0.000007261 add_time= 0.000063901
1375 0.000125990 1375 0.000006386 add_time= 0.000147771
2500 0.000175059 2500 0.000008496 add_time= 0.000208251
1250 0.000165846 1250 0.000005663 add_time= 0.000185464
2500 0.000753805 2500 0.000007093 add_time= 0.000777251
2500 0.000308526 2500 0.000006863 add_time= 0.000329911
2970 0.000069937 2970 0.000007432 add_time= 0.000093817
1250 0.000053621 1250 0.000006199 add_time= 0.000073318
2915 0.000201811 2915 0.000007418 add_time= 0.000225519
2915 0.000074240 2915 0.000007129 add_time= 0.000098460
2550 0.000133169 2550 0.000006701 add_time= 0.000155637
2750 0.000139441 2750 0.000008086 add_time= 0.000164306
2550 0.000078184 2550 0.000007263 add_time= 0.000108348
2700 0.000072042 2700 0.000006828 add_time= 0.000092945
2500 0.000446708 2500 0.000008811 add_time= 0.000470536
2750 0.000352782 2750 0.000006944 add_time= 0.000376081
2750 0.000007991 2750 0.000036596 add_time= 0.000060437
2550 0.000074102 2550 0.000006781 add_time= 0.000105242
2550 0.000083949 2550 0.000006830 add_time= 0.000106816
2650 0.000703155 2650 0.000006813 add_time= 0.000726337
2500 0.000206027 2500 0.000005916 add_time= 0.000227522
2652 0.000010510 2652 0.000024669 add_time= 0.000050659
2750 0.000166195 2750 0.000037831 add_time= 0.000219576
2500 0.000160220 2500 0.000007794 add_time= 0.000183816
2500 0.000447478 2500 0.000007549 add_time= 0.000469623
2700 0.000228957 2700 0.000017655 add_time= 0.000261517
2750 0.000061210 2750 0.000006364 add_time= 0.000082641
2500 0.000040235 2500 0.000006245 add_time= 0.000061084
2805 0.000073688 2805 0.000006534 add_time= 0.000094181
2970 0.000126992 2970 0.000038497 add_time= 0.000179691
2500 0.000249256 2500 0.000006159 add_time= 0.000284486
2860 0.000148371 2860 0.000008918 add_time= 0.000194042
2750 0.000007331 2750 0.000016506 add_time= 0.000038857
2805 0.000081905 2805 0.000006922 add_time= 0.000104051
2805 0.000080397 2805 0.000007081 add_time= 0.000103576
2600 0.000213832 2600 0.000006378 add_time= 0.000237986
2915 0.000097200 2915 0.000006473 add_time= 0.000121928
2805 0.000007551 2805 0.000015664 add_time= 0.000047902
2805 0.000119815 2805 0.000008363 add_time= 0.000142942
2500 0.000144549 2500 0.000006959 add_time= 0.000174859
2500 0.000314991 2500 0.000007221 add_time= 0.000338744
2970 0.000056381 2970 0.000007711 add_time= 0.000082565
2500 0.000131274 2500 0.000008309 add_time= 0.000155859
2550 0.000151147 2550 0.000007292 add_time= 0.000174945
2916 0.000054756 2916 0.000006084 add_time= 0.000074234
1275 0.003218438 1275 0.000006969 add_time= 0.003240924
2500 0.000042233 2500 0.000008477 add_time= 0.000091278
2500 0.000042988 2500 0.000019497 add_time= 0.000089705
2550 0.000033702 2550 0.000006992 add_time= 0.000065804
2805 0.000005511 2805 0.000007354 add_time= 0.000047503
2550 0.000006232 2550 0.000007633 add_time= 0.000037520
2600 0.000151688 2600 0.000006981 add_time= 0.000175630
2550 0.000108532 2550 0.000006225 add_time= 0.000129833
2500 0.000069902 2500 0.000007345 add_time= 0.000093189
3025 0.000007159 3025 0.000028587 add_time= 0.000052197
1275 0.000048733 1275 0.000005869 add_time= 0.000072202
2500 0.000238485 2500 0.000006393 add_time= 0.000260365
2750 0.000554750 2750 0.000007402 add_time= 0.000579122
2500 0.000089956 2500 0.000006381 add_time= 0.000111905
2750 0.000019036 2750 0.000023325 add_time= 0.000058158
2601 0.000143254 2601 0.000006720 add_time= 0.000174001
2500 0.000054394 2500 0.000006680 add_time= 0.000076207
1250 0.000104111 1250 0.000005519 add_time= 0.000128101
2650 0.000197153 2650 0.000007495 add_time= 0.000220529
2500 0.000082066 2500 0.000008169 add_time= 0.000106281
2750 0.000017789 2750 0.000207138 add_time= 0.000240923
1275 0.000090336 1275 0.000005589 add_time= 0.000107571
2750 0.000135557 2750 0.000006969 add_time= 0.000157682
2550 0.000215804 2550 0.000007011 add_time= 0.000238212
2860 0.000038216 2860 0.000006209 add_time= 0.000058561
2860 0.000138564 2860 0.000006124 add_time= 0.000158306
2500 0.000132917 2500 0.000011481 add_time= 0.000157490
2550 0.000048803 2550 0.000007053 add_time= 0.000071075
1250 0.000088652 1250 0.000005853 add_time= 0.000106222
1375 0.000232533 1375 0.000006033 add_time= 0.000252232
2500 0.000522786 2500 0.000006839 add_time= 0.000545376
2600 0.000162361 2600 0.000006934 add_time= 0.000183398
2750 0.000127265 2750 0.000015379 add_time= 0.000158678
2805 0.000015752 2805 0.000015505 add_time= 0.000045212
2550 0.000131460 2550 0.000006640 add_time= 0.000153677
2750 0.000112985 2750 0.000007243 add_time= 0.000136077
2550 0.000683030 2550 0.000007649 add_time= 0.000712194
2860 0.000155898 2860 0.000008486 add_time= 0.000183651
1250 0.000006256 1250 0.000009764 add_time= 0.000029499
2550 0.000138626 2550 0.000007480 add_time= 0.000161674
3025 0.000061752 3025 0.000008353 add_time= 0.000087628
2915 0.000433890 2915 0.000007496 add_time= 0.000459008
2600 0.000098657 2600 0.000018167 add_time= 0.000133219
2750 0.000114126 2750 0.000006548 add_time= 0.000135586
2550 0.000067790 2550 0.000006369 add_time= 0.000089929
2600 0.000100222 2600 0.000016082 add_time= 0.000133927
2500 0.000485602 2500 0.000006916 add_time= 0.000508223
2600 0.000026839 2600 0.000011833 add_time= 0.000053263
2600 0.000201905 2600 0.000007401 add_time= 0.000228742
2550 0.000113756 2550 0.000006747 add_time= 0.000136184
3025 0.000367219 3025 0.000007859 add_time= 0.000400078
2500 0.000337199 2500 0.000025832 add_time= 0.000379372
2500 0.000071602 2500 0.000013716 add_time= 0.000101229
2750 0.000008000 2750 0.000082408 add_time= 0.000106228
2652 0.000085721 2652 0.000006681 add_time= 0.000107798
2550 0.000159381 2550 0.000023810 add_time= 0.000198815
2550 0.000090171 2550 0.000006755 add_time= 0.000112375
2500 0.000092434 2500 0.000006538 add_time= 0.000114344
2970 0.000070252 2970 0.000006756 add_time= 0.000092373
2600 0.000123753 2600 0.000007051 add_time= 0.000146683
2550 0.000065681 2550 0.000005819 add_time= 0.000084835
2915 0.000156325 2915 0.000006811 add_time= 0.000179265
1375 0.005155406 1375 0.000007294 add_time= 0.005181299
2500 0.000175025 2500 0.000016866 add_time= 0.000219242
2750 0.000073182 2750 0.000026996 add_time= 0.000122769
2650 0.000063048 2650 0.000006605 add_time= 0.000089034
2550 0.000229280 2550 0.000006730 add_time= 0.000252024
2550 0.000289957 2550 0.000006427 add_time= 0.000312430
2500 0.000105468 2500 0.000006288 add_time= 0.000126075
2500 0.000142480 2500 0.000006999 add_time= 0.000165653
2600 0.000139271 2600 0.000007073 add_time= 0.000162535
2600 0.000144325 2600 0.000006912 add_time= 0.000167243
2550 0.000133947 2550 0.000035299 add_time= 0.000184791
2805 0.000168501 2805 0.000006779 add_time= 0.000198568
2750 0.000299792 2750 0.000006464 add_time= 0.000331113
1250 0.000048133 1250 0.000005412 add_time= 0.000065156
2750 0.000271728 2750 0.000006805 add_time= 0.000297074
3025 0.000061545 3025 0.000006242 add_time= 0.000084206
2500 0.000063613 2500 0.000006163 add_time= 0.000081748
2860 0.000012394 2860 0.000023395 add_time= 0.000070422
2652 0.000027655 2652 0.000006092 add_time= 0.000047838
2750 0.000093531 2750 0.000006745 add_time= 0.000116540
2652 0.000013633 2652 0.000009144 add_time= 0.000073831
2500 0.000039636 2500 0.000007839 add_time= 0.000075232
2600 0.000042089 2600 0.000015461 add_time= 0.000083316
2500 0.000046060 2500 0.000007352 add_time= 0.000077646
2550 0.000028976 2550 0.000008059 add_time= 0.000070555
2750 0.000006875 2750 0.000009189 add_time= 0.000046280
2500 0.000229956 2500 0.000006183 add_time= 0.000251830
2750 0.000063242 2750 0.000006488 add_time= 0.000085949
3025 0.000015545 3025 0.000091044 add_time= 0.000123850
2550 0.000033718 2550 0.000007154 add_time= 0.000064644
1250 0.000028414 1250 0.000005158 add_time= 0.000046986
1250 0.000055809 1250 0.000005696 add_time= 0.000080800
2600 0.000203782 2600 0.000018933 add_time= 0.000238769
2750 0.000064255 2750 0.000014426 add_time= 0.000094340
2500 0.000061148 2500 0.000006387 add_time= 0.000091312
2601 0.000015232 2601 0.000013733 add_time= 0.000049889
2700 0.000088966 2700 0.000006401 add_time= 0.000109779
1275 0.000033726 1275 0.000012741 add_time= 0.000059519
2500 0.000079407 2500 0.000007100 add_time= 0.000102138
2500 0.000063313 2500 0.000007469 add_time= 0.000086390
2500 0.000110488 2500 0.000006571 add_time= 0.000132060
1250 0.000018948 1250 0.000008465 add_time= 0.000038063
2550 0.000041012 2550 0.000006308 add_time= 0.000061924
2700 0.000034618 2700 0.000005906 add_time= 0.000054397
2750 0.000048189 2750 0.000006689 add_time= 0.000070733
2650 0.000045417 2650 0.000006063 add_time= 0.000076868
2500 0.000060560 2500 0.000006352 add_time= 0.000081967
2550 0.000031692 2550 0.000006084 add_time= 0.000052827
2500 0.000116525 2500 0.000006041 add_time= 0.000137302
2650 0.000326635 2650 0.000006579 add_time= 0.000348794
2750 0.000075949 2750 0.000006345 add_time= 0.000097907
2750 0.000016522 2750 0.000013511 add_time= 0.000044871
2805 0.000028955 2805 0.000006615 add_time= 0.000051456
2750 0.000038446 2750 0.000005979 add_time= 0.000058254
2756 0.000035115 2756 0.000007133 add_time= 0.000057549
2805 0.000156398 2805 0.000006904 add_time= 0.000179098
1375 0.000011978 1375 0.000009244 add_time= 0.000035074
2500 0.000032313 2500 0.000006329 add_time= 0.000051827
2500 0.000058917 2500 0.000006528 add_time= 0.000078455
2500 0.000094981 2500 0.000007815 add_time= 0.000123498
2970 0.000068901 2970 0.000007658 add_time= 0.000094967
2500 0.000074464 2500 0.000006479 add_time= 0.000095645
2550 0.000242518 2550 0.000006957 add_time= 0.000265176
2500 0.000224667 2500 0.000006404 add_time= 0.000244583
2600 0.000098145 2600 0.000006845 add_time= 0.000121880
2652 0.000121361 2652 0.000006141 add_time= 0.000142145
2500 0.000066667 2500 0.000006882 add_time= 0.000088891
2500 0.000198245 2500 0.000006681 add_time= 0.000221055
2750 0.000250584 2750 0.000007352 add_time= 0.000274226
625 0.000108143 625 0.000017986 add_time= 0.000138530
2650 0.000250054 2650 0.000029662 add_time= 0.000295506
2600 0.000140406 2600 0.000006443 add_time= 0.000169040
2652 0.000018604 2652 0.000023611 add_time= 0.000057311
2550 0.000074618 2550 0.000006240 add_time= 0.000106783
2500 0.000199873 2500 0.000007355 add_time= 0.000229871
1250 0.000587611 1250 0.000006913 add_time= 0.000607975
2750 0.000108449 2750 0.000007276 add_time= 0.000132024
2652 0.000010766 2652 0.000015103 add_time= 0.000041352
2652 0.000190400 2652 0.000006407 add_time= 0.000210713
2550 0.000174265 2550 0.000006416 add_time= 0.000195753
2600 0.000047512 2600 0.000006240 add_time= 0.000069881
2600 0.000138115 2600 0.000006739 add_time= 0.000159960
2750 0.000070662 2750 0.000007829 add_time= 0.000094582
2500 0.000005919 2500 0.000020532 add_time= 0.000039252
2652 0.000081856 2652 0.000015611 add_time= 0.000113273
2500 0.000138789 2500 0.000033399 add_time= 0.000187366
2500 0.000072210 2500 0.000007915 add_time= 0.000109862
2860 0.000064252 2860 0.000016267 add_time= 0.000107049
2750 0.000268851 2750 0.000010537 add_time= 0.000295551
2550 0.000153303 2550 0.000006375 add_time= 0.000175345
2750 0.000130234 2750 0.000007398 add_time= 0.000169594
2750 0.000102588 2750 0.000015542 add_time= 0.000132660
2500 0.000104255 2500 0.000026025 add_time= 0.000165713
2500 0.000137355 2500 0.000006310 add_time= 0.000158721
2750 0.000018197 2750 0.000015260 add_time= 0.000049780
2550 0.000185760 2550 0.000007011 add_time= 0.000208676
2970 0.000124293 2970 0.000007547 add_time= 0.000151113
2550 0.000125123 2550 0.000006613 add_time= 0.000157192
2500 0.000115429 2500 0.000006187 add_time= 0.000138626
2550 0.000145479 2550 0.000006887 add_time= 0.000169297
2805 0.000082663 2805 0.000006865 add_time= 0.000121158
2500 0.000122338 2500 0.000006524 add_time= 0.000143864
1375 0.002098097 1375 0.000007320 add_time= 0.002121300
2550 0.000007990 2550 0.000010049 add_time= 0.000085320
2550 0.000041548 2550 0.000013130 add_time= 0.000081523
2550 0.000081143 2550 0.000019688 add_time= 0.000129692
2550 0.000015194 2550 0.000009331 add_time= 0.000053121
2500 0.000035471 2500 0.000008747 add_time= 0.000072281
1250 0.000201113 1250 0.000006819 add_time= 0.000232224
2500 0.000080024 2500 0.000007779 add_time= 0.000109083
2600 0.000038400 2600 0.000006491 add_time= 0.000062496
2500 0.000061889 2500 0.000006245 add_time= 0.000084878
2805 0.000007100 2805 0.000024343 add_time= 0.000048777
2550 0.000049422 2550 0.000005884 add_time= 0.000076982
2500 0.000056299 2500 0.000005935 add_time= 0.000075004
1250 0.000227716 1250 0.000006507 add_time= 0.000250034
2600 0.000242586 2600 0.000006790 add_time= 0.000265892
2750 0.000322354 2750 0.000007139 add_time= 0.000346768
3025 0.000083145 3025 0.000006315 add_time= 0.000104352
2600 0.000036402 2600 0.000007637 add_time= 0.000071769
2500 0.000069697 2500 0.000018902 add_time= 0.000104768
2550 0.000173183 2550 0.000006596 add_time= 0.000195514
2703 0.000263486 2703 0.000007267 add_time= 0.000288609
2700 0.000088251 2700 0.000007206 add_time= 0.000112086
2500 0.000028580 2500 0.000005697 add_time= 0.000047629
2750 0.000028455 2750 0.000014206 add_time= 0.000060073
2550 0.000035831 2550 0.000006554 add_time= 0.000058378
2970 0.000042057 2970 0.000006547 add_time= 0.000063934
2500 0.000060598 2500 0.000006220 add_time= 0.000080585
2650 0.000084976 2650 0.000006541 add_time= 0.000108360
2500 0.000192369 2500 0.000007996 add_time= 0.000216821
2500 0.000028645 2500 0.000006896 add_time= 0.000057081
2915 0.000016474 2915 0.000015120 add_time= 0.000047934
2805 0.000028960 2805 0.000006960 add_time= 0.000052136
2750 0.000112965 2750 0.000006870 add_time= 0.000135888
2550 0.000171874 2550 0.000006682 add_time= 0.000195243
2750 0.000206382 2750 0.000006500 add_time= 0.000228029
2970 0.000054952 2970 0.000006986 add_time= 0.000077962
2550 0.000015749 2550 0.000013638 add_time= 0.000045437
2700 0.000074958 2700 0.000012937 add_time= 0.000102981
2970 0.000028131 2970 0.000006635 add_time= 0.000050300
1275 0.000075008 1275 0.000005691 add_time= 0.000094977
2500 0.000094003 2500 0.000006580 add_time= 0.000116967
2500 0.000139106 2500 0.000007389 add_time= 0.000163233
2550 0.000092154 2550 0.000005577 add_time= 0.000111421
2652 0.000034526 2652 0.000018115 add_time= 0.000068943
2750 0.000091545 2750 0.000007525 add_time= 0.000126640
2650 0.000301081 2650 0.000006513 add_time= 0.000324206
2750 0.000071984 2750 0.000006723 add_time= 0.000106432
2805 0.000016637 2805 0.000018831 add_time= 0.000064284
2805 0.000073636 2805 0.000006818 add_time= 0.000097731
2915 0.000047031 2915 0.000006917 add_time= 0.000070188
1250 0.000215151 1250 0.000016762 add_time= 0.000244392
2500 0.000089628 2500 0.000009061 add_time= 0.000121478
2500 0.000404234 2500 0.000006600 add_time= 0.000426851
2500 0.000516576 2500 0.000006759 add_time= 0.000537558
2500 0.000101548 2500 0.000007434 add_time= 0.000134001
2970 0.000101164 2970 0.000023810 add_time= 0.000149766
2750 0.000058719 2750 0.000006996 add_time= 0.000079797
2500 0.000405240 2500 0.000006528 add_time= 0.000436220
3025 0.000122309 3025 0.000039684 add_time= 0.000179383
2750 0.000007781 2750 0.000034448 add_time= 0.000059081
2500 0.000107241 2500 0.000006555 add_time= 0.000129580
2860 0.000190157 2860 0.000007560 add_time= 0.000214252
2756 0.000293520 2756 0.000008247 add_time= 0.000320325
2805 0.000072481 2805 0.000007258 add_time= 0.000096237
2600 0.000153862 2600 0.000007771 add_time= 0.000178568
2500 0.000110519 2500 0.000006880 add_time= 0.000134064
2500 0.000070922 2500 0.000023998 add_time= 0.000108957
2500 0.000100288 2500 0.000006234 add_time= 0.000121616
2500 0.000103810 2500 0.000007726 add_time= 0.000129607
2500 0.000082421 2500 0.000007051 add_time= 0.000105576
2500 0.000069719 2500 0.000006768 add_time= 0.000091102
2500 0.000132352 2500 0.000006683 add_time= 0.000155401
2916 0.000103524 2916 0.000007996 add_time= 0.000127780
2915 0.000197005 2915 0.000008154 add_time= 0.000229891
2500 0.000093351 2500 0.000006529 add_time= 0.000123704
2805 0.000099215 2805 0.000007551 add_time= 0.000132178
2750 0.000112414 2750 0.000007418 add_time= 0.000135902
2550 0.000093764 2550 0.000006501 add_time= 0.000126214
1250 0.000044640 1250 0.000006096 add_time= 0.000076087
2750 0.000296955 2750 0.000006917 add_time= 0.000358221
2750 0.000307958 2750 0.000007961 add_time= 0.000332318
2700 0.000016685 2700 0.000015461 add_time= 0.000047827
2805 0.000165441 2805 0.000006261 add_time= 0.000186569
2500 0.000102965 2500 0.000007031 add_time= 0.000126122
2550 0.000187238 2550 0.000007253 add_time= 0.000210824
2500 0.000230399 2500 0.000006754 add_time= 0.000252725
2500 0.000082871 2500 0.000007211 add_time= 0.000114587
2500 0.000061164 2500 0.000008187 add_time= 0.000085359
2550 0.000174201 2550 0.000007200 add_time= 0.000203171
1250 0.000097270 1250 0.000005739 add_time= 0.000123128
2750 0.000096248 2750 0.000006812 add_time= 0.000121863
2500 0.000077572 2500 0.000006367 add_time= 0.000100079
2750 0.000065099 2750 0.000006011 add_time= 0.000086146
2750 0.000029893 2750 0.000007030 add_time= 0.000061038
2500 0.000132253 2500 0.000008489 add_time= 0.000185465
2650 0.000026808 2650 0.000008129 add_time= 0.000068179
2750 0.000036690 2750 0.000082901 add_time= 0.000147550
2650 0.000026140 2650 0.000007594 add_time= 0.000066283
2754 0.000059861 2754 0.000008639 add_time= 0.000109242
1250 0.000039254 1250 0.000007686 add_time= 0.000080477
2750 0.000591188 2750 0.000007082 add_time= 0.000616502
1300 0.000053283 1300 0.000006545 add_time= 0.000074847
2805 0.000069086 2805 0.000005828 add_time= 0.000097171
2500 0.000064376 2500 0.000006647 add_time= 0.000097830
2652 0.000040463 2652 0.000006694 add_time= 0.000064041
2805 0.000076188 2805 0.000006360 add_time= 0.000099277
1250 0.000034222 1250 0.000005239 add_time= 0.000051364
2500 0.000142132 2500 0.000006563 add_time= 0.000164606
2600 0.000061131 2600 0.000006930 add_time= 0.000083412
2500 0.000102003 2500 0.000007618 add_time= 0.000133961
2601 0.000064334 2601 0.000007708 add_time= 0.000094467
2500 0.000077557 2500 0.000006383 add_time= 0.000097535
2500 0.000111352 2500 0.000006759 add_time= 0.000140519
1250 0.000245937 1250 0.000007142 add_time= 0.000266993
2500 0.000095564 2500 0.000007128 add_time= 0.000118167
2805 0.000017595 2805 0.000016609 add_time= 0.000051609
2550 0.000068744 2550 0.000007103 add_time= 0.000091251
2750 0.000036035 2750 0.000006672 add_time= 0.000058411
2704 0.000120025 2704 0.000015179 add_time= 0.000151990
3025 0.000082234 3025 0.000007260 add_time= 0.000111598
2550 0.000036612 2550 0.000039152 add_time= 0.000091377
2700 0.000125990 2700 0.000006701 add_time= 0.000146187
1250 0.000093205 1250 0.000006300 add_time= 0.000123764
2750 0.000107580 2750 0.000007946 add_time= 0.000132727
2750 0.000160303 2750 0.000007003 add_time= 0.000183103
2750 0.000025646 2750 0.000016662 add_time= 0.000057747
2805 0.000076267 2805 0.000013899 add_time= 0.000106316
2500 0.000055250 2500 0.000013112 add_time= 0.000082420
2500 0.000125586 2500 0.000006093 add_time= 0.000146479
2704 0.000196134 2704 0.000006449 add_time= 0.000240990
2915 0.000176122 2915 0.000008491 add_time= 0.000201627
2601 0.000016827 2601 0.000015151 add_time= 0.000047231
2500 0.000071921 2500 0.000006803 add_time= 0.000105280
2500 0.000109293 2500 0.000006989 add_time= 0.000131651
2550 0.000243670 2550 0.000007474 add_time= 0.000267423
2915 0.000100675 2915 0.000007442 add_time= 0.000130550
2500 0.000085715 2500 0.000007135 add_time= 0.000108353
2550 0.000016642 2550 0.000014375 add_time= 0.000053717
2600 0.000068834 2600 0.000006760 add_time= 0.000091646
2500 0.000182451 2500 0.000007283 add_time= 0.000205452
2500 0.000095598 2500 0.000006987 add_time= 0.000118437
2860 0.000083554 2860 0.000007941 add_time= 0.000114412
2600 0.000053650 2600 0.000006108 add_time= 0.000073714
2750 0.000016396 2750 0.000016731 add_time= 0.000047218
2550 0.000083449 2550 0.000006483 add_time= 0.000105489
3025 0.000134956 3025 0.000007389 add_time= 0.000159554
2500 0.000480726 2500 0.000013507 add_time= 0.000515260
3025 0.000173440 3025 0.000039013 add_time= 0.000230468
2500 0.000127812 2500 0.000025802 add_time= 0.000179070
2652 0.000056665 2652 0.000006745 add_time= 0.000080471
2550 0.000151484 2550 0.000006886 add_time= 0.000181770
2700 0.000160099 2700 0.000015045 add_time= 0.000188976
2500 0.000090122 2500 0.000007226 add_time= 0.000114643
2750 0.000321845 2750 0.000007477 add_time= 0.000346273
2500 0.000048824 2500 0.000006275 add_time= 0.000070930
2601 0.000085924 2601 0.000007529 add_time= 0.000111061
2600 0.000262822 2600 0.000008229 add_time= 0.000287956
2500 0.000136408 2500 0.000015785 add_time= 0.000169396
2750 0.000126868 2750 0.000008047 add_time= 0.000151713
2805 0.000007539 2805 0.000027995 add_time= 0.000052252
2500 0.000062515 2500 0.000006645 add_time= 0.000085626
1350 0.000160771 1350 0.000006049 add_time= 0.000180051
625 0.000037582 625 0.000024110 add_time= 0.000075255
2500 0.000132495 2500 0.000015099 add_time= 0.000165247
2750 0.000240877 2750 0.000007007 add_time= 0.000264043
2750 0.000097449 2750 0.000007011 add_time= 0.000118709
2550 0.000016188 2550 0.000021647 add_time= 0.000053751
2700 0.000067877 2700 0.000006846 add_time= 0.000090911
2750 0.000101360 2750 0.000007048 add_time= 0.000124256
2500 0.000194752 2500 0.000007274 add_time= 0.000219688
3025 0.000068399 3025 0.000008295 add_time= 0.000095049
1375 0.000073508 1375 0.000022966 add_time= 0.000110302
2805 0.000007802 2805 0.000016204 add_time= 0.000038462
1250 0.000071755 1250 0.000005720 add_time= 0.000088803
2754 0.000127363 2754 0.000008814 add_time= 0.000153392
1250 0.000470242 1250 0.000006646 add_time= 0.000502246
2860 0.000369633 2860 0.000009397 add_time= 0.000405931
2500 0.000131324 2500 0.000006394 add_time= 0.000163035
2703 0.000026939 2703 0.000015103 add_time= 0.000055252
2805 0.000089514 2805 0.000006267 add_time= 0.000119838
2700 0.000041521 2700 0.000006452 add_time= 0.000061805
2500 0.000099258 2500 0.000006347 add_time= 0.000119206
2600 0.000165445 2600 0.000006785 add_time= 0.000189138
2652 0.000099744 2652 0.000006138 add_time= 0.000123184
2750 0.000175382 2750 0.000006712 add_time= 0.000197098
2550 0.000007510 2550 0.000023076 add_time= 0.000046292
2750 0.000241808 2750 0.000006993 add_time= 0.000265385
1250 0.000030341 1250 0.000006216 add_time= 0.000050442
2600 0.000030271 2600 0.000007710 add_time= 0.000058262
1300 0.000037142 1300 0.000006103 add_time= 0.000057001
2500 0.000105175 2500 0.000006134 add_time= 0.000125811
2550 0.000006742 2550 0.000024131 add_time= 0.000057433
2500 0.000108450 2500 0.000006846 add_time= 0.000129079
2750 0.000064754 2750 0.000007173 add_time= 0.000091211
2500 0.000210232 2500 0.000020771 add_time= 0.000315372
2805 0.000006936 2805 0.000008338 add_time= 0.000049605
2500 0.000027720 2500 0.000008248 add_time= 0.000073155
2652 0.000032460 2652 0.000008122 add_time= 0.000085322
2550 0.000022974 2550 0.000007755 add_time= 0.000064362
3025 0.000036427 3025 0.000008184 add_time= 0.000080269
2750 0.000195679 2750 0.000008062 add_time= 0.000242326
2500 0.000048861 2500 0.000006348 add_time= 0.000081825
2750 0.000008068 2750 0.000026311 add_time= 0.000052530
2550 0.000043858 2550 0.000006399 add_time= 0.000065585
2500 0.000059841 2500 0.000006349 add_time= 0.000082180
2500 0.000237663 2500 0.000007031 add_time= 0.000260766
2750 0.000072129 2750 0.000007102 add_time= 0.000094732
2750 0.000238125 2750 0.000006845 add_time= 0.000260342
2550 0.000034996 2550 0.000006502 add_time= 0.000054964
2970 0.000085696 2970 0.000007777 add_time= 0.000110144
2805 0.000073595 2805 0.000006375 add_time= 0.000095301
2600 0.000260345 2600 0.000006810 add_time= 0.000282779
2500 0.000097504 2500 0.000006236 add_time= 0.000118570
2915 0.000017210 2915 0.000156679 add_time= 0.000200818
2805 0.000074629 2805 0.000007535 add_time= 0.000098248
2805 0.000059770 2805 0.000006652 add_time= 0.000082535
2500 0.000365661 2500 0.000018885 add_time= 0.000401226
1375 0.000123739 1375 0.000017961 add_time= 0.000155474
2750 0.000017492 2750 0.000015862 add_time= 0.000048936
2703 0.000074852 2703 0.000006748 add_time= 0.000105659
2550 0.000091261 2550 0.000007675 add_time= 0.000114757
2600 0.000238857 2600 0.000007272 add_time= 0.000262464
2750 0.000176410 2750 0.000007147 add_time= 0.000199172
2500 0.000033136 2500 0.000005600 add_time= 0.000051716
2550 0.000104199 2550 0.000006982 add_time= 0.000126304
2750 0.000315385 2750 0.000006774 add_time= 0.000337420
1275 0.000044901 1275 0.000007189 add_time= 0.000063639
1325 0.000459725 1325 0.000006832 add_time= 0.000480972
2750 0.000189452 2750 0.000007236 add_time= 0.000212730
2550 0.000015432 2550 0.000014902 add_time= 0.000049538
2500 0.000086887 2500 0.000007009 add_time= 0.000109129
2700 0.000100158 2700 0.000006740 add_time= 0.000122640
2550 0.000215900 2550 0.000006708 add_time= 0.000238770
2600 0.000093037 2600 0.000008091 add_time= 0.000124182
2805 0.000017965 2805 0.000025162 add_time= 0.000058712
2550 0.000095282 2550 0.000006671 add_time= 0.000116810
2600 0.000055347 2600 0.000007396 add_time= 0.000078189
2650 0.000136662 2650 0.000007694 add_time= 0.000160554
2750 0.000143865 2750 0.000014939 add_time= 0.000175145
2500 0.000143709 2500 0.000006122 add_time= 0.000171666
3025 0.000019010 3025 0.000031931 add_time= 0.000078983
2550 0.000049373 2550 0.000006708 add_time= 0.000069980
2500 0.000150901 2500 0.000006670 add_time= 0.000172429
2500 0.000077121 2500 0.000006923 add_time= 0.000100365
2500 0.000072680 2500 0.000006776 add_time= 0.000095530
2500 0.000041951 2500 0.000007352 add_time= 0.000073555
2550 0.000077186 2550 0.000007342 add_time= 0.000100196
2500 0.000142289 2500 0.000007126 add_time= 0.000164856
2700 0.000152272 2700 0.000007810 add_time= 0.000189784
2600 0.000118821 2600 0.000007671 add_time= 0.000141916
2750 0.000328559 2750 0.000007289 add_time= 0.000351615
2550 0.000016980 2550 0.000021795 add_time= 0.000054153
2500 0.000421609 2500 0.000007709 add_time= 0.000453437
2550 0.000074922 2550 0.000009051 add_time= 0.000099432
2500 0.000320013 2500 0.000007366 add_time= 0.000343975
2500 0.000069074 2500 0.000007032 add_time= 0.000091732
2550 0.000068936 2550 0.000007381 add_time= 0.000102759
2550 0.000038464 2550 0.000015106 add_time= 0.000066532
2805 0.000050328 2805 0.000006211 add_time= 0.000070668
2808 0.000363364 2808 0.000006678 add_time= 0.000383950
2750 0.000040083 2750 0.000007856 add_time= 0.000078285
2500 0.000229633 2500 0.000006444 add_time= 0.000251911
2500 0.000137742 2500 0.000008052 add_time= 0.000161655
2500 0.000060641 2500 0.000006224 add_time= 0.000080675
2500 0.000097725 2500 0.000005826 add_time= 0.000116447
2550 0.000083414 2550 0.000005631 add_time= 0.000107215
2805 0.000074132 2805 0.000007593 add_time= 0.000097539
2500 0.000285357 2500 0.000007019 add_time= 0.000307751
2550 0.000078475 2550 0.000009754 add_time= 0.000103043
2500 0.000091226 2500 0.000006144 add_time= 0.000123178
2550 0.000089282 2550 0.000007384 add_time= 0.000111401
2700 0.000076357 2700 0.000027915 add_time= 0.000120091
2700 0.000115203 2700 0.000007800 add_time= 0.000147111
1250 0.000183349 1250 0.000005995 add_time= 0.000201823
2860 0.000091821 2860 0.000007145 add_time= 0.000119363
2500 0.000006880 2500 0.000015508 add_time= 0.000045734
2550 0.000062561 2550 0.000007132 add_time= 0.000083694
2700 0.000103951 2700 0.000007091 add_time= 0.000126890
3025 0.000037487 3025 0.000006316 add_time= 0.000058244
2650 0.000146585 2650 0.000007364 add_time= 0.000192408
2600 0.000073119 2600 0.000007151 add_time= 0.000110103
2500 0.000067242 2500 0.000007615 add_time= 0.000100695
2500 0.000051362 2500 0.000007266 add_time= 0.000092539
2700 0.000047269 2700 0.000010930 add_time= 0.000074314
2550 0.000081049 2550 0.000006590 add_time= 0.000112618
2500 0.000265635 2500 0.000026623 add_time= 0.000309743
2700 0.000052517 2700 0.000027206 add_time= 0.000096422
2915 0.000007634 2915 0.000016550 add_time= 0.000041275
2703 0.000073147 2703 0.000006542 add_time= 0.000096122
2500 0.000139770 2500 0.000006917 add_time= 0.000162559
2600 0.000243500 2600 0.000007290 add_time= 0.000295399
2750 0.000061365 2750 0.000007240 add_time= 0.000085903
2550 0.000006910 2550 0.000032248 add_time= 0.000056580
2600 0.000157366 2600 0.000006786 add_time= 0.000181713
2970 0.000060881 2970 0.000006630 add_time= 0.000085446
2650 0.000183257 2650 0.000014868 add_time= 0.000310570
2750 0.000111807 2750 0.000008674 add_time= 0.000160301
2805 0.000128217 2805 0.000044510 add_time= 0.000226032
2750 0.000007535 2750 0.000008985 add_time= 0.000045358
2500 0.000084883 2500 0.000029153 add_time= 0.000150800
2600 0.000253698 2600 0.000007125 add_time= 0.000278395
2500 0.000048171 2500 0.000024488 add_time= 0.000086936
2805 0.000008977 2805 0.000084606 add_time= 0.000110315
2500 0.000118088 2500 0.000008110 add_time= 0.000141879
2500 0.000079511 2500 0.000007039 add_time= 0.000111572
1275 0.000048950 1275 0.000006347 add_time= 0.000069301
2500 0.000323042 2500 0.000007518 add_time= 0.000365012
1375 0.000105147 1375 0.000006086 add_time= 0.000123071
2750 0.000016948 2750 0.000019578 add_time= 0.000051948
2750 0.000120614 2750 0.000026713 add_time= 0.000161425
2970 0.000075997 2970 0.000007342 add_time= 0.000099397
2550 0.000203655 2550 0.000007638 add_time= 0.000227358
2750 0.000137993 2750 0.000008569 add_time= 0.000168797
3025 0.000017919 3025 0.000016818 add_time= 0.000051378
2750 0.000153902 2750 0.000015301 add_time= 0.000195940
1350 0.000077321 1350 0.000012782 add_time= 0.000114608
1250 0.000050230 1250 0.000008875 add_time= 0.000072306
2500 0.000343476 2500 0.000006325 add_time= 0.000365750
2500 0.000120264 2500 0.000007085 add_time= 0.000142612
2970 0.000038821 2970 0.000006537 add_time= 0.000060141
2750 0.000018122 2750 0.000015800 add_time= 0.000049385
2601 0.000091279 2601 0.000006751 add_time= 0.000113183
2750 0.000117892 2750 0.000007364 add_time= 0.000141106
1250 0.000050866 1250 0.000005648 add_time= 0.000068125
2600 0.000245065 2600 0.000007282 add_time= 0.000268771
2750 0.000097190 2750 0.000007396 add_time= 0.000149530
2500 0.000091794 2500 0.000007493 add_time= 0.000120755
2500 0.000083459 2500 0.000006142 add_time= 0.000102858
2500 0.000050951 2500 0.000005748 add_time= 0.000069621
2550 0.000248695 2550 0.000006632 add_time= 0.000271357
2652 0.000095450 2652 0.000005808 add_time= 0.000115109
2500 0.000063184 2500 0.000007541 add_time= 0.000085699
2750 0.000036866 2750 0.000017334 add_time= 0.000067987
1275 0.000109195 1275 0.000006501 add_time= 0.000128582
3025 0.000092677 3025 0.000013130 add_time= 0.000120737
2600 0.000225266 2600 0.000007040 add_time= 0.000259711
2550 0.000057646 2550 0.000006002 add_time= 0.000078803
2500 0.000062088 2500 0.000034909 add_time= 0.000110322
2500 0.000096238 2500 0.000006812 add_time= 0.000128051
2700 0.000070359 2700 0.000006312 add_time= 0.000090623
2500 0.000095323 2500 0.000006448 add_time= 0.000114917
2500 0.000187747 2500 0.000006504 add_time= 0.000209003
2500 0.000086894 2500 0.000041293 add_time= 0.000142308
1375 0.000104382 1375 0.000005490 add_time= 0.000129608
2500 0.000015223 2500 0.000014217 add_time= 0.000053176
2601 0.000086269 2601 0.000007212 add_time= 0.000106517
2970 0.000061780 2970 0.000006274 add_time= 0.000082162
2500 0.000134105 2500 0.000006604 add_time= 0.000155678
2600 0.000065474 2600 0.000006393 add_time= 0.000085031
2750 0.000098893 2750 0.000024908 add_time= 0.000136801
2754 0.000015846 2754 0.000027362 add_time= 0.000061803
2700 0.000073162 2700 0.000006656 add_time= 0.000092856
1250 0.000075627 1250 0.000005537 add_time= 0.000102138
2500 0.000105756 2500 0.000025345 add_time= 0.000145536
3025 0.000132948 3025 0.000007352 add_time= 0.000154976
2600 0.000086113 2600 0.000006277 add_time= 0.000117335
2652 0.000041877 2652 0.000006305 add_time= 0.000061084
2750 0.000113766 2750 0.000010196 add_time= 0.000137732
2650 0.000486509 2650 0.000008950 add_time= 0.000523559
2600 0.000046484 2600 0.000007777 add_time= 0.000069995
2750 0.000082020 2750 0.000006912 add_time= 0.000105526
2860 0.000018338 2860 0.000022830 add_time= 0.000057320
2600 0.000083721 2600 0.000006761 add_time= 0.000104459
1275 0.000052299 1275 0.000006294 add_time= 0.000080593
3025 0.000085174 3025 0.000006560 add_time= 0.000105956
2500 0.000489058 2500 0.000006994 add_time= 0.000511322
2500 0.000275903 2500 0.000005668 add_time= 0.000295083
2805 0.000053649 2805 0.000007120 add_time= 0.000077223
2500 0.000072603 2500 0.000007184 add_time= 0.000094537
2970 0.000068216 2970 0.000014714 add_time= 0.000114105
2650 0.000153551 2650 0.000025636 add_time= 0.000203424
2750 0.000064726 2750 0.000006645 add_time= 0.000086849
2500 0.000224332 2500 0.000007540 add_time= 0.000255079
2652 0.000044474 2652 0.000006934 add_time= 0.000066603
2750 0.000054827 2750 0.000007243 add_time= 0.000078003
2915 0.000471432 2915 0.000007082 add_time= 0.000494974
2600 0.000103943 2600 0.000006568 add_time= 0.000124503
2700 0.000155485 2700 0.000007160 add_time= 0.000178099
2750 0.000007575 2750 0.000016239 add_time= 0.000039132
1275 0.000049205 1275 0.000013932 add_time= 0.000076043
2750 0.000122907 2750 0.000007159 add_time= 0.000175668
2600 0.000230452 2600 0.000006320 add_time= 0.000252029
2650 0.000108237 2650 0.000006947 add_time= 0.000130283
3025 0.000006636 3025 0.000018625 add_time= 0.000049748
2601 0.000071134 2601 0.000014003 add_time= 0.000100250
2750 0.000243308 2750 0.000008577 add_time= 0.000267635
2756 0.000103670 2756 0.000007212 add_time= 0.000145893
2600 0.000081173 2600 0.000006297 add_time= 0.000102861
2750 0.000102615 2750 0.000006949 add_time= 0.000124547
2750 0.000019206 2750 0.000036530 add_time= 0.000068706
2550 0.000081576 2550 0.000037807 add_time= 0.000134323
2750 0.000055964 2750 0.000007286 add_time= 0.000079017
2600 0.000297996 2600 0.000022021 add_time= 0.000335729
2500 0.000036194 2500 0.000007315 add_time= 0.000069025
2652 0.000007216 2652 0.000015466 add_time= 0.000037468
2500 0.000283295 2500 0.000007602 add_time= 0.000306420
1250 0.000052794 1250 0.000025973 add_time= 0.000106713
2500 0.000173878 2500 0.000005928 add_time= 0.000194137
2500 0.000042454 2500 0.000006001 add_time= 0.000062010
2750 0.000006179 2750 0.000023966 add_time= 0.000051247
2805 0.000098927 2805 0.000006547 add_time= 0.000120458
1375 0.000059219 1375 0.000006276 add_time= 0.000078074
2750 0.000070202 2750 0.000009014 add_time= 0.000128580
2550 0.000014502 2550 0.000007553 add_time= 0.000057859
1250 0.000043209 1250 0.000007481 add_time= 0.000074317
2550 0.000063464 2550 0.000007899 add_time= 0.000095767
2500 0.000006014 2500 0.000009089 add_time= 0.000043391
1350 0.000040614 1350 0.000007717 add_time= 0.000092793
2650 0.000432059 2650 0.000015307 add_time= 0.000464379
2750 0.000097509 2750 0.000006865 add_time= 0.000127793
1250 0.000005809 1250 0.000016298 add_time= 0.000034284
2805 0.000082057 2805 0.000007747 add_time= 0.000105762
2750 0.000057218 2750 0.000006886 add_time= 0.000084379
2550 0.000090239 2550 0.000007427 add_time= 0.000113590
2600 0.000095546 2600 0.000006457 add_time= 0.000114845
2805 0.000090121 2805 0.000006456 add_time= 0.000109650
2500 0.000130963 2500 0.000008761 add_time= 0.000154278
2550 0.000015262 2550 0.000014009 add_time= 0.000042312
2700 0.000088967 2700 0.000006620 add_time= 0.000110448
2500 0.000170712 2500 0.000007291 add_time= 0.000192449
2550 0.000099485 2550 0.000015726 add_time= 0.000141014
2750 0.000043592 2750 0.000006217 add_time= 0.000064772
2700 0.000055153 2700 0.000006742 add_time= 0.000076760
2550 0.000064175 2550 0.000006631 add_time= 0.000085205
2750 0.000098125 2750 0.000006960 add_time= 0.000120373
2500 0.000302244 2500 0.000006300 add_time= 0.000324049
2805 0.000044306 2805 0.000010083 add_time= 0.000076016
2805 0.000118630 2805 0.000005630 add_time= 0.000137423
2550 0.000050111 2550 0.000007108 add_time= 0.000072217
2700 0.000059520 2700 0.000007244 add_time= 0.000081925
1350 0.000086955 1350 0.000025915 add_time= 0.000125355
2500 0.000217644 2500 0.000007623 add_time= 0.000250992
2600 0.000160771 2600 0.000006473 add_time= 0.000180820
3025 0.000057003 3025 0.000006753 add_time= 0.000077496
2550 0.000082456 2550 0.000006995 add_time= 0.000104306
2652 0.000061938 2652 0.000025825 add_time= 0.000102528
2700 0.000140662 2700 0.000006494 add_time= 0.000160751
1250 0.000039955 1250 0.000021758 add_time= 0.000072093
2750 0.000228023 2750 0.000007327 add_time= 0.000250757
2805 0.000062010 2805 0.000026622 add_time= 0.000104362
2500 0.000094866 2500 0.000007273 add_time= 0.000117205
2805 0.000015186 2805 0.000015602 add_time= 0.000044319
2700 0.000137250 2700 0.000007063 add_time= 0.000159487
1325 0.000035014 1325 0.000005890 add_time= 0.000053334
2500 0.000067892 2500 0.000028593 add_time= 0.000110997
2750 0.000353110 2750 0.000007273 add_time= 0.000375436
2500 0.000063525 2500 0.000006394 add_time= 0.000083107
2750 0.000033191 2750 0.000006438 add_time= 0.000052394
2550 0.000053835 2550 0.000006015 add_time= 0.000072592
1250 0.000115400 1250 0.000004965 add_time= 0.000130193
2600 0.000362536 2600 0.000007248 add_time= 0.000384555
2650 0.000074947 2650 0.000033302 add_time= 0.000121489
2750 0.000006417 2750 0.000017036 add_time= 0.000047137
2500 0.000060510 2500 0.000006206 add_time= 0.000079346
2550 0.000130508 2550 0.000012738 add_time= 0.000156009
2700 0.000052440 2700 0.000006103 add_time= 0.000071556
2700 0.000094803 2700 0.000006709 add_time= 0.000114357
2600 0.000260367 2600 0.000006623 add_time= 0.000281197
2500 0.000133327 2500 0.000006596 add_time= 0.000152849
3025 0.000016579 3025 0.000016103 add_time= 0.000045824
2550 0.000251733 2550 0.000025496 add_time= 0.000290318
2860 0.000053261 2860 0.000006614 add_time= 0.000083561
1325 0.000090107 1325 0.000005301 add_time= 0.000105425
2500 0.000238773 2500 0.000018170 add_time= 0.000271002
2860 0.000047892 2860 0.000006250 add_time= 0.000067291
2500 0.000088597 2500 0.000006354 add_time= 0.000107481
2750 0.000016073 2750 0.000015201 add_time= 0.000044254
2550 0.000115313 2550 0.000005857 add_time= 0.000133308
2500 0.000104618 2500 0.000011791 add_time= 0.000128419
2600 0.000243704 2600 0.000006373 add_time= 0.000264604
2860 0.000201946 2860 0.000006325 add_time= 0.000221933
2500 0.000014391 2500 0.000071013 add_time= 0.000097949
1250 0.000053656 1250 0.000006104 add_time= 0.000070353
1250 0.000042028 1250 0.000005648 add_time= 0.000063380
2750 0.000488449 2750 0.000010019 add_time= 0.000521438
2750 0.001672306 2750 0.000007376 add_time= 0.001695105
2550 0.000116873 2550 0.000006957 add_time= 0.000139666
2750 0.000086891 2750 0.000007205 add_time= 0.000109829
1250 0.000080697 1250 0.000005901 add_time= 0.000103480
2600 0.000119973 2600 0.000033456 add_time= 0.000168945
2970 0.000091405 2970 0.000007846 add_time= 0.000116833
2805 0.000030356 2805 0.000006712 add_time= 0.000051834
2550 0.000118592 2550 0.000005734 add_time= 0.000138132
2601 0.000087809 2601 0.000045000 add_time= 0.000148345
2500 0.000053891 2500 0.000006761 add_time= 0.000079542
2550 0.000455564 2550 0.000006589 add_time= 0.000477683
2600 0.000079776 2600 0.000006491 add_time= 0.000100138
2500 0.000094431 2500 0.000006555 add_time= 0.000126497
2500 0.000071896 2500 0.000007015 add_time= 0.000093938
2500 0.000092331 2500 0.000008307 add_time= 0.000116283
2750 0.000218541 2750 0.000007796 add_time= 0.000242333
2915 0.000219961 2915 0.000006722 add_time= 0.000242871
2500 0.000100753 2500 0.000007962 add_time= 0.000132854
2500 0.000071958 2500 0.000007377 add_time= 0.000094671
1275 0.000101767 1275 0.000005581 add_time= 0.000120004
2750 0.000120264 2750 0.000007180 add_time= 0.000142498
2500 0.000185097 2500 0.000006816 add_time= 0.000206523
2500 0.000093616 2500 0.000006545 add_time= 0.000115040
2750 0.000007181 2750 0.000024130 add_time= 0.000046445
2601 0.000053205 2601 0.000006536 add_time= 0.000085338
2805 0.000082178 2805 0.000007038 add_time= 0.000104792
2500 0.000212839 2500 0.000007336 add_time= 0.000248160
2600 0.000213224 2600 0.000006067 add_time= 0.000237227
2500 0.000044290 2500 0.000006643 add_time= 0.000066120
2550 0.000015889 2550 0.000014912 add_time= 0.000044477
2700 0.000310889 2700 0.000007380 add_time= 0.000334521
1375 0.000066240 1375 0.000013942 add_time= 0.000091795
2915 0.000187304 2915 0.000007560 add_time= 0.000211684
2500 0.000264426 2500 0.000007180 add_time= 0.000295482
2750 0.000007557 2750 0.000015875 add_time= 0.000038830
2805 0.000260092 2805 0.000007877 add_time= 0.000283897
2500 0.000420314 2500 0.000006374 add_time= 0.000440592
2600 0.000263581 2600 0.000006497 add_time= 0.000295490
3025 0.000096388 3025 0.000006934 add_time= 0.000120431
2500 0.000108190 2500 0.000006647 add_time= 0.000129248
2550 0.000101971 2550 0.000006725 add_time= 0.000123393
1350 0.000091058 1350 0.000005567 add_time= 0.000108910
2550 0.000033911 2550 0.000008418 add_time= 0.000085400
2500 0.000059585 2500 0.000007951 add_time= 0.000091456
2750 0.000070854 2750 0.000008769 add_time= 0.000107623
2500 0.000047507 2500 0.000008017 add_time= 0.000081710
2500 0.000080911 2500 0.000007525 add_time= 0.000112610
2550 0.000042841 2550 0.000008206 add_time= 0.000074169
2703 0.000211432 2703 0.000006992 add_time= 0.000234648
2550 0.000096041 2550 0.000006069 add_time= 0.000116758
2500 0.000160259 2500 0.000016655 add_time= 0.000191169
2600 0.000145404 2600 0.000017291 add_time= 0.000175657
2703 0.000134437 2703 0.000014617 add_time= 0.000161736
2700 0.000087126 2700 0.000007265 add_time= 0.000107230
2750 0.000087340 2750 0.000006071 add_time= 0.000112046
2600 0.000106661 2600 0.000007929 add_time= 0.000130967
2805 0.000077214 2805 0.000007262 add_time= 0.000100320
2652 0.000016389 2652 0.000015676 add_time= 0.000046958
2550 0.000100600 2550 0.000007016 add_time= 0.000123079
2500 0.000186336 2500 0.000007274 add_time= 0.000208525
2700 0.000287571 2700 0.000006962 add_time= 0.000311406
2500 0.000062942 2500 0.000007494 add_time= 0.000085686
2860 0.000016680 2860 0.000016373 add_time= 0.000048603
2550 0.000067807 2550 0.000006387 add_time= 0.000089283
2700 0.000180883 2700 0.000006986 add_time= 0.000205454
1375 0.000293976 1375 0.000007051 add_time= 0.000325094
2704 0.000184990 2704 0.000006999 add_time= 0.000209345
2500 0.000051447 2500 0.000007228 add_time= 0.000074204
2652 0.000018563 2652 0.000015870 add_time= 0.000050009
2750 0.000035692 2750 0.000012334 add_time= 0.000064253
2500 0.000134243 2500 0.000006927 add_time= 0.000156027
2500 0.000296285 2500 0.000006883 add_time= 0.000318833
2750 0.000093145 2750 0.000006977 add_time= 0.000126229
2750 0.000017776 2750 0.000015831 add_time= 0.000048893
2650 0.000081452 2650 0.000007009 add_time= 0.000110549
2600 0.000066338 2600 0.000007340 add_time= 0.000087812
2500 0.000115953 2500 0.000022015 add_time= 0.000154090
2500 0.000083015 2500 0.000007405 add_time= 0.000105775
2550 0.000017623 2550 0.000014707 add_time= 0.000056771
2750 0.000059467 2750 0.000006723 add_time= 0.000080462
2750 0.000120922 2750 0.000006986 add_time= 0.000152580
2500 0.000080202 2500 0.000006590 add_time= 0.000102986
2500 0.000087311 2500 0.000006129 add_time= 0.000106566
2600 0.000083157 2600 0.000006102 add_time= 0.000102847
2500 0.000094881 2500 0.000006146 add_time= 0.000113794
2970 0.000037810 2970 0.000006054 add_time= 0.000057674
1250 0.000151843 1250 0.000006173 add_time= 0.000176967
2750 0.000217634 2750 0.000014163 add_time= 0.000247763
2860 0.000110740 2860 0.000006453 add_time= 0.000131174
2805 0.000154477 2805 0.000006105 add_time= 0.000173835
2500 0.000068886 2500 0.000006500 add_time= 0.000089017
2754 0.000218307 2754 0.000006002 add_time= 0.000237614
2860 0.000061276 2860 0.000005809 add_time= 0.000080508
2500 0.000141253 2500 0.000006443 add_time= 0.000163347
2500 0.000157992 2500 0.000005729 add_time= 0.000185552
2500 0.000123419 2500 0.000005939 add_time= 0.000151335
2805 0.000044702 2805 0.000006572 add_time= 0.000065240
2550 0.000078953 2550 0.000013361 add_time= 0.000105981
2750 0.000097008 2750 0.000006366 add_time= 0.000125360
2750 0.000237677 2750 0.000006600 add_time= 0.000259946
2500 0.000061150 2500 0.000006641 add_time= 0.000081310
2500 0.000073628 2500 0.000017727 add_time= 0.000104921
2805 0.000016506 2805 0.000022593 add_time= 0.000052327
2550 0.000045126 2550 0.000006039 add_time= 0.000069200
2700 0.000127653 2700 0.000005533 add_time= 0.000159751
2700 0.000239795 2700 0.000006133 add_time= 0.000269709
2500 0.000113601 2500 0.000006309 add_time= 0.000135450
1250 0.000110565 1250 0.000009322 add_time= 0.000131055
2700 0.000131279 2700 0.000006872 add_time= 0.000151129
1275 0.000275795 1275 0.000005882 add_time= 0.000292305
2750 0.000141606 2750 0.000006074 add_time= 0.000160955
1375 0.000230504 1375 0.000004935 add_time= 0.000245966
2650 0.000457534 2650 0.000028621 add_time= 0.000514376
2704 0.000124310 2704 0.000007209 add_time= 0.000146355
2550 0.000175995 2550 0.000042382 add_time= 0.000232504
2500 0.000104687 2500 0.000018550 add_time= 0.000138923
2550 0.000067242 2550 0.000007453 add_time= 0.000102147
2970 0.000061760 2970 0.000007827 add_time= 0.000086651
2500 0.000174709 2500 0.000025456 add_time= 0.000221233
2500 0.000106588 2500 0.000007230 add_time= 0.000130544
2550 0.000192527 2550 0.000007408 add_time= 0.000215586
2500 0.000007252 2500 0.000017859 add_time= 0.000051062
2550 0.000082494 2550 0.000007359 add_time= 0.000105011
2700 0.000162038 2700 0.000006051 add_time= 0.000182899
2750 0.000075905 2750 0.000007060 add_time= 0.000104941
2756 0.000314335 2756 0.000007197 add_time= 0.000339818
2600 0.000227444 2600 0.000006935 add_time= 0.000249505
2805 0.000007326 2805 0.000015500 add_time= 0.000038580
2805 0.000072418 2805 0.000006492 add_time= 0.000094932
2750 0.000080217 2750 0.000008184 add_time= 0.000113082
2550 0.000158983 2550 0.000007801 add_time= 0.000185220
2550 0.000160339 2550 0.000007029 add_time= 0.000183553
2750 0.000007621 2750 0.000027070 add_time= 0.000050836
2500 0.000255193 2500 0.000007105 add_time= 0.000277982
2600 0.000091238 2600 0.000007268 add_time= 0.000123768
2750 0.000131454 2750 0.000007436 add_time= 0.000160179
2915 0.000227472 2915 0.000006581 add_time= 0.000251908
2500 0.000094699 2500 0.000038437 add_time= 0.000150180
2550 0.000051899 2550 0.000007121 add_time= 0.000075123
2700 0.000041736 2700 0.000006489 add_time= 0.000072256
1300 0.000090695 1300 0.000005716 add_time= 0.000110004
2650 0.000198213 2650 0.000007450 add_time= 0.000231249
3025 0.000130422 3025 0.000006926 add_time= 0.000155625
1250 0.000086970 1250 0.000006727 add_time= 0.000107516
2500 0.000141606 2500 0.000019183 add_time= 0.000192131
2700 0.000061829 2700 0.000006913 add_time= 0.000085090
1275 0.000073687 1275 0.000006924 add_time= 0.000094189
2700 0.000328639 2700 0.000007020 add_time= 0.000353605
2750 0.000207934 2750 0.000006652 add_time= 0.000235919
2805 0.000008338 2805 0.000016301 add_time= 0.000040645
2601 0.000192371 2601 0.000006606 add_time= 0.000217043
2750 0.000058601 2750 0.000007135 add_time= 0.000083155
2750 0.000236915 2750 0.000006964 add_time= 0.000261462
2750 0.000096984 2750 0.000007936 add_time= 0.000130145
2805 0.000007416 2805 0.000028722 add_time= 0.000058390
2805 0.000065045 2805 0.000006753 add_time= 0.000085961
2500 0.000064252 2500 0.000006207 add_time= 0.000083967
2500 0.000162892 2500 0.000008306 add_time= 0.000225695
2500 0.000062692 2500 0.000008689 add_time= 0.000098976
2750 0.000034065 2750 0.000027570 add_time= 0.000107389
2550 0.000050973 2550 0.000008325 add_time= 0.000095891
2805 0.000078016 2805 0.000008018 add_time= 0.000110043
2500 0.000081363 2500 0.000006504 add_time= 0.000104017
2860 0.000065878 2860 0.000006757 add_time= 0.000088314
2750 0.000061446 2750 0.000006672 add_time= 0.000102175
2805 0.000034337 2805 0.000006997 add_time= 0.000057325
2700 0.000052308 2700 0.000006534 add_time= 0.000074702
2700 0.000066230 2700 0.000007307 add_time= 0.000098161
2500 0.000333109 2500 0.000007464 add_time= 0.000355592
2805 0.000151332 2805 0.000018796 add_time= 0.000184414
2750 0.000025339 2750 0.000016433 add_time= 0.000055415
2550 0.000111884 2550 0.000007311 add_time= 0.000134415
2500 0.000079551 2500 0.000006578 add_time= 0.000101014
2500 0.000249295 2500 0.000028061 add_time= 0.000293087
2500 0.000202039 2500 0.000006787 add_time= 0.000224027
2750 0.000018479 2750 0.000016368 add_time= 0.000050549
2700 0.000086821 2700 0.000006589 add_time= 0.000112458
1375 0.000056252 1375 0.000015548 add_time= 0.000086273
2500 0.000226292 2500 0.000006341 add_time= 0.000258499
2600 0.000228300 2600 0.000007385 add_time= 0.000251221
2805 0.000017243 2805 0.000015920 add_time= 0.000052600
2600 0.000181563 2600 0.000007177 add_time= 0.000214239
2500 0.000061758 2500 0.000006936 add_time= 0.000082010
2703 0.000167686 2703 0.000006783 add_time= 0.000190256
2750 0.000140890 2750 0.000014408 add_time= 0.000171120
2750 0.000019363 2750 0.000015963 add_time= 0.000051082
2550 0.000045036 2550 0.000006680 add_time= 0.000067141
2750 0.000048670 2750 0.000006654 add_time= 0.000070864
2650 0.000177996 2650 0.000006957 add_time= 0.000200396
2750 0.000128402 2750 0.000006909 add_time= 0.000150681
2805 0.000017662 2805 0.000015623 add_time= 0.000047291
2500 0.000075994 2500 0.000007144 add_time= 0.000096462
2750 0.000125181 2750 0.000005679 add_time= 0.000144142
2550 0.000087668 2550 0.000006078 add_time= 0.000106398
2600 0.000199087 2600 0.000006814 add_time= 0.000229984
2500 0.000154839 2500 0.000006324 add_time= 0.000185896
2805 0.000017011 2805 0.000013604 add_time= 0.000044509
2500 0.000091885 2500 0.000006544 add_time= 0.000122413
2500 0.000052064 2500 0.000006818 add_time= 0.000072537
2860 0.000159653 2860 0.000012927 add_time= 0.000188453
2652 0.000123292 2652 0.000006422 add_time= 0.000143457
3025 0.000179415 3025 0.000006075 add_time= 0.000198806
2703 0.000015185 2703 0.000014939 add_time= 0.000042911
2500 0.000090293 2500 0.000006328 add_time= 0.000118105
1375 0.000075233 1375 0.000005739 add_time= 0.000091658
2650 0.000404854 2650 0.000006444 add_time= 0.000433582
2750 0.000154559 2750 0.000013494 add_time= 0.000181884
2500 0.000055157 2500 0.000005912 add_time= 0.000073668
1275 0.000056198 1275 0.000005464 add_time= 0.000072639
2500 0.000094480 2500 0.000006005 add_time= 0.000120743
2500 0.000091620 2500 0.000005154 add_time= 0.000109333
2652 0.000296010 2652 0.000007238 add_time= 0.000318770
2750 0.000210686 2750 0.000007656 add_time= 0.000243138
2805 0.000016152 2805 0.000016095 add_time= 0.000046138
2805 0.000077472 2805 0.000006171 add_time= 0.000097308
2805 0.000141741 2805 0.000014550 add_time= 0.000170315
2750 0.000362769 2750 0.000006504 add_time= 0.000383902
2915 0.000110203 2915 0.000006844 add_time= 0.000131228
2750 0.000218994 2750 0.000006058 add_time= 0.000238242
2805 0.000015675 2805 0.000015892 add_time= 0.000045016
2805 0.000109270 2805 0.000006080 add_time= 0.000127784
2860 0.000212951 2860 0.000011847 add_time= 0.000238100
2652 0.000186306 2652 0.000007727 add_time= 0.000218199
2750 0.000072515 2750 0.000025223 add_time= 0.000116788
2750 0.000030463 2750 0.000015352 add_time= 0.000059875
3025 0.000018550 3025 0.000026514 add_time= 0.000062632
2750 0.000316276 2750 0.000007645 add_time= 0.000342988
2550 0.000092497 2550 0.000007190 add_time= 0.000115138
2650 0.000423738 2650 0.000007350 add_time= 0.000460734
1250 0.000199606 1250 0.000005693 add_time= 0.000219090
3025 0.000417457 3025 0.000006910 add_time= 0.000439059
3025 0.000011475 3025 0.000027335 add_time= 0.000055023
2601 0.000123688 2601 0.000027313 add_time= 0.000166151
2550 0.000090743 2550 0.000007388 add_time= 0.000113359
2500 0.000104558 2500 0.000006322 add_time= 0.000126094
2500 0.000042262 2500 0.000006639 add_time= 0.000062540
2550 0.000033635 2550 0.000015418 add_time= 0.000066507
2805 0.000015509 2805 0.000064072 add_time= 0.000093539
1275 0.000304401 1275 0.000018363 add_time= 0.000336133
1250 0.000066324 1250 0.000006611 add_time= 0.000086173
2600 0.000178523 2600 0.000007206 add_time= 0.000210536
2750 0.000089184 2750 0.000007046 add_time= 0.000120879
2500 0.000007356 2500 0.000024255 add_time= 0.000047603
2805 0.000178676 2805 0.000018729 add_time= 0.000214693
2750 0.000109819 2750 0.000044927 add_time= 0.000171863
