2700 0.000152328 2700 0.000014582 add_time= 0.001640388
2500 0.000033187 2500 0.000021132 add_time= 0.000071222
2750 0.000087198 2750 0.000006977 add_time= 0.000111566
2550 0.000068485 2550 0.000006070 add_time= 0.000089352
2809 0.000343795 2809 0.000007004 add_time= 0.000372596
2500 0.000042738 2500 0.000006414 add_time= 0.000065159
2600 0.000024399 2600 0.000026639 add_time= 0.000067430
2600 0.000530277 2600 0.000032109 add_time= 0.000606995
2550 0.000007628 2550 0.000025200 add_time= 0.000049834
2652 0.000096080 2652 0.000011448 add_time= 0.000139660
2750 0.000249121 2750 0.000008438 add_time= 0.000275655
2700 0.000060959 2700 0.000007852 add_time= 0.000086087
2500 0.000052831 2500 0.000018688 add_time= 0.000109552
2860 0.000389757 2860 0.000006618 add_time= 0.000414310
2500 0.000020624 2500 0.000016302 add_time= 0.000055352
2860 0.000498876 2860 0.000027728 add_time= 0.000548988
2703 0.002220215 2703 0.000019688 add_time= 0.002257045
3025 0.000222426 3025 0.000028529 add_time= 0.000274915
2805 0.000160812 2805 0.000042240 add_time= 0.000220835
2754 0.000042444 2754 0.000007452 add_time= 0.000065740
1300 0.000270243 1300 0.000027696 add_time= 0.000445157
2550 0.000065829 2550 0.000008347 add_time= 0.000112280
2704 0.000231957 2704 0.000015032 add_time= 0.001975085
2550 0.000043851 2550 0.000021606 add_time= 0.000081505
2500 0.000090596 2500 0.000010189 add_time= 0.000121920
2750 0.000062479 2750 0.000006950 add_time= 0.000090460
2750 0.000034552 2750 0.000025767 add_time= 0.000093369
1375 0.000074827 1375 0.000011450 add_time= 0.000115572
2805 0.000069940 2805 0.000009500 add_time= 0.000105202
2754 0.000031792 2754 0.000006581 add_time= 0.000061999
2500 0.000299096 2500 0.000015849 add_time= 0.000337751
2550 0.000228527 2550 0.000028893 add_time= 0.000294740
2860 0.000362619 2860 0.000009942 add_time= 0.000409099
2805 0.000135097 2805 0.000006679 add_time= 0.000188937
2500 0.000080300 2500 0.000007887 add_time= 0.000105842
2500 0.000241850 2500 0.000009370 add_time= 0.000279337
2750 0.000124511 2750 0.000007653 add_time= 0.000159969
1250 0.000048226 1250 0.000006443 add_time= 0.000068708
2808 0.000408620 2808 0.000008217 add_time= 0.000475938
2750 0.000022291 2750 0.000023974 add_time= 0.000073601
2500 0.000116582 2500 0.000010581 add_time= 0.000286675
2750 0.000051787 2750 0.000009695 add_time= 0.000138029
2750 0.000153782 2750 0.000012628 add_time= 0.000221864
