2915 0.000026949 2915 0.000031607 add_time= 0.001600619
2550 0.000049414 2550 0.000006660 add_time= 0.000071714
2500 0.000051900 2500 0.000006563 add_time= 0.000073111
2600 0.000102595 2600 0.000006291 add_time= 0.000122428
2650 0.000021011 2650 0.000161608 add_time= 0.000204324
2805 0.000082074 2805 0.000009396 add_time= 0.000117971
1300 0.000068621 1300 0.000006081 add_time= 0.000089611
2650 0.000008939 2650 0.000085153 add_time= 0.000133565
2750 0.000106003 2750 0.000007678 add_time= 0.000137728
2750 0.000078502 2750 0.000007907 add_time= 0.000126732
2500 0.000156258 2500 0.000015230 add_time= 0.000187138
1375 0.000145663 1375 0.000005460 add_time= 0.000178882
2650 0.000010929 2650 0.000028533 add_time= 0.000068152
2750 0.000055305 2750 0.000007726 add_time= 0.000091154
2550 0.000201261 2550 0.000007736 add_time= 0.000224378
2915 0.000010388 2915 0.000019127 add_time= 0.000075483
2500 0.000041269 2500 0.000006915 add_time= 0.000063584
2805 0.000139612 2805 0.000007188 add_time= 0.000162861
1375 0.000031985 1375 0.000006317 add_time= 0.000052406
2650 0.000011545 2650 0.000074827 add_time= 0.000110544
1375 0.000107628 1375 0.000007621 add_time= 0.000129223
2550 0.000063351 2550 0.000016751 add_time= 0.000096914
2915 0.000019945 2915 0.000028736 add_time= 0.000076926
2550 0.000122958 2550 0.000007595 add_time= 0.000146616
2550 0.000131149 2550 0.000007068 add_time= 0.000154800
2500 0.000141793 2500 0.000026195 add_time= 0.000253495
3025 0.000088098 3025 0.000010178 add_time= 0.000137477
2550 0.000074276 2550 0.000009357 add_time= 0.000109183
2500 0.000089314 2500 0.000013881 add_time= 0.001606311
2750 0.000120137 2750 0.000006904 add_time= 0.000142701
2754 0.000106851 2754 0.000006874 add_time= 0.000128753
2650 0.000020999 2650 0.000085305 add_time= 0.000130893
2500 0.000067824 2500 0.000007435 add_time= 0.000090757
2915 0.000059185 2915 0.000034768 add_time= 0.000110965
2750 0.000108056 2750 0.000011902 add_time= 0.000135996
2500 0.000104887 2500 0.000008876 add_time= 0.000157739
2550 0.000130351 2550 0.000009594 add_time= 0.000173342
2500 0.000114433 2500 0.000020462 add_time= 0.000160590
2756 0.000010645 2756 0.000085888 add_time= 0.000135582
2500 0.000211306 2500 0.000007882 add_time= 0.000237042
2500 0.000171894 2500 0.000008586 add_time= 0.000198058
2970 0.000307886 2970 0.000009801 add_time= 0.000346974
1375 0.000093877 1375 0.000005894 add_time= 0.000112955
2754 0.000218095 2754 0.000007083 add_time= 0.000241275
2600 0.000119338 2600 0.000008477 add_time= 0.000148378
2500 0.000080789 2500 0.000006875 add_time= 0.000102948
2500 0.000213610 2500 0.000007498 add_time= 0.000237218
2500 0.000226595 2500 0.000015616 add_time= 0.000292219
2750 0.000105038 2750 0.000007306 add_time= 0.000150007
2750 0.000145865 2750 0.000007675 add_time= 0.000189453
2500 0.000114122 2500 0.000008028 add_time= 0.000145796
2500 0.000082543 2500 0.000009499 add_time= 0.000225363
3025 0.000088006 3025 0.000008919 add_time= 0.000171410
2750 0.000090007 2750 0.000007992 add_time= 0.000146123
2600 0.000030128 2600 0.000089893 add_time= 0.001143738
1300 0.000050753 1300 0.000014940 add_time= 0.000083393
2750 0.000057370 2750 0.000006877 add_time= 0.000081411
2550 0.000062086 2550 0.000006918 add_time= 0.000091095
2700 0.000080211 2700 0.000008033 add_time= 0.000104904
1375 0.000077556 1375 0.000006845 add_time= 0.000099020
2500 0.000018169 2500 0.000081237 add_time= 0.000116968
2500 0.000160826 2500 0.000007082 add_time= 0.000191324
2750 0.000123153 2750 0.000006933 add_time= 0.000146749
2550 0.000092445 2550 0.000008280 add_time= 0.000125539
2750 0.000063120 2750 0.000007069 add_time= 0.000094765
2500 0.000008778 2500 0.000040302 add_time= 0.000106183
2500 0.000136119 2500 0.000006869 add_time= 0.000160038
2750 0.000114140 2750 0.000006742 add_time= 0.000158307
2550 0.000094594 2550 0.000007241 add_time= 0.000119227
2550 0.000094296 2550 0.000007335 add_time= 0.000118064
2750 0.000162350 2750 0.000007034 add_time= 0.000186113
2550 0.000007449 2550 0.000082743 add_time= 0.000106953
2500 0.000081547 2500 0.000006475 add_time= 0.000103576
2970 0.000078137 2970 0.000006585 add_time= 0.000099024
2600 0.000059938 2600 0.000006605 add_time= 0.000090566
2550 0.000060944 2550 0.000005996 add_time= 0.000082823
2750 0.000083628 2750 0.000008021 add_time= 0.000118849
2500 0.000193210 2500 0.000007684 add_time= 0.000236317
2600 0.000078321 2600 0.000006650 add_time= 0.000117781
2750 0.000129000 2750 0.000006604 add_time= 0.000152405
2805 0.000237968 2805 0.000007084 add_time= 0.000260223
2750 0.000266958 2750 0.000031949 add_time= 0.000315818
2550 0.000189998 2550 0.000007839 add_time= 0.000225310
2600 0.000678498 2600 0.000066667 add_time= 0.000768914
2600 0.000209409 2600 0.000025641 add_time= 0.000251780
2550 0.000422506 2550 0.000006412 add_time= 0.000443627
2754 0.000520261 2754 0.000007639 add_time= 0.000545566
2750 0.000181201 2750 0.000007252 add_time= 0.000204152
2500 0.000014742 2500 0.000022107 add_time= 0.000054050
2808 0.000016099 2808 0.000044340 add_time= 0.000076057
2550 0.000106939 2550 0.000006711 add_time= 0.000127216
2860 0.000111585 2860 0.000006222 add_time= 0.000131247
2750 0.000102966 2750 0.000026024 add_time= 0.000142645
2754 0.000124924 2754 0.000005637 add_time= 0.000149391
2750 0.000095190 2750 0.000023530 add_time= 0.000131948
2500 0.000073551 2500 0.000008576 add_time= 0.000160872
2860 0.000097812 2860 0.000007798 add_time= 0.000140257
2750 0.000058451 2750 0.000012559 add_time= 0.000097606
2970 0.000054067 2970 0.000007375 add_time= 0.000089320
2500 0.000119956 2500 0.000007677 add_time= 0.000151718
2550 0.000113216 2550 0.000008815 add_time= 0.000145719
2915 0.000410454 2915 0.000008702 add_time= 0.000447600
2600 0.000329817 2600 0.000006343 add_time= 0.000351733
2970 0.000101344 2970 0.000007094 add_time= 0.000123528
2500 0.000112760 2500 0.000006030 add_time= 0.000132291
2700 0.000086944 2700 0.000006180 add_time= 0.000107198
2754 0.000117068 2754 0.000008260 add_time= 0.000141871
2500 0.000099436 2500 0.000009991 add_time= 0.000125006
2600 0.000012488 2600 0.000024741 add_time= 0.000052935
1300 0.000168445 1300 0.000005553 add_time= 0.000187029
3025 0.000304961 3025 0.000007335 add_time= 0.000329377
2652 0.000295527 2652 0.000006152 add_time= 0.000315493
2754 0.000158226 2754 0.000007178 add_time= 0.000181463
2750 0.000103272 2750 0.000006626 add_time= 0.000123561
2600 0.000006978 2600 0.000025427 add_time= 0.000049078
2600 0.000007433 2600 0.000024594 add_time= 0.000047481
2650 0.000114276 2650 0.000007463 add_time= 0.000138112
2500 0.000272184 2500 0.000006350 add_time= 0.000293451
2750 0.000086786 2750 0.000007345 add_time= 0.000107746
2500 0.000324321 2500 0.000007155 add_time= 0.000347166
1250 0.000080407 1250 0.000009605 add_time= 0.000103856
2650 0.000149547 2650 0.000007919 add_time= 0.000174035
2808 0.000153068 2808 0.000006514 add_time= 0.000179226
2750 0.000248695 2750 0.000006169 add_time= 0.000270390
2550 0.000071957 2550 0.000021862 add_time= 0.000110196
2550 0.000295750 2550 0.000017601 add_time= 0.000327815
2860 0.000309339 2860 0.000006103 add_time= 0.000329886
2700 0.000007525 2700 0.000017568 add_time= 0.000041768
2704 0.000006810 2704 0.000025423 add_time= 0.000047473
2860 0.000152680 2860 0.000007285 add_time= 0.000179637
2703 0.000156336 2703 0.000006896 add_time= 0.000179382
2750 0.000158287 2750 0.000006840 add_time= 0.000181280
2500 0.000102513 2500 0.000006632 add_time= 0.000127629
2650 0.000168907 2650 0.000006847 add_time= 0.000222817
3025 0.000264144 3025 0.000017290 add_time= 0.000314627
2805 0.000085860 2805 0.000006257 add_time= 0.000118286
2500 0.000312152 2500 0.000010798 add_time= 0.000357261
2500 0.000331440 2500 0.000014625 add_time= 0.000370176
2805 0.000102150 2805 0.000006186 add_time= 0.000140885
1325 0.000303771 1325 0.000006374 add_time= 0.000344672
2805 0.000107158 2805 0.000007907 add_time= 0.000142781
2600 0.000342972 2600 0.000007905 add_time= 0.000382575
1250 0.000161620 1250 0.000035622 add_time= 0.000218507
2500 0.000189988 2500 0.000006632 add_time= 0.000222041
2750 0.000406056 2750 0.000007794 add_time= 0.000444736
2500 0.000079224 2500 0.000006745 add_time= 0.000103484
2500 0.000065037 2500 0.000005801 add_time= 0.000086661
2550 0.000036925 2550 0.000006991 add_time= 0.000058946
2550 0.000085472 2550 0.000005899 add_time= 0.000105724
2700 0.000046732 2700 0.000006276 add_time= 0.000067542
2750 0.000104351 2750 0.000008267 add_time= 0.000141420
1250 0.000044325 1250 0.000075257 add_time= 0.000181148
2500 0.000068999 2500 0.000008443 add_time= 0.000108122
2650 0.000036817 2650 0.000008137 add_time= 0.000075656
2652 0.000026023 2652 0.000009086 add_time= 0.000077303
2500 0.000076113 2500 0.000007892 add_time= 0.000112040
2500 0.000214085 2500 0.000006993 add_time= 0.000242491
2750 0.000060232 2750 0.000008014 add_time= 0.000088693
2500 0.000034398 2500 0.000011858 add_time= 0.000064471
2500 0.000075035 2500 0.000005426 add_time= 0.000094581
2550 0.000033056 2550 0.000006016 add_time= 0.000060005
2600 0.000064305 2600 0.000006827 add_time= 0.000099897
3025 0.000107095 3025 0.000006737 add_time= 0.000133270
2500 0.000287784 2500 0.000009026 add_time= 0.000346559
2860 0.000115803 2860 0.000007278 add_time= 0.000144294
2650 0.000106191 2650 0.000006464 add_time= 0.000129862
2750 0.000069115 2750 0.000006503 add_time= 0.000092893
2550 0.000075221 2550 0.000005958 add_time= 0.000108565
2750 0.000076344 2750 0.000006248 add_time= 0.000104220
1250 0.000053146 1250 0.000005072 add_time= 0.000073788
2700 0.000559324 2700 0.000007146 add_time= 0.000586989
2808 0.000081101 2808 0.000008005 add_time= 0.000106679
2750 0.000353186 2750 0.000006852 add_time= 0.000382728
2805 0.000061873 2805 0.000006058 add_time= 0.000081824
2550 0.000068356 2550 0.000006957 add_time= 0.000095612
2750 0.000163513 2750 0.000009596 add_time= 0.000187411
2500 0.000297544 2500 0.000006455 add_time= 0.000321186
2808 0.000130463 2808 0.000006524 add_time= 0.000152928
2500 0.000164223 2500 0.000006116 add_time= 0.000185012
2750 0.000156156 2750 0.000013042 add_time= 0.000183329
2550 0.000147577 2550 0.000005499 add_time= 0.000177495
2650 0.000091571 2650 0.000005916 add_time= 0.000111932
625 0.000059543 625 0.000005543 add_time= 0.000106913
2862 0.000124716 2862 0.000007033 add_time= 0.000148906
2750 0.000106104 2750 0.000006153 add_time= 0.000126917
1375 0.000141187 1375 0.000006852 add_time= 0.000173845
2750 0.000059512 2750 0.000005689 add_time= 0.000079463
2550 0.000258902 2550 0.000007101 add_time= 0.000279174
2860 0.000078259 2860 0.000007027 add_time= 0.000101146
2500 0.000017021 2500 0.000022192 add_time= 0.000055462
2704 0.000007203 2704 0.000046073 add_time= 0.000069145
2700 0.000104838 2700 0.000011864 add_time= 0.000135175
2750 0.000094465 2750 0.000006574 add_time= 0.000120666
2805 0.000195471 2805 0.000006832 add_time= 0.000217328
1375 0.000117098 1375 0.000010259 add_time= 0.000141895
2550 0.000255625 2550 0.000006297 add_time= 0.000278332
3025 0.000170480 3025 0.000007505 add_time= 0.000210160
2750 0.000121806 2750 0.000006359 add_time= 0.000142437
2601 0.000106452 2601 0.000008780 add_time= 0.000130530
2601 0.000090915 2601 0.000005811 add_time= 0.000109990
2500 0.000056868 2500 0.000006919 add_time= 0.000079181
2500 0.000016749 2500 0.000016409 add_time= 0.000063736
2652 0.000014773 2652 0.000014489 add_time= 0.000044323
2915 0.000174003 2915 0.000017054 add_time= 0.000208808
2750 0.000295674 2750 0.000007687 add_time= 0.000318026
2652 0.000124868 2652 0.000007274 add_time= 0.000148408
2750 0.000188413 2750 0.000007259 add_time= 0.000211859
2550 0.000089271 2550 0.000007179 add_time= 0.000112319
2500 0.000007683 2500 0.000234318 add_time= 0.000258797
2860 0.000007120 2860 0.000016293 add_time= 0.000038364
2500 0.000211025 2500 0.000016016 add_time= 0.000243769
2550 0.000117993 2550 0.000010587 add_time= 0.000144582
2700 0.000214723 2700 0.000007120 add_time= 0.000237523
2700 0.000134763 2700 0.000007219 add_time= 0.000158646
1275 0.000094133 1275 0.000006477 add_time= 0.000134575
1250 0.000236873 1250 0.000007192 add_time= 0.000267436
2500 0.000114075 2500 0.000015750 add_time= 0.000159892
2500 0.000039820 2500 0.000006314 add_time= 0.000070493
2652 0.000074705 2652 0.000005959 add_time= 0.000096723
2601 0.000490431 2601 0.000017477 add_time= 0.000523606
2550 0.000140781 2550 0.000007019 add_time= 0.000174008
2500 0.000098146 2500 0.000009032 add_time= 0.000169273
2750 0.000032474 2750 0.000018355 add_time= 0.000081122
2550 0.000074536 2550 0.000014835 add_time= 0.000116245
2805 0.000069326 2805 0.000007558 add_time= 0.000113617
2500 0.000541224 2500 0.000008226 add_time= 0.000577576
2500 0.000009232 2500 0.000091353 add_time= 0.000124116
1250 0.000057496 1250 0.000005848 add_time= 0.000080982
2600 0.000029873 2600 0.000006589 add_time= 0.000056551
2550 0.000095878 2550 0.000007353 add_time= 0.000121294
2805 0.000086104 2805 0.000006328 add_time= 0.000128543
2500 0.000119993 2500 0.000006947 add_time= 0.000143321
2600 0.000268313 2600 0.000006674 add_time= 0.000294575
2500 0.000162159 2500 0.000014525 add_time= 0.000202814
3025 0.000049626 3025 0.000006600 add_time= 0.000073689
2550 0.000066761 2550 0.000006534 add_time= 0.000092329
2808 0.000476202 2808 0.000012873 add_time= 0.000514704
1300 0.000179499 1300 0.000006081 add_time= 0.000201196
2500 0.000430341 2500 0.000006994 add_time= 0.000453782
2600 0.000081152 2600 0.000006657 add_time= 0.000102481
2500 0.000138864 2500 0.000005918 add_time= 0.000158988
2550 0.000075627 2550 0.000006256 add_time= 0.000095319
2500 0.000050735 2500 0.000006887 add_time= 0.000071579
2754 0.000118091 2754 0.000005922 add_time= 0.000138446
1250 0.000176548 1250 0.000005378 add_time= 0.000194029
1325 0.000507668 1325 0.000007091 add_time= 0.000535781
2600 0.000081625 2600 0.000007527 add_time= 0.000108352
3025 0.000081749 3025 0.000014907 add_time= 0.000113533
2550 0.000084362 2550 0.000007279 add_time= 0.000127908
2601 0.000097198 2601 0.000006203 add_time= 0.000129237
1250 0.000407993 1250 0.000005570 add_time= 0.000425425
2550 0.000074115 2550 0.000009904 add_time= 0.000098131
2809 0.000628798 2809 0.000007272 add_time= 0.000656772
2860 0.000131957 2860 0.000006823 add_time= 0.000154352
2550 0.000068248 2550 0.000006382 add_time= 0.000095105
2750 0.000114576 2750 0.000026202 add_time= 0.000155661
2550 0.000065366 2550 0.000007181 add_time= 0.000096664
2750 0.000326414 2750 0.000007062 add_time= 0.000350651
2756 0.000007047 2756 0.000026538 add_time= 0.000050812
2600 0.000016245 2600 0.000024581 add_time= 0.000056693
2750 0.000334370 2750 0.000007212 add_time= 0.000356803
2600 0.003426642 2600 0.000007005 add_time= 0.003450245
2500 0.000102675 2500 0.000019099 add_time= 0.000137075
2703 0.000540984 2703 0.000006642 add_time= 0.000564700
1250 0.000117909 1250 0.000005762 add_time= 0.000136888
2500 0.000703749 2500 0.000007150 add_time= 0.000727295
2650 0.000097378 2650 0.000007251 add_time= 0.000119108
2600 0.000177960 2600 0.000006229 add_time= 0.000198390
2500 0.000216768 2500 0.000005940 add_time= 0.000245309
2550 0.000006368 2550 0.000247757 add_time= 0.000270466
2750 0.000220604 2750 0.000006850 add_time= 0.000244146
2805 0.000059613 2805 0.000006197 add_time= 0.000082517
1275 0.000140243 1275 0.000005239 add_time= 0.000171982
2500 0.000168309 2500 0.000006919 add_time= 0.000191317
1250 0.000095849 1250 0.000006265 add_time= 0.000115797
2756 0.000023169 2756 0.000216762 add_time= 0.000268790
2600 0.000015492 2600 0.000027141 add_time= 0.000057524
2500 0.000124342 2500 0.000007655 add_time= 0.000146622
2500 0.000073040 2500 0.000006834 add_time= 0.000095993
2500 0.000326468 2500 0.000025628 add_time= 0.000368005
2500 0.000308771 2500 0.000022854 add_time= 0.000346300
2860 0.000383792 2860 0.000007072 add_time= 0.000405965
2703 0.000322485 2703 0.000007351 add_time= 0.000357530
2500 0.000116787 2500 0.000005501 add_time= 0.000136845
2750 0.000207820 2750 0.000007214 add_time= 0.000232327
2805 0.000198260 2805 0.000007194 add_time= 0.000222365
2808 0.000368883 2808 0.000014910 add_time= 0.000401272
1250 0.000104690 1250 0.000006335 add_time= 0.000126419
2500 0.000258629 2500 0.000006753 add_time= 0.000286004
2750 0.000072132 2750 0.000007151 add_time= 0.000098923
2500 0.000113421 2500 0.000006849 add_time= 0.000145951
2703 0.000171885 2703 0.000005839 add_time= 0.000193114
2550 0.000036731 2550 0.000006726 add_time= 0.000060533
2750 0.000030305 2750 0.000006783 add_time= 0.000053988
2650 0.000063466 2650 0.000009490 add_time= 0.000128824
2915 0.000036225 2915 0.000007967 add_time= 0.000077193
1250 0.000032284 1250 0.000007103 add_time= 0.000078800
2550 0.000027957 2550 0.000007933 add_time= 0.000063166
2700 0.000030332 2700 0.000008134 add_time= 0.000067238
1350 0.000034994 1350 0.000007747 add_time= 0.000086999
2915 0.000227701 2915 0.000006902 add_time= 0.000255727
2750 0.000097064 2750 0.000007247 add_time= 0.000130738
2750 0.000046070 2750 0.000006139 add_time= 0.000067557
2550 0.000051856 2550 0.000006916 add_time= 0.000083626
2916 0.000101269 2916 0.000006794 add_time= 0.000134309
1250 0.000058334 1250 0.000005880 add_time= 0.000081157
2862 0.000222818 2862 0.000007305 add_time= 0.000252606
2756 0.000019444 2756 0.000073114 add_time= 0.000118423
2750 0.000070219 2750 0.000006613 add_time= 0.000093353
2500 0.000066759 2500 0.000006673 add_time= 0.000094588
2500 0.000044868 2500 0.000006385 add_time= 0.000074615
1375 0.000038588 1375 0.000006880 add_time= 0.000073842
2500 0.000273660 2500 0.000007732 add_time= 0.000302937
2500 0.000075846 2500 0.000007060 add_time= 0.000100330
2750 0.000098396 2750 0.000006491 add_time= 0.000122015
2550 0.000126273 2550 0.000007235 add_time= 0.000149964
2550 0.000096945 2550 0.000006565 add_time= 0.000120603
2750 0.000063889 2750 0.000013032 add_time= 0.000094609
1275 0.000041698 1275 0.000006263 add_time= 0.000065718
2750 0.000030499 2750 0.000082510 add_time= 0.000138379
2750 0.000087547 2750 0.000012418 add_time= 0.000119669
2500 0.000038699 2500 0.000006200 add_time= 0.000070371
2550 0.000061850 2550 0.000005676 add_time= 0.000083086
2500 0.000028491 2500 0.000006063 add_time= 0.000050684
2650 0.000221668 2650 0.000007859 add_time= 0.000269501
2915 0.000123252 2915 0.000007222 add_time= 0.000176502
2754 0.000230276 2754 0.000007116 add_time= 0.000266490
2862 0.000623803 2862 0.000007182 add_time= 0.000658854
2650 0.000239374 2650 0.000008269 add_time= 0.000296063
2750 0.000113197 2750 0.000017428 add_time= 0.000165154
1250 0.000418597 1250 0.000006315 add_time= 0.000458713
2601 0.000042471 2601 0.000005800 add_time= 0.000073156
2550 0.000052495 2550 0.000005667 add_time= 0.000081980
2750 0.000121793 2750 0.000007952 add_time= 0.000158225
2600 0.000514609 2600 0.000008796 add_time= 0.000552156
2860 0.000118669 2860 0.000007632 add_time= 0.000158625
2805 0.000098325 2805 0.000006793 add_time= 0.000130732
2550 0.000132558 2550 0.000006972 add_time= 0.000164219
2650 0.000099867 2650 0.000007116 add_time= 0.000140955
2750 0.000084175 2750 0.000007195 add_time= 0.000129185
2500 0.000114184 2500 0.000024821 add_time= 0.000162886
2750 0.000843335 2750 0.000007437 add_time= 0.000877274
2500 0.000107409 2500 0.000007154 add_time= 0.000138954
2750 0.000031000 2750 0.000006262 add_time= 0.000063577
2805 0.000232747 2805 0.000007948 add_time= 0.000274799
2500 0.000132437 2500 0.000006608 add_time= 0.000164944
1375 0.000067094 1375 0.000006536 add_time= 0.000097767
2500 0.000007192 2500 0.000014736 add_time= 0.000055958
2750 0.000192567 2750 0.000015066 add_time= 0.000235920
2500 0.000122199 2500 0.000007932 add_time= 0.000164312
2652 0.000123447 2652 0.000006977 add_time= 0.000164059
2750 0.000077725 2750 0.000006897 add_time= 0.000114955
2500 0.000272250 2500 0.000008528 add_time= 0.000306407
2805 0.000152350 2805 0.000007362 add_time= 0.000175664
2500 0.000089304 2500 0.000005954 add_time= 0.000109429
1250 0.000051053 1250 0.000005183 add_time= 0.000068751
2601 0.000080054 2601 0.000006584 add_time= 0.000102733
2700 0.000097781 2700 0.000006780 add_time= 0.000121176
1275 0.000073514 1275 0.000007268 add_time= 0.000094985
2915 0.000203398 2915 0.000007661 add_time= 0.000229242
2915 0.000089203 2915 0.000007148 add_time= 0.000113460
2550 0.000153433 2550 0.000006519 add_time= 0.000175964
2500 0.000088897 2500 0.000007375 add_time= 0.000112332
1350 0.000085381 1350 0.000006192 add_time= 0.000105873
1250 0.000109760 1250 0.000006031 add_time= 0.000129767
2500 0.000375153 2500 0.000006596 add_time= 0.000396073
2500 0.000146011 2500 0.000006784 add_time= 0.000167447
2500 0.000061381 2500 0.000006282 add_time= 0.000080760
1275 0.000057052 1275 0.000005704 add_time= 0.000084515
2652 0.000187406 2652 0.000006147 add_time= 0.000206774
2750 0.000113962 2750 0.000006548 add_time= 0.000133657
1250 0.003710692 1250 0.000006334 add_time= 0.003727791
2650 0.000143720 2650 0.000008324 add_time= 0.000187206
2550 0.000095779 2550 0.000007776 add_time= 0.000127080
2500 0.000039853 2500 0.000008042 add_time= 0.000072290
2500 0.000045215 2500 0.000007453 add_time= 0.000074874
2550 0.000034304 2550 0.000007328 add_time= 0.000062640
2805 0.000099698 2805 0.000008360 add_time= 0.000133459
2550 0.000201683 2550 0.000006688 add_time= 0.000223921
2600 0.000098661 2600 0.000006796 add_time= 0.000120471
2500 0.000093523 2500 0.000006028 add_time= 0.000113065
2650 0.000075968 2650 0.000005577 add_time= 0.000104658
2805 0.000078971 2805 0.000005815 add_time= 0.000097674
2500 0.000104759 2500 0.000005968 add_time= 0.000123324
2805 0.000073066 2805 0.000005566 add_time= 0.000091932
2700 0.000121430 2700 0.000005776 add_time= 0.000140239
2700 0.000275805 2700 0.000006755 add_time= 0.000295332
2750 0.000522893 2750 0.000007018 add_time= 0.000556931
2500 0.000104803 2500 0.000007278 add_time= 0.000126920
2750 0.000099515 2750 0.000005772 add_time= 0.000118456
1375 0.000065787 1375 0.000005298 add_time= 0.000092636
2805 0.000058247 2805 0.000006929 add_time= 0.000080594
2970 0.000050375 2970 0.000006852 add_time= 0.000071318
1250 0.000083512 1250 0.000006091 add_time= 0.000102388
2750 0.000168119 2750 0.000006915 add_time= 0.000190662
2600 0.000231719 2600 0.000007150 add_time= 0.000252834
2750 0.000097224 2750 0.000007095 add_time= 0.000119477
2550 0.000066662 2550 0.000005951 add_time= 0.000085693
2550 0.000114957 2550 0.000006610 add_time= 0.000136709
2750 0.000090223 2750 0.000006271 add_time= 0.000110182
2650 0.000104571 2650 0.000007095 add_time= 0.000127572
2704 0.000016758 2704 0.000016673 add_time= 0.000047844
2500 0.000107553 2500 0.000006978 add_time= 0.000129988
2750 0.000080919 2750 0.000006302 add_time= 0.000101098
2500 0.000095032 2500 0.000005949 add_time= 0.000113245
2600 0.000103010 2600 0.000006149 add_time= 0.000123614
2500 0.000016521 2500 0.000015153 add_time= 0.000047315
2600 0.000014534 2600 0.000023140 add_time= 0.000051140
2500 0.000059904 2500 0.000006844 add_time= 0.000081540
2750 0.000066760 2750 0.000005809 add_time= 0.000086238
2550 0.000136377 2550 0.000006881 add_time= 0.000158389
2600 0.000149358 2600 0.000006714 add_time= 0.000170744
2700 0.000615345 2700 0.000010515 add_time= 0.000652203
2550 0.000160228 2550 0.000008566 add_time= 0.000191320
2500 0.000124901 2500 0.000006194 add_time= 0.000145730
2550 0.000072913 2550 0.000007266 add_time= 0.000116404
2550 0.000251893 2550 0.000005989 add_time= 0.000272545
2750 0.000102741 2750 0.000007272 add_time= 0.000126009
2550 0.000378734 2550 0.000006806 add_time= 0.000403420
2500 0.000124861 2500 0.000006674 add_time= 0.000146248
2750 0.000105481 2750 0.000006172 add_time= 0.000125868
2750 0.000102431 2750 0.000008162 add_time= 0.000138091
1275 0.000064500 1275 0.000005844 add_time= 0.000091360
2550 0.000239658 2550 0.000006169 add_time= 0.000259528
2500 0.000346670 2500 0.000006159 add_time= 0.000377831
2650 0.000396091 2650 0.000007654 add_time= 0.000420431
2704 0.000007427 2704 0.000032047 add_time= 0.000054241
2500 0.000108768 2500 0.000007290 add_time= 0.000131893
2500 0.000045092 2500 0.000006072 add_time= 0.000075517
2550 0.000107472 2550 0.000013712 add_time= 0.000134736
2805 0.000123691 2805 0.000017921 add_time= 0.000156175
2500 0.000234910 2500 0.000005327 add_time= 0.000253486
2750 0.000044974 2750 0.000006544 add_time= 0.000067292
2500 0.000361629 2500 0.000006429 add_time= 0.000384690
2600 0.000094089 2600 0.000007111 add_time= 0.000115903
2860 0.000053257 2860 0.000006533 add_time= 0.000076718
2750 0.000123743 2750 0.000006187 add_time= 0.000144785
2550 0.000124375 2550 0.000006134 add_time= 0.000146009
2700 0.000173170 2700 0.000007173 add_time= 0.000196576
1300 0.000051671 1300 0.000006164 add_time= 0.000071076
2650 0.000395849 2650 0.000007072 add_time= 0.000418615
2860 0.000007689 2860 0.000016683 add_time= 0.000040344
2805 0.000072130 2805 0.000006895 add_time= 0.000095403
2550 0.000094112 2550 0.000006085 add_time= 0.000125088
2500 0.000216933 2500 0.000005618 add_time= 0.000235842
1250 0.004411539 1250 0.000006531 add_time= 0.004450778
2650 0.000194090 2650 0.000008233 add_time= 0.000223790
2600 0.000027004 2600 0.000082436 add_time= 0.000124838
2550 0.000296264 2550 0.000007310 add_time= 0.000320353
2750 0.000126762 2750 0.000018373 add_time= 0.000170420
2750 0.000241496 2750 0.000006276 add_time= 0.000263285
2915 0.000241980 2915 0.000006536 add_time= 0.000264952
1300 0.000146240 1300 0.000005585 add_time= 0.000169043
2500 0.000214777 2500 0.000007403 add_time= 0.000240816
2550 0.000058182 2550 0.000006272 add_time= 0.000081259
2500 0.000202828 2500 0.000006887 add_time= 0.000235581
2652 0.000228187 2652 0.000006647 add_time= 0.000250481
2601 0.000354933 2601 0.000015758 add_time= 0.000386594
2700 0.000050442 2700 0.000006929 add_time= 0.000072283
2970 0.000110475 2970 0.000007120 add_time= 0.000133136
2500 0.000290711 2500 0.000006265 add_time= 0.000316246
2650 0.000057853 2650 0.000006563 add_time= 0.000081248
2600 0.000024253 2600 0.000013954 add_time= 0.000052572
2500 0.000096799 2500 0.000011930 add_time= 0.000122782
2500 0.000098701 2500 0.000006461 add_time= 0.000128733
2650 0.000115783 2650 0.000007979 add_time= 0.000174152
2700 0.000043290 2700 0.000008021 add_time= 0.000082834
2750 0.000066953 2750 0.000006554 add_time= 0.000101495
2500 0.000060470 2500 0.000007355 add_time= 0.000091357
3025 0.000055125 3025 0.000007041 add_time= 0.000096455
2601 0.000028701 2601 0.000007638 add_time= 0.000073413
2700 0.000024338 2700 0.000007743 add_time= 0.000057004
1250 0.000030192 1250 0.000007421 add_time= 0.000067637
2650 0.000112909 2650 0.000006028 add_time= 0.000135717
2652 0.000048788 2652 0.000006564 add_time= 0.000082967
2500 0.000065004 2500 0.000006816 add_time= 0.000087565
2500 0.000040455 2500 0.000005985 add_time= 0.000062664
2550 0.000056307 2550 0.000006236 add_time= 0.000078898
1375 0.000040575 1375 0.000006498 add_time= 0.000062715
2650 0.000226396 2650 0.000006653 add_time= 0.000247981
2750 0.000029145 2750 0.000007067 add_time= 0.000052261
2750 0.000037544 2750 0.000020715 add_time= 0.000074123
2652 0.000057508 2652 0.000006859 add_time= 0.000080054
2700 0.000116418 2700 0.000006684 add_time= 0.000138728
1375 0.000031197 1375 0.000005865 add_time= 0.000051453
2500 0.000016848 2500 0.000014191 add_time= 0.000047094
2600 0.000157199 2600 0.000006431 add_time= 0.000177803
2805 0.000040786 2805 0.000019438 add_time= 0.000076583
2550 0.000074909 2550 0.000005989 add_time= 0.000096130
2550 0.000092004 2550 0.000006221 add_time= 0.000112121
2750 0.000054681 2750 0.000005666 add_time= 0.000073873
2500 0.000217932 2500 0.000006232 add_time= 0.000248408
2750 0.000026674 2750 0.000012544 add_time= 0.000054676
2500 0.000088656 2500 0.000005943 add_time= 0.000119714
2550 0.000072714 2550 0.000006386 add_time= 0.000099022
2700 0.000113214 2700 0.000006043 add_time= 0.000139372
1250 0.000029049 1250 0.000004926 add_time= 0.000045159
2650 0.000215518 2650 0.000006296 add_time= 0.000237296
2860 0.000016835 2860 0.000135548 add_time= 0.000172947
2500 0.000104663 2500 0.000006929 add_time= 0.000134228
2550 0.000040589 2550 0.000006085 add_time= 0.000061135
2550 0.000034403 2550 0.000005516 add_time= 0.000053715
2750 0.000051963 2750 0.000006546 add_time= 0.000072558
2750 0.000015968 2750 0.000014388 add_time= 0.000046000
2600 0.000013496 2600 0.000013120 add_time= 0.000041143
2750 0.000139844 2750 0.000006112 add_time= 0.000160045
2750 0.000087685 2750 0.000008723 add_time= 0.000121441
2500 0.000111777 2500 0.000005516 add_time= 0.000130797
2500 0.000083600 2500 0.000005426 add_time= 0.000102633
1350 0.000053083 1350 0.000005145 add_time= 0.000070242
2500 0.000021308 2500 0.000084868 add_time= 0.000131827
2750 0.000084061 2750 0.000008335 add_time= 0.000110096
2750 0.000072215 2750 0.000007988 add_time= 0.000097306
2805 0.000132436 2805 0.000015466 add_time= 0.000174049
2500 0.000185869 2500 0.000006886 add_time= 0.000208886
1250 0.000146997 1250 0.000008836 add_time= 0.000170375
2750 0.000014259 2750 0.000025963 add_time= 0.000056736
2500 0.000135348 2500 0.000005973 add_time= 0.000155764
2860 0.000198831 2860 0.000006214 add_time= 0.000220014
2750 0.000197818 2750 0.000007322 add_time= 0.000221834
2550 0.000279050 2550 0.000005962 add_time= 0.000300307
2600 0.000126260 2600 0.000005966 add_time= 0.000149436
2500 0.000006886 2500 0.000140831 add_time= 0.000164125
2860 0.000163984 2860 0.000012482 add_time= 0.000193401
2600 0.000105368 2600 0.000022405 add_time= 0.000143515
1250 0.000209731 1250 0.000015192 add_time= 0.000238659
2754 0.000149767 2754 0.000006994 add_time= 0.000173173
1325 0.000139658 1325 0.000006635 add_time= 0.000161319
2750 0.000592873 2750 0.000008499 add_time= 0.000627018
2750 0.000156049 2750 0.000022508 add_time= 0.000195362
3025 0.000196343 3025 0.000007251 add_time= 0.000227152
2550 0.000200020 2550 0.000006361 add_time= 0.000222336
2805 0.000207936 2805 0.000007090 add_time= 0.000230199
2750 0.000125952 2750 0.000006453 add_time= 0.000155912
2500 0.000088617 2500 0.000006585 add_time= 0.000120164
2860 0.000007563 2860 0.000018161 add_time= 0.000043922
2756 0.000007359 2756 0.000021047 add_time= 0.000044089
2805 0.000069114 2805 0.000006064 add_time= 0.000090201
2550 0.000146024 2550 0.000013387 add_time= 0.000174418
2550 0.000097666 2550 0.000005857 add_time= 0.000115266
2700 0.000092338 2700 0.000007604 add_time= 0.000117420
2750 0.000105226 2750 0.000006115 add_time= 0.000126282
2600 0.000022898 2600 0.000017335 add_time= 0.000067920
2860 0.000015406 2860 0.000017182 add_time= 0.000049081
2500 0.000124237 2500 0.000006715 add_time= 0.000147050
2750 0.000086696 2750 0.000006111 add_time= 0.000114847
2550 0.000109355 2550 0.000006114 add_time= 0.000130430
1250 0.000434969 1250 0.000005436 add_time= 0.000454105
2600 0.000008003 2600 0.000200945 add_time= 0.000227043
2750 0.000283020 2750 0.000006102 add_time= 0.000305478
2500 0.000156189 2500 0.000006476 add_time= 0.000186957
2550 0.000236344 2550 0.000006982 add_time= 0.000258401
2805 0.000226689 2805 0.000014911 add_time= 0.000256305
2750 0.000143549 2750 0.000006045 add_time= 0.000163743
2750 0.000195299 2750 0.000007353 add_time= 0.000221965
2756 0.000007462 2756 0.000084465 add_time= 0.000118463
2750 0.000134465 2750 0.000006912 add_time= 0.000167310
2500 0.000084595 2500 0.000006523 add_time= 0.000115368
2750 0.000072469 2750 0.000006154 add_time= 0.000091670
2601 0.000078855 2601 0.000005362 add_time= 0.000096961
2600 0.000717910 2600 0.000007047 add_time= 0.000740232
2500 0.000058940 2500 0.000023606 add_time= 0.000129761
2652 0.000045510 2652 0.000007554 add_time= 0.000078105
2550 0.000055686 2550 0.000008037 add_time= 0.000088867
2550 0.000089431 2550 0.000007348 add_time= 0.000121931
2500 0.000070914 2500 0.000008825 add_time= 0.000114874
2550 0.000008449 2550 0.000008437 add_time= 0.000042276
2550 0.000053346 2550 0.000015227 add_time= 0.000093355
2550 0.000033963 2550 0.000007249 add_time= 0.000063237
2700 0.000280098 2700 0.000006473 add_time= 0.000302796
2600 0.000006991 2600 0.000023850 add_time= 0.000051558
2550 0.000132590 2550 0.000006377 add_time= 0.000152517
2500 0.000103297 2500 0.000005862 add_time= 0.000122268
2500 0.000108563 2500 0.000007702 add_time= 0.000141374
2754 0.000096535 2754 0.000006828 add_time= 0.000118793
2750 0.000078968 2750 0.000006409 add_time= 0.000100092
1375 0.000201976 1375 0.000022581 add_time= 0.000236683
2500 0.000380768 2500 0.000006514 add_time= 0.000404492
2500 0.000174224 2500 0.000006808 add_time= 0.000197202
2652 0.000119930 2652 0.000006519 add_time= 0.000141956
2550 0.000131526 2550 0.000007353 add_time= 0.000154572
2500 0.000155103 2500 0.000014126 add_time= 0.000194633
2500 0.000438656 2500 0.000027083 add_time= 0.000484886
2750 0.000060029 2750 0.000007207 add_time= 0.000091791
2500 0.000051765 2500 0.000006914 add_time= 0.000074551
2805 0.000041890 2805 0.000006988 add_time= 0.000065607
3025 0.000052752 3025 0.000007475 add_time= 0.000086753
2600 0.000023989 2600 0.000192233 add_time= 0.000236159
1250 0.000133750 1250 0.000006018 add_time= 0.000155090
2500 0.000114997 2500 0.000007066 add_time= 0.000138943
2805 0.000097556 2805 0.000007706 add_time= 0.000120977
2601 0.000051081 2601 0.000006826 add_time= 0.000081556
2750 0.000074201 2750 0.000008192 add_time= 0.000098899
2650 0.000170569 2650 0.000007148 add_time= 0.000196178
2750 0.000233176 2750 0.000007348 add_time= 0.000261956
2500 0.000090577 2500 0.000006875 add_time= 0.000112331
1375 0.000102324 1375 0.000006464 add_time= 0.000122919
2500 0.000078368 2500 0.000006417 add_time= 0.000099223
2700 0.000067619 2700 0.000006770 add_time= 0.000088935
1250 0.000081160 1250 0.000007697 add_time= 0.000124118
2500 0.000206162 2500 0.000010079 add_time= 0.000240525
2970 0.000082833 2970 0.000007445 add_time= 0.000107862
2750 0.000055644 2750 0.000007210 add_time= 0.000085433
2750 0.000132995 2750 0.000007320 add_time= 0.000176395
2500 0.000183774 2500 0.000007712 add_time= 0.000207992
2600 0.000212719 2600 0.000006640 add_time= 0.000237445
2860 0.000279347 2860 0.000007374 add_time= 0.000304458
2750 0.000080271 2750 0.000015153 add_time= 0.000111580
2550 0.000115674 2550 0.000006606 add_time= 0.000137333
2500 0.000136602 2500 0.000007145 add_time= 0.000159447
2750 0.000052303 2750 0.000005953 add_time= 0.000072690
2500 0.000126850 2500 0.000007243 add_time= 0.000149043
2600 0.000496672 2600 0.000008595 add_time= 0.000531994
1300 0.000215710 1300 0.000006798 add_time= 0.000239294
2860 0.000172886 2860 0.000008206 add_time= 0.000199255
2600 0.000508550 2600 0.000006394 add_time= 0.000530992
2550 0.000069666 2550 0.000005749 add_time= 0.000090253
2700 0.000155271 2700 0.000006869 add_time= 0.000178136
1275 0.000052400 1275 0.000006998 add_time= 0.000073976
2500 0.000399561 2500 0.000006920 add_time= 0.000424044
2652 0.000095284 2652 0.000006292 add_time= 0.000116662
2550 0.000048915 2550 0.000005603 add_time= 0.000069407
2750 0.000100950 2750 0.000006194 add_time= 0.000121950
2601 0.000129743 2601 0.000015719 add_time= 0.000162639
2500 0.000145170 2500 0.000007276 add_time= 0.000169123
2700 0.000105198 2700 0.000007053 add_time= 0.000127336
2915 0.000166089 2915 0.000007598 add_time= 0.000192123
2860 0.000007294 2860 0.000024682 add_time= 0.000066589
2750 0.000123785 2750 0.000017444 add_time= 0.000156188
2550 0.000183844 2550 0.000027338 add_time= 0.000228596
2601 0.000057211 2601 0.000006138 add_time= 0.000094800
2600 0.000123980 2600 0.000007294 add_time= 0.000147338
2750 0.000008577 2750 0.000214748 add_time= 0.000240694
2700 0.000233526 2700 0.000007072 add_time= 0.000256987
2750 0.000113970 2750 0.000018503 add_time= 0.000147529
2703 0.000091262 2703 0.000006467 add_time= 0.000112292
2652 0.000078426 2652 0.000006854 add_time= 0.000101373
2500 0.000171391 2500 0.000007474 add_time= 0.000195131
1250 0.000077509 1250 0.000005364 add_time= 0.000095926
2500 0.000006972 2500 0.000016423 add_time= 0.000041013
2600 0.000006709 2600 0.000016517 add_time= 0.000050014
2500 0.000031690 2500 0.000006380 add_time= 0.000052457
2750 0.000081994 2750 0.000013713 add_time= 0.000110802
2500 0.000088024 2500 0.000006540 add_time= 0.000111109
2700 0.000130296 2700 0.000007534 add_time= 0.000164828
2500 0.000162216 2500 0.000007329 add_time= 0.000185540
2915 0.000167814 2915 0.000007978 add_time= 0.000207539
2652 0.000161489 2652 0.000007382 add_time= 0.000185366
2750 0.000362841 2750 0.000006920 add_time= 0.000394682
2860 0.000093728 2860 0.000006470 add_time= 0.000115661
2703 0.000472781 2703 0.000014056 add_time= 0.000503922
1325 0.000062562 1325 0.000006560 add_time= 0.000085422
2500 0.000008801 2500 0.000098910 add_time= 0.000125601
2500 0.000177597 2500 0.000006693 add_time= 0.000199702
2500 0.000081720 2500 0.000005744 add_time= 0.000102107
2750 0.000239877 2750 0.000006858 add_time= 0.000263021
2500 0.000246344 2500 0.000006295 add_time= 0.000267386
2700 0.000084314 2700 0.000006229 add_time= 0.000105123
1375 0.000034580 1375 0.000006017 add_time= 0.000055172
2650 0.000057867 2650 0.000006934 add_time= 0.000086485
2600 0.000015154 2600 0.000021768 add_time= 0.000062772
2550 0.000187760 2550 0.000006181 add_time= 0.000222155
3025 0.000091921 3025 0.000007517 add_time= 0.000117110
2805 0.000052600 2805 0.000006383 add_time= 0.000086623
1375 0.000071281 1375 0.000005887 add_time= 0.000093695
1275 0.000060240 1275 0.000005154 add_time= 0.000087257
2600 0.000006723 2600 0.000009136 add_time= 0.000068743
2600 0.000053647 2600 0.000032930 add_time= 0.000115311
2750 0.000065404 2750 0.000007319 add_time= 0.000099156
2652 0.000015414 2652 0.000007892 add_time= 0.000049370
2500 0.000068141 2500 0.000006855 add_time= 0.000099129
2970 0.000037366 2970 0.000007904 add_time= 0.000086651
3025 0.000027228 3025 0.000007969 add_time= 0.000062653
2650 0.000564409 2650 0.000006585 add_time= 0.000589934
2652 0.000066410 2652 0.000006175 add_time= 0.000099643
2750 0.000166739 2750 0.000006026 add_time= 0.000194495
2500 0.000080955 2500 0.000006208 add_time= 0.000109161
2970 0.000059387 2970 0.000012105 add_time= 0.000088251
3025 0.000088425 3025 0.000005823 add_time= 0.000109365
2650 0.000209256 2650 0.000008282 add_time= 0.000239596
2500 0.000164900 2500 0.000007072 add_time= 0.000188326
2600 0.000112412 2600 0.000006686 add_time= 0.000135439
2500 0.000196151 2500 0.000018787 add_time= 0.000231182
2500 0.000035957 2500 0.000005670 add_time= 0.000056432
2650 0.000098940 2650 0.000006564 add_time= 0.000119619
2500 0.000185170 2500 0.000008453 add_time= 0.000214543
2600 0.000016216 2600 0.000015507 add_time= 0.000046437
3025 0.000125949 3025 0.000007312 add_time= 0.000151235
2750 0.000114004 2750 0.000006789 add_time= 0.000139440
2550 0.000073011 2550 0.000006781 add_time= 0.000099100
2750 0.000045229 2750 0.000006162 add_time= 0.000067018
2500 0.000299333 2500 0.000007757 add_time= 0.000326660
2750 0.000147480 2750 0.000006483 add_time= 0.000177737
2750 0.000101486 2750 0.000007081 add_time= 0.000125210
2700 0.000065309 2700 0.000006582 add_time= 0.000087010
2550 0.000131424 2550 0.000006625 add_time= 0.000152761
2754 0.000081646 2754 0.000008007 add_time= 0.000103418
2600 0.000105880 2600 0.000006847 add_time= 0.000129414
2500 0.000054380 2500 0.000006009 add_time= 0.000074613
2650 0.000207561 2650 0.000007196 add_time= 0.000234448
2500 0.000111557 2500 0.000016372 add_time= 0.000144713
2500 0.000082365 2500 0.000007480 add_time= 0.000105790
2550 0.000134811 2550 0.000007114 add_time= 0.000157284
2750 0.000084961 2750 0.000007566 add_time= 0.000109643
2750 0.000054280 2750 0.000006994 add_time= 0.000087913
2500 0.000393035 2500 0.000007046 add_time= 0.000418044
2500 0.000104220 2500 0.000027256 add_time= 0.000148775
2500 0.000047538 2500 0.000005736 add_time= 0.000074970
2600 0.000107393 2600 0.000007354 add_time= 0.000142354
2550 0.000074353 2550 0.000006509 add_time= 0.000096174
2500 0.000102341 2500 0.000006177 add_time= 0.000122198
2500 0.000019518 2500 0.000102458 add_time= 0.000141353
2704 0.000015153 2704 0.000016631 add_time= 0.000046713
2750 0.000070823 2750 0.000006600 add_time= 0.000091908
2500 0.000152504 2500 0.000016886 add_time= 0.000193742
1250 0.000059904 1250 0.000005526 add_time= 0.000097829
2550 0.000109364 2550 0.000005579 add_time= 0.000128940
2500 0.000181617 2500 0.000007225 add_time= 0.000214551
2750 0.000019397 2750 0.000074435 add_time= 0.000113560
2500 0.000077030 2500 0.000007387 add_time= 0.000100157
3025 0.000115335 3025 0.000006700 add_time= 0.000138571
2750 0.000091089 2750 0.000007970 add_time= 0.000138277
1250 0.000079159 1250 0.000005957 add_time= 0.000099547
2700 0.000062944 2700 0.000007010 add_time= 0.000084790
2600 0.000591426 2600 0.000006308 add_time= 0.000617062
2805 0.000085512 2805 0.000007250 add_time= 0.000110200
2500 0.000128273 2500 0.000006532 add_time= 0.000151298
2703 0.000276296 2703 0.000007152 add_time= 0.000303068
2500 0.000168751 2500 0.000007184 add_time= 0.000193576
2600 0.000137086 2600 0.000007165 add_time= 0.000162659
2500 0.000174378 2500 0.000006907 add_time= 0.000198005
2550 0.000044695 2550 0.000006380 add_time= 0.000066469
2750 0.000157868 2750 0.000006644 add_time= 0.000179059
2550 0.000106384 2550 0.000007287 add_time= 0.000130600
1350 0.000086587 1350 0.000005598 add_time= 0.000123045
2756 0.000094356 2756 0.000007772 add_time= 0.000120049
2756 0.000006615 2756 0.000034816 add_time= 0.000056051
2500 0.000181200 2500 0.000006693 add_time= 0.000210827
2500 0.000133356 2500 0.000007367 add_time= 0.000167652
2750 0.000116297 2750 0.000006784 add_time= 0.000139775
2500 0.000199529 2500 0.000006692 add_time= 0.000222003
2500 0.000180623 2500 0.000006337 add_time= 0.000203240
2600 0.000073656 2600 0.000006536 add_time= 0.000096677
2750 0.000095884 2750 0.000007856 add_time= 0.000131444
2550 0.000085287 2550 0.000027600 add_time= 0.000129777
1275 0.000095467 1275 0.000005419 add_time= 0.000128779
2700 0.000166939 2700 0.000005618 add_time= 0.000186629
3025 0.000102746 3025 0.000007172 add_time= 0.000125425
2600 0.000006571 2600 0.000015595 add_time= 0.000038665
2704 0.000007538 2704 0.000023698 add_time= 0.000047467
3025 0.000111331 3025 0.000007876 add_time= 0.000142391
2600 0.000053492 2600 0.000006402 add_time= 0.000082507
2550 0.000106356 2550 0.000005799 add_time= 0.000126072
2700 0.000186970 2700 0.000005582 add_time= 0.000206670
2550 0.000034523 2550 0.000005781 add_time= 0.000053483
2750 0.000023220 2750 0.000017018 add_time= 0.000087332
2600 0.000025817 2600 0.000036085 add_time= 0.000097833
2750 0.000298357 2750 0.000027569 add_time= 0.000354079
2805 0.000071571 2805 0.000005967 add_time= 0.000102872
1275 0.000199940 1275 0.000006744 add_time= 0.000238401
2750 0.000068642 2750 0.000006906 add_time= 0.000102051
2500 0.000298143 2500 0.000007775 add_time= 0.000347048
2600 0.000193303 2600 0.000023119 add_time= 0.000256892
3025 0.000286138 3025 0.000025675 add_time= 0.000342302
2550 0.000088001 2550 0.000006413 add_time= 0.000128491
2550 0.000252409 2550 0.000007708 add_time= 0.000306809
2750 0.000060703 2750 0.000007402 add_time= 0.000095111
2600 0.000277639 2600 0.000006471 add_time= 0.000300802
1300 0.000073755 1300 0.000006689 add_time= 0.000094392
2750 0.000093072 2750 0.000006430 add_time= 0.000114336
2750 0.000102210 2750 0.000006242 add_time= 0.000122366
2550 0.000146494 2550 0.000007137 add_time= 0.000166903
2500 0.000151742 2500 0.000006914 add_time= 0.000173857
2550 0.000076715 2550 0.000240006 add_time= 0.000354614
1250 0.000038939 1250 0.000007120 add_time= 0.000068979
2805 0.000122488 2805 0.000008605 add_time= 0.000173564
2916 0.000070390 2916 0.000008335 add_time= 0.000110527
2500 0.000106528 2500 0.000008434 add_time= 0.000137310
2703 0.000245176 2703 0.000006848 add_time= 0.000278601
2500 0.000078664 2500 0.000006261 add_time= 0.000098846
2500 0.000242535 2500 0.000006525 add_time= 0.000264352
2700 0.000081218 2700 0.000006503 add_time= 0.000103136
2500 0.000070416 2500 0.000018474 add_time= 0.000104314
2650 0.000165796 2650 0.000007249 add_time= 0.000191985
2600 0.000045818 2600 0.000006355 add_time= 0.000072375
2750 0.000177390 2750 0.000008496 add_time= 0.000202959
2550 0.000092432 2550 0.000007858 add_time= 0.000120211
2750 0.000113404 2750 0.000007343 add_time= 0.000137670
2500 0.000059258 2500 0.000014760 add_time= 0.000090526
2500 0.000267640 2500 0.000008078 add_time= 0.000299783
3025 0.000067088 3025 0.000006948 add_time= 0.000092679
2500 0.000081440 2500 0.000007163 add_time= 0.000105344
2550 0.000049637 2550 0.000007224 add_time= 0.000073508
2750 0.000168618 2750 0.000007650 add_time= 0.000193010
2650 0.000491732 2650 0.000007379 add_time= 0.000518602
2805 0.000146464 2805 0.000006962 add_time= 0.000169801
2700 0.000085162 2700 0.000008415 add_time= 0.000110875
2650 0.000156197 2650 0.000007326 add_time= 0.000179954
2500 0.000125473 2500 0.000005976 add_time= 0.000153608
625 0.000052988 625 0.000005410 add_time= 0.000069675
2650 0.000579547 2650 0.000015288 add_time= 0.000613606
2970 0.000113597 2970 0.000007488 add_time= 0.000137571
2500 0.000066441 2500 0.000005610 add_time= 0.000086263
2805 0.000085947 2805 0.000006231 add_time= 0.000117906
2550 0.000110274 2550 0.000006400 add_time= 0.000131080
2500 0.000086659 2500 0.000006403 add_time= 0.000107692
2750 0.000519836 2750 0.000007043 add_time= 0.000545634
2750 0.000121451 2750 0.000006402 add_time= 0.000143475
1375 0.000097479 1375 0.000005043 add_time= 0.000114783
2650 0.000043136 2650 0.000005780 add_time= 0.000077895
1275 0.000076407 1275 0.000005148 add_time= 0.000093365
2650 0.000098388 2650 0.000005537 add_time= 0.000118317
3025 0.000075541 3025 0.000007895 add_time= 0.000099228
2500 0.000015244 2500 0.000085266 add_time= 0.000119659
2860 0.000013857 2860 0.000030427 add_time= 0.000059108
2500 0.000074382 2500 0.000014176 add_time= 0.000103107
2750 0.000073174 2750 0.000006110 add_time= 0.000093870
2601 0.000152724 2601 0.000006056 add_time= 0.000173437
2500 0.000028649 2500 0.000006111 add_time= 0.000049058
2750 0.000058967 2750 0.000006082 add_time= 0.000079409
2700 0.000021772 2700 0.000015235 add_time= 0.000055276
2652 0.000063254 2652 0.000006842 add_time= 0.000084993
2750 0.000102909 2750 0.000014476 add_time= 0.000143049
2805 0.000059535 2805 0.000006735 add_time= 0.000082104
2550 0.000111232 2550 0.000005780 add_time= 0.000132083
2600 0.000054762 2600 0.000006049 add_time= 0.000075649
2750 0.000239088 2750 0.000007598 add_time= 0.000266330
2600 0.000060890 2600 0.000005932 add_time= 0.000090151
2750 0.000129584 2750 0.000006268 add_time= 0.000150245
3025 0.000537146 3025 0.000006659 add_time= 0.000559094
2550 0.000075940 2550 0.000005994 add_time= 0.000105286
2550 0.000121791 2550 0.000006887 add_time= 0.000143275
3025 0.000066672 3025 0.000006794 add_time= 0.000096997
2600 0.000576850 2600 0.000008296 add_time= 0.000608448
2808 0.000057323 2808 0.000006480 add_time= 0.000079389
2750 0.000249062 2750 0.000006620 add_time= 0.000272074
2500 0.000080015 2500 0.000006161 add_time= 0.000102713
2805 0.000098538 2805 0.000007005 add_time= 0.000122138
2500 0.000127623 2500 0.000007505 add_time= 0.000151471
2550 0.000387127 2550 0.000014967 add_time= 0.000428493
2500 0.000117718 2500 0.000009777 add_time= 0.000142754
2500 0.000065497 2500 0.000006159 add_time= 0.000086552
3025 0.000098352 3025 0.000008007 add_time= 0.000120884
2601 0.000093840 2601 0.000005565 add_time= 0.000113324
2860 0.000173427 2860 0.000007563 add_time= 0.000209189
2750 0.000425139 2750 0.000006872 add_time= 0.000449708
2750 0.000082885 2750 0.000026443 add_time= 0.000140379
2500 0.000077643 2500 0.000006264 add_time= 0.000099663
2805 0.000213256 2805 0.000006317 add_time= 0.000234446
2650 0.000141292 2650 0.000013352 add_time= 0.000170649
3025 0.000040788 3025 0.000011147 add_time= 0.000076272
2915 0.000471631 2915 0.000028213 add_time= 0.000516691
2500 0.000063165 2500 0.000006577 add_time= 0.000085407
2750 0.000155387 2750 0.000005959 add_time= 0.000174833
2750 0.000126008 2750 0.000006227 add_time= 0.000156660
2500 0.000049218 2500 0.000010979 add_time= 0.000075407
2703 0.000075679 2703 0.000005611 add_time= 0.000094797
2550 0.000308392 2550 0.000006637 add_time= 0.000329161
2500 0.000085268 2500 0.000006186 add_time= 0.000105091
2650 0.000108345 2650 0.000006890 add_time= 0.000133629
1300 0.000005052 1300 0.000015778 add_time= 0.000033061
2750 0.000102571 2750 0.000006569 add_time= 0.000123610
2500 0.000104335 2500 0.000006974 add_time= 0.000138366
2550 0.000107891 2550 0.000010108 add_time= 0.000132068
2650 0.000099299 2650 0.000007570 add_time= 0.000139233
2500 0.000086257 2500 0.000006769 add_time= 0.000108713
1375 0.000070180 1375 0.000005740 add_time= 0.000087647
2809 0.000085682 2809 0.000006953 add_time= 0.000127793
2652 0.000086169 2652 0.000006950 add_time= 0.000109529
2750 0.000241844 2750 0.000006889 add_time= 0.000265389
2805 0.000308042 2805 0.000026391 add_time= 0.000349937
2750 0.000276753 2750 0.000006144 add_time= 0.000299215
2750 0.000103646 2750 0.000006164 add_time= 0.000125274
1250 0.000038082 1250 0.000005089 add_time= 0.000054568
2550 0.000321627 2550 0.000007004 add_time= 0.000347211
2750 0.000068863 2750 0.000018241 add_time= 0.000106190
2860 0.000250594 2860 0.000005784 add_time= 0.000272496
2750 0.000167600 2750 0.000007297 add_time= 0.000202905
2550 0.000050875 2550 0.000006098 add_time= 0.000071656
2600 0.000273478 2600 0.000007063 add_time= 0.000296397
2550 0.000183280 2550 0.000006902 add_time= 0.000206137
2704 0.000006993 2704 0.000094220 add_time= 0.000115906
2860 0.000050707 2860 0.000006501 add_time= 0.000082062
2750 0.000105440 2750 0.000006001 add_time= 0.000132901
1375 0.000072534 1375 0.000005410 add_time= 0.000095407
2703 0.000080156 2703 0.000005868 add_time= 0.000100017
2700 0.000101478 2700 0.000006875 add_time= 0.000124650
1250 0.000053548 1250 0.000006463 add_time= 0.000073380
2862 0.000123868 2862 0.000020408 add_time= 0.000203874
2600 0.000006623 2600 0.000008192 add_time= 0.000043238
2650 0.000076436 2650 0.000008007 add_time= 0.000117118
2500 0.000064364 2500 0.000007533 add_time= 0.000096528
2805 0.000047864 2805 0.000007634 add_time= 0.000084159
2500 0.000074682 2500 0.000008327 add_time= 0.000115436
1250 0.000052033 1250 0.000007067 add_time= 0.000079984
2750 0.000519270 2750 0.000006736 add_time= 0.000542470
2600 0.000086281 2600 0.000007101 add_time= 0.000107838
2750 0.000114626 2750 0.000005642 add_time= 0.000133489
2550 0.000099264 2550 0.000005971 add_time= 0.000120161
2700 0.000066601 2700 0.000007882 add_time= 0.000101311
2750 0.000078582 2750 0.000006096 add_time= 0.000109870
2550 0.000483571 2550 0.000007306 add_time= 0.000506448
2550 0.000096760 2550 0.000014750 add_time= 0.000125273
2500 0.000092337 2500 0.000006449 add_time= 0.000113855
2550 0.000099651 2550 0.000006698 add_time= 0.000121088
2500 0.000109509 2500 0.000007034 add_time= 0.000131846
2650 0.000182468 2650 0.000006695 add_time= 0.000202623
2600 0.000176300 2600 0.000006592 add_time= 0.000198680
2750 0.000115600 2750 0.000007910 add_time= 0.000161480
2601 0.000096662 2601 0.000007645 add_time= 0.000130752
2750 0.000051096 2750 0.000029098 add_time= 0.000095255
1250 0.000121762 1250 0.000006434 add_time= 0.000141031
2500 0.000020153 2500 0.000015727 add_time= 0.000050944
2860 0.000080157 2860 0.000007126 add_time= 0.000100988
2550 0.000071744 2550 0.000006042 add_time= 0.000090878
2750 0.000113954 2750 0.000006599 add_time= 0.000135444
2600 0.000088656 2600 0.000006518 add_time= 0.000110070
2750 0.000100681 2750 0.000006935 add_time= 0.000121843
2750 0.000168410 2750 0.000006875 add_time= 0.000191171
2600 0.000082559 2600 0.000007261 add_time= 0.000104970
2550 0.000055048 2550 0.000012870 add_time= 0.000094238
2550 0.000129801 2550 0.000006916 add_time= 0.000150007
2700 0.000169718 2700 0.000005930 add_time= 0.000189694
2500 0.000071852 2500 0.000006455 add_time= 0.000091636
2970 0.000083009 2970 0.000006499 add_time= 0.000114414
1350 0.000034575 1350 0.000005394 add_time= 0.000055955
2750 0.000195277 2750 0.000007012 add_time= 0.000225451
2600 0.000046105 2600 0.000006082 add_time= 0.000066092
2750 0.000052874 2750 0.000006217 add_time= 0.000073126
3025 0.000095771 3025 0.000006741 add_time= 0.000126789
2500 0.000044251 2500 0.000006411 add_time= 0.000064350
2550 0.000104111 2550 0.000006842 add_time= 0.000123926
2700 0.000084384 2700 0.000005583 add_time= 0.000102970
2500 0.000284281 2500 0.000007175 add_time= 0.000317390
2550 0.000106464 2550 0.000006445 add_time= 0.000139248
2750 0.000054976 2750 0.000006097 add_time= 0.000075057
2500 0.000059096 2500 0.000017137 add_time= 0.000089645
2750 0.000097576 2750 0.000006200 add_time= 0.000117245
2500 0.000065493 2500 0.000006236 add_time= 0.000084285
2915 0.000183399 2915 0.000014584 add_time= 0.000213473
1300 0.000011804 1300 0.000009658 add_time= 0.000032858
2750 0.000161752 2750 0.000006383 add_time= 0.000182077
2805 0.000099954 2805 0.000006411 add_time= 0.000119589
2550 0.000080262 2550 0.000005823 add_time= 0.000099177
3025 0.000100366 3025 0.000006449 add_time= 0.000120123
2750 0.000018779 2750 0.000106000 add_time= 0.000140682
3025 0.000091508 3025 0.000006852 add_time= 0.000113585
2500 0.000061424 2500 0.000005722 add_time= 0.000080157
2754 0.000136254 2754 0.000005731 add_time= 0.000155784
2750 0.000129922 2750 0.000006051 add_time= 0.000149260
2500 0.000314736 2500 0.000015235 add_time= 0.000344514
2750 0.000136145 2750 0.000006333 add_time= 0.000156039
2500 0.000081209 2500 0.000006159 add_time= 0.000100159
2500 0.000075963 2500 0.000014894 add_time= 0.000103710
2700 0.000046331 2700 0.000006260 add_time= 0.000065909
2750 0.000060867 2750 0.000017530 add_time= 0.000091998
2500 0.000025275 2500 0.000025450 add_time= 0.000073097
2860 0.000064793 2860 0.000008376 add_time= 0.000089938
2805 0.000473671 2805 0.000017184 add_time= 0.000520610
2500 0.000117810 2500 0.000006633 add_time= 0.000141362
2700 0.000093390 2700 0.000007709 add_time= 0.000118551
1250 0.000107325 1250 0.000006440 add_time= 0.000135660
2500 0.000008215 2500 0.000090227 add_time= 0.000116238
2750 0.000318764 2750 0.000007670 add_time= 0.000343955
1375 0.000054790 1375 0.000005380 add_time= 0.000072563
2750 0.000067281 2750 0.000006900 add_time= 0.000101137
2550 0.000074566 2550 0.000006503 add_time= 0.000100880
2500 0.000073870 2500 0.000006940 add_time= 0.000097021
2550 0.000109274 2550 0.000007059 add_time= 0.000133877
1300 0.000005276 1300 0.000014992 add_time= 0.000043315
2750 0.000173763 2750 0.000007448 add_time= 0.000197689
3025 0.000147104 3025 0.000007387 add_time= 0.000182269
2500 0.000057417 2500 0.000005994 add_time= 0.000078201
2500 0.000125260 2500 0.000006308 add_time= 0.000145616
1250 0.000031832 1250 0.000006612 add_time= 0.000052516
2862 0.000484185 2862 0.000006596 add_time= 0.000508006
2600 0.000006824 2600 0.000021701 add_time= 0.000042682
2500 0.000148580 2500 0.000006191 add_time= 0.000177699
2500 0.000120509 2500 0.000006272 add_time= 0.000142127
2754 0.000061911 2754 0.000006234 add_time= 0.000084223
2500 0.000126793 2500 0.000006824 add_time= 0.000150186
2500 0.000435453 2500 0.000006358 add_time= 0.000458800
2600 0.000007123 2600 0.000020051 add_time= 0.000042715
2915 0.000141204 2915 0.000007092 add_time= 0.000164795
2500 0.000076122 2500 0.000006951 add_time= 0.000109710
2550 0.000108874 2550 0.000007345 add_time= 0.000132234
2754 0.000084946 2754 0.000006270 add_time= 0.000105270
2700 0.000045623 2700 0.000005937 add_time= 0.000064828
2500 0.000067078 2500 0.000005838 add_time= 0.000086386
2750 0.000021824 2750 0.000139355 add_time= 0.000190171
2500 0.000087018 2500 0.000007495 add_time= 0.000118890
2750 0.000089549 2750 0.000006656 add_time= 0.000112717
2500 0.000133909 2500 0.000015676 add_time= 0.000165129
2550 0.000119677 2550 0.000006298 add_time= 0.000140635
2500 0.000063186 2500 0.000006653 add_time= 0.000096720
2500 0.000192078 2500 0.000006883 add_time= 0.000224522
2652 0.000100260 2652 0.000006684 add_time= 0.000121401
2600 0.000087614 2600 0.000027383 add_time= 0.000140417
2750 0.000079692 2750 0.000006836 add_time= 0.000103329
2601 0.000197082 2601 0.000005957 add_time= 0.000218305
2700 0.000283694 2700 0.000007664 add_time= 0.000309818
2550 0.000124502 2550 0.000006918 add_time= 0.000149368
2860 0.000101879 2860 0.000006780 add_time= 0.000124413
2750 0.000087156 2750 0.000005842 add_time= 0.000107409
2805 0.000066748 2805 0.000007185 add_time= 0.000109118
2601 0.000089459 2601 0.000007631 add_time= 0.000113308
2750 0.000113222 2750 0.000006771 add_time= 0.000136033
2500 0.000426486 2500 0.000008579 add_time= 0.000469537
2500 0.000037251 2500 0.000007889 add_time= 0.000070918
2600 0.000064127 2600 0.000009811 add_time= 0.000115300
2805 0.000073999 2805 0.000008514 add_time= 0.000113672
2750 0.000081458 2750 0.000007684 add_time= 0.000116792
1275 0.000038358 1275 0.000007408 add_time= 0.000067976
2862 0.000415247 2862 0.000007211 add_time= 0.000439804
2750 0.000086734 2750 0.000006394 add_time= 0.000108969
2970 0.000095891 2970 0.000007039 add_time= 0.000126011
2750 0.000125672 2750 0.000005950 add_time= 0.000146174
2550 0.000181429 2550 0.000005917 add_time= 0.000201050
1250 0.000096131 1250 0.000005644 add_time= 0.000114891
2750 0.000081331 2750 0.000008352 add_time= 0.000106127
1250 0.000014487 1250 0.000010967 add_time= 0.000040486
2600 0.000013784 2600 0.000126170 add_time= 0.000154151
2750 0.000171368 2750 0.000006059 add_time= 0.000191177
2805 0.000318810 2805 0.000007787 add_time= 0.000342114
2500 0.000078978 2500 0.000005868 add_time= 0.000107019
2700 0.000103615 2700 0.000008798 add_time= 0.000128211
1250 0.000060933 1250 0.000006304 add_time= 0.000080158
2750 0.000020965 2750 0.000128149 add_time= 0.000165830
2860 0.000124118 2860 0.000007060 add_time= 0.000157262
3025 0.000140540 3025 0.000006734 add_time= 0.000161527
2970 0.000153783 2970 0.000007052 add_time= 0.000176985
1250 0.000069348 1250 0.000032858 add_time= 0.000114928
2700 0.000114933 2700 0.000007572 add_time= 0.000138361
1250 0.000051360 1250 0.000006060 add_time= 0.000070502
2650 0.000229533 2650 0.000007911 add_time= 0.000253134
2860 0.000072145 2860 0.000006768 add_time= 0.000093538
2500 0.000091705 2500 0.000007561 add_time= 0.000114361
2650 0.000071056 2650 0.000006541 add_time= 0.000092673
3025 0.000071180 3025 0.000007332 add_time= 0.000094604
2650 0.000155261 2650 0.000006988 add_time= 0.000179357
2860 0.000006996 2860 0.000015771 add_time= 0.000037195
2750 0.000124012 2750 0.000027649 add_time= 0.000166859
2750 0.000078766 2750 0.000006955 add_time= 0.000109599
2550 0.000086178 2550 0.000006492 add_time= 0.000116473
2700 0.000072110 2700 0.000006403 add_time= 0.000092117
2750 0.000196936 2750 0.000007004 add_time= 0.000220896
2652 0.000176577 2652 0.000027573 add_time= 0.000219988
1250 0.000128657 1250 0.000005479 add_time= 0.000151039
2750 0.000107715 2750 0.000007310 add_time= 0.000132750
2550 0.000084066 2550 0.000005937 add_time= 0.000110143
2500 0.000062663 2500 0.000007136 add_time= 0.000083413
2500 0.000188511 2500 0.000007339 add_time= 0.000212627
2600 0.000076759 2600 0.000006079 add_time= 0.000096842
2600 0.000062483 2600 0.000017930 add_time= 0.000095002
1250 0.000042398 1250 0.000005609 add_time= 0.000059643
2550 0.000091214 2550 0.000005840 add_time= 0.000110447
2750 0.000047787 2750 0.000006057 add_time= 0.000067623
1375 0.000077938 1375 0.000005622 add_time= 0.000094638
2650 0.000139819 2650 0.000007613 add_time= 0.000164668
2600 0.000102024 2600 0.000006597 add_time= 0.000122522
2600 0.000084486 2600 0.000005821 add_time= 0.000103482
2550 0.000078632 2550 0.000005918 add_time= 0.000097837
2550 0.000040131 2550 0.000006237 add_time= 0.000070983
2970 0.000075149 2970 0.000006535 add_time= 0.000096109
2550 0.000153859 2550 0.000010279 add_time= 0.000177174
2500 0.000267788 2500 0.000007204 add_time= 0.000290382
2500 0.000186120 2500 0.000007318 add_time= 0.000208755
2500 0.000106606 2500 0.000026813 add_time= 0.000148336
2500 0.000067620 2500 0.000005856 add_time= 0.000087506
2970 0.000039555 2970 0.000005647 add_time= 0.000059324
1300 0.000085210 1300 0.000005442 add_time= 0.000101563
2750 0.000293045 2750 0.000006920 add_time= 0.000316034
2704 0.000015457 2704 0.000015471 add_time= 0.000056595
2500 0.000090766 2500 0.000006908 add_time= 0.000111060
2550 0.000125179 2550 0.000022991 add_time= 0.000161528
2550 0.000131706 2550 0.000005542 add_time= 0.000150368
2750 0.000064033 2750 0.000005442 add_time= 0.000104337
1250 0.000337899 1250 0.000007216 add_time= 0.000358073
2600 0.000127785 2600 0.000006883 add_time= 0.000148923
1375 0.000145918 1375 0.000005734 add_time= 0.000162756
2750 0.000063317 2750 0.000006412 add_time= 0.000091462
2600 0.000040705 2600 0.000005337 add_time= 0.000058810
2550 0.000279771 2550 0.000006297 add_time= 0.000299979
3025 0.000054966 3025 0.000011448 add_time= 0.000091433
1250 0.000108823 1250 0.000005392 add_time= 0.000124411
2500 0.000494628 2500 0.000006496 add_time= 0.000520235
2750 0.001759259 2750 0.000007577 add_time= 0.001790812
2750 0.000069894 2750 0.000016394 add_time= 0.000102216
2808 0.000300067 2808 0.000006632 add_time= 0.000334268
2500 0.000009402 2500 0.000202290 add_time= 0.000228748
2750 0.001205568 2750 0.000007474 add_time= 0.001248617
2754 0.000200375 2754 0.000006095 add_time= 0.000220793
2970 0.000044714 2970 0.000006385 add_time= 0.000067007
1250 0.000062764 1250 0.000006385 add_time= 0.000091699
2703 0.000322270 2703 0.000006903 add_time= 0.000345454
2650 0.000172111 2650 0.000006361 add_time= 0.000198939
2750 0.000089070 2750 0.000006222 add_time= 0.000109393
2750 0.000127021 2750 0.000013965 add_time= 0.000155488
2550 0.000096981 2550 0.000007393 add_time= 0.000120258
2500 0.000157510 2500 0.000006145 add_time= 0.000177573
2500 0.000073902 2500 0.000006720 add_time= 0.000096662
2600 0.000007556 2600 0.000015218 add_time= 0.000041007
2600 0.000006299 2600 0.000034559 add_time= 0.000060618
2750 0.000343209 2750 0.000006608 add_time= 0.000365941
2500 0.000078550 2500 0.000005722 add_time= 0.000109225
2550 0.000076123 2550 0.000006204 add_time= 0.000097612
2550 0.000197169 2550 0.000006043 add_time= 0.000217701
2550 0.000109645 2550 0.000006817 add_time= 0.000132168
2550 0.000619746 2550 0.000006514 add_time= 0.000643429
2500 0.000119123 2500 0.000006439 add_time= 0.000139676
2500 0.000080157 2500 0.000006866 add_time= 0.000102383
2805 0.000103302 2805 0.000007527 add_time= 0.000126757
2750 0.000052881 2750 0.000006593 add_time= 0.000074986
2700 0.000426675 2700 0.000006581 add_time= 0.000457831
2600 0.000148525 2600 0.000006621 add_time= 0.000170928
3025 0.000147851 3025 0.000007450 add_time= 0.000173337
2750 0.000150493 2750 0.000007551 add_time= 0.000178387
2500 0.000140033 2500 0.000007305 add_time= 0.000167414
2550 0.000264662 2550 0.000006707 add_time= 0.000287943
2500 0.000160042 2500 0.000006085 add_time= 0.000180544
2550 0.000251962 2550 0.000006291 add_time= 0.000280519
2750 0.000251403 2750 0.000006703 add_time= 0.000273741
3025 0.000063170 3025 0.000006753 add_time= 0.000087116
2500 0.000118233 2500 0.000006714 add_time= 0.000141118
2700 0.000252786 2700 0.000006552 add_time= 0.000275664
2500 0.000077571 2500 0.000006809 add_time= 0.000102879
2809 0.000125219 2809 0.000006920 add_time= 0.000149997
2600 0.000007220 2600 0.000034422 add_time= 0.000057278
2600 0.000051984 2600 0.000006533 add_time= 0.000072863
2500 0.000061817 2500 0.000006123 add_time= 0.000082510
2550 0.000079191 2550 0.000006320 add_time= 0.000098754
2805 0.000117223 2805 0.000006263 add_time= 0.000137322
2700 0.000046767 2700 0.000006480 add_time= 0.000067085
1375 0.000103425 1375 0.000006106 add_time= 0.000121399
2500 0.000096046 2500 0.000008034 add_time= 0.000140924
2500 0.000078925 2500 0.000008219 add_time= 0.000118998
2700 0.000065947 2700 0.000007237 add_time= 0.000097345
2550 0.000059095 2550 0.000007475 add_time= 0.000090791
2500 0.000115036 2500 0.000017319 add_time= 0.000159603
2750 0.000102501 2750 0.000008650 add_time= 0.000141596
2862 0.000171658 2862 0.000006698 add_time= 0.000193986
2704 0.000015908 2704 0.000025067 add_time= 0.000066326
2750 0.000087678 2750 0.000007226 add_time= 0.000109851
2750 0.000156487 2750 0.000015060 add_time= 0.000186537
2805 0.000107818 2805 0.000006323 add_time= 0.000127512
2550 0.000153444 2550 0.000006702 add_time= 0.000172230
2500 0.000012579 2500 0.000075818 add_time= 0.000110580
2750 0.000089541 2750 0.000006840 add_time= 0.000112434
2500 0.000101702 2500 0.000006829 add_time= 0.000139738
2550 0.000107777 2550 0.000012919 add_time= 0.000146751
2808 0.000142473 2808 0.000005701 add_time= 0.000163550
2500 0.000177789 2500 0.000016125 add_time= 0.000210824
2500 0.000022029 2500 0.000157330 add_time= 0.000198368
2750 0.000083021 2750 0.000006829 add_time= 0.000118609
2500 0.000107855 2500 0.000006771 add_time= 0.000131006
2550 0.000215802 2550 0.000007246 add_time= 0.000239926
2700 0.000171166 2700 0.000015969 add_time= 0.000203727
2500 0.000155037 2500 0.000027327 add_time= 0.000198182
2550 0.000117930 2550 0.000008652 add_time= 0.000147192
2600 0.000051884 2600 0.000006544 add_time= 0.000074704
2500 0.000113571 2500 0.000006647 add_time= 0.000147811
3025 0.000058461 3025 0.000006303 add_time= 0.000081900
2600 0.000035257 2600 0.000006320 add_time= 0.000056460
2550 0.000074531 2550 0.000006704 add_time= 0.000097125
2650 0.000218620 2650 0.000019372 add_time= 0.000254718
2750 0.000023526 2750 0.000023865 add_time= 0.000067464
2750 0.000152696 2750 0.000007553 add_time= 0.000177278
2750 0.000070848 2750 0.000007332 add_time= 0.000101571
2805 0.000127520 2805 0.000007656 add_time= 0.000152546
2805 0.000075709 2805 0.000007318 add_time= 0.000100515
2750 0.000134232 2750 0.000007327 add_time= 0.000168961
2600 0.000321737 2600 0.000007721 add_time= 0.000348647
2550 0.000084704 2550 0.000006849 add_time= 0.000108080
2600 0.000056577 2600 0.000007070 add_time= 0.000079864
2500 0.000078544 2500 0.000006284 add_time= 0.000099577
2601 0.000196565 2601 0.000006931 add_time= 0.000219670
2550 0.000127912 2550 0.000014733 add_time= 0.000157511
2550 0.000021036 2550 0.000134212 add_time= 0.000174161
2550 0.000053193 2550 0.000006951 add_time= 0.000075901
2970 0.000086967 2970 0.000007351 add_time= 0.000111530
2600 0.000151159 2600 0.000018318 add_time= 0.000185766
2750 0.000089490 2750 0.000006904 add_time= 0.000113390
2600 0.000146472 2600 0.000008976 add_time= 0.000181012
2600 0.000066364 2600 0.000007821 add_time= 0.000090508
1375 0.000068987 1375 0.000005345 add_time= 0.000087477
2550 0.000085335 2550 0.000006524 add_time= 0.000106792
2550 0.000082000 2550 0.000015584 add_time= 0.000114010
2862 0.000109799 2862 0.000006151 add_time= 0.000135399
2500 0.000021360 2500 0.000073415 add_time= 0.000112888
2750 0.000166345 2750 0.000007942 add_time= 0.000191679
2750 0.000063944 2750 0.000007114 add_time= 0.000086607
1275 0.000178521 1275 0.000005937 add_time= 0.000198177
2862 0.000065069 2862 0.000017896 add_time= 0.000098531
2500 0.000239742 2500 0.000015243 add_time= 0.000268611
2703 0.000104261 2703 0.000006814 add_time= 0.000137192
2500 0.000056715 2500 0.000006757 add_time= 0.000080385
2750 0.000068269 2750 0.000014714 add_time= 0.000098685
2550 0.000087255 2550 0.000014955 add_time= 0.000117174
2500 0.000080385 2500 0.000013231 add_time= 0.000107324
2500 0.000230487 2500 0.000007967 add_time= 0.000257064
2652 0.000079070 2652 0.000006507 add_time= 0.000100354
2750 0.000128977 2750 0.000006895 add_time= 0.000150308
2500 0.000082218 2500 0.000005997 add_time= 0.000117030
2500 0.000173781 2500 0.000006455 add_time= 0.000194303
2500 0.000105453 2500 0.000005990 add_time= 0.000133157
625 0.000385025 625 0.000018194 add_time= 0.000414133
2600 0.000011078 2600 0.000027095 add_time= 0.000067426
2860 0.000007528 2860 0.000030239 add_time= 0.000065256
1375 0.000065597 1375 0.000006243 add_time= 0.000090894
2500 0.000142424 2500 0.000015122 add_time= 0.000174905
2650 0.000068098 2650 0.000006085 add_time= 0.000089984
1275 0.000360232 1275 0.000005221 add_time= 0.000386976
2750 0.000133919 2750 0.000006478 add_time= 0.000155728
2500 0.000443882 2500 0.000007204 add_time= 0.000469282
3025 0.000089255 3025 0.000007255 add_time= 0.000114681
2700 0.000130696 2700 0.000006430 add_time= 0.000161505
2550 0.000234082 2550 0.000005894 add_time= 0.000254706
2550 0.000107316 2550 0.000006801 add_time= 0.000131201
2550 0.000114053 2550 0.000006598 add_time= 0.000136839
1250 0.000227444 1250 0.000006126 add_time= 0.000246007
2915 0.000264395 2915 0.000013793 add_time= 0.000295292
2500 0.000227338 2500 0.000006227 add_time= 0.000267654
2750 0.000163812 2750 0.000005831 add_time= 0.000184073
2750 0.000062266 2750 0.000005699 add_time= 0.000082382
2754 0.000309746 2754 0.000007447 add_time= 0.000337412
2500 0.000100614 2500 0.000006693 add_time= 0.000129861
2750 0.000099473 2750 0.000006948 add_time= 0.000121140
2650 0.000108682 2650 0.000006870 add_time= 0.000131657
2600 0.000094243 2600 0.000007340 add_time= 0.000123368
2750 0.000068862 2750 0.000006060 add_time= 0.000089240
1250 0.000077571 1250 0.000005329 add_time= 0.000094541
2750 0.000106146 2750 0.000007348 add_time= 0.000130056
2862 0.000262636 2862 0.000006475 add_time= 0.000285361
1375 0.000096917 1375 0.000017816 add_time= 0.000128721
2500 0.000333644 2500 0.000007101 add_time= 0.000355823
2750 0.000078980 2750 0.000007106 add_time= 0.000099949
2750 0.000068032 2750 0.000006512 add_time= 0.000089666
2750 0.000156989 2750 0.000013822 add_time= 0.000186172
2970 0.000052801 2970 0.000006120 add_time= 0.000074873
1375 0.000102121 1375 0.000005788 add_time= 0.000120405
2650 0.000092691 2650 0.000006651 add_time= 0.000122896
2500 0.000075806 2500 0.000037032 add_time= 0.000135992
2650 0.000114178 2650 0.000006776 add_time= 0.000137034
2600 0.000143085 2600 0.000006838 add_time= 0.000166140
2500 0.000313814 2500 0.000006028 add_time= 0.000334170
1250 0.000094709 1250 0.000006852 add_time= 0.000125086
2550 0.000302829 2550 0.000006210 add_time= 0.000325440
2970 0.000120383 2970 0.000007547 add_time= 0.000143181
2750 0.000073437 2750 0.000015282 add_time= 0.000105502
2550 0.000291793 2550 0.000006484 add_time= 0.000321365
2970 0.000067423 2970 0.000006132 add_time= 0.000087605
2600 0.000094057 2600 0.000007119 add_time= 0.000117408
2915 0.000115758 2915 0.000007041 add_time= 0.000140267
2500 0.000069516 2500 0.000007288 add_time= 0.000092671
2500 0.000203026 2500 0.000007551 add_time= 0.000225448
2550 0.000058454 2550 0.000007046 add_time= 0.000079376
2601 0.000053295 2601 0.000006670 add_time= 0.000081356
2500 0.000053678 2500 0.000006247 add_time= 0.000072767
2650 0.000398937 2650 0.000008264 add_time= 0.000443802
2750 0.000051239 2750 0.000008546 add_time= 0.000086628
2700 0.000051576 2700 0.000008167 add_time= 0.000084812
2550 0.000048387 2550 0.000008684 add_time= 0.000093319
2750 0.000096690 2750 0.000008716 add_time= 0.000131394
2500 0.000197000 2500 0.000007488 add_time= 0.000221894
2750 0.000058554 2750 0.000007019 add_time= 0.000082416
2500 0.000099637 2500 0.000006813 add_time= 0.000132510
2750 0.000113243 2750 0.000006381 add_time= 0.000133995
1250 0.000138610 1250 0.000005757 add_time= 0.000157945
2750 0.000082278 2750 0.000006697 add_time= 0.000112323
2862 0.000227189 2862 0.000007382 add_time= 0.000252014
2600 0.000095493 2600 0.000007463 add_time= 0.000118124
2970 0.000218550 2970 0.000018151 add_time= 0.000250758
2650 0.000116435 2650 0.000007451 add_time= 0.000140325
2805 0.000109708 2805 0.000006489 add_time= 0.000130338
2808 0.000100544 2808 0.000006600 add_time= 0.000123737
2600 0.000073428 2600 0.000027195 add_time= 0.000116766
2703 0.000182812 2703 0.000007433 add_time= 0.000217240
2704 0.000015394 2704 0.000015918 add_time= 0.000045699
2500 0.000226729 2500 0.000006382 add_time= 0.000246845
2805 0.000086449 2805 0.000007127 add_time= 0.000123748
2500 0.000121009 2500 0.000007210 add_time= 0.000149340
2500 0.000048953 2500 0.000007749 add_time= 0.000073080
2650 0.000064863 2650 0.000006929 add_time= 0.000089383
2652 0.000140402 2652 0.000007252 add_time= 0.000163076
2750 0.000205494 2750 0.000006583 add_time= 0.000227641
2805 0.000064162 2805 0.000007278 add_time= 0.000087190
2500 0.000119086 2500 0.000006267 add_time= 0.000141271
1300 0.000057187 1300 0.000005991 add_time= 0.000075759
2915 0.000148682 2915 0.000007021 add_time= 0.000172982
2600 0.000085352 2600 0.000006198 add_time= 0.000105193
2750 0.000090402 2750 0.000006473 add_time= 0.000113073
2750 0.000087640 2750 0.000005779 add_time= 0.000127304
2700 0.000206582 2700 0.000007714 add_time= 0.000238344
2500 0.000107240 2500 0.000006147 add_time= 0.000134279
2750 0.000019686 2750 0.000185252 add_time= 0.000223351
2550 0.000088826 2550 0.000006823 add_time= 0.000111035
2750 0.000071350 2750 0.000006509 add_time= 0.000092399
2500 0.000077625 2500 0.000006607 add_time= 0.000097483
2601 0.000099885 2601 0.000006247 add_time= 0.000120358
2750 0.000179981 2750 0.000007631 add_time= 0.000214421
1250 0.000071844 1250 0.000006238 add_time= 0.000090568
2860 0.000019672 2860 0.000156453 add_time= 0.000194117
2500 0.000137894 2500 0.000006570 add_time= 0.000159754
1250 0.000101591 1250 0.000005967 add_time= 0.000119291
2750 0.000073778 2750 0.000006125 add_time= 0.000102751
2500 0.000045499 2500 0.000007279 add_time= 0.000067877
2704 0.000021424 2704 0.000015718 add_time= 0.000054575
2600 0.000143446 2600 0.000006335 add_time= 0.000163484
2805 0.000183969 2805 0.000022880 add_time= 0.000223016
2652 0.000092682 2652 0.000006687 add_time= 0.000113417
2550 0.000085904 2550 0.000006651 add_time= 0.000108005
3025 0.000072130 3025 0.000007180 add_time= 0.000095269
1375 0.000054111 1375 0.000005772 add_time= 0.000071264
2550 0.000016351 2550 0.000015215 add_time= 0.000048135
2600 0.000015073 2600 0.000014961 add_time= 0.000044248
2750 0.000401393 2750 0.000007348 add_time= 0.000424740
2500 0.000071187 2500 0.000007014 add_time= 0.000092850
2550 0.000070680 2550 0.000006260 add_time= 0.000091917
2750 0.000053176 2750 0.000006045 add_time= 0.000073443
1250 0.000042000 1250 0.000005384 add_time= 0.000059020
2703 0.000384112 2703 0.000013299 add_time= 0.000413682
2600 0.000061219 2600 0.000006505 add_time= 0.000081742
2750 0.000074990 2750 0.000006146 add_time= 0.000094931
2550 0.000066215 2550 0.000007111 add_time= 0.000088362
2600 0.000078671 2600 0.000005931 add_time= 0.000098630
2805 0.000140204 2805 0.000006455 add_time= 0.000171470
2500 0.000310301 2500 0.000006872 add_time= 0.000332514
2600 0.000042244 2600 0.000007045 add_time= 0.000063977
2550 0.000135069 2550 0.000005556 add_time= 0.000161950
2750 0.000098302 2750 0.000006970 add_time= 0.000119537
2550 0.000053694 2550 0.000006130 add_time= 0.000073483
3025 0.000054478 3025 0.000006697 add_time= 0.000076263
2600 0.000766775 2600 0.000010268 add_time= 0.000803390
2600 0.000115341 2600 0.000007286 add_time= 0.000138475
2750 0.000319814 2750 0.000006088 add_time= 0.000341171
2750 0.000254623 2750 0.000006171 add_time= 0.000275084
2550 0.000406283 2550 0.000005837 add_time= 0.000426408
2550 0.000101717 2550 0.000006429 add_time= 0.000122188
2650 0.000490161 2650 0.000006438 add_time= 0.000513121
2750 0.000070191 2750 0.000007183 add_time= 0.000094533
2750 0.000191382 2750 0.000007350 add_time= 0.000215645
2500 0.000075999 2500 0.000007146 add_time= 0.000099677
2700 0.000051543 2700 0.000006309 add_time= 0.000073864
1250 0.000066137 1250 0.000006506 add_time= 0.000085895
2600 0.000262386 2600 0.000006362 add_time= 0.000285182
2500 0.000207549 2500 0.000007265 add_time= 0.000230558
2750 0.000150162 2750 0.000006608 add_time= 0.000172386
2500 0.000192068 2500 0.000006507 add_time= 0.000221487
2700 0.000076307 2700 0.000015673 add_time= 0.000108327
2750 0.000138611 2750 0.000007146 add_time= 0.000160473
2550 0.000163285 2550 0.000006568 add_time= 0.000185866
2600 0.000057007 2600 0.000015628 add_time= 0.000086904
2600 0.000171507 2600 0.000007669 add_time= 0.000194635
2500 0.000121669 2500 0.000006803 add_time= 0.000155064
2754 0.000053917 2754 0.000017973 add_time= 0.000088025
2750 0.000160060 2750 0.000006297 add_time= 0.000181115
