2550 0.000056384 2550 0.000014532 add_time= 0.001645212
2500 0.000029285 2500 0.000007846 add_time= 0.000063365
2700 0.000074319 2700 0.000006955 add_time= 0.000100176
3025 0.000077788 3025 0.000006719 add_time= 0.000100868
1250 0.000250846 1250 0.000006923 add_time= 0.000275270
2550 0.000151067 2550 0.000007351 add_time= 0.000177085
2500 0.000058255 2500 0.000006963 add_time= 0.000085889
2600 0.000576166 2600 0.000064156 add_time= 0.000674368
2805 0.000008302 2805 0.000023841 add_time= 0.000074232
2600 0.000513563 2600 0.000010251 add_time= 0.000545062
2750 0.000858267 2750 0.000008055 add_time= 0.000891751
2700 0.000087505 2700 0.000007458 add_time= 0.000110625
2750 0.000070239 2750 0.000007541 add_time= 0.000093879
1375 0.000263046 1375 0.000005907 add_time= 0.000282620
2700 0.000240072 2700 0.000019752 add_time= 0.000308025
2805 0.000024729 2805 0.000015187 add_time= 0.000060072
2652 0.000434364 2652 0.000012735 add_time= 0.000504243
1250 0.000210326 1250 0.000008036 add_time= 0.000247958
2704 0.000405450 2704 0.000008126 add_time= 0.000444697
2550 0.000007435 2550 0.000022883 add_time= 0.000048016
2750 0.001418403 2750 0.000007482 add_time= 0.001443019
2750 0.000140470 2750 0.000011050 add_time= 0.000258280
3025 0.000064019 3025 0.000008719 add_time= 0.000126511
2703 0.000037286 2703 0.000024970 add_time= 0.000089714
2750 0.000554181 2750 0.000014532 add_time= 0.002360319
2550 0.000067291 2550 0.000007737 add_time= 0.000092834
2860 0.000256902 2860 0.000009124 add_time= 0.000289202
2650 0.000019270 2650 0.000024640 add_time= 0.000068751
1375 0.000101359 1375 0.000007530 add_time= 0.000136000
2860 0.000372847 2860 0.000039750 add_time= 0.000526846
2805 0.000019526 2805 0.000028130 add_time= 0.000064069
1250 0.000286845 1250 0.000014842 add_time= 0.000328211
2756 0.000157068 2756 0.000007581 add_time= 0.000188094
2970 0.000041285 2970 0.000007080 add_time= 0.000065599
2500 0.000238833 2500 0.000007531 add_time= 0.000262339
2650 0.000426740 2650 0.000008744 add_time= 0.000476475
1250 0.000023779 1250 0.000020688 add_time= 0.000058746
2500 0.000666406 2500 0.000007728 add_time= 0.000695617
2500 0.000008617 2500 0.000016198 add_time= 0.000041483
2500 0.000125021 2500 0.000007323 add_time= 0.000149177
2915 0.000145246 2915 0.000009027 add_time= 0.000185369
2500 0.000058594 2500 0.000006891 add_time= 0.000086271
2916 0.000175856 2916 0.000008199 add_time= 0.000201422
2809 0.000218931 2809 0.000021366 add_time= 0.000392232
2550 0.000123954 2550 0.000009194 add_time= 0.000160146
2700 0.000095329 2700 0.000008243 add_time= 0.000137476
2805 0.000047899 2805 0.000010044 add_time= 0.000086025
