2600 0.000286295 2600 0.000015329 add_time= 0.001771456
2500 0.000064699 2500 0.000009142 add_time= 0.000101869
2750 0.000156922 2750 0.000020417 add_time= 0.000212988
2750 0.000088179 2750 0.000009066 add_time= 0.000110986
1375 0.000018952 1375 0.000019980 add_time= 0.000064788
2500 0.000090305 2500 0.000006492 add_time= 0.000114748
2805 0.000083688 2805 0.000006801 add_time= 0.000105608
2750 0.000077763 2750 0.000006882 add_time= 0.000110505
3025 0.000456204 3025 0.000009554 add_time= 0.000572471
2805 0.000142785 2805 0.000019841 add_time= 0.000178743
2750 0.000008733 2750 0.000027905 add_time= 0.000065248
2500 0.000211912 2500 0.000014841 add_time= 0.000242827
1250 0.000098319 1250 0.000006582 add_time= 0.000128861
2750 0.000029200 2750 0.000018506 add_time= 0.000095230
2703 0.000316479 2703 0.000010130 add_time= 0.000342783
1275 0.000080668 1275 0.000006154 add_time= 0.000100877
2750 0.000012505 2750 0.000017247 add_time= 0.000054516
2750 0.000082978 2750 0.000007254 add_time= 0.000106466
2500 0.000211806 2500 0.000007453 add_time= 0.000236238
2750 0.000016894 2750 0.000024370 add_time= 0.000098012
2805 0.000789076 2805 0.000009422 add_time= 0.000847835
2550 0.000102086 2550 0.000015867 add_time= 0.000144025
2700 0.000112612 2700 0.000006857 add_time= 0.000147093
2805 0.000271353 2805 0.000027233 add_time= 0.000479187
2601 0.000620466 2601 0.000018126 add_time= 0.000703345
2600 0.000180432 2600 0.000015095 add_time= 0.001663219
2500 0.000093852 2500 0.000008513 add_time= 0.000118534
3025 0.000100423 3025 0.000010114 add_time= 0.000139983
2500 0.000461411 2500 0.000020010 add_time= 0.000501981
2750 0.000065180 2750 0.000007565 add_time= 0.000089808
2750 0.000101683 2750 0.000008007 add_time= 0.000125753
2500 0.000132639 2500 0.000005963 add_time= 0.000152714
2500 0.000592671 2500 0.000032492 add_time= 0.000659873
2500 0.000332130 2500 0.000020746 add_time= 0.000368867
2700 0.000070792 2700 0.000016120 add_time= 0.000104271
2600 0.000584429 2600 0.000008148 add_time= 0.000616058
1375 0.000162283 1375 0.000006637 add_time= 0.000184461
2915 0.000109713 2915 0.000006580 add_time= 0.000152979
2500 0.000204532 2500 0.000037018 add_time= 0.000257112
2500 0.000271259 2500 0.000041254 add_time= 0.000351962
2500 0.000092772 2500 0.000006741 add_time= 0.000123629
2860 0.000257370 2860 0.000008785 add_time= 0.000301948
2970 0.000085234 2970 0.000006829 add_time= 0.000109029
1250 0.000457441 1250 0.000006915 add_time= 0.000478429
1250 0.000175287 1250 0.000008482 add_time= 0.000202575
2750 0.000130808 2750 0.000007118 add_time= 0.000155855
2915 0.000101474 2915 0.000007398 add_time= 0.000125740
2550 0.000300321 2550 0.000010794 add_time= 0.000416535
2700 0.000033070 2700 0.000035488 add_time= 0.000100075
2500 0.000112684 2500 0.000009027 add_time= 0.000146935
2703 0.000048705 2703 0.000013505 add_time= 0.001188978
2500 0.000037814 2500 0.000006898 add_time= 0.000060816
2500 0.000066450 2500 0.000007518 add_time= 0.000095813
2750 0.000015885 2750 0.000023958 add_time= 0.000054734
2754 0.000015190 2754 0.000034265 add_time= 0.000064383
2750 0.000085683 2750 0.000011483 add_time= 0.000110661
2500 0.000275613 2500 0.000007006 add_time= 0.000298585
2500 0.000121829 2500 0.000008156 add_time= 0.000152810
2750 0.000078751 2750 0.000014037 add_time= 0.000107925
2550 0.000065550 2550 0.000006136 add_time= 0.000095499
2500 0.000021965 2500 0.000020270 add_time= 0.000056217
2500 0.000112872 2500 0.000017872 add_time= 0.000154631
2550 0.000026907 2550 0.000006241 add_time= 0.000047094
2600 0.000419453 2600 0.000008454 add_time= 0.000469578
2750 0.000075082 2750 0.000007218 add_time= 0.000112962
2750 0.000023074 2750 0.000006810 add_time= 0.000047701
2550 0.000007237 2550 0.000024838 add_time= 0.000048777
2500 0.000088337 2500 0.000007222 add_time= 0.000112545
1275 0.000039196 1275 0.000018068 add_time= 0.000073899
2750 0.000427274 2750 0.000015262 add_time= 0.000459085
2915 0.000040335 2915 0.000009593 add_time= 0.000066904
2805 0.000046826 2805 0.000006805 add_time= 0.000070737
2750 0.000070457 2750 0.000006557 add_time= 0.000093731
2500 0.000056627 2500 0.000006553 add_time= 0.000078944
2600 0.000052462 2600 0.000007127 add_time= 0.000095137
2600 0.000021516 2600 0.000006492 add_time= 0.000044630
2550 0.000193127 2550 0.000010150 add_time= 0.000219614
2750 0.000323511 2750 0.000007250 add_time= 0.000350859
2601 0.000082635 2601 0.000006289 add_time= 0.000105517
2500 0.000036542 2500 0.000006726 add_time= 0.000069705
625 0.000043806 625 0.000007547 add_time= 0.000066445
1325 0.000457085 1325 0.000006728 add_time= 0.000479439
2500 0.000242025 2500 0.000006379 add_time= 0.000264690
2750 0.000454284 2750 0.000007394 add_time= 0.000478675
2550 0.000005517 2550 0.000012892 add_time= 0.000033513
2650 0.000189456 2650 0.000019178 add_time= 0.000226453
2750 0.000045059 2750 0.000008613 add_time= 0.000079212
2915 0.000411029 2915 0.000007388 add_time= 0.000437533
2750 0.000045360 2750 0.000007695 add_time= 0.000069405
2500 0.000602856 2500 0.000007397 add_time= 0.000625854
2500 0.000024370 2500 0.000079170 add_time= 0.000121541
2805 0.000105013 2805 0.000006686 add_time= 0.000127689
2650 0.000056270 2650 0.000006787 add_time= 0.000078940
2750 0.000112108 2750 0.000009014 add_time= 0.000193018
2500 0.000044334 2500 0.000008515 add_time= 0.000081695
2600 0.000033882 2600 0.000008393 add_time= 0.000078110
2550 0.000074675 2550 0.000024143 add_time= 0.000139660
2500 0.000062781 2500 0.000007989 add_time= 0.000096752
2550 0.000425145 2550 0.000008005 add_time= 0.000462251
2750 0.000573130 2750 0.000007790 add_time= 0.000600428
2805 0.000139835 2805 0.000006327 add_time= 0.000161875
2970 0.000080975 2970 0.000007151 add_time= 0.000106468
2550 0.000090928 2550 0.000013935 add_time= 0.000121747
2500 0.000414522 2500 0.000007478 add_time= 0.000438649
2500 0.000090811 2500 0.000017883 add_time= 0.000125668
2703 0.000289608 2703 0.000007041 add_time= 0.000325155
2500 0.000327021 2500 0.000007613 add_time= 0.000352066
2750 0.000053297 2750 0.000006320 add_time= 0.000076493
2650 0.000180985 2650 0.000006684 add_time= 0.000204768
2860 0.000247102 2860 0.000006834 add_time= 0.000271037
2500 0.000204765 2500 0.000006547 add_time= 0.000245638
2550 0.000006494 2550 0.000043804 add_time= 0.000066615
2500 0.000262295 2500 0.000007139 add_time= 0.000284811
2500 0.000228084 2500 0.000006843 add_time= 0.000251952
2500 0.000064934 2500 0.000006210 add_time= 0.000092918
2750 0.000117437 2750 0.000007645 add_time= 0.000142623
2700 0.000016019 2700 0.000022856 add_time= 0.000055834
2700 0.000025226 2700 0.000015139 add_time= 0.000058555
1300 0.000068942 1300 0.000005892 add_time= 0.000088568
2703 0.000143944 2703 0.000007622 add_time= 0.000169434
2550 0.000122316 2550 0.000006241 add_time= 0.000145094
2550 0.000115782 2550 0.000007816 add_time= 0.000140620
2500 0.000006650 2500 0.000022084 add_time= 0.000043972
2754 0.000096557 2754 0.000006216 add_time= 0.000119146
1250 0.000033499 1250 0.000007198 add_time= 0.000055618
2500 0.000199477 2500 0.000007960 add_time= 0.000241247
3025 0.000136540 3025 0.000009090 add_time= 0.000166822
2550 0.000018121 2550 0.000130270 add_time= 0.000168160
1350 0.000145200 1350 0.000014053 add_time= 0.000174709
1250 0.000032384 1250 0.000005575 add_time= 0.000062551
1250 0.000326048 1250 0.000006978 add_time= 0.000348427
2500 0.000231190 2500 0.000007962 add_time= 0.000256525
2750 0.000107165 2750 0.000009871 add_time= 0.000143088
2550 0.000195922 2550 0.000005772 add_time= 0.000226530
2700 0.000027587 2700 0.000006227 add_time= 0.000047839
1250 0.000071508 1250 0.000005768 add_time= 0.000104062
2550 0.000396971 2550 0.000006581 add_time= 0.000420203
2500 0.000089293 2500 0.000006939 add_time= 0.000122716
2750 0.000044324 2750 0.000014492 add_time= 0.000073783
2500 0.000005735 2500 0.000035554 add_time= 0.000055368
2500 0.000045801 2500 0.000006278 add_time= 0.000067493
2500 0.000107478 2500 0.000006804 add_time= 0.000129887
2756 0.000069466 2756 0.000008569 add_time= 0.000125134
2860 0.000037949 2860 0.000008786 add_time= 0.000080062
2750 0.000029660 2750 0.000008946 add_time= 0.000066649
2550 0.000061476 2550 0.000008381 add_time= 0.000095440
2808 0.000026925 2808 0.000008186 add_time= 0.000063552
1250 0.000101314 1250 0.000008235 add_time= 0.000141259
2500 0.000186607 2500 0.000006843 add_time= 0.000210637
2600 0.000067479 2600 0.000006494 add_time= 0.000090281
2750 0.000025572 2750 0.000006836 add_time= 0.000055308
2601 0.000050790 2601 0.000006411 add_time= 0.000073410
2500 0.000054556 2500 0.000006526 add_time= 0.000077019
1250 0.000032343 1250 0.000006812 add_time= 0.000053321
2500 0.000381481 2500 0.000006945 add_time= 0.000405483
2600 0.000104074 2600 0.000007215 add_time= 0.000127876
2500 0.000081128 2500 0.000006110 add_time= 0.000101821
3025 0.000047725 3025 0.000006786 add_time= 0.000082880
2805 0.000017106 2805 0.000014535 add_time= 0.000048957
2700 0.000037288 2700 0.000006414 add_time= 0.000059318
2600 0.000050126 2600 0.000013404 add_time= 0.000088783
1250 0.000050162 1250 0.000005344 add_time= 0.000067806
2500 0.000537093 2500 0.000007541 add_time= 0.000565819
3025 0.000185803 3025 0.000010832 add_time= 0.000214095
2650 0.000085802 2650 0.000006678 add_time= 0.000120444
2805 0.000078947 2805 0.000006022 add_time= 0.000100266
2500 0.000197394 2500 0.000006723 add_time= 0.000221066
2750 0.000102384 2750 0.000005736 add_time= 0.000123371
2650 0.000227539 2650 0.000007351 add_time= 0.000252525
2600 0.000036674 2600 0.000005952 add_time= 0.000057706
3025 0.000374734 3025 0.000007279 add_time= 0.000399936
2601 0.000087269 2601 0.000005763 add_time= 0.000107984
2550 0.000044643 2550 0.000006830 add_time= 0.000067634
2500 0.000076522 2500 0.000006360 add_time= 0.000098797
2500 0.000173364 2500 0.000006686 add_time= 0.000197573
2860 0.000044433 2860 0.000009583 add_time= 0.000078376
2500 0.000086029 2500 0.000008224 add_time= 0.000110126
2750 0.000053785 2750 0.000006470 add_time= 0.000076030
2601 0.000029271 2601 0.000006690 add_time= 0.000052363
3025 0.000078269 3025 0.000006698 add_time= 0.000121704
1375 0.000039884 1375 0.000009051 add_time= 0.000070312
2750 0.000368913 2750 0.000006796 add_time= 0.000392591
2756 0.000073207 2756 0.000008870 add_time= 0.000097156
3025 0.000167855 3025 0.000007418 add_time= 0.000193329
2750 0.000083478 2750 0.000008260 add_time= 0.000110541
2500 0.000015318 2500 0.000023884 add_time= 0.000054482
2500 0.000087455 2500 0.000014706 add_time= 0.000116682
2500 0.000044267 2500 0.000005759 add_time= 0.000064145
2650 0.000102490 2650 0.000006452 add_time= 0.000126116
2600 0.000052175 2600 0.000006444 add_time= 0.000094745
2500 0.000125898 2500 0.000011717 add_time= 0.000153319
2550 0.000054943 2550 0.000007241 add_time= 0.000078332
2500 0.000107525 2500 0.000006454 add_time= 0.000130673
2805 0.000049036 2805 0.000007345 add_time= 0.000072556
2650 0.000221720 2650 0.000006494 add_time= 0.000259457
2750 0.000122643 2750 0.000006990 add_time= 0.000146753
2550 0.000226442 2550 0.000005854 add_time= 0.000250287
2652 0.000096764 2652 0.000006715 add_time= 0.000119737
2750 0.000049702 2750 0.000007504 add_time= 0.000073871
2500 0.000123244 2500 0.000006611 add_time= 0.000146112
2750 0.000082231 2750 0.000006001 add_time= 0.000110275
2750 0.000046259 2750 0.000008137 add_time= 0.000076934
2550 0.000261468 2550 0.000006608 add_time= 0.000284673
2808 0.000364268 2808 0.000007001 add_time= 0.000388663
1250 0.000085266 1250 0.000006819 add_time= 0.000126561
2756 0.000039895 2756 0.000006341 add_time= 0.000062724
2704 0.000115080 2704 0.000006413 add_time= 0.000137088
2600 0.000208087 2600 0.000006199 add_time= 0.000233150
2550 0.000066350 2550 0.000005647 add_time= 0.000085863
2601 0.000006560 2601 0.000025513 add_time= 0.000047524
2500 0.000980635 2500 0.000006682 add_time= 0.001001611
1250 0.000641213 1250 0.000006197 add_time= 0.000661209
2650 0.000148341 2650 0.000008513 add_time= 0.000195738
1375 0.000039873 1375 0.000007871 add_time= 0.000082436
2550 0.000062554 2550 0.000007816 add_time= 0.000096618
2703 0.000023084 2703 0.000033535 add_time= 0.000082648
2700 0.000090955 2700 0.000008044 add_time= 0.000125669
1375 0.000026221 1375 0.000007512 add_time= 0.000064391
2703 0.000178896 2703 0.000015164 add_time= 0.000211444
2500 0.000107908 2500 0.000006325 add_time= 0.000130461
2550 0.000057879 2550 0.000006478 add_time= 0.000080776
2500 0.000007034 2500 0.000035734 add_time= 0.000058683
2808 0.000411817 2808 0.000014301 add_time= 0.000443013
2500 0.000106320 2500 0.000006344 add_time= 0.000127163
2650 0.000134961 2650 0.000006968 add_time= 0.000167136
2750 0.000026556 2750 0.000006648 add_time= 0.000049639
2750 0.000087800 2750 0.000006691 add_time= 0.000110596
2550 0.000064832 2550 0.000006881 add_time= 0.000088222
2500 0.000076539 2500 0.000006754 add_time= 0.000099105
2500 0.000443126 2500 0.000006701 add_time= 0.000465443
1250 0.000136962 1250 0.000005783 add_time= 0.000156632
2500 0.000062892 2500 0.000005875 add_time= 0.000083192
2805 0.000016347 2805 0.000013648 add_time= 0.000045556
2970 0.000150686 2970 0.000006988 add_time= 0.000174729
1350 0.000480008 1350 0.000005794 add_time= 0.000497631
2550 0.000063622 2550 0.000008017 add_time= 0.000098854
2750 0.000210814 2750 0.000006601 add_time= 0.000243637
2750 0.000119095 2750 0.000007495 add_time= 0.000143061
2500 0.000017975 2500 0.000021596 add_time= 0.000056027
2600 0.000168574 2600 0.000006663 add_time= 0.000192608
3025 0.000032247 3025 0.000006429 add_time= 0.000055149
1250 0.000043380 1250 0.000004924 add_time= 0.000061306
2500 0.000469688 2500 0.000007103 add_time= 0.000493991
2750 0.000052942 2750 0.000006987 add_time= 0.000085408
1375 0.000040927 1375 0.000005675 add_time= 0.000070061
1275 0.000106571 1275 0.000006476 add_time= 0.000137923
2970 0.000161306 2970 0.000006876 add_time= 0.000186451
2600 0.000190187 2600 0.000007069 add_time= 0.000214214
2550 0.000157705 2550 0.000005771 add_time= 0.000177659
2500 0.001818994 2500 0.000007161 add_time= 0.001842482
2550 0.000048523 2550 0.000006553 add_time= 0.000070961
2754 0.000126931 2754 0.000005914 add_time= 0.000148201
3025 0.000024826 3025 0.000006821 add_time= 0.000052354
2500 0.000477905 2500 0.000006839 add_time= 0.000501254
2500 0.000208418 2500 0.000006135 add_time= 0.000230199
2500 0.000815441 2500 0.000007080 add_time= 0.000838753
2805 0.000154146 2805 0.000006507 add_time= 0.000194554
2550 0.000304596 2550 0.000006350 add_time= 0.000326121
2756 0.000162999 2756 0.000007487 add_time= 0.000188137
3025 0.000062532 3025 0.000007292 add_time= 0.000086876
2550 0.000329003 2550 0.000006235 add_time= 0.000359855
2754 0.000006965 2754 0.000033541 add_time= 0.000056880
2750 0.000136576 2750 0.000006728 add_time= 0.000162856
2750 0.000200755 2750 0.000006867 add_time= 0.000233905
3025 0.000087742 3025 0.000007209 add_time= 0.000115305
2550 0.000139735 2550 0.000025012 add_time= 0.000182161
2550 0.000027653 2550 0.000013881 add_time= 0.000065421
3025 0.000046210 3025 0.000007122 add_time= 0.000071551
1250 0.000042038 1250 0.000005743 add_time= 0.000061936
2500 0.000310046 2500 0.000007253 add_time= 0.000334128
2500 0.000215144 2500 0.000006959 add_time= 0.000247467
2915 0.000051639 2915 0.000006186 add_time= 0.000072830
2550 0.000006147 2550 0.000012942 add_time= 0.000033616
2601 0.000005578 2601 0.000012724 add_time= 0.000033199
1275 0.000131182 1275 0.000006147 add_time= 0.000149836
2805 0.000058917 2805 0.000005630 add_time= 0.000087669
1250 0.000054759 1250 0.000006133 add_time= 0.000076396
2500 0.000154908 2500 0.000015882 add_time= 0.000191471
2970 0.000099097 2970 0.000007002 add_time= 0.000134081
2750 0.000037670 2750 0.000006878 add_time= 0.000068488
2550 0.000109047 2550 0.000007233 add_time= 0.000133803
2550 0.000037055 2550 0.000006552 add_time= 0.000059757
2750 0.000069867 2750 0.000008279 add_time= 0.000118236
2600 0.000094927 2600 0.000007557 add_time= 0.000129497
2500 0.000034858 2500 0.000007525 add_time= 0.000087330
2750 0.000022611 2750 0.000008044 add_time= 0.000067593
2500 0.000022079 2500 0.000026305 add_time= 0.000087873
1275 0.000091646 1275 0.000126424 add_time= 0.000251163
2500 0.000029605 2500 0.000007632 add_time= 0.000063003
2650 0.000137383 2650 0.000007300 add_time= 0.000165597
2860 0.000022930 2860 0.000006058 add_time= 0.000045824
3025 0.000126090 3025 0.000006713 add_time= 0.000150658
2750 0.000072969 2750 0.000006814 add_time= 0.000103799
2550 0.000030128 2550 0.000006512 add_time= 0.000053839
2750 0.000076763 2750 0.000005966 add_time= 0.000108356
2700 0.000224482 2700 0.000006787 add_time= 0.000247344
2650 0.000042642 2650 0.000007134 add_time= 0.000065628
2550 0.000369124 2550 0.000011972 add_time= 0.000401808
2550 0.000031371 2550 0.000010475 add_time= 0.000057592
2915 0.000048265 2915 0.000007170 add_time= 0.000072444
2750 0.000212652 2750 0.000006835 add_time= 0.000235578
2600 0.000040281 2600 0.000006073 add_time= 0.000060709
2750 0.000105538 2750 0.000005650 add_time= 0.000125081
2500 0.000152628 2500 0.000005481 add_time= 0.000171281
2652 0.000025311 2652 0.000070541 add_time= 0.000122130
2600 0.000027140 2600 0.000017525 add_time= 0.000058395
3025 0.000034820 3025 0.000006422 add_time= 0.000064860
2500 0.000123060 2500 0.000007063 add_time= 0.000146733
2750 0.000055888 2750 0.000006419 add_time= 0.000077966
2500 0.000082655 2500 0.000005609 add_time= 0.000101875
2550 0.000013355 2550 0.000012215 add_time= 0.000040634
2750 0.000033302 2750 0.000006063 add_time= 0.000054772
2500 0.000089315 2500 0.000009362 add_time= 0.000125176
2600 0.000056326 2600 0.000007096 add_time= 0.000080703
3025 0.000188910 3025 0.000020854 add_time= 0.000246847
2750 0.000150353 2750 0.000018400 add_time= 0.000185762
2601 0.000017853 2601 0.000031716 add_time= 0.000065952
2550 0.000573751 2550 0.000005857 add_time= 0.000595789
625 0.000030506 625 0.000006675 add_time= 0.000053436
2600 0.000225703 2600 0.000007440 add_time= 0.000263158
2750 0.000077705 2750 0.000007670 add_time= 0.000103676
2600 0.000511360 2600 0.000007676 add_time= 0.000536856
1250 0.000006298 1250 0.000015721 add_time= 0.000037328
2754 0.000117320 2754 0.000018693 add_time= 0.000154565
2500 0.000085872 2500 0.000006173 add_time= 0.000108452
2500 0.000513915 2500 0.000018170 add_time= 0.000557867
2970 0.000159026 2970 0.000007351 add_time= 0.000184409
2550 0.000313339 2550 0.000007906 add_time= 0.000338745
2805 0.000007894 2805 0.000027797 add_time= 0.000063073
2754 0.000077959 2754 0.000007903 add_time= 0.000103659
1375 0.000157204 1375 0.000007203 add_time= 0.000180778
2500 0.000726774 2500 0.000006816 add_time= 0.000751322
2500 0.000067299 2500 0.000006659 add_time= 0.000090707
2750 0.000115449 2750 0.000007396 add_time= 0.000141008
2650 0.000007961 2650 0.000025814 add_time= 0.000061710
2600 0.000147642 2600 0.000007369 add_time= 0.000172258
1250 0.000064753 1250 0.000005944 add_time= 0.000084511
2652 0.000162799 2652 0.000006798 add_time= 0.000198942
3025 0.000035443 3025 0.000013949 add_time= 0.000068147
2500 0.000007373 2500 0.000036769 add_time= 0.000061065
2500 0.000120130 2500 0.000007743 add_time= 0.000153446
2650 0.000148716 2650 0.000006501 add_time= 0.000206965
2500 0.000111902 2500 0.000007141 add_time= 0.000137038
3025 0.000079273 3025 0.000006644 add_time= 0.000104238
2550 0.000018190 2550 0.000027633 add_time= 0.000086012
2750 0.000222109 2750 0.000006694 add_time= 0.000245553
2550 0.000229935 2550 0.000006288 add_time= 0.000252910
2550 0.000039622 2550 0.000006301 add_time= 0.000061816
2600 0.000346613 2600 0.000018608 add_time= 0.000382087
2550 0.000015373 2550 0.000023782 add_time= 0.000054944
1275 0.000095245 1275 0.000005258 add_time= 0.000119628
2700 0.000151026 2700 0.000017781 add_time= 0.000184362
2650 0.000227600 2650 0.000018186 add_time= 0.000262330
2652 0.000195176 2652 0.000006680 add_time= 0.000217822
2500 0.000189374 2500 0.000005643 add_time= 0.000208481
2500 0.000107185 2500 0.000006657 add_time= 0.000129760
2652 0.000006581 2652 0.000024200 add_time= 0.000046411
2500 0.000100440 2500 0.000006453 add_time= 0.000122428
2750 0.000841726 2750 0.000006869 add_time= 0.000864596
2650 0.000215846 2650 0.000008118 add_time= 0.000256206
2750 0.000053670 2750 0.000007378 add_time= 0.000084836
2500 0.000051203 2500 0.000023500 add_time= 0.000100335
2860 0.000061362 2860 0.000007261 add_time= 0.000095801
2754 0.000031083 2754 0.000025387 add_time= 0.000091450
1250 0.000052357 1250 0.000006831 add_time= 0.000092115
2500 0.000233525 2500 0.000006605 add_time= 0.000265261
2970 0.000100102 2970 0.000006443 add_time= 0.000122705
2550 0.000047457 2550 0.000007221 add_time= 0.000070888
2550 0.000006593 2550 0.000022968 add_time= 0.000055261
2700 0.000071558 2700 0.000006433 add_time= 0.000096129
1375 0.000315346 1375 0.000006338 add_time= 0.000336204
2600 0.000236838 2600 0.000006802 add_time= 0.000259114
2500 0.000070986 2500 0.000006676 add_time= 0.000100221
2550 0.000055750 2550 0.000006318 add_time= 0.000075604
2550 0.000027045 2550 0.000022343 add_time= 0.000064866
2750 0.000044601 2750 0.000006556 add_time= 0.000075341
1375 0.000064334 1375 0.000005948 add_time= 0.000084430
2750 0.000062443 2750 0.000007247 add_time= 0.000086850
2652 0.000118453 2652 0.000007205 add_time= 0.000141502
2750 0.000068569 2750 0.000013777 add_time= 0.000098499
2703 0.000024948 2703 0.000006566 add_time= 0.000047238
2550 0.000035659 2550 0.000016446 add_time= 0.000070592
2500 0.000075583 2500 0.000006156 add_time= 0.000097593
2500 0.000175555 2500 0.000006794 add_time= 0.000198404
2700 0.000056526 2700 0.000007625 add_time= 0.000088480
2500 0.000058196 2500 0.000010778 add_time= 0.000084630
2601 0.000024079 2601 0.000006456 add_time= 0.000051736
2805 0.000040112 2805 0.000006986 add_time= 0.000066760
1250 0.000225459 1250 0.000004982 add_time= 0.000241727
2650 0.000490358 2650 0.000006422 add_time= 0.000531726
3025 0.000084104 3025 0.000006351 add_time= 0.000105192
2860 0.000049805 2860 0.000006591 add_time= 0.000079873
2650 0.000015719 2650 0.000028861 add_time= 0.000058671
2808 0.000135965 2808 0.000005977 add_time= 0.000155378
1250 0.000144715 1250 0.000004913 add_time= 0.000161201
2500 0.000564798 2500 0.000008019 add_time= 0.000593379
2750 0.000052845 2750 0.000007688 add_time= 0.000078459
2750 0.000128763 2750 0.000006794 add_time= 0.000152196
2703 0.000020236 2703 0.000022015 add_time= 0.000059443
2700 0.000167402 2700 0.000006659 add_time= 0.000197726
1250 0.000029496 1250 0.000006109 add_time= 0.000061803
2750 0.000325090 2750 0.000016348 add_time= 0.000358573
3025 0.000029285 3025 0.000007427 add_time= 0.000063206
2500 0.000066392 2500 0.000005653 add_time= 0.000098210
2601 0.000105536 2601 0.000005939 add_time= 0.000125907
2805 0.000021435 2805 0.000005954 add_time= 0.000043124
2550 0.000327304 2550 0.000006811 add_time= 0.000348659
2500 0.000082200 2500 0.000007296 add_time= 0.000106343
2808 0.000069780 2808 0.000006862 add_time= 0.000109382
2805 0.000078608 2805 0.000007710 add_time= 0.000102759
2750 0.000018953 2750 0.000006542 add_time= 0.000051317
2805 0.000079785 2805 0.000007034 add_time= 0.000110289
2754 0.000096452 2754 0.000006561 add_time= 0.000128659
2860 0.000325052 2860 0.000008148 add_time= 0.000367766
2915 0.000110511 2915 0.000007499 add_time= 0.000135564
2808 0.000026021 2808 0.000006384 add_time= 0.000048942
2915 0.000090750 2915 0.000006226 add_time= 0.000122715
2750 0.000097519 2750 0.000005858 add_time= 0.000129084
2500 0.000007519 2500 0.000024779 add_time= 0.000049361
2700 0.000049147 2700 0.000006803 add_time= 0.000080997
1250 0.000065114 1250 0.000006713 add_time= 0.000086371
2650 0.000402501 2650 0.000006142 add_time= 0.000425340
2750 0.000101275 2750 0.000008223 add_time= 0.000127201
2750 0.000095854 2750 0.000017936 add_time= 0.000130022
2754 0.000126406 2754 0.000006883 add_time= 0.000150511
2700 0.000149575 2700 0.000006198 add_time= 0.000179585
1250 0.004874489 1250 0.000006735 add_time= 0.004899457
2500 0.000159610 2500 0.000007240 add_time= 0.000199187
2500 0.000027002 2500 0.000006904 add_time= 0.000050174
2500 0.000125092 2500 0.000007240 add_time= 0.000156367
2750 0.000053258 2750 0.000010163 add_time= 0.000080704
2550 0.000081451 2550 0.000006567 add_time= 0.000121649
2805 0.000024475 2805 0.000006649 add_time= 0.000056796
2650 0.000125764 2650 0.000007039 add_time= 0.000150200
2750 0.000087307 2750 0.000009784 add_time= 0.000122962
2550 0.000095468 2550 0.000014496 add_time= 0.000125340
2550 0.000006346 2550 0.000012874 add_time= 0.000041495
2550 0.000138244 2550 0.000009897 add_time= 0.000172393
2700 0.000245943 2700 0.000005802 add_time= 0.000266872
1250 0.000052198 1250 0.000007840 add_time= 0.000073196
2600 0.000292252 2600 0.000007128 add_time= 0.000317361
2600 0.000123269 2600 0.000006464 add_time= 0.000145068
2550 0.000007112 2550 0.000024585 add_time= 0.000047811
2550 0.000119481 2550 0.000006387 add_time= 0.000141720
2970 0.000114463 2970 0.000007384 add_time= 0.000139640
2650 0.000138174 2650 0.000008550 add_time= 0.000209226
2750 0.000025193 2750 0.000007803 add_time= 0.000063297
2750 0.000046036 2750 0.000008181 add_time= 0.000082449
2550 0.000007384 2550 0.000008074 add_time= 0.000042074
2750 0.000039944 2750 0.000013975 add_time= 0.000082083
2650 0.000097886 2650 0.000018006 add_time= 0.000132800
2750 0.000056368 2750 0.000006468 add_time= 0.000078790
2550 0.000080073 2550 0.000006440 add_time= 0.000103575
2860 0.000044909 2860 0.000005896 add_time= 0.000079583
2500 0.000058694 2500 0.000006856 add_time= 0.000081718
2550 0.000083391 2550 0.000006419 add_time= 0.000105997
2500 0.000238599 2500 0.000006437 add_time= 0.000260976
3025 0.000043328 3025 0.000007038 add_time= 0.000075101
2700 0.000038079 2700 0.000007079 add_time= 0.000061642
2550 0.000017285 2550 0.000014244 add_time= 0.000047209
2550 0.000106731 2550 0.000006079 add_time= 0.000133822
2650 0.000155708 2650 0.000018825 add_time= 0.000192086
2550 0.000051633 2550 0.000005611 add_time= 0.000078373
2650 0.000026232 2650 0.000006124 add_time= 0.000047017
1275 0.000021323 1275 0.000014973 add_time= 0.000049743
2550 0.000016686 2550 0.000014596 add_time= 0.000057224
2700 0.000037890 2700 0.000012799 add_time= 0.000066834
2500 0.000084132 2500 0.000006243 add_time= 0.000104890
2750 0.000240997 2750 0.000007351 add_time= 0.000266368
2500 0.000109208 2500 0.000007534 add_time= 0.000132621
2700 0.000056907 2700 0.000006168 add_time= 0.000077971
2805 0.000045967 2805 0.000006880 add_time= 0.000069389
2601 0.000062883 2601 0.000023773 add_time= 0.000102896
2700 0.000027296 2700 0.000012366 add_time= 0.000054743
625 0.000032169 625 0.000005720 add_time= 0.000051948
2750 0.000313913 2750 0.000006781 add_time= 0.000339483
2860 0.000073550 2860 0.000006306 add_time= 0.000096221
2750 0.000028106 2750 0.000007548 add_time= 0.000052821
2601 0.000104535 2601 0.000006636 add_time= 0.000127256
2550 0.000042587 2550 0.000006602 add_time= 0.000074690
2500 0.000039007 2500 0.000006245 add_time= 0.000060138
2915 0.000339908 2915 0.000007491 add_time= 0.000366735
2750 0.000037283 2750 0.000007989 add_time= 0.000062597
2600 0.000128261 2600 0.000006840 add_time= 0.000151018
2500 0.000028139 2500 0.000013928 add_time= 0.000064590
2754 0.000094711 2754 0.000006629 add_time= 0.000116697
2700 0.000083942 2700 0.000006206 add_time= 0.000105033
1250 0.000058243 1250 0.000005796 add_time= 0.000076405
2500 0.000482143 2500 0.000008438 add_time= 0.000510682
2805 0.000053610 2805 0.000008387 add_time= 0.000078752
2500 0.000024899 2500 0.000018489 add_time= 0.000067469
2500 0.000007894 2500 0.000014094 add_time= 0.000046123
2750 0.000156202 2750 0.000007352 add_time= 0.000181056
2500 0.000280498 2500 0.000006449 add_time= 0.000301848
2862 0.000421982 2862 0.000007593 add_time= 0.000447375
1250 0.000145458 1250 0.000006372 add_time= 0.000167200
2750 0.000214261 2750 0.000006255 add_time= 0.000235607
3025 0.000232373 3025 0.000008478 add_time= 0.000258858
2550 0.000038880 2550 0.000006431 add_time= 0.000060746
1300 0.000065567 1300 0.000006039 add_time= 0.000085890
2550 0.000223726 2550 0.000007506 add_time= 0.000247881
2550 0.000096756 2550 0.000013867 add_time= 0.000126670
2750 0.000115167 2750 0.000005706 add_time= 0.000134906
2750 0.000126003 2750 0.000006906 add_time= 0.000149758
2550 0.000253515 2550 0.000007304 add_time= 0.000276222
2700 0.000110353 2700 0.000006875 add_time= 0.000144899
2500 0.000058259 2500 0.000008012 add_time= 0.000082793
2704 0.000246843 2704 0.000007282 add_time= 0.000272763
2700 0.000105776 2700 0.000005888 add_time= 0.000135524
2500 0.000082925 2500 0.000007004 add_time= 0.000106329
2750 0.000007844 2750 0.000023512 add_time= 0.000056548
2700 0.000097920 2700 0.000006485 add_time= 0.000120973
2500 0.000210908 2500 0.000006324 add_time= 0.000245047
2500 0.000074274 2500 0.000018311 add_time= 0.000107182
1250 0.000059155 1250 0.000005586 add_time= 0.000095877
2750 0.000006784 2750 0.000015851 add_time= 0.000037178
2700 0.000135752 2700 0.000006254 add_time= 0.000158473
1300 0.000103221 1300 0.000006181 add_time= 0.000123158
2650 0.000140563 2650 0.000008455 add_time= 0.000172303
2652 0.000084403 2652 0.000016174 add_time= 0.000115679
2600 0.000058051 2600 0.000006960 add_time= 0.000087142
1375 0.000213931 1375 0.000006127 add_time= 0.000233820
2500 0.000233332 2500 0.000006552 add_time= 0.000256483
2500 0.000066642 2500 0.000006725 add_time= 0.000088568
1250 0.000053315 1250 0.000005456 add_time= 0.000074606
2862 0.000242311 2862 0.000006986 add_time= 0.000267490
2500 0.000300941 2500 0.000006929 add_time= 0.000335890
1375 0.000026098 1375 0.000005228 add_time= 0.000044407
2500 0.000007687 2500 0.000026584 add_time= 0.000062002
2601 0.000178074 2601 0.000006222 add_time= 0.000199628
2500 0.000051255 2500 0.000007205 add_time= 0.000074789
625 0.000038446 625 0.000005131 add_time= 0.000055942
2500 0.000217874 2500 0.000006654 add_time= 0.000243447
2600 0.000045194 2600 0.000006748 add_time= 0.000068375
2750 0.000100869 2750 0.000006655 add_time= 0.000124187
2550 0.000094465 2550 0.000006469 add_time= 0.000116984
2550 0.000063537 2550 0.000006694 add_time= 0.000085646
2915 0.000171220 2915 0.000007316 add_time= 0.000195427
2650 0.000037552 2650 0.000009277 add_time= 0.000083527
2500 0.000023966 2500 0.000013585 add_time= 0.000067124
2500 0.000027315 2500 0.000008557 add_time= 0.000071793
2652 0.000031408 2652 0.000025122 add_time= 0.000095201
2500 0.000032536 2500 0.000007962 add_time= 0.000077713
2500 0.000025973 2500 0.000008617 add_time= 0.000061809
2650 0.000112561 2650 0.000015861 add_time= 0.000146442
1375 0.000060646 1375 0.000006048 add_time= 0.000082001
2750 0.000067511 2750 0.000014839 add_time= 0.000099733
2550 0.000018530 2550 0.000022881 add_time= 0.000067311
2500 0.000113221 2500 0.000006500 add_time= 0.000136222
1325 0.000054222 1325 0.000006154 add_time= 0.000075151
2500 0.000323681 2500 0.000007898 add_time= 0.000347916
2500 0.000116265 2500 0.000006852 add_time= 0.000138230
2500 0.000117720 2500 0.000005924 add_time= 0.000137407
2601 0.000123636 2601 0.000006912 add_time= 0.000145439
2808 0.000029073 2808 0.000017803 add_time= 0.000062684
2915 0.000032596 2915 0.000005971 add_time= 0.000052096
2862 0.000326865 2862 0.000006904 add_time= 0.000362118
2652 0.000027753 2652 0.000006531 add_time= 0.000048692
2500 0.000105134 2500 0.000015666 add_time= 0.000137433
2550 0.000064195 2550 0.000007473 add_time= 0.000087952
2550 0.000015370 2550 0.000070974 add_time= 0.000100672
2500 0.000079466 2500 0.000006577 add_time= 0.000102288
2650 0.000078676 2650 0.000006884 add_time= 0.000102057
2750 0.000109703 2750 0.000006402 add_time= 0.000140726
2700 0.000075833 2700 0.000005819 add_time= 0.000095971
2550 0.000074273 2550 0.000012682 add_time= 0.000102508
1275 0.000074084 1275 0.000005372 add_time= 0.000100901
2600 0.000184714 2600 0.000007303 add_time= 0.000208736
2500 0.000247671 2500 0.000007009 add_time= 0.000271268
2600 0.000065608 2600 0.000006465 add_time= 0.000088346
2750 0.000096606 2750 0.000006672 add_time= 0.000119603
2750 0.000025824 2750 0.000013453 add_time= 0.000058340
2750 0.000042384 2750 0.000006643 add_time= 0.000074117
2500 0.000111771 2500 0.000006590 add_time= 0.000132884
2600 0.000189891 2600 0.000006584 add_time= 0.000211998
2860 0.000048974 2860 0.000005963 add_time= 0.000070181
1250 0.000223677 1250 0.000005831 add_time= 0.000241815
2500 0.000045485 2500 0.000005600 add_time= 0.000064648
2550 0.000026967 2550 0.000013074 add_time= 0.000056735
2860 0.000065504 2860 0.000006727 add_time= 0.000095013
2500 0.000153528 2500 0.000006813 add_time= 0.000176684
2600 0.000078263 2600 0.000005892 add_time= 0.000098274
3025 0.000064725 3025 0.000007792 add_time= 0.000101022
2750 0.000092326 2750 0.000006187 add_time= 0.000113492
2750 0.000025678 2750 0.000014237 add_time= 0.000056542
2916 0.000035683 2916 0.000006516 add_time= 0.000067641
2750 0.000036366 2750 0.000005836 add_time= 0.000056557
2650 0.000475282 2650 0.000008040 add_time= 0.000505112
2600 0.000059073 2600 0.000006539 add_time= 0.000092543
2750 0.000048083 2750 0.000006578 add_time= 0.000069684
2500 0.000308228 2500 0.000008039 add_time= 0.000332927
2550 0.000015700 2550 0.000020005 add_time= 0.000053281
2550 0.000188624 2550 0.000010336 add_time= 0.000215644
2500 0.000065029 2500 0.000006494 add_time= 0.000086178
1325 0.000408932 1325 0.000007004 add_time= 0.000431978
2600 0.000039463 2600 0.000006578 add_time= 0.000062633
2750 0.000046853 2750 0.000009040 add_time= 0.000078207
2805 0.000088392 2805 0.000006636 add_time= 0.000115695
2550 0.000039181 2550 0.000006893 add_time= 0.000062803
2700 0.000210212 2700 0.000006239 add_time= 0.000231654
1250 0.000104551 1250 0.000006243 add_time= 0.000125335
2704 0.000269218 2704 0.000014895 add_time= 0.000303066
2750 0.000072613 2750 0.000006584 add_time= 0.000106940
2750 0.000165506 2750 0.000007154 add_time= 0.000191536
2550 0.000042716 2550 0.000007573 add_time= 0.000066991
2550 0.000075863 2550 0.000007547 add_time= 0.000100417
1325 0.000143404 1325 0.000018672 add_time= 0.000178129
2550 0.000087198 2550 0.000006442 add_time= 0.000110489
2500 0.000085096 2500 0.000006547 add_time= 0.000111408
2500 0.000018773 2500 0.000023498 add_time= 0.000059069
2750 0.000152811 2750 0.000006845 add_time= 0.000175656
1250 0.000024557 1250 0.000006318 add_time= 0.000043467
2862 0.000232191 2862 0.000007406 add_time= 0.000262547
2500 0.000102202 2500 0.000006842 add_time= 0.000125364
2860 0.000052323 2860 0.000010497 add_time= 0.000079268
2650 0.000007335 2650 0.000040290 add_time= 0.000072680
2970 0.000026099 2970 0.000006437 add_time= 0.000048706
2750 0.000100702 2750 0.000005766 add_time= 0.000120597
2600 0.000244033 2600 0.000008721 add_time= 0.000286855
2750 0.000454101 2750 0.000006694 add_time= 0.000480522
2500 0.000137430 2500 0.000006402 add_time= 0.000165719
2550 0.000017004 2550 0.000014140 add_time= 0.000048092
2750 0.000091596 2750 0.000006524 add_time= 0.000114864
1275 0.000048732 1275 0.000006435 add_time= 0.000069745
2650 0.000140772 2650 0.000006914 add_time= 0.000165023
1375 0.000094929 1375 0.000006119 add_time= 0.000115384
2550 0.000122708 2550 0.000010136 add_time= 0.000148951
2550 0.000045940 2550 0.000006652 add_time= 0.000068362
2750 0.000046635 2750 0.000006929 add_time= 0.000071126
2650 0.000103447 2650 0.000006372 add_time= 0.000127624
2860 0.000034951 2860 0.000006586 add_time= 0.000058546
2750 0.000145496 2750 0.000006828 add_time= 0.000167882
2805 0.000092410 2805 0.000007166 add_time= 0.000116542
2500 0.000071242 2500 0.000017927 add_time= 0.000102384
2500 0.000069663 2500 0.000005353 add_time= 0.000087219
2750 0.000100275 2750 0.000027806 add_time= 0.000170476
2970 0.000048364 2970 0.000009484 add_time= 0.000100863
2500 0.000032401 2500 0.000007679 add_time= 0.000065723
2805 0.000006042 2805 0.000028232 add_time= 0.000067284
2500 0.000051353 2500 0.000008012 add_time= 0.000082533
2500 0.000022529 2500 0.000007429 add_time= 0.000052489
1250 0.000036083 1250 0.000006924 add_time= 0.000063001
2500 0.000595375 2500 0.000006606 add_time= 0.000618542
2600 0.000170632 2600 0.000005988 add_time= 0.000191363
2860 0.000168020 2860 0.000007031 add_time= 0.000196007
2500 0.000061420 2500 0.000018029 add_time= 0.000094229
2700 0.000015954 2700 0.000023655 add_time= 0.000055974
2550 0.000050388 2550 0.000006576 add_time= 0.000073438
2860 0.000230298 2860 0.000007895 add_time= 0.000254613
2500 0.000036846 2500 0.000006693 add_time= 0.000058869
2652 0.000090404 2652 0.000006672 add_time= 0.000123076
2550 0.000113326 2550 0.000014521 add_time= 0.000144063
2500 0.000039100 2500 0.000019329 add_time= 0.000074765
2550 0.000239306 2550 0.000006992 add_time= 0.000262461
2860 0.000067682 2860 0.000006514 add_time= 0.000090048
2500 0.000104271 2500 0.000005866 add_time= 0.000123590
2860 0.000035774 2860 0.000006867 add_time= 0.000066368
2550 0.000014490 2550 0.000019359 add_time= 0.000048245
2550 0.000034861 2550 0.000010146 add_time= 0.000058407
1325 0.000025121 1325 0.000005952 add_time= 0.000044903
2703 0.000422772 2703 0.000006936 add_time= 0.000446104
2652 0.000085282 2652 0.000006392 add_time= 0.000107526
3025 0.000046618 3025 0.000006603 add_time= 0.000069131
2600 0.000017354 2600 0.000021936 add_time= 0.000055343
2500 0.000046917 2500 0.000006161 add_time= 0.000067177
2500 0.000151023 2500 0.000005817 add_time= 0.000170211
2650 0.000112729 2650 0.000006598 add_time= 0.000134899
2600 0.000174171 2600 0.000006635 add_time= 0.000196675
2650 0.000044991 2650 0.000006081 add_time= 0.000064917
2805 0.000060651 2805 0.000005966 add_time= 0.000080703
2550 0.000041586 2550 0.000005512 add_time= 0.000060896
2750 0.000041552 2750 0.000005843 add_time= 0.000060806
2750 0.000350617 2750 0.000006204 add_time= 0.000371924
2500 0.000064017 2500 0.000006656 add_time= 0.000084931
2600 0.000041401 2600 0.000005628 add_time= 0.000060444
2750 0.000025060 2750 0.000013076 add_time= 0.000060563
2550 0.000065949 2550 0.000006604 add_time= 0.000089105
2860 0.000193738 2860 0.000006669 add_time= 0.000216614
1325 0.000046465 1325 0.000005770 add_time= 0.000063944
2704 0.000108201 2704 0.000006678 add_time= 0.000130771
2500 0.000055810 2500 0.000006398 add_time= 0.000085333
1375 0.000081488 1375 0.000006070 add_time= 0.000100853
2550 0.000113323 2550 0.000006454 add_time= 0.000134780
2550 0.000030518 2550 0.000006290 add_time= 0.000051875
2750 0.000040474 2750 0.000006432 add_time= 0.000062203
1375 0.000050809 1375 0.000005525 add_time= 0.000067689
2650 0.000119611 2650 0.000007172 add_time= 0.000142957
2500 0.000056701 2500 0.000006024 add_time= 0.000077524
2500 0.000045786 2500 0.000006489 add_time= 0.000067652
2805 0.000025372 2805 0.000014072 add_time= 0.000055675
2600 0.000062532 2600 0.000006555 add_time= 0.000084747
1375 0.000064518 1375 0.000005598 add_time= 0.000081954
2650 0.000382424 2650 0.000006503 add_time= 0.000416982
2600 0.000092243 2600 0.000007215 add_time= 0.000120481
2500 0.000094781 2500 0.000005809 add_time= 0.000115372
2600 0.000077080 2600 0.000014893 add_time= 0.000110522
2500 0.000017319 2500 0.000021818 add_time= 0.000056418
2550 0.000049751 2550 0.000006386 add_time= 0.000071137
1300 0.000159257 1300 0.000006384 add_time= 0.000180276
2703 0.000247005 2703 0.000006816 add_time= 0.000271274
3025 0.000293034 3025 0.000006750 add_time= 0.000317605
2500 0.000040172 2500 0.000007158 add_time= 0.000063500
2550 0.000007686 2550 0.000025024 add_time= 0.000049858
2750 0.000213802 2750 0.000007216 add_time= 0.000236918
2500 0.000137394 2500 0.000007214 add_time= 0.000161743
2550 0.000162424 2550 0.000017652 add_time= 0.000196310
2550 0.000039740 2550 0.000014516 add_time= 0.000069217
3025 0.000123938 3025 0.000007161 add_time= 0.000151941
2500 0.000006253 2500 0.000034495 add_time= 0.000056027
2916 0.000106703 2916 0.000006983 add_time= 0.000131819
2750 0.000023336 2750 0.000005986 add_time= 0.000044157
2650 0.000189741 2650 0.000006961 add_time= 0.000213702
3025 0.000044649 3025 0.000006857 add_time= 0.000068761
2750 0.000046482 2750 0.000006399 add_time= 0.000069219
2550 0.000014256 2550 0.000071167 add_time= 0.000101992
2500 0.000282661 2500 0.000007018 add_time= 0.000306476
2750 0.000306244 2750 0.000006437 add_time= 0.000335425
2750 0.000034249 2750 0.000006224 add_time= 0.000056584
2500 0.000038517 2500 0.000006331 add_time= 0.000060814
2652 0.000006262 2652 0.000014748 add_time= 0.000035481
2550 0.000153462 2550 0.000006397 add_time= 0.000173731
2650 0.000047323 2650 0.000006589 add_time= 0.000068049
2650 0.000418029 2650 0.000008075 add_time= 0.000453506
2750 0.000413492 2750 0.000007706 add_time= 0.000444348
1375 0.000098166 1375 0.000006319 add_time= 0.000119964
2970 0.000027355 2970 0.000006872 add_time= 0.000056712
2500 0.000065240 2500 0.000006682 add_time= 0.000089492
2750 0.000085733 2750 0.000007028 add_time= 0.000110426
2600 0.000235931 2600 0.000006458 add_time= 0.000257775
2650 0.000093318 2650 0.000006730 add_time= 0.000116775
2550 0.000007634 2550 0.000013232 add_time= 0.000036699
2500 0.000112574 2500 0.000006450 add_time= 0.000144623
2500 0.000221905 2500 0.000014727 add_time= 0.000279154
2600 0.000128396 2600 0.000006232 add_time= 0.000168636
2750 0.000064564 2750 0.000006078 add_time= 0.000099280
2550 0.000074482 2550 0.000006984 add_time= 0.000117872
2750 0.000054035 2750 0.000006357 add_time= 0.000085389
2500 0.000098445 2500 0.000008151 add_time= 0.000186382
2750 0.000057557 2750 0.000008435 add_time= 0.000111053
2600 0.000042423 2600 0.000007906 add_time= 0.000105367
1375 0.000060468 1375 0.000007774 add_time= 0.000134918
2601 0.000075763 2601 0.000007200 add_time= 0.000130201
2500 0.000053738 2500 0.000007812 add_time= 0.000104948
2700 0.000243600 2700 0.000006419 add_time= 0.000277199
3025 0.000034354 3025 0.000006358 add_time= 0.000066184
2750 0.000039788 2750 0.000007020 add_time= 0.000090413
2550 0.000101271 2550 0.000006605 add_time= 0.000132975
2550 0.000040936 2550 0.000006617 add_time= 0.000081183
2750 0.000127036 2750 0.000007280 add_time= 0.000180603
2915 0.000124993 2915 0.000007709 add_time= 0.000148771
2750 0.000294382 2750 0.000006325 add_time= 0.000315789
2500 0.000047330 2500 0.000006427 add_time= 0.000068175
2652 0.000037381 2652 0.000006429 add_time= 0.000059079
2550 0.000073219 2550 0.000005531 add_time= 0.000091656
2500 0.000065273 2500 0.000006281 add_time= 0.000086604
2500 0.000291111 2500 0.000007011 add_time= 0.000313495
3025 0.000410716 3025 0.000006770 add_time= 0.000433723
2500 0.000017108 2500 0.000020880 add_time= 0.000052861
1250 0.000127986 1250 0.000006054 add_time= 0.000146553
2860 0.000212080 2860 0.000006626 add_time= 0.000232798
2500 0.000323170 2500 0.000007335 add_time= 0.000353274
2500 0.000084805 2500 0.000005994 add_time= 0.000106031
2750 0.000204935 2750 0.000005596 add_time= 0.000224289
2750 0.000029203 2750 0.000006639 add_time= 0.000061904
2805 0.000016699 2805 0.000013473 add_time= 0.000044225
2750 0.000206313 2750 0.000011721 add_time= 0.000233110
2703 0.000447666 2703 0.000006989 add_time= 0.000470214
2750 0.000068934 2750 0.000006357 add_time= 0.000090620
2600 0.000049366 2600 0.000006632 add_time= 0.000071276
2550 0.000016421 2550 0.000013571 add_time= 0.000045250
2700 0.000182665 2700 0.000005857 add_time= 0.000202083
625 0.000041921 625 0.000008882 add_time= 0.000062066
2650 0.000383686 2650 0.000006713 add_time= 0.000406199
2650 0.000128982 2650 0.000005756 add_time= 0.000154971
2750 0.000169231 2750 0.000007019 add_time= 0.000202507
2805 0.000056734 2805 0.000006819 add_time= 0.000079074
2700 0.000084194 2700 0.000006514 add_time= 0.000105498
1375 0.000082199 1375 0.000006190 add_time= 0.000101409
2750 0.000061124 2750 0.000006485 add_time= 0.000085916
2600 0.000045185 2600 0.000006418 add_time= 0.000066961
2915 0.000149017 2915 0.000006718 add_time= 0.000171553
2600 0.000110314 2600 0.000005809 add_time= 0.000129324
2805 0.000017896 2805 0.000014174 add_time= 0.000056531
2750 0.000043291 2750 0.000006471 add_time= 0.000065315
2500 0.000146378 2500 0.000006957 add_time= 0.000168660
2550 0.000081954 2550 0.000005734 add_time= 0.000100691
2500 0.000044740 2500 0.000006996 add_time= 0.000066737
2601 0.000047173 2601 0.000006190 add_time= 0.000067889
2500 0.000049038 2500 0.000017138 add_time= 0.000084898
1375 0.000039872 1375 0.000017711 add_time= 0.000081175
2650 0.000167680 2650 0.000006563 add_time= 0.000189314
2500 0.000143110 2500 0.000006316 add_time= 0.000164460
2750 0.000044776 2750 0.000006413 add_time= 0.000069577
2500 0.000013505 2500 0.000069294 add_time= 0.000095809
2970 0.000037672 2970 0.000006625 add_time= 0.000060349
1350 0.000061179 1350 0.000005902 add_time= 0.000080146
2650 0.000587306 2650 0.000009155 add_time= 0.000620397
2860 0.000029464 2860 0.000008121 add_time= 0.000062851
2915 0.000230755 2915 0.000012168 add_time= 0.000261419
3025 0.000239120 3025 0.000020045 add_time= 0.000277700
2550 0.000050379 2550 0.000007365 add_time= 0.000084075
2750 0.000167821 2750 0.000018947 add_time= 0.000232782
2703 0.000425905 2703 0.000007977 add_time= 0.000453369
2808 0.000156746 2808 0.000006840 add_time= 0.000180594
2750 0.000073998 2750 0.000006508 add_time= 0.000095834
3025 0.000215721 3025 0.000008163 add_time= 0.000249039
2754 0.000027922 2754 0.000025711 add_time= 0.000069954
2500 0.000442879 2500 0.000006287 add_time= 0.000473235
2500 0.000077096 2500 0.000014264 add_time= 0.000106617
2703 0.000418079 2703 0.000008917 add_time= 0.000443787
2500 0.000087406 2500 0.000006460 add_time= 0.000118271
2500 0.000038883 2500 0.000006318 add_time= 0.000061457
2500 0.000046481 2500 0.000006297 add_time= 0.000069836
2500 0.000050872 2500 0.000006062 add_time= 0.000071139
1250 0.000098933 1250 0.000006375 add_time= 0.000136973
2650 0.000545742 2650 0.000007382 add_time= 0.000570407
2756 0.000183624 2756 0.000006221 add_time= 0.000205288
2500 0.000082008 2500 0.000006599 add_time= 0.000104307
2600 0.000153326 2600 0.000006931 add_time= 0.000176789
2600 0.000006966 2600 0.000023691 add_time= 0.000047145
2500 0.000302831 2500 0.000006346 add_time= 0.000325120
2500 0.000111144 2500 0.000007044 add_time= 0.000134367
2550 0.000231748 2550 0.000006275 add_time= 0.000254193
2750 0.000052585 2750 0.000007010 add_time= 0.000075819
2650 0.000043288 2650 0.000006177 add_time= 0.000065219
2500 0.000006927 2500 0.000022258 add_time= 0.000045014
2600 0.000085787 2600 0.000006418 add_time= 0.000107645
2500 0.000216729 2500 0.000007481 add_time= 0.000254093
2550 0.000175974 2550 0.000006850 add_time= 0.000208872
2750 0.000163607 2750 0.000017019 add_time= 0.000196959
2550 0.000229820 2550 0.000006617 add_time= 0.000253093
2550 0.000145432 2550 0.000006162 add_time= 0.000166424
2970 0.000088494 2970 0.000005928 add_time= 0.000114864
1350 0.000020159 1350 0.000009790 add_time= 0.000044292
2500 0.000103316 2500 0.000006062 add_time= 0.000134319
1375 0.000074963 1375 0.000005622 add_time= 0.000094139
2750 0.000188255 2750 0.000006714 add_time= 0.000218930
2500 0.000014393 2500 0.000012972 add_time= 0.000041846
2754 0.000138133 2754 0.000006933 add_time= 0.000161748
2500 0.000072266 2500 0.000005756 add_time= 0.000100191
2756 0.000098252 2756 0.000007451 add_time= 0.000124066
2652 0.000067310 2652 0.000006739 add_time= 0.000089711
2750 0.000032808 2750 0.000008003 add_time= 0.000064332
2750 0.000015655 2750 0.000023827 add_time= 0.000054413
2700 0.000149069 2700 0.000006724 add_time= 0.000171416
2550 0.000031655 2550 0.000013743 add_time= 0.000060803
2750 0.000074452 2750 0.000008177 add_time= 0.000119877
2500 0.000064509 2500 0.000007810 add_time= 0.000097337
2600 0.000122420 2600 0.000008304 add_time= 0.000162842
1275 0.000034056 1275 0.000026006 add_time= 0.000086635
2550 0.000034559 2550 0.000007341 add_time= 0.000073385
2500 0.000029100 2500 0.000007941 add_time= 0.000070291
2500 0.000528082 2500 0.000018269 add_time= 0.000563224
2750 0.000068639 2750 0.000005598 add_time= 0.000089413
2703 0.000083954 2703 0.000006357 add_time= 0.000105706
2601 0.000091126 2601 0.000006270 add_time= 0.000112498
2860 0.000071900 2860 0.000006518 add_time= 0.000095098
2650 0.000304253 2650 0.000006580 add_time= 0.000327847
2600 0.000195441 2600 0.000007567 add_time= 0.000231845
2805 0.000064872 2805 0.000027998 add_time= 0.000109369
2550 0.000016923 2550 0.000015024 add_time= 0.000047934
2700 0.000063886 2700 0.000006899 add_time= 0.000086363
1250 0.000055996 1250 0.000006258 add_time= 0.000075518
2600 0.000207558 2600 0.000007566 add_time= 0.000231767
3025 0.000061765 3025 0.000007863 add_time= 0.000086052
2500 0.000108389 2500 0.000007144 add_time= 0.000140095
2700 0.000017491 2700 0.000016313 add_time= 0.000049843
2700 0.000105263 2700 0.000006997 add_time= 0.000128060
2650 0.000207644 2650 0.000007319 add_time= 0.000232644
2808 0.000084651 2808 0.000026559 add_time= 0.000126943
2500 0.000072615 2500 0.000007167 add_time= 0.000103344
2860 0.000057582 2860 0.000007302 add_time= 0.000080071
2550 0.000015940 2550 0.000014075 add_time= 0.000043981
2754 0.000063309 2754 0.000006628 add_time= 0.000086080
3025 0.000054786 3025 0.000007151 add_time= 0.000085426
2500 0.000203610 2500 0.000007266 add_time= 0.000228145
2704 0.000096970 2704 0.000006101 add_time= 0.000117422
2750 0.000050953 2750 0.000006992 add_time= 0.000074267
2652 0.000017616 2652 0.000106470 add_time= 0.000151649
2700 0.000090379 2700 0.000007649 add_time= 0.000113735
1250 0.000043948 1250 0.000005851 add_time= 0.000063320
2703 0.000136339 2703 0.000007129 add_time= 0.000160257
2550 0.000056126 2550 0.000006958 add_time= 0.000079141
2700 0.000066111 2700 0.000007523 add_time= 0.000097103
2550 0.000017025 2550 0.000014682 add_time= 0.000046744
2750 0.000065211 2750 0.000006794 add_time= 0.000087225
2750 0.000089209 2750 0.000006700 add_time= 0.000109305
2750 0.000097789 2750 0.000006197 add_time= 0.000118073
2500 0.000174480 2500 0.000007478 add_time= 0.000198597
2600 0.000114473 2600 0.000006515 add_time= 0.000142744
2550 0.000110830 2550 0.000012174 add_time= 0.000137429
2750 0.000074820 2750 0.000007110 add_time= 0.000106027
2601 0.000095840 2601 0.000016111 add_time= 0.000140512
2750 0.000061709 2750 0.000006203 add_time= 0.000082819
1250 0.000061397 1250 0.000005494 add_time= 0.000078346
2703 0.000136664 2703 0.000007254 add_time= 0.000160999
2600 0.000116499 2600 0.000018334 add_time= 0.000149696
2500 0.000046476 2500 0.000005707 add_time= 0.000087227
3025 0.000080183 3025 0.000006480 add_time= 0.000102179
2650 0.000047123 2650 0.000006073 add_time= 0.000067955
2750 0.000134828 2750 0.000015511 add_time= 0.000165205
2750 0.000146488 2750 0.000007438 add_time= 0.000171065
2600 0.000049022 2600 0.000006420 add_time= 0.000070613
3025 0.000116775 3025 0.000007264 add_time= 0.000139482
2500 0.000083951 2500 0.000006639 add_time= 0.000104097
2703 0.000017564 2703 0.000015799 add_time= 0.000048023
2805 0.000078706 2805 0.000006150 add_time= 0.000097935
2500 0.000090792 2500 0.000012545 add_time= 0.000117241
2650 0.000113538 2650 0.000006914 add_time= 0.000137435
2808 0.000051923 2808 0.000006091 add_time= 0.000071815
3025 0.000055659 3025 0.000007046 add_time= 0.000078976
2750 0.000105953 2750 0.000028369 add_time= 0.000157949
2805 0.000069770 2805 0.000007081 add_time= 0.000093295
2750 0.000062282 2750 0.000007019 add_time= 0.000083873
2500 0.000319934 2500 0.000008334 add_time= 0.000353327
1250 0.000351783 1250 0.000011375 add_time= 0.000376774
2600 0.000020316 2600 0.000022022 add_time= 0.000069868
2550 0.000058031 2550 0.000007869 add_time= 0.000082652
2700 0.000232699 2700 0.000007408 add_time= 0.000269010
1375 0.000144632 1375 0.000006114 add_time= 0.000164379
2650 0.000501114 2650 0.000008014 add_time= 0.000527021
3025 0.000319640 3025 0.000006902 add_time= 0.000344379
2650 0.000043390 2650 0.000006201 add_time= 0.000063946
2750 0.000208265 2750 0.000009293 add_time= 0.000250365
2805 0.000006173 2805 0.000042912 add_time= 0.000063994
2500 0.000132535 2500 0.000006108 add_time= 0.000152942
2750 0.000062210 2750 0.000008124 add_time= 0.000091644
2500 0.000184793 2500 0.000006311 add_time= 0.000207610
2700 0.000215549 2700 0.000006916 add_time= 0.000249951
2750 0.000185047 2750 0.000008085 add_time= 0.000209855
2601 0.000220730 2601 0.000006678 add_time= 0.000243773
2550 0.000005858 2550 0.000013256 add_time= 0.000033624
2700 0.000277860 2700 0.000007569 add_time= 0.000307339
1375 0.000033604 1375 0.000005378 add_time= 0.000060102
2550 0.000287764 2550 0.000006626 add_time= 0.000310829
2550 0.000106663 2550 0.000007170 add_time= 0.000130156
2550 0.000298641 2550 0.000007254 add_time= 0.000333587
2805 0.000043687 2805 0.000006345 add_time= 0.000065159
2600 0.000117595 2600 0.000007120 add_time= 0.000140948
2650 0.000371282 2650 0.000007032 add_time= 0.000395511
2600 0.000123654 2600 0.000010969 add_time= 0.000150836
2500 0.000073297 2500 0.000029935 add_time= 0.000119266
2750 0.000183173 2750 0.000008003 add_time= 0.000208187
2550 0.000056410 2550 0.000006243 add_time= 0.000077532
2750 0.000231821 2750 0.000006948 add_time= 0.000266797
1250 0.000267029 1250 0.000006599 add_time= 0.000298410
2550 0.000083282 2550 0.000007764 add_time= 0.000108759
2750 0.000103783 2750 0.000006980 add_time= 0.000128046
2550 0.000006134 2550 0.000022170 add_time= 0.000043627
2750 0.000189335 2750 0.000006866 add_time= 0.000212731
1250 0.000113991 1250 0.000005755 add_time= 0.000131642
2650 0.000440224 2650 0.000016111 add_time= 0.000472706
2805 0.000041277 2805 0.000007721 add_time= 0.000065977
2860 0.000055442 2860 0.000006428 add_time= 0.000077081
2550 0.000140096 2550 0.000014289 add_time= 0.000170246
2750 0.000255050 2750 0.000016207 add_time= 0.000287820
2500 0.000035039 2500 0.000007027 add_time= 0.000057987
2756 0.000080097 2756 0.000006476 add_time= 0.000104861
2860 0.000036645 2860 0.000013675 add_time= 0.000067727
2750 0.000034393 2750 0.000006629 add_time= 0.000056306
2601 0.000127099 2601 0.000005622 add_time= 0.000146884
2650 0.000106886 2650 0.000006067 add_time= 0.000127071
2600 0.000115434 2600 0.000007142 add_time= 0.000150441
2703 0.000006757 2703 0.000009305 add_time= 0.000064745
2860 0.000027793 2860 0.000007772 add_time= 0.000070222
2550 0.000060890 2550 0.000008125 add_time= 0.000103872
2805 0.000042428 2805 0.000007774 add_time= 0.000076610
2500 0.000039334 2500 0.000008197 add_time= 0.000093829
2500 0.000023644 2500 0.000008676 add_time= 0.000063129
2750 0.000061140 2750 0.000007525 add_time= 0.000087954
2700 0.000117670 2700 0.000006871 add_time= 0.000141164
3025 0.000068275 3025 0.000010062 add_time= 0.000106975
2500 0.000067719 2500 0.000007039 add_time= 0.000103225
2650 0.000051731 2650 0.000010744 add_time= 0.000077719
2650 0.000355213 2650 0.000007192 add_time= 0.000378013
2500 0.000185004 2500 0.000005930 add_time= 0.000206280
2600 0.000032994 2600 0.000006781 add_time= 0.000062873
2550 0.000151370 2550 0.000005606 add_time= 0.000170771
2700 0.000094464 2700 0.000006489 add_time= 0.000116795
1275 0.000060957 1275 0.000006375 add_time= 0.000088918
2500 0.000225003 2500 0.000006661 add_time= 0.000247005
3025 0.000025832 3025 0.000007757 add_time= 0.000049265
2500 0.000045320 2500 0.000009751 add_time= 0.000069752
2805 0.000082249 2805 0.000009677 add_time= 0.000115691
2500 0.000040061 2500 0.000006091 add_time= 0.000066717
2704 0.000118868 2704 0.000009084 add_time= 0.000143512
2600 0.000027072 2600 0.000006199 add_time= 0.000047099
2700 0.000171495 2700 0.000005681 add_time= 0.000205995
2500 0.000053334 2500 0.000006398 add_time= 0.000083090
2805 0.000077555 2805 0.000005551 add_time= 0.000096911
1275 0.000050995 1275 0.000005776 add_time= 0.000069276
2750 0.000053437 2750 0.000006257 add_time= 0.000075374
2500 0.000224711 2500 0.000006672 add_time= 0.000246708
2500 0.000079223 2500 0.000011851 add_time= 0.000106233
2750 0.000107767 2750 0.000006164 add_time= 0.000127657
2750 0.000155241 2750 0.000009688 add_time= 0.000180760
2550 0.000013544 2550 0.000013069 add_time= 0.000051361
2805 0.000028113 2805 0.000005613 add_time= 0.000046812
3025 0.000031138 3025 0.000008703 add_time= 0.000055450
2700 0.000221396 2700 0.000006688 add_time= 0.000243522
2500 0.000044716 2500 0.000017225 add_time= 0.000076373
2750 0.000105865 2750 0.000006958 add_time= 0.000128512
2550 0.000015668 2550 0.000013345 add_time= 0.000044772
2500 0.000083376 2500 0.000006150 add_time= 0.000103554
2970 0.000029561 2970 0.000006360 add_time= 0.000058975
2500 0.000169583 2500 0.000006288 add_time= 0.000191253
2650 0.000055119 2650 0.000011962 add_time= 0.000081198
2750 0.000076923 2750 0.000006152 add_time= 0.000096968
2550 0.000015314 2550 0.000012693 add_time= 0.000041161
2700 0.000069582 2700 0.000005472 add_time= 0.000089094
2500 0.000064353 2500 0.000005579 add_time= 0.000083408
2750 0.000177467 2750 0.000006617 add_time= 0.000207928
2600 0.000085434 2600 0.000005873 add_time= 0.000104885
2805 0.000085542 2805 0.000005629 add_time= 0.000105488
2550 0.000100712 2550 0.000005217 add_time= 0.000118938
2500 0.000416771 2500 0.000006170 add_time= 0.000436841
2750 0.000109839 2750 0.000012029 add_time= 0.000135290
2915 0.000146963 2915 0.000006369 add_time= 0.000169539
2500 0.000241625 2500 0.000005946 add_time= 0.000261354
2500 0.000055887 2500 0.000005847 add_time= 0.000074977
2805 0.000060378 2805 0.000005697 add_time= 0.000088455
2500 0.000031165 2500 0.000005379 add_time= 0.000049476
625 0.000085451 625 0.000006652 add_time= 0.000101774
2500 0.000238515 2500 0.000006111 add_time= 0.000259163
2500 0.000120874 2500 0.000005753 add_time= 0.000139854
2750 0.000062501 2750 0.000009845 add_time= 0.000086108
2805 0.000060701 2805 0.000006238 add_time= 0.000080743
2750 0.000037795 2750 0.000005618 add_time= 0.000056681
2500 0.000302102 2500 0.000006026 add_time= 0.000322076
2500 0.000080003 2500 0.000005972 add_time= 0.000099385
2550 0.000106043 2550 0.000006081 add_time= 0.000125396
2601 0.000086635 2601 0.000005753 add_time= 0.000105472
2750 0.000080444 2750 0.000005723 add_time= 0.000099570
2500 0.000427058 2500 0.000008444 add_time= 0.000457336
2750 0.001670836 2750 0.000020305 add_time= 0.001717459
2754 0.000179582 2754 0.000015247 add_time= 0.000211279
2700 0.000091728 2700 0.000006907 add_time= 0.000115662
2862 0.000251803 2862 0.000006746 add_time= 0.000276327
2750 0.001257246 2750 0.000006717 add_time= 0.001278981
2652 0.000179158 2652 0.000006448 add_time= 0.000202074
2916 0.000034865 2916 0.000006636 add_time= 0.000066515
2550 0.000079114 2550 0.000006611 add_time= 0.000102184
2750 0.000453870 2750 0.000007110 add_time= 0.000477670
2750 0.000490307 2750 0.000006563 add_time= 0.000513564
3025 0.000179675 3025 0.000006799 add_time= 0.000203757
2500 0.000005939 2500 0.000023704 add_time= 0.000049613
2700 0.000106202 2700 0.000006829 add_time= 0.000130019
2600 0.000163813 2600 0.000008370 add_time= 0.000204570
2600 0.000052908 2600 0.000009950 add_time= 0.000079205
2750 0.000120667 2750 0.000006789 add_time= 0.000152074
2550 0.000108336 2550 0.000006516 add_time= 0.000131638
2500 0.000172018 2500 0.000005582 add_time= 0.000193123
2550 0.000046907 2550 0.000006947 add_time= 0.000070258
2915 0.000165773 2915 0.000006638 add_time= 0.000191173
2860 0.000104280 2860 0.000005909 add_time= 0.000125870
2750 0.000069873 2750 0.000006677 add_time= 0.000101730
2500 0.000060989 2500 0.000006280 add_time= 0.000081274
2601 0.000007515 2601 0.000013951 add_time= 0.000037759
2500 0.000023863 2500 0.000006624 add_time= 0.000052402
1250 0.000054699 1250 0.000005940 add_time= 0.000076944
2915 0.000312093 2915 0.000008474 add_time= 0.000351841
2970 0.000049347 2970 0.000006286 add_time= 0.000071071
2860 0.000101454 2860 0.000018652 add_time= 0.000145608
2500 0.000016651 2500 0.000013273 add_time= 0.000055044
2500 0.000129235 2500 0.000005385 add_time= 0.000148614
2750 0.000135817 2750 0.000006513 add_time= 0.000159115
2750 0.000261030 2750 0.000011727 add_time= 0.000319765
2652 0.000086316 2652 0.000008001 add_time= 0.000112513
2750 0.000040073 2750 0.000007208 add_time= 0.000064671
2500 0.000037814 2500 0.000007302 add_time= 0.000062139
2500 0.000007225 2500 0.000013121 add_time= 0.000043994
2754 0.000298838 2754 0.000006884 add_time= 0.000322632
2500 0.000036259 2500 0.000012285 add_time= 0.000064886
2500 0.000267813 2500 0.000007446 add_time= 0.000293318
3025 0.000126272 3025 0.000007180 add_time= 0.000150753
2750 0.000106893 2750 0.000006426 add_time= 0.000128266
2750 0.000007329 2750 0.000029390 add_time= 0.000050663
2500 0.000118283 2500 0.000006714 add_time= 0.000138392
2750 0.000122792 2750 0.000006766 add_time= 0.000143328
2703 0.000006789 2703 0.000016178 add_time= 0.000059358
2750 0.000068314 2750 0.000007937 add_time= 0.000116441
2750 0.000048604 2750 0.000016699 add_time= 0.000092093
2754 0.000045937 2754 0.000007672 add_time= 0.000085673
2700 0.000134823 2700 0.000008480 add_time= 0.000169019
1250 0.000039615 1250 0.000007374 add_time= 0.000081143
2500 0.000218808 2500 0.000006189 add_time= 0.000242032
2500 0.000150375 2500 0.000011657 add_time= 0.000175147
2750 0.000118875 2750 0.000006774 add_time= 0.000142114
2805 0.000084648 2805 0.000005671 add_time= 0.000105023
2652 0.000006665 2652 0.000035443 add_time= 0.000055428
2550 0.000057574 2550 0.000006639 add_time= 0.000077827
1250 0.000051865 1250 0.000005903 add_time= 0.000068944
2915 0.000181131 2915 0.000006717 add_time= 0.000206018
2652 0.000039573 2652 0.000006490 add_time= 0.000062004
3025 0.000079364 3025 0.000006969 add_time= 0.000102366
2805 0.000057075 2805 0.000006839 add_time= 0.000080704
2700 0.000007737 2700 0.000014696 add_time= 0.000038778
2700 0.000118348 2700 0.000006050 add_time= 0.000139246
1275 0.000247150 1275 0.000011255 add_time= 0.000279030
1325 0.000192710 1325 0.000006510 add_time= 0.000214439
2500 0.000029906 2500 0.000006414 add_time= 0.000060870
2500 0.000055385 2500 0.000006443 add_time= 0.000077908
2550 0.000017659 2550 0.000015920 add_time= 0.000060019
2750 0.000115763 2750 0.000007729 add_time= 0.000148988
2650 0.000070422 2650 0.000007630 add_time= 0.000097096
2915 0.000116294 2915 0.000006808 add_time= 0.000141089
2750 0.000075423 2750 0.000005903 add_time= 0.000097492
2500 0.000042692 2500 0.000005820 add_time= 0.000064149
2750 0.000018490 2750 0.000098223 add_time= 0.000134290
2500 0.000133857 2500 0.000007438 add_time= 0.000166235
2500 0.000069217 2500 0.000005654 add_time= 0.000098914
2550 0.000256422 2550 0.000008219 add_time= 0.000288524
2652 0.000168283 2652 0.000007624 add_time= 0.000193254
2750 0.000054567 2750 0.000006839 add_time= 0.000078640
2750 0.000069804 2750 0.000006559 add_time= 0.000092613
2652 0.000017141 2652 0.000015728 add_time= 0.000050236
2700 0.000109642 2700 0.000007105 add_time= 0.000134060
1250 0.000296401 1250 0.000013158 add_time= 0.000323857
2862 0.000208687 2862 0.000007047 add_time= 0.000236727
2805 0.000092831 2805 0.000006062 add_time= 0.000113853
2750 0.000122716 2750 0.000006093 add_time= 0.000152034
2550 0.000017290 2550 0.000021149 add_time= 0.000053037
2500 0.000049029 2500 0.000005826 add_time= 0.000069469
2650 0.000391236 2650 0.000007326 add_time= 0.000415676
2860 0.000077882 2860 0.000006582 add_time= 0.000099714
2750 0.000073416 2750 0.000005845 add_time= 0.000094053
3025 0.000039607 3025 0.000005863 add_time= 0.000068636
2600 0.000050914 2600 0.000005418 add_time= 0.000069818
2601 0.000083616 2601 0.000005778 add_time= 0.000112671
3025 0.000144970 3025 0.000012999 add_time= 0.000172876
2703 0.000058452 2703 0.000006431 add_time= 0.000081170
2750 0.000067196 2750 0.000006001 add_time= 0.000098880
2500 0.000076556 2500 0.000005760 add_time= 0.000095820
2550 0.000105173 2550 0.000005492 add_time= 0.000123963
2750 0.000053248 2750 0.000006504 add_time= 0.000074852
2500 0.000159364 2500 0.000006090 add_time= 0.000179865
2756 0.000030758 2756 0.000007034 add_time= 0.000054460
2860 0.000113068 2860 0.000005583 add_time= 0.000133895
2750 0.000111849 2750 0.000006439 add_time= 0.000143586
2750 0.000035581 2750 0.000005763 add_time= 0.000056614
2750 0.000035117 2750 0.000005856 add_time= 0.000055872
2754 0.000070514 2754 0.000005936 add_time= 0.000091227
2970 0.000030227 2970 0.000017584 add_time= 0.000083478
1250 0.000180591 1250 0.000005788 add_time= 0.000198699
2550 0.000248642 2550 0.000007015 add_time= 0.000271999
2500 0.000047612 2500 0.000005752 add_time= 0.000067717
2600 0.000021911 2600 0.000005522 add_time= 0.000041427
2805 0.000015495 2805 0.000014736 add_time= 0.000046029
2750 0.000040201 2750 0.000005692 add_time= 0.000060740
2750 0.000183509 2750 0.000006151 add_time= 0.000204794
2915 0.000301190 2915 0.000006469 add_time= 0.000325631
2860 0.000078195 2860 0.000005740 add_time= 0.000098485
2805 0.000078867 2805 0.000005670 add_time= 0.000098625
2601 0.000055183 2601 0.000014443 add_time= 0.000083395
2500 0.000107499 2500 0.000005413 add_time= 0.000134589
2550 0.000228337 2550 0.000005509 add_time= 0.000259497
2550 0.000097653 2550 0.000018373 add_time= 0.000144588
2500 0.000393325 2500 0.000018592 add_time= 0.000427457
2970 0.000031016 2970 0.000007533 add_time= 0.000065119
2500 0.000007797 2500 0.000015467 add_time= 0.000050244
2550 0.000100640 2550 0.000006045 add_time= 0.000120546
2750 0.000158346 2750 0.000010158 add_time= 0.000192597
2915 0.000357993 2915 0.000007731 add_time= 0.000383957
2860 0.000091976 2860 0.000006947 add_time= 0.000116237
2500 0.000177896 2500 0.000008786 add_time= 0.000200440
2750 0.000064649 2750 0.000006806 add_time= 0.000087389
2550 0.000006408 2550 0.000021461 add_time= 0.000042075
2754 0.000031450 2754 0.000006614 add_time= 0.000062878
1250 0.000217811 1250 0.000005798 add_time= 0.000236952
2500 0.000250326 2500 0.000006911 add_time= 0.000273470
2805 0.000108154 2805 0.000006987 add_time= 0.000131898
3025 0.000353345 3025 0.000008830 add_time= 0.000398198
2550 0.000144388 2550 0.000008919 add_time= 0.000173491
2601 0.000014883 2601 0.000026136 add_time= 0.000057171
2750 0.000053486 2750 0.000006752 add_time= 0.000075923
2915 0.000128737 2915 0.000006820 add_time= 0.000152746
2600 0.000086429 2600 0.000005888 add_time= 0.000106371
2750 0.000044384 2750 0.000010953 add_time= 0.000069271
2750 0.000052168 2750 0.000006440 add_time= 0.000072409
2550 0.000007061 2550 0.000022118 add_time= 0.000042794
2970 0.000072201 2970 0.000008670 add_time= 0.000093986
2650 0.000175785 2650 0.000006718 add_time= 0.000198588
2600 0.000065277 2600 0.000006034 add_time= 0.000086189
1375 0.000022200 1375 0.000006117 add_time= 0.000052772
2500 0.000017034 2500 0.000020079 add_time= 0.000049223
2700 0.000038857 2700 0.000005740 add_time= 0.000065862
1250 0.000084147 1250 0.000005739 add_time= 0.000102852
2652 0.000251435 2652 0.000008848 add_time= 0.000307892
2915 0.000332521 2915 0.000007386 add_time= 0.000356903
2500 0.000017389 2500 0.000015085 add_time= 0.000047744
2750 0.000283079 2750 0.000006733 add_time= 0.000305931
2600 0.000063094 2600 0.000006539 add_time= 0.000085833
2550 0.000282954 2550 0.000007609 add_time= 0.000307540
2500 0.000168633 2500 0.000007299 add_time= 0.000202541
2915 0.000059545 2915 0.000006320 add_time= 0.000081916
2652 0.000071774 2652 0.000007087 add_time= 0.000098573
2550 0.000075168 2550 0.000008196 add_time= 0.000100180
2500 0.000170582 2500 0.000006656 add_time= 0.000195459
2700 0.000072575 2700 0.000006375 add_time= 0.000095331
2550 0.000062429 2550 0.000006404 add_time= 0.000082843
2500 0.000108288 2500 0.000006405 add_time= 0.000128645
2750 0.000083356 2750 0.000006103 add_time= 0.000103674
2703 0.000006840 2703 0.000008889 add_time= 0.000081287
2808 0.000052027 2808 0.000008652 add_time= 0.000099789
2750 0.000076488 2750 0.000008100 add_time= 0.000119244
1275 0.000053363 1275 0.000139711 add_time= 0.000223417
2805 0.000041278 2805 0.000008284 add_time= 0.000085298
2860 0.000091981 2860 0.000008025 add_time= 0.000124993
2915 0.000194282 2915 0.000006590 add_time= 0.000219513
2500 0.000061790 2500 0.000006230 add_time= 0.000081910
2500 0.000182475 2500 0.000007260 add_time= 0.000204005
3025 0.000109498 3025 0.000007760 add_time= 0.000134209
2550 0.000130464 2550 0.000006992 add_time= 0.000152977
2754 0.000075997 2754 0.000007324 add_time= 0.000108599
3025 0.000068483 3025 0.000006707 add_time= 0.000090286
2600 0.000322534 2600 0.000007096 add_time= 0.000349568
2500 0.000201538 2500 0.000006884 add_time= 0.000224465
2805 0.000099042 2805 0.000007344 add_time= 0.000124502
2862 0.000074743 2862 0.000007045 add_time= 0.000105301
2550 0.000047116 2550 0.000005684 add_time= 0.000068314
2700 0.000373319 2700 0.000008345 add_time= 0.000403464
2500 0.000164570 2500 0.000015477 add_time= 0.000197984
2500 0.000055971 2500 0.000007063 add_time= 0.000080779
2601 0.000019317 2601 0.000015318 add_time= 0.000051757
2600 0.000074752 2600 0.000007357 add_time= 0.000098283
2550 0.000072255 2550 0.000007705 add_time= 0.000108115
2600 0.000343565 2600 0.000007205 add_time= 0.000371289
2860 0.000222689 2860 0.000007275 add_time= 0.000247826
2750 0.000125636 2750 0.000007002 add_time= 0.000148409
2550 0.000060410 2550 0.000006247 add_time= 0.000082448
2500 0.000090648 2500 0.000006839 add_time= 0.000112995
2500 0.000279290 2500 0.000008192 add_time= 0.000306602
2500 0.000266930 2500 0.000005917 add_time= 0.000288648
2915 0.000080369 2915 0.000006910 add_time= 0.000103714
2601 0.000085487 2601 0.000006280 add_time= 0.000106645
2916 0.000077848 2916 0.000014910 add_time= 0.000108893
2500 0.000310381 2500 0.000008028 add_time= 0.000337693
2500 0.000090038 2500 0.000007223 add_time= 0.000111897
2500 0.000157784 2500 0.000006996 add_time= 0.000179521
2550 0.000107807 2550 0.000006710 add_time= 0.000129781
2750 0.000079670 2750 0.000006551 add_time= 0.000110959
1300 0.000064022 1300 0.000007601 add_time= 0.000089041
2915 0.000402091 2915 0.000007987 add_time= 0.000434054
2500 0.000113227 2500 0.000005841 add_time= 0.000134550
2750 0.000062262 2750 0.000006826 add_time= 0.000084645
2805 0.000018214 2805 0.000017668 add_time= 0.000051139
2550 0.000069540 2550 0.000006807 add_time= 0.000090647
2750 0.000063789 2750 0.000006520 add_time= 0.000084803
625 0.000032893 625 0.000005575 add_time= 0.000049314
2600 0.000341910 2600 0.000008084 add_time= 0.000368683
2750 0.000172602 2750 0.000006196 add_time= 0.000194291
2860 0.000062911 2860 0.000005888 add_time= 0.000083449
2652 0.000093571 2652 0.000006409 add_time= 0.000114942
2500 0.000123617 2500 0.000007090 add_time= 0.000144348
2500 0.000487443 2500 0.000007874 add_time= 0.000523216
2805 0.000102904 2805 0.000007848 add_time= 0.000128194
1250 0.000089003 1250 0.000005688 add_time= 0.000107261
2500 0.000015945 2500 0.000017929 add_time= 0.000059823
1275 0.000010957 1275 0.000009552 add_time= 0.000032948
2500 0.000083344 2500 0.000006497 add_time= 0.000104909
2600 0.000493686 2600 0.000006967 add_time= 0.000520509
2600 0.000108171 2600 0.000007469 add_time= 0.000142528
2550 0.000076315 2550 0.000006423 add_time= 0.000097540
2550 0.000015658 2550 0.000071635 add_time= 0.000102194
2754 0.000093008 2754 0.000006433 add_time= 0.000114846
1300 0.000070744 1300 0.000005441 add_time= 0.000089021
2650 0.000314979 2650 0.000007091 add_time= 0.000341074
2860 0.000065469 2860 0.000007192 add_time= 0.000088685
2750 0.000100656 2750 0.000006633 add_time= 0.000122507
2750 0.000091454 2750 0.000006408 add_time= 0.000120814
2805 0.000016118 2805 0.000016763 add_time= 0.000047077
2700 0.000079419 2700 0.000005888 add_time= 0.000109122
2750 0.000106262 2750 0.000006001 add_time= 0.000126849
2550 0.000057776 2550 0.000006311 add_time= 0.000078450
2500 0.000774571 2500 0.000007386 add_time= 0.000804883
2750 0.000336905 2750 0.000007822 add_time= 0.000373604
2500 0.000131254 2500 0.000007328 add_time= 0.000162077
2550 0.000088019 2550 0.000023785 add_time= 0.000129624
2750 0.000068046 2750 0.000006899 add_time= 0.000092503
2600 0.000136822 2600 0.000011272 add_time= 0.000166684
3025 0.000166506 3025 0.000007016 add_time= 0.000191521
2750 0.000095690 2750 0.000006033 add_time= 0.000116855
2805 0.000007351 2805 0.000045500 add_time= 0.000068657
2700 0.000028700 2700 0.000007873 add_time= 0.000055037
2700 0.000038032 2700 0.000006282 add_time= 0.000059652
2500 0.000233340 2500 0.000006198 add_time= 0.000264558
2550 0.000194207 2550 0.000006716 add_time= 0.000216637
2750 0.000100537 2750 0.000006284 add_time= 0.000122496
2601 0.000124922 2601 0.000010151 add_time= 0.000150959
2750 0.000082723 2750 0.000010293 add_time= 0.000113973
2650 0.000165690 2650 0.000006838 add_time= 0.000189840
2500 0.000068366 2500 0.000006432 add_time= 0.000099177
2500 0.000099038 2500 0.000006229 add_time= 0.000120235
2550 0.000119032 2550 0.000007579 add_time= 0.000143313
2550 0.000164017 2550 0.000006583 add_time= 0.000186873
2750 0.000034321 2750 0.000014751 add_time= 0.000066285
