2500 0.000240849 2500 0.000014543 add_time= 0.001895054
2600 0.000052863 2600 0.000009033 add_time= 0.000080695
1300 0.000011911 1300 0.000014886 add_time= 0.000041795
2600 0.000092396 2600 0.000008774 add_time= 0.000121358
3025 0.000099589 3025 0.000006799 add_time= 0.000131844
2970 0.000018001 2970 0.000054070 add_time= 0.000096361
2600 0.000536533 2600 0.000010483 add_time= 0.000581332
2550 0.000406807 2550 0.000007833 add_time= 0.000447635
2600 0.000231183 2600 0.000018253 add_time= 0.000269928
2550 0.000155710 2550 0.000006677 add_time= 0.000178518
2550 0.000007228 2550 0.000025008 add_time= 0.000046844
2600 0.000165196 2600 0.000042553 add_time= 0.000233642
1275 0.000227908 1275 0.000007635 add_time= 0.000249989
2750 0.000188033 2750 0.000011471 add_time= 0.000255971
2750 0.000221339 2750 0.000011646 add_time= 0.000251598
2500 0.000084171 2500 0.000006689 add_time= 0.000109830
2704 0.000152366 2704 0.000007952 add_time= 0.000184132
2750 0.000091598 2750 0.000007126 add_time= 0.000115402
3025 0.000856574 3025 0.000007041 add_time= 0.000879225
2550 0.000198741 2550 0.000006794 add_time= 0.000232362
2600 0.000164694 2600 0.000018905 add_time= 0.000265413
2750 0.000067857 2750 0.000009077 add_time= 0.000107988
2650 0.000065261 2650 0.000025089 add_time= 0.000120797
2500 0.000051833 2500 0.000025196 add_time= 0.001036223
2500 0.000037735 2500 0.000008442 add_time= 0.000070803
2550 0.000037298 2550 0.000007928 add_time= 0.000057390
2600 0.000336139 2600 0.000008164 add_time= 0.000365651
1250 0.000079681 1250 0.000007133 add_time= 0.000113423
1275 0.000024596 1275 0.000016784 add_time= 0.000056392
2750 0.000474090 2750 0.000011351 add_time= 0.000622704
2550 0.000073471 2550 0.000008263 add_time= 0.000118906
2700 0.000075047 2700 0.000010877 add_time= 0.000121489
2750 0.000008768 2750 0.000023883 add_time= 0.000059169
2860 0.000198640 2860 0.000019545 add_time= 0.000253103
2805 0.000192022 2805 0.000008487 add_time= 0.000257970
2652 0.000206874 2652 0.000009147 add_time= 0.000245511
2600 0.000208737 2600 0.000007768 add_time= 0.000244852
2750 0.000177841 2750 0.000007789 add_time= 0.000203294
2600 0.000220116 2600 0.000007681 add_time= 0.000252060
2805 0.000108914 2805 0.000006570 add_time= 0.000132837
2750 0.000007798 2750 0.000016352 add_time= 0.000041127
1250 0.000005101 1250 0.000010602 add_time= 0.000030108
2915 0.000162432 2915 0.000008641 add_time= 0.000228222
2750 0.000060119 2750 0.000007633 add_time= 0.000084809
2600 0.000246175 2600 0.000009851 add_time= 0.000424649
2754 0.000061087 2754 0.000008496 add_time= 0.000105115
2500 0.000047305 2500 0.000010978 add_time= 0.000099748
