2650 0.000019703 2650 0.000028276 add_time= 0.001804271
2970 0.000044640 2970 0.000006541 add_time= 0.000069314
2915 0.000102986 2915 0.000007836 add_time= 0.000128468
2915 0.000018195 2915 0.000085820 add_time= 0.000125615
2500 0.000184903 2500 0.000007433 add_time= 0.000209725
2970 0.000043039 2970 0.000007600 add_time= 0.000068454
2650 0.000016481 2650 0.000024827 add_time= 0.000081804
2750 0.000309880 2750 0.000009429 add_time= 0.000388043
2860 0.000150089 2860 0.000006932 add_time= 0.000184703
2650 0.000008649 2650 0.000090755 add_time= 0.000136628
2750 0.000215881 2750 0.000017180 add_time= 0.000263739
2970 0.000056055 2970 0.000012014 add_time= 0.000120178
2650 0.000020290 2650 0.000015487 add_time= 0.000062721
2500 0.000536791 2500 0.000022154 add_time= 0.000574202
2550 0.000195462 2550 0.000006978 add_time= 0.000219695
1250 0.000044038 1250 0.000005240 add_time= 0.000062283
2500 0.000007725 2500 0.000045143 add_time= 0.000081293
2550 0.000434829 2550 0.000008328 add_time= 0.000460783
3025 0.000048372 3025 0.000007277 add_time= 0.000075731
2650 0.000016094 2650 0.000031563 add_time= 0.000077457
2601 0.000224962 2601 0.000006887 add_time= 0.000248357
2550 0.000241450 2550 0.000010579 add_time= 0.000357125
2805 0.000031686 2805 0.000008834 add_time= 0.000072240
2750 0.000036115 2750 0.000021095 add_time= 0.000101518
2600 0.000132528 2600 0.000012883 add_time= 0.001687180
2652 0.000060963 2652 0.000007037 add_time= 0.000084423
2500 0.000117453 2500 0.000007219 add_time= 0.000141133
2700 0.000060151 2700 0.000006389 add_time= 0.000081240
2650 0.000019643 2650 0.000024800 add_time= 0.000066485
2750 0.000074822 2750 0.000019247 add_time= 0.000118357
1275 0.000115571 1275 0.000006836 add_time= 0.000139828
1250 0.000065393 1250 0.000014110 add_time= 0.000091440
2756 0.000008270 2756 0.000025609 add_time= 0.000113679
2700 0.000146513 2700 0.000007141 add_time= 0.000178124
2550 0.000055051 2550 0.000028010 add_time= 0.000099619
2754 0.000046956 2754 0.000019092 add_time= 0.000082840
2915 0.000011987 2915 0.000148631 add_time= 0.000188734
1250 0.000110870 1250 0.000032264 add_time= 0.000172974
2750 0.000188686 2750 0.000008412 add_time= 0.000213672
2600 0.000311891 2600 0.000009940 add_time= 0.000433304
2550 0.000401207 2550 0.000008681 add_time= 0.000435201
1250 0.000087610 1250 0.000006676 add_time= 0.000109265
2704 0.000147247 2704 0.000009281 add_time= 0.000182640
2805 0.000125791 2805 0.000008003 add_time= 0.000153114
2500 0.000164096 2500 0.000023449 add_time= 0.000213962
1250 0.000082880 1250 0.000006722 add_time= 0.000106628
2500 0.000042920 2500 0.000008392 add_time= 0.000077168
2601 0.000039630 2601 0.000007655 add_time= 0.000066053
2652 0.000204433 2652 0.000012619 add_time= 0.000342065
2750 0.000065729 2750 0.000021259 add_time= 0.000133376
2600 0.000043533 2600 0.000009036 add_time= 0.000081087
2750 0.000017557 2750 0.000037617 add_time= 0.001246167
2750 0.000100914 2750 0.000006736 add_time= 0.000132705
2550 0.000114958 2550 0.000006359 add_time= 0.000144959
2550 0.000095048 2550 0.000006211 add_time= 0.000115025
2750 0.000054304 2750 0.000018554 add_time= 0.000089790
2550 0.000073893 2550 0.000006481 add_time= 0.000095749
1250 0.000011995 1250 0.000014274 add_time= 0.000041626
2860 0.000069880 2860 0.000007638 add_time= 0.000094979
2500 0.000091249 2500 0.000006363 add_time= 0.000113496
2500 0.000062303 2500 0.000006485 add_time= 0.000084912
1250 0.000153716 1250 0.000006881 add_time= 0.000174396
2500 0.000026342 2500 0.000014272 add_time= 0.000056448
2750 0.000007985 2750 0.000027436 add_time= 0.000081994
1250 0.000114904 1250 0.000006577 add_time= 0.000137690
2500 0.000094252 2500 0.000008657 add_time= 0.000118234
2805 0.000053772 2805 0.000007398 add_time= 0.000085524
2808 0.000077616 2808 0.000006219 add_time= 0.000098590
2550 0.000046287 2550 0.000017685 add_time= 0.000080339
2600 0.000006620 2600 0.000081060 add_time= 0.000104891
2600 0.000007268 2600 0.000049046 add_time= 0.000073090
2750 0.000062164 2750 0.000006583 add_time= 0.000085619
2500 0.000079902 2500 0.000007049 add_time= 0.000103549
2550 0.000025447 2550 0.000006476 add_time= 0.000059193
2750 0.000072581 2750 0.000006742 add_time= 0.000095952
2500 0.000221572 2500 0.000007201 add_time= 0.000265028
2750 0.000119430 2750 0.000006594 add_time= 0.000145593
2750 0.000050816 2750 0.000010247 add_time= 0.000077542
2650 0.000088454 2650 0.000006206 add_time= 0.000109519
2700 0.000041501 2700 0.000010504 add_time= 0.000068726
2550 0.000092473 2550 0.000010325 add_time= 0.000127710
2500 0.000291136 2500 0.000006459 add_time= 0.000333636
2805 0.000044902 2805 0.000006888 add_time= 0.000069122
2650 0.000319942 2650 0.000006708 add_time= 0.000343212
2500 0.000091109 2500 0.000006181 add_time= 0.000112067
2500 0.000114503 2500 0.000005735 add_time= 0.000134811
2805 0.000034883 2805 0.000006987 add_time= 0.000059344
1250 0.000130232 1250 0.000005762 add_time= 0.000153559
2700 0.000015552 2700 0.000134539 add_time= 0.000169733
2750 0.000057414 2750 0.000005869 add_time= 0.000077171
2600 0.001553029 2600 0.000006657 add_time= 0.001586547
2600 0.000058080 2600 0.000007086 add_time= 0.000079808
2805 0.000061761 2805 0.000007039 add_time= 0.000083694
2650 0.000354010 2650 0.000008578 add_time= 0.000447326
3025 0.000059090 3025 0.000008190 add_time= 0.000106239
2750 0.000097081 2750 0.000007979 add_time= 0.000134762
2550 0.000107552 2550 0.000008483 add_time= 0.000143010
2500 0.000037886 2500 0.000008496 add_time= 0.000081695
2600 0.000395264 2600 0.000008752 add_time= 0.000427984
2500 0.000480447 2500 0.000006541 add_time= 0.000503667
2500 0.000385710 2500 0.000006572 add_time= 0.000408553
2500 0.000119389 2500 0.000006523 add_time= 0.000139870
2550 0.000129371 2550 0.000009516 add_time= 0.000153455
2550 0.000161042 2550 0.000006414 add_time= 0.000182234
2704 0.000015416 2704 0.000081679 add_time= 0.000116408
2704 0.000006325 2704 0.000023296 add_time= 0.000053060
2500 0.000043307 2500 0.000006135 add_time= 0.000064859
2750 0.000092596 2750 0.000006861 add_time= 0.000117565
2601 0.000423043 2601 0.000006825 add_time= 0.000446767
2700 0.000241382 2700 0.000006244 add_time= 0.000262968
2750 0.000006235 2750 0.000196450 add_time= 0.000220730
2750 0.000183667 2750 0.000006240 add_time= 0.000206794
2860 0.000233159 2860 0.000015174 add_time= 0.000275294
2550 0.000104332 2550 0.000006671 add_time= 0.000127281
1275 0.000079626 1275 0.000005752 add_time= 0.000098803
2805 0.000030789 2805 0.000007214 add_time= 0.000063715
2703 0.000212263 2703 0.000007869 add_time= 0.000238100
2750 0.000193204 2750 0.000007028 add_time= 0.000217651
2750 0.000200783 2750 0.000007221 add_time= 0.000225339
2500 0.000161655 2500 0.000007309 add_time= 0.000185762
2500 0.000327532 2500 0.000006933 add_time= 0.000350469
1300 0.000061321 1300 0.000005950 add_time= 0.000080505
2750 0.000006866 2750 0.000135784 add_time= 0.000160521
2860 0.000029776 2860 0.000006642 add_time= 0.000053715
2750 0.000169149 2750 0.000006880 add_time= 0.000193535
2805 0.000149318 2805 0.000007540 add_time= 0.000174026
2550 0.000092286 2550 0.000005477 add_time= 0.000111841
2550 0.000083103 2550 0.000008414 add_time= 0.000108242
2650 0.000139047 2650 0.000006637 add_time= 0.000181294
3025 0.000279927 3025 0.000026789 add_time= 0.000325053
2805 0.000106129 2805 0.000007532 add_time= 0.000130764
2550 0.000157202 2550 0.000006921 add_time= 0.000185490
2970 0.000087725 2970 0.000006661 add_time= 0.000110953
1350 0.000027699 1350 0.000009125 add_time= 0.000064433
2550 0.000291925 2550 0.000007172 add_time= 0.000317028
2500 0.000203572 2500 0.000010382 add_time= 0.000230150
2650 0.000087004 2650 0.000006133 add_time= 0.000109141
2550 0.000159851 2550 0.000006641 add_time= 0.000188547
1250 0.000115225 1250 0.000008570 add_time= 0.000138110
2550 0.000049160 2550 0.000006712 add_time= 0.000072754
2500 0.000389120 2500 0.000006819 add_time= 0.000411934
2600 0.000081194 2600 0.000007274 add_time= 0.000103473
2750 0.000076772 2750 0.000006529 add_time= 0.000097336
2500 0.000050265 2500 0.000006762 add_time= 0.000069680
2805 0.000064675 2805 0.000006831 add_time= 0.000093040
3025 0.000050631 3025 0.000007072 add_time= 0.000072795
2750 0.000036148 2750 0.000030455 add_time= 0.000114032
2600 0.000080433 2600 0.000008112 add_time= 0.000133917
2750 0.000046515 2750 0.000008510 add_time= 0.000109845
2500 0.000048495 2500 0.000007235 add_time= 0.000076653
2805 0.000068496 2805 0.000008566 add_time= 0.000103268
2700 0.000006123 2700 0.000007538 add_time= 0.000043029
1250 0.000051032 1250 0.000008180 add_time= 0.000112633
2550 0.000189451 2550 0.000005945 add_time= 0.000208921
2600 0.000156264 2600 0.000006625 add_time= 0.000177623
2750 0.000097004 2750 0.000006915 add_time= 0.000118623
2750 0.000084792 2750 0.000006653 add_time= 0.000106244
2500 0.000072978 2500 0.000006491 add_time= 0.000092362
2500 0.000105543 2500 0.000005429 add_time= 0.000123617
2500 0.000074286 2500 0.000006858 add_time= 0.000095399
2600 0.000205280 2600 0.000006792 add_time= 0.000227048
2600 0.000014620 2600 0.000014358 add_time= 0.000041875
2750 0.000042448 2750 0.000006714 add_time= 0.000063271
2750 0.000078440 2750 0.000006551 add_time= 0.000099870
2550 0.000111565 2550 0.000011473 add_time= 0.000136028
1275 0.000127604 1275 0.000005111 add_time= 0.000143054
2970 0.000105872 2970 0.000006597 add_time= 0.000127311
2750 0.000553264 2750 0.000008687 add_time= 0.000584809
2550 0.000172236 2550 0.000005987 add_time= 0.000196261
2750 0.000082147 2750 0.000006689 add_time= 0.000105810
2500 0.000119066 2500 0.000017862 add_time= 0.000154020
2550 0.000062086 2550 0.000005978 add_time= 0.000083704
2860 0.000085102 2860 0.000006937 add_time= 0.000108773
1250 0.000046398 1250 0.000005557 add_time= 0.000074949
2750 0.000301469 2750 0.000006599 add_time= 0.000326080
2600 0.000121488 2600 0.000006296 add_time= 0.000143429
2750 0.000324996 2750 0.000007196 add_time= 0.000349876
2500 0.000023387 2500 0.000006940 add_time= 0.000046895
2750 0.000130735 2750 0.000007153 add_time= 0.000154462
2750 0.000044750 2750 0.000006768 add_time= 0.000068668
1375 0.000093049 1375 0.000005756 add_time= 0.000112986
2650 0.000109912 2650 0.000006712 add_time= 0.000133851
2600 0.000078686 2600 0.000006218 add_time= 0.000110183
2750 0.000048396 2750 0.000006471 add_time= 0.000070172
2500 0.000053941 2500 0.000006413 add_time= 0.000075011
2500 0.000070496 2500 0.000007615 add_time= 0.000110973
2750 0.000041645 2750 0.000006661 add_time= 0.000074779
2500 0.000007598 2500 0.000022334 add_time= 0.000046842
2500 0.000279633 2500 0.000006885 add_time= 0.000303742
2500 0.000080781 2500 0.000018649 add_time= 0.000115954
1275 0.000021115 1275 0.000006036 add_time= 0.000042418
2550 0.000155256 2550 0.000005606 add_time= 0.000183429
2805 0.000061120 2805 0.000006889 add_time= 0.000084408
2750 0.000294789 2750 0.000006452 add_time= 0.000319575
2750 0.000032240 2750 0.000007322 add_time= 0.000065676
2550 0.000112998 2550 0.000006933 add_time= 0.000136439
2550 0.000024784 2550 0.000007842 add_time= 0.000059822
1250 0.000072718 1250 0.000005773 add_time= 0.000104170
2750 0.000041534 2750 0.000006090 add_time= 0.000062652
2750 0.000024981 2750 0.000015268 add_time= 0.000086825
2652 0.000089641 2652 0.000007768 add_time= 0.000125614
3025 0.000075802 3025 0.000007038 add_time= 0.000108425
2750 0.000216398 2750 0.000007900 add_time= 0.000257833
2650 0.000120570 2650 0.000007246 add_time= 0.000158708
2805 0.000040870 2805 0.000007426 add_time= 0.000072451
2500 0.000012592 2500 0.000013266 add_time= 0.000057270
2600 0.000092418 2600 0.000008399 add_time= 0.000127661
2805 0.000064261 2805 0.000007352 add_time= 0.000098927
2754 0.000208416 2754 0.000026296 add_time= 0.000264205
2703 0.000238965 2703 0.000006994 add_time= 0.000273257
3025 0.000035876 3025 0.000007526 add_time= 0.000077992
2600 0.000277390 2600 0.000006934 add_time= 0.000320093
2550 0.000108015 2550 0.000006931 add_time= 0.000132256
3025 0.000066033 3025 0.000007356 add_time= 0.000101332
2703 0.000098217 2703 0.000006937 add_time= 0.000121541
2500 0.000042780 2500 0.000006788 add_time= 0.000071165
2500 0.000327416 2500 0.000007326 add_time= 0.000350655
2500 0.000264405 2500 0.000016765 add_time= 0.000319415
2500 0.000045798 2500 0.000007919 add_time= 0.000092983
1250 0.000072603 1250 0.000008325 add_time= 0.000138039
2550 0.000059945 2550 0.000008056 add_time= 0.000098002
2750 0.000037159 2750 0.000008943 add_time= 0.000075112
2750 0.000007527 2750 0.000024005 add_time= 0.000050160
2500 0.000044638 2500 0.000018854 add_time= 0.000079835
2750 0.000076233 2750 0.000006488 add_time= 0.000098170
2601 0.000065362 2601 0.000006151 add_time= 0.000087520
2500 0.000357849 2500 0.000007246 add_time= 0.000389132
1275 0.000213618 1275 0.000005998 add_time= 0.000234612
2700 0.000245689 2700 0.000007385 add_time= 0.000270706
2600 0.000123358 2600 0.000008140 add_time= 0.000149170
2750 0.000070705 2750 0.000007266 add_time= 0.000103460
2600 0.000088265 2600 0.000017562 add_time= 0.000120430
2750 0.000084782 2750 0.000006206 add_time= 0.000114203
2750 0.000328169 2750 0.000007004 add_time= 0.000350819
2750 0.000110427 2750 0.000006652 add_time= 0.000132139
2700 0.000508085 2700 0.000006999 add_time= 0.000531923
2750 0.000116890 2750 0.000006391 add_time= 0.000138538
2750 0.000068618 2750 0.000006053 add_time= 0.000089859
2805 0.000024255 2805 0.000005966 add_time= 0.000053687
2916 0.000092279 2916 0.000006550 add_time= 0.000125179
1275 0.000478325 1275 0.000005913 add_time= 0.000506944
2600 0.000539095 2600 0.000009066 add_time= 0.000577236
2915 0.000302509 2915 0.000010470 add_time= 0.000347280
2650 0.000284917 2650 0.000005967 add_time= 0.000313718
2550 0.000068581 2550 0.000007177 add_time= 0.000100351
2550 0.000313724 2550 0.000007150 add_time= 0.000337879
2862 0.000655184 2862 0.000007200 add_time= 0.000680875
2750 0.000304533 2750 0.000006008 add_time= 0.000325848
2550 0.000214844 2550 0.000006711 add_time= 0.000246640
2500 0.000047625 2500 0.000017029 add_time= 0.000080968
2754 0.000177188 2754 0.000007485 add_time= 0.000204004
1375 0.000113691 1375 0.000009181 add_time= 0.000146067
1250 0.000005445 1250 0.000084222 add_time= 0.000104921
2600 0.000153713 2600 0.000007497 add_time= 0.000178443
2750 0.000110549 2750 0.000018482 add_time= 0.000144805
2805 0.000040618 2805 0.000006489 add_time= 0.000062425
2750 0.000034369 2750 0.000005894 add_time= 0.000054952
2805 0.000093595 2805 0.000008314 add_time= 0.000116763
2808 0.000232265 2808 0.000006617 add_time= 0.000253627
2750 0.000022250 2750 0.000005900 add_time= 0.000042666
1250 0.000056304 1250 0.000005882 add_time= 0.000085473
2650 0.000457718 2650 0.000007252 add_time= 0.000483330
2600 0.000140082 2600 0.000006587 add_time= 0.000163583
2750 0.000146140 2750 0.000006138 add_time= 0.000167432
2550 0.000080923 2550 0.000006703 add_time= 0.000104420
2650 0.000115745 2650 0.000006220 add_time= 0.000137502
2500 0.000092488 2500 0.000006877 add_time= 0.000122553
2750 0.000006612 2750 0.000078407 add_time= 0.000107962
2750 0.000067192 2750 0.000007506 add_time= 0.000103308
2600 0.000213946 2600 0.000006736 add_time= 0.000237999
2500 0.000085567 2500 0.000006772 add_time= 0.000108952
2805 0.000222768 2805 0.000006539 add_time= 0.000243987
2750 0.000166412 2750 0.000017499 add_time= 0.000198615
2600 0.000016953 2600 0.000127576 add_time= 0.000180394
2750 0.000079930 2750 0.000019760 add_time= 0.000115228
2860 0.000104770 2860 0.000007851 add_time= 0.000130032
2550 0.000349882 2550 0.000015865 add_time= 0.000392068
2700 0.000037387 2700 0.000007716 add_time= 0.000062341
1250 0.000024183 1250 0.000016565 add_time= 0.000058532
2915 0.000399814 2915 0.000007060 add_time= 0.000424819
2500 0.000070332 2500 0.000006737 add_time= 0.000093964
2750 0.000093743 2750 0.000007075 add_time= 0.000117563
2600 0.000115415 2600 0.000007461 add_time= 0.000139812
2916 0.000111084 2916 0.000007099 add_time= 0.000158428
2750 0.000096315 2750 0.000006736 add_time= 0.000122653
2500 0.000222453 2500 0.000007252 add_time= 0.000251808
2700 0.000136295 2700 0.000006673 add_time= 0.000160171
2860 0.000175094 2860 0.000006292 add_time= 0.000196618
2805 0.000136684 2805 0.000006331 add_time= 0.000158120
2500 0.000068848 2500 0.000006498 add_time= 0.000101485
1375 0.000046120 1375 0.000005975 add_time= 0.000066923
2703 0.000065216 2703 0.000009521 add_time= 0.000120737
2500 0.000046702 2500 0.000008680 add_time= 0.000101505
1250 0.000034829 1250 0.000006468 add_time= 0.000065379
2750 0.000037443 2750 0.000008688 add_time= 0.000074525
2750 0.000028291 2750 0.000007680 add_time= 0.000069903
2500 0.000024252 2500 0.000008647 add_time= 0.000059086
2500 0.000026276 2500 0.000020100 add_time= 0.000083406
1325 0.000205510 1325 0.000007119 add_time= 0.000231992
2500 0.000075644 2500 0.000006191 add_time= 0.000099031
2550 0.000128284 2550 0.000006563 add_time= 0.000151691
2652 0.000049115 2652 0.000007013 add_time= 0.000073261
2700 0.000096984 2700 0.000006869 add_time= 0.000126299
1275 0.000038792 1275 0.000005453 add_time= 0.000057167
2650 0.000217393 2650 0.000008505 add_time= 0.000251599
2652 0.000034008 2652 0.000018510 add_time= 0.000080640
3025 0.000175650 3025 0.000007178 add_time= 0.000211084
2550 0.000099074 2550 0.000032040 add_time= 0.000159135
2750 0.000040363 2750 0.000005921 add_time= 0.000070954
2550 0.000046011 2550 0.000014536 add_time= 0.000081517
1250 0.000046472 1250 0.000005005 add_time= 0.000065409
1250 0.000035152 1250 0.000006758 add_time= 0.000056646
2500 0.000280156 2500 0.000007507 add_time= 0.000307297
3025 0.000106203 3025 0.000006679 add_time= 0.000131151
2500 0.000062030 2500 0.000005788 add_time= 0.000083600
3025 0.000028701 3025 0.000006529 add_time= 0.000051885
2550 0.000057365 2550 0.000005931 add_time= 0.000076859
2550 0.000048717 2550 0.000006627 add_time= 0.000069817
2550 0.000029216 2550 0.000141965 add_time= 0.000189345
2650 0.000055329 2650 0.000007018 add_time= 0.000079584
3025 0.000058848 3025 0.000006932 add_time= 0.000083497
2550 0.000033442 2550 0.000006042 add_time= 0.000054505
2860 0.000131047 2860 0.000007271 add_time= 0.000159062
2915 0.000226416 2915 0.000007132 add_time= 0.000265974
2860 0.000015771 2860 0.000079550 add_time= 0.000122758
2600 0.000110341 2600 0.000007162 add_time= 0.000134309
2750 0.000069028 2750 0.000007425 add_time= 0.000093935
2750 0.000223205 2750 0.000006515 add_time= 0.000244497
2805 0.000449963 2805 0.000006287 add_time= 0.000479432
3025 0.000097394 3025 0.000010263 add_time= 0.000126343
2500 0.000216119 2500 0.000015673 add_time= 0.000248981
2550 0.000077188 2550 0.000007159 add_time= 0.000101332
2550 0.000056109 2550 0.000006959 add_time= 0.000080339
2601 0.000069739 2601 0.000006417 add_time= 0.000091490
2970 0.000072515 2970 0.000025616 add_time= 0.000113686
2550 0.000536948 2550 0.000006881 add_time= 0.000561303
2750 0.000187227 2750 0.000006992 add_time= 0.000211088
2750 0.000042083 2750 0.000007440 add_time= 0.000076873
2550 0.000125802 2550 0.000012821 add_time= 0.000153260
2700 0.000036245 2700 0.000007248 add_time= 0.000059883
1250 0.000065145 1250 0.000009699 add_time= 0.000089390
2550 0.000853740 2550 0.000007370 add_time= 0.000878073
2750 0.000033881 2750 0.000007196 add_time= 0.000057826
2600 0.000173176 2600 0.000006324 add_time= 0.000194585
2500 0.000136444 2500 0.000008037 add_time= 0.000165617
2500 0.000086481 2500 0.000007409 add_time= 0.000132101
2600 0.000006413 2600 0.000015497 add_time= 0.000040418
2704 0.000016341 2704 0.000083918 add_time= 0.000117080
2805 0.000248727 2805 0.000007588 add_time= 0.000273469
2550 0.000151197 2550 0.000005898 add_time= 0.000172269
2500 0.000096633 2500 0.000007280 add_time= 0.000120800
2700 0.000139410 2700 0.000006612 add_time= 0.000161976
2500 0.000019109 2500 0.000013797 add_time= 0.000085602
2600 0.000014995 2600 0.000015296 add_time= 0.000050433
2500 0.000129903 2500 0.000008359 add_time= 0.000154641
2700 0.000046790 2700 0.000008087 add_time= 0.000071594
2805 0.000071286 2805 0.000007193 add_time= 0.000095802
2600 0.000190206 2600 0.000007955 add_time= 0.000214923
2500 0.000089478 2500 0.000007123 add_time= 0.000111883
2703 0.000226853 2703 0.000006964 add_time= 0.000251920
2750 0.000074430 2750 0.000010193 add_time= 0.000102546
2700 0.000104223 2700 0.000009221 add_time= 0.000129143
2805 0.000051694 2805 0.000006135 add_time= 0.000073284
2601 0.000109640 2601 0.000006888 add_time= 0.000133660
2750 0.000053931 2750 0.000007303 add_time= 0.000078535
2550 0.000387281 2550 0.000007929 add_time= 0.000440132
2860 0.000119698 2860 0.000007046 add_time= 0.000144664
2750 0.000212712 2750 0.000007379 add_time= 0.000236823
2750 0.000069445 2750 0.000007117 add_time= 0.000093410
2601 0.000130136 2601 0.000006755 add_time= 0.000159533
2650 0.000583912 2650 0.000007777 add_time= 0.000618244
2703 0.000151230 2703 0.000008938 add_time= 0.000201681
2750 0.000058452 2750 0.000028190 add_time= 0.000119331
2550 0.000144984 2550 0.000008650 add_time= 0.000180544
2500 0.000040149 2500 0.000007729 add_time= 0.000079523
2970 0.000024733 2970 0.000008122 add_time= 0.000059085
1375 0.000023958 1375 0.000007477 add_time= 0.000060262
1250 0.000298177 1250 0.000006719 add_time= 0.000320631
2750 0.000081867 2750 0.000006258 add_time= 0.000114888
2500 0.000046782 2500 0.000006385 add_time= 0.000074190
2550 0.000064830 2550 0.000006145 add_time= 0.000085839
2750 0.000084974 2750 0.000007603 add_time= 0.000120114
3025 0.000103971 3025 0.000007269 add_time= 0.000129305
2500 0.000523193 2500 0.000006849 add_time= 0.000551762
2500 0.000140224 2500 0.000006898 add_time= 0.000177612
2500 0.000075940 2500 0.000006613 add_time= 0.000108049
2703 0.000089197 2703 0.000006374 add_time= 0.000109629
2500 0.000044066 2500 0.000007625 add_time= 0.000067078
1275 0.000076957 1275 0.000005654 add_time= 0.000095907
2500 0.000020975 2500 0.000070827 add_time= 0.000108137
2600 0.000014570 2600 0.000013863 add_time= 0.000043654
2915 0.000071863 2915 0.000006515 add_time= 0.000093190
2550 0.000052424 2550 0.000006793 add_time= 0.000075201
2500 0.000115588 2500 0.000007797 add_time= 0.000140457
2500 0.000092532 2500 0.000005920 add_time= 0.000119042
2500 0.000149665 2500 0.000006681 add_time= 0.000172271
2756 0.000156977 2756 0.000007323 add_time= 0.000182236
2860 0.000127977 2860 0.000007064 add_time= 0.000152121
2750 0.000046156 2750 0.000006482 add_time= 0.000073893
2601 0.000023860 2601 0.000006474 add_time= 0.000046123
2750 0.000156943 2750 0.000007475 add_time= 0.000180962
2700 0.000016189 2700 0.000134820 add_time= 0.000170197
2600 0.000014561 2600 0.000158232 add_time= 0.000187439
2750 0.000063692 2750 0.000006282 add_time= 0.000083985
2805 0.000031572 2805 0.000006520 add_time= 0.000052701
2550 0.000101973 2550 0.000006479 add_time= 0.000124204
2500 0.000074615 2500 0.000006666 add_time= 0.000105400
2500 0.000138267 2500 0.000007144 add_time= 0.000161587
2500 0.000618035 2500 0.000007560 add_time= 0.000650728
2600 0.000074870 2600 0.000007449 add_time= 0.000102706
2550 0.000117725 2550 0.000006499 add_time= 0.000150217
2805 0.000059292 2805 0.000007564 add_time= 0.000094924
2500 0.000057832 2500 0.000006536 add_time= 0.000078744
2700 0.000134875 2700 0.000006613 add_time= 0.000156685
1375 0.000047159 1375 0.000009541 add_time= 0.000072636
2500 0.000479937 2500 0.000006598 add_time= 0.000502878
3025 0.000223353 3025 0.000007397 add_time= 0.000271418
2500 0.000027948 2500 0.000006789 add_time= 0.000058508
2550 0.000073032 2550 0.000007379 add_time= 0.000097266
2500 0.000324854 2500 0.000018670 add_time= 0.000360374
1250 0.000079453 1250 0.000013584 add_time= 0.000117042
2500 0.000466103 2500 0.000006670 add_time= 0.000490093
2550 0.000040187 2550 0.000005760 add_time= 0.000061156
2500 0.000056813 2500 0.000006471 add_time= 0.000079622
2500 0.000066087 2500 0.000006553 add_time= 0.000089346
2700 0.000140911 2700 0.000008051 add_time= 0.000168863
2500 0.000043940 2500 0.000010074 add_time= 0.000068429
2750 0.000421865 2750 0.000006932 add_time= 0.000446096
2805 0.000033466 2805 0.000006585 add_time= 0.000057580
2550 0.000078791 2550 0.000006572 add_time= 0.000099822
2805 0.000035059 2805 0.000007155 add_time= 0.000059958
2500 0.000118865 2500 0.000006647 add_time= 0.000141668
2805 0.000061511 2805 0.000006902 add_time= 0.000084609
2500 0.000438017 2500 0.000018068 add_time= 0.000474133
2500 0.000045280 2500 0.000006522 add_time= 0.000067680
2500 0.000076146 2500 0.000006842 add_time= 0.000107248
2750 0.000054835 2750 0.000012202 add_time= 0.000093540
2700 0.000199579 2700 0.000006311 add_time= 0.000220607
1250 0.005924124 1250 0.000006826 add_time= 0.005948063
2650 0.000246264 2650 0.000009674 add_time= 0.000298164
2500 0.000059920 2500 0.000008743 add_time= 0.000084449
3025 0.000106430 3025 0.000006914 add_time= 0.000130622
2805 0.000046279 2805 0.000006084 add_time= 0.000067856
2703 0.000083280 2703 0.000005620 add_time= 0.000103158
2650 0.000084539 2650 0.000006218 add_time= 0.000105377
2500 0.000253913 2500 0.000006064 add_time= 0.000274575
2750 0.000191794 2750 0.000007433 add_time= 0.000217169
2500 0.000100283 2500 0.000005689 add_time= 0.000128517
2500 0.000098434 2500 0.000006521 add_time= 0.000121476
2703 0.000431648 2703 0.000011176 add_time= 0.000459261
2500 0.000149787 2500 0.000009198 add_time= 0.000173355
2500 0.000259014 2500 0.000006454 add_time= 0.000294451
2750 0.000100562 2750 0.000007327 add_time= 0.000143073
2970 0.000047152 2970 0.000006523 add_time= 0.000070939
2550 0.000107761 2550 0.000006557 add_time= 0.000129078
2550 0.000072613 2550 0.000005751 add_time= 0.000101387
2500 0.000054426 2500 0.000007248 add_time= 0.000078383
2500 0.000153280 2500 0.000008800 add_time= 0.000216905
2600 0.000061297 2600 0.000008498 add_time= 0.000099715
2750 0.000050887 2750 0.000008861 add_time= 0.000087505
1275 0.000086391 1275 0.000007686 add_time= 0.000133295
2805 0.000085172 2805 0.000009090 add_time= 0.000122722
2750 0.000236811 2750 0.000007725 add_time= 0.000263628
2750 0.000112183 2750 0.000006520 add_time= 0.000144138
2750 0.000150212 2750 0.000018948 add_time= 0.000188158
2652 0.000147683 2652 0.000006807 add_time= 0.000171747
2550 0.000094156 2550 0.000007605 add_time= 0.000118444
2750 0.000049960 2750 0.000006990 add_time= 0.000090768
2756 0.000193868 2756 0.000007642 add_time= 0.000219931
2750 0.000073231 2750 0.000007711 add_time= 0.000097541
2550 0.000272733 2550 0.000007888 add_time= 0.000296821
2750 0.000079372 2750 0.000007806 add_time= 0.000109565
2750 0.000177319 2750 0.000007131 add_time= 0.000200410
2500 0.000021142 2500 0.000015225 add_time= 0.000055389
2700 0.000082169 2700 0.000006633 add_time= 0.000104460
2750 0.000079394 2750 0.000007816 add_time= 0.000103376
2860 0.000088681 2860 0.000006761 add_time= 0.000115704
2550 0.000124857 2550 0.000007011 add_time= 0.000147591
2750 0.000116544 2750 0.000007230 add_time= 0.000139710
2500 0.000020113 2500 0.000133907 add_time= 0.000173104
2805 0.000058728 2805 0.000006833 add_time= 0.000082219
2750 0.000068789 2750 0.000006185 add_time= 0.000089411
2750 0.000059902 2750 0.000005620 add_time= 0.000079747
2550 0.000075834 2550 0.000006715 add_time= 0.000098259
2700 0.000048485 2700 0.000006113 add_time= 0.000068964
2750 0.000126452 2750 0.000006941 add_time= 0.000153988
2703 0.000266386 2703 0.000007433 add_time= 0.000292093
2500 0.000055146 2500 0.000006839 add_time= 0.000077827
2600 0.000152640 2600 0.000006896 add_time= 0.000175801
2500 0.000073303 2500 0.000007330 add_time= 0.000096384
2500 0.000056854 2500 0.000014132 add_time= 0.000086679
2500 0.000062766 2500 0.000014072 add_time= 0.000093109
2500 0.000018357 2500 0.000015443 add_time= 0.000062146
2750 0.000069370 2750 0.000007341 add_time= 0.000093228
2750 0.000085034 2750 0.000006850 add_time= 0.000106943
1275 0.000091304 1275 0.000006142 add_time= 0.000113935
2652 0.000085948 2652 0.000007134 add_time= 0.000112317
2750 0.000108588 2750 0.000006933 add_time= 0.000131340
2500 0.000020071 2500 0.000091023 add_time= 0.000139107
2700 0.000138308 2700 0.000007139 add_time= 0.000165507
2500 0.000041987 2500 0.000009674 add_time= 0.000068040
2750 0.000106128 2750 0.000007031 add_time= 0.000138176
2750 0.000227942 2750 0.000007128 add_time= 0.000251325
1250 0.000039804 1250 0.000005702 add_time= 0.000063754
2750 0.000016120 2750 0.000021773 add_time= 0.000055457
2750 0.000072919 2750 0.000006633 add_time= 0.000104608
2805 0.000252814 2805 0.000006237 add_time= 0.000274453
2550 0.000282278 2550 0.000006920 add_time= 0.000325084
2805 0.000443164 2805 0.000007369 add_time= 0.000473130
2750 0.000100364 2750 0.000007140 add_time= 0.000124447
2600 0.000006879 2600 0.000195330 add_time= 0.000219608
3025 0.000132116 3025 0.000009920 add_time= 0.000169466
1250 0.000029767 1250 0.000015015 add_time= 0.000059488
2550 0.000186992 2550 0.000006688 add_time= 0.000210609
2700 0.000054683 2700 0.000008991 add_time= 0.000079113
2805 0.000062345 2805 0.000006350 add_time= 0.000091621
2750 0.000612292 2750 0.000015620 add_time= 0.000645121
2652 0.000064354 2652 0.000006236 add_time= 0.000094574
2500 0.000089321 2500 0.000006055 add_time= 0.000117145
2550 0.000090338 2550 0.000005888 add_time= 0.000115616
2650 0.000092475 2650 0.000012975 add_time= 0.000120034
2703 0.000159401 2703 0.000010625 add_time= 0.000184618
2970 0.000040727 2970 0.000017946 add_time= 0.000084795
3025 0.000061763 3025 0.000006308 add_time= 0.000082798
2600 0.000006181 2600 0.000235691 add_time= 0.000259304
2750 0.000121597 2750 0.000022563 add_time= 0.000170972
1375 0.000209140 1375 0.000007544 add_time= 0.000238851
2805 0.000082333 2805 0.000006112 add_time= 0.000105816
2750 0.000138361 2750 0.000007212 add_time= 0.000163657
2600 0.000018771 2600 0.000082851 add_time= 0.000136887
2750 0.000209164 2750 0.000018815 add_time= 0.000246256
1375 0.000034078 1375 0.000005587 add_time= 0.000057714
2652 0.000172257 2652 0.000007248 add_time= 0.000196467
2500 0.000091391 2500 0.000006527 add_time= 0.000114037
2500 0.000152755 2500 0.000013016 add_time= 0.000180858
2750 0.000007565 2750 0.000074547 add_time= 0.000100351
2600 0.000115790 2600 0.000006722 add_time= 0.000139359
2805 0.000048885 2805 0.000006974 add_time= 0.000071539
2750 0.000076026 2750 0.000005835 add_time= 0.000104727
2550 0.000155301 2550 0.000007042 add_time= 0.000179166
2550 0.000089825 2550 0.000015998 add_time= 0.000122320
1250 0.000073282 1250 0.000006470 add_time= 0.000093445
2550 0.000310329 2550 0.000008760 add_time= 0.000341137
3025 0.000061710 3025 0.000007395 add_time= 0.000098044
2500 0.000085641 2500 0.000006595 add_time= 0.000107261
2550 0.000126373 2550 0.000006485 add_time= 0.000149193
2500 0.000073347 2500 0.000007411 add_time= 0.000097249
2550 0.000075233 2550 0.000007394 add_time= 0.000098109
1275 0.002086665 1275 0.000006792 add_time= 0.002108168
2550 0.000081812 2550 0.000082332 add_time= 0.000203120
2750 0.000027289 2750 0.000008648 add_time= 0.000071625
2805 0.000042230 2805 0.000008753 add_time= 0.000090372
2500 0.000148723 2500 0.000015097 add_time= 0.000197498
2550 0.000006086 2550 0.000007978 add_time= 0.000037331
2750 0.000028735 2750 0.000007820 add_time= 0.000064110
3025 0.000025772 3025 0.000008488 add_time= 0.000063560
2500 0.000357605 2500 0.000007783 add_time= 0.000384153
2750 0.000095846 2750 0.000014783 add_time= 0.000126878
2500 0.000065117 2500 0.000005723 add_time= 0.000092664
2700 0.000051263 2700 0.000019534 add_time= 0.000087760
2500 0.000056885 2500 0.000006885 add_time= 0.000080723
1250 0.000076895 1250 0.000006407 add_time= 0.000098557
2550 0.000210684 2550 0.000006151 add_time= 0.000231666
2652 0.000123342 2652 0.000013902 add_time= 0.000150834
3025 0.000037562 3025 0.000006196 add_time= 0.000057701
2750 0.000164386 2750 0.000005728 add_time= 0.000183193
2750 0.000057395 2750 0.000025738 add_time= 0.000098978
2970 0.000098363 2970 0.000006692 add_time= 0.000120599
2750 0.000059182 2750 0.000005870 add_time= 0.000078651
1250 0.000440427 1250 0.000007252 add_time= 0.000461188
2550 0.000074863 2550 0.000014900 add_time= 0.000103299
2500 0.000045645 2500 0.000006973 add_time= 0.000067418
2500 0.000052179 2500 0.000006543 add_time= 0.000073752
2601 0.000061049 2601 0.000005870 add_time= 0.000080299
2970 0.000038102 2970 0.000006432 add_time= 0.000058871
1250 0.000053785 1250 0.000005802 add_time= 0.000072411
2600 0.000023839 2600 0.000013729 add_time= 0.000052520
2808 0.000079781 2808 0.000006185 add_time= 0.000099889
3025 0.000049387 3025 0.000006287 add_time= 0.000078344
2750 0.000132104 2750 0.000007179 add_time= 0.000154880
2550 0.000101328 2550 0.000005995 add_time= 0.000121018
2500 0.000101675 2500 0.000006842 add_time= 0.000123913
2650 0.000174913 2650 0.000006894 add_time= 0.000197658
2750 0.000124787 2750 0.000006955 add_time= 0.000147653
2500 0.000041915 2500 0.000007097 add_time= 0.000070444
2805 0.000036212 2805 0.000006894 add_time= 0.000059317
2750 0.000122705 2750 0.000006790 add_time= 0.000145234
2600 0.000022084 2600 0.000014394 add_time= 0.000054320
2600 0.000014484 2600 0.000079920 add_time= 0.000109501
2550 0.000095813 2550 0.000006797 add_time= 0.000118609
1375 0.000060078 1375 0.000006245 add_time= 0.000080851
2700 0.000051710 2700 0.000006551 add_time= 0.000072525
2500 0.000109386 2500 0.000007164 add_time= 0.000132066
2500 0.000156890 2500 0.000007016 add_time= 0.000180465
1300 0.000100617 1300 0.000006525 add_time= 0.000120959
2805 0.000039078 2805 0.000006116 add_time= 0.000060031
2500 0.000036647 2500 0.000007361 add_time= 0.000067768
1250 0.000098267 1250 0.000006501 add_time= 0.000118190
2650 0.000037888 2650 0.000006693 add_time= 0.000058913
2600 0.000065773 2600 0.000005797 add_time= 0.000085862
2750 0.000534438 2750 0.000007912 add_time= 0.000565372
2500 0.000431337 2500 0.000007807 add_time= 0.000456219
2500 0.000526133 2500 0.000007329 add_time= 0.000548264
2500 0.000057758 2500 0.000006420 add_time= 0.000078537
2550 0.000052154 2550 0.000006796 add_time= 0.000073538
1250 0.000218491 1250 0.000005842 add_time= 0.000237506
1250 0.000072455 1250 0.000006118 add_time= 0.000089639
2500 0.000381820 2500 0.000007510 add_time= 0.000406595
2860 0.000071027 2860 0.000006164 add_time= 0.000092851
2750 0.000147778 2750 0.000005926 add_time= 0.000168339
2703 0.000173856 2703 0.000006777 add_time= 0.000205274
2550 0.000089886 2550 0.000006393 add_time= 0.000112603
1250 0.000129457 1250 0.000006846 add_time= 0.000150770
2703 0.000265737 2703 0.000007342 add_time= 0.000290624
2750 0.000084666 2750 0.000007334 add_time= 0.000108986
2750 0.000224835 2750 0.000006416 add_time= 0.000245596
2550 0.000313770 2550 0.000005988 add_time= 0.000342463
2550 0.000159863 2550 0.000012446 add_time= 0.000186227
2750 0.000101272 2750 0.000009727 add_time= 0.000133017
2750 0.000013833 2750 0.000024066 add_time= 0.000055343
2600 0.000073811 2600 0.000006489 add_time= 0.000095193
2750 0.000240515 2750 0.000005760 add_time= 0.000259505
2750 0.000052299 2750 0.000006203 add_time= 0.000072535
2500 0.000082077 2500 0.000006205 add_time= 0.000103731
2970 0.000094479 2970 0.000007628 add_time= 0.000129207
1275 0.000083853 1275 0.000018439 add_time= 0.000117245
2550 0.000006626 2550 0.000088359 add_time= 0.000111736
2750 0.000050800 2750 0.000006879 add_time= 0.000089616
2550 0.000062611 2550 0.000006646 add_time= 0.000100420
2550 0.000026731 2550 0.000006909 add_time= 0.000058731
2754 0.000094625 2754 0.000007997 add_time= 0.000130050
1250 0.000043551 1250 0.000006446 add_time= 0.000083561
2650 0.000237989 2650 0.000007265 add_time= 0.000278161
3025 0.000421705 3025 0.000007203 add_time= 0.000448238
1250 0.000084039 1250 0.000007022 add_time= 0.000111062
2550 0.000174482 2550 0.000006883 add_time= 0.000197983
1250 0.000132446 1250 0.000006788 add_time= 0.000153052
2750 0.000111114 2750 0.000006179 add_time= 0.000132271
2756 0.000007229 2756 0.000014187 add_time= 0.000039370
2600 0.000120459 2600 0.000006541 add_time= 0.000142625
2915 0.000188836 2915 0.000007667 add_time= 0.000214063
2500 0.000087811 2500 0.000006345 add_time= 0.000113093
2805 0.000169417 2805 0.000006180 add_time= 0.000190570
2601 0.000322557 2601 0.000006802 add_time= 0.000353123
2750 0.000039414 2750 0.000006821 add_time= 0.000063115
1250 0.000089759 1250 0.000005489 add_time= 0.000108293
2650 0.000168662 2650 0.000006739 add_time= 0.000194229
3025 0.000051098 3025 0.000007390 add_time= 0.000075621
2550 0.000045949 2550 0.000006703 add_time= 0.000073428
2700 0.000133773 2700 0.000006130 add_time= 0.000153375
2600 0.000101387 2600 0.000005830 add_time= 0.000120942
2500 0.000079694 2500 0.000036463 add_time= 0.000154640
2600 0.000007824 2600 0.000009114 add_time= 0.000046538
2500 0.000089069 2500 0.000008479 add_time= 0.000126114
3025 0.000064479 3025 0.000008014 add_time= 0.000099194
2550 0.000036212 2550 0.000008127 add_time= 0.000069879
2750 0.000068814 2750 0.000009191 add_time= 0.000107099
1250 0.000276875 1250 0.000006569 add_time= 0.000308578
2808 0.000065923 2808 0.000007451 add_time= 0.000090229
2500 0.000060430 2500 0.000006545 add_time= 0.000082462
2703 0.000088890 2703 0.000006562 add_time= 0.000111314
2500 0.000100705 2500 0.000006768 add_time= 0.000122842
1325 0.000285557 1325 0.000007101 add_time= 0.000321139
1300 0.000014012 1300 0.000010896 add_time= 0.000039071
2805 0.000131214 2805 0.000014537 add_time= 0.000165490
2550 0.000112255 2550 0.000006594 add_time= 0.000134774
2601 0.000068202 2601 0.000015602 add_time= 0.000100320
2750 0.000187444 2750 0.000007473 add_time= 0.000215512
2650 0.000377558 2650 0.000007801 add_time= 0.000406793
2650 0.000084787 2650 0.000006926 add_time= 0.000108424
2500 0.000075993 2500 0.000007222 add_time= 0.000100090
2754 0.000052042 2754 0.000016136 add_time= 0.000085180
2805 0.000086512 2805 0.000007578 add_time= 0.000111493
2700 0.000037511 2700 0.000006314 add_time= 0.000059405
1275 0.000089444 1275 0.000007391 add_time= 0.000113568
2500 0.000350499 2500 0.000007669 add_time= 0.000391137
2805 0.000095793 2805 0.000008171 add_time= 0.000131154
2500 0.000046434 2500 0.000006594 add_time= 0.000080620
2970 0.000096375 2970 0.000006677 add_time= 0.000118659
2550 0.000086042 2550 0.000006092 add_time= 0.000107105
2970 0.000071581 2970 0.000016760 add_time= 0.000116143
2750 0.000065556 2750 0.000006314 add_time= 0.000088136
2500 0.000276187 2500 0.000007727 add_time= 0.000315278
2652 0.000182532 2652 0.000007061 add_time= 0.000216914
2915 0.000096369 2915 0.000007388 add_time= 0.000129929
2750 0.000045821 2750 0.000018850 add_time= 0.000090462
2550 0.000103635 2550 0.000006815 add_time= 0.000125170
2550 0.000075820 2550 0.000006673 add_time= 0.000098317
2500 0.000457274 2500 0.000007438 add_time= 0.000485258
2650 0.000135499 2650 0.000007531 add_time= 0.000169393
2500 0.000148743 2500 0.000007756 add_time= 0.000173451
2550 0.000125481 2550 0.000006926 add_time= 0.000147544
2754 0.000082070 2754 0.000007504 add_time= 0.000106612
1275 0.000067141 1275 0.000006120 add_time= 0.000090217
2550 0.000023433 2550 0.000284993 add_time= 0.000329430
2750 0.000080434 2750 0.000019214 add_time= 0.000116446
2860 0.000143388 2860 0.000015243 add_time= 0.000175289
3025 0.000108995 3025 0.000006567 add_time= 0.000148311
2600 0.000102304 2600 0.000005900 add_time= 0.000138318
2700 0.000080642 2700 0.000007044 add_time= 0.000104727
1250 0.000052245 1250 0.000006134 add_time= 0.000073364
2700 0.000018854 2700 0.000016667 add_time= 0.000056392
2600 0.000053585 2600 0.000016839 add_time= 0.000087683
2860 0.000097518 2860 0.000006806 add_time= 0.000121573
2500 0.000075643 2500 0.000006338 add_time= 0.000097374
2550 0.000069247 2550 0.000006377 add_time= 0.000096116
2500 0.000083853 2500 0.000006386 add_time= 0.000104795
2500 0.000125340 2500 0.000006643 add_time= 0.000155522
2550 0.000433695 2550 0.000018110 add_time= 0.000474713
2652 0.000130025 2652 0.000007091 add_time= 0.000154797
2750 0.000078419 2750 0.000007245 add_time= 0.000102927
2652 0.000043181 2652 0.000006510 add_time= 0.000074173
2500 0.000069995 2500 0.000006544 add_time= 0.000092651
2700 0.000148661 2700 0.000007075 add_time= 0.000172568
1250 0.000162613 1250 0.000007883 add_time= 0.000186378
2500 0.000007669 2500 0.000081333 add_time= 0.000106309
1300 0.000005051 1300 0.000009357 add_time= 0.000027759
3025 0.000038692 3025 0.000006960 add_time= 0.000066840
2550 0.000118987 2550 0.000006899 add_time= 0.000143098
2700 0.000090744 2700 0.000015183 add_time= 0.000122260
2500 0.000032291 2500 0.000009822 add_time= 0.000063234
2550 0.000186367 2550 0.000007540 add_time= 0.000211228
2750 0.000171363 2750 0.000006705 add_time= 0.000194998
3025 0.000060067 3025 0.000006820 add_time= 0.000088945
3025 0.000048590 3025 0.000007581 add_time= 0.000082210
1275 0.000101715 1275 0.000006585 add_time= 0.000122802
2700 0.000108311 2700 0.000007266 add_time= 0.000132139
3025 0.000021567 3025 0.000006349 add_time= 0.000043952
1250 0.000207483 1250 0.000017960 add_time= 0.000240297
2750 0.000176879 2750 0.000006904 add_time= 0.000201041
2750 0.000041475 2750 0.000006573 add_time= 0.000085211
2750 0.000057928 2750 0.000005684 add_time= 0.000087511
2550 0.000041720 2550 0.000009698 add_time= 0.000067748
2750 0.000085366 2750 0.000006782 add_time= 0.000108715
2500 0.000006484 2500 0.000021072 add_time= 0.000044610
2500 0.000099541 2500 0.000006342 add_time= 0.000123060
2970 0.000054870 2970 0.000005907 add_time= 0.000076543
1250 0.000054825 1250 0.000005566 add_time= 0.000083989
2550 0.000043714 2550 0.000007199 add_time= 0.000067113
2808 0.000055158 2808 0.000006060 add_time= 0.000087467
1250 0.000040111 1250 0.000007321 add_time= 0.000062513
2500 0.000015943 2500 0.000015961 add_time= 0.000066591
2600 0.000026420 2600 0.000027820 add_time= 0.000074102
2805 0.000085402 2805 0.000007224 add_time= 0.000108374
2650 0.000234623 2650 0.000007620 add_time= 0.000267582
2500 0.000119688 2500 0.000010785 add_time= 0.000145015
2700 0.000038379 2700 0.000007202 add_time= 0.000062761
2700 0.000101759 2700 0.000007346 add_time= 0.000134315
2500 0.000007693 2500 0.000013741 add_time= 0.000039360
2600 0.000006241 2600 0.000019968 add_time= 0.000052723
2600 0.000161307 2600 0.000007399 add_time= 0.000184943
2915 0.000133281 2915 0.000006273 add_time= 0.000155487
2805 0.000239368 2805 0.000007623 add_time= 0.000265034
2700 0.000259579 2700 0.000006826 add_time= 0.000282331
1250 0.000032465 1250 0.000009787 add_time= 0.000061828
2500 0.000286277 2500 0.000007241 add_time= 0.000315332
2650 0.000071303 2650 0.000005830 add_time= 0.000093387
2500 0.000074196 2500 0.000006390 add_time= 0.000095965
2500 0.000040591 2500 0.000006235 add_time= 0.000070121
2500 0.000124765 2500 0.000006978 add_time= 0.000148891
2550 0.000194239 2550 0.000006065 add_time= 0.000216719
2550 0.000123555 2550 0.000085066 add_time= 0.000246738
2600 0.000087264 2600 0.000007699 add_time= 0.000134503
3025 0.000032209 3025 0.000015992 add_time= 0.000096715
2550 0.000062607 2550 0.000006830 add_time= 0.000094041
2805 0.000038526 2805 0.000009043 add_time= 0.000080009
2550 0.000050384 2550 0.000007126 add_time= 0.000090689
2500 0.000006018 2500 0.000008246 add_time= 0.000040934
2650 0.000267056 2650 0.000006640 add_time= 0.000290950
2550 0.000045520 2550 0.000006676 add_time= 0.000077327
2500 0.000055779 2500 0.000006986 add_time= 0.000078889
2750 0.000058595 2750 0.000007368 add_time= 0.000082452
2500 0.000087929 2500 0.000007549 add_time= 0.000111963
2703 0.000071356 2703 0.000006808 add_time= 0.000094362
2600 0.000014769 2600 0.000021200 add_time= 0.000057447
2600 0.000322393 2600 0.000006254 add_time= 0.000341888
2750 0.000040563 2750 0.000011981 add_time= 0.000067419
2805 0.000027742 2805 0.000006363 add_time= 0.000049172
2600 0.000070040 2600 0.000005861 add_time= 0.000089214
3025 0.000252449 3025 0.000006021 add_time= 0.000271944
2750 0.000183517 2750 0.000007025 add_time= 0.000206248
2500 0.000043530 2500 0.000006436 add_time= 0.000074806
1375 0.000033251 1375 0.000005907 add_time= 0.000052026
2550 0.000065743 2550 0.000006611 add_time= 0.000095665
2550 0.000075126 2550 0.000006194 add_time= 0.000095858
2700 0.000113868 2700 0.000006680 add_time= 0.000134463
1325 0.000241529 1325 0.000006354 add_time= 0.000261386
2756 0.000014532 2756 0.000014515 add_time= 0.000043279
2600 0.000245260 2600 0.000005637 add_time= 0.000264288
3025 0.000040235 3025 0.000015000 add_time= 0.000071550
2750 0.000082148 2750 0.000005900 add_time= 0.000101716
2550 0.000048565 2550 0.000005958 add_time= 0.000067330
2500 0.000154451 2500 0.000005342 add_time= 0.000172198
2650 0.000438257 2650 0.000006948 add_time= 0.000461084
2756 0.000025309 2756 0.000013869 add_time= 0.000052969
2750 0.000047787 2750 0.000005880 add_time= 0.000067459
1250 0.000040034 1250 0.000015467 add_time= 0.000068128
2652 0.000072618 2652 0.000006164 add_time= 0.000093863
2754 0.000094529 2754 0.000006594 add_time= 0.000116516
3025 0.000052518 3025 0.000006208 add_time= 0.000072627
2750 0.000420208 2750 0.000007293 add_time= 0.000443497
2652 0.000040216 2652 0.000006158 add_time= 0.000060531
3025 0.000094137 3025 0.000005623 add_time= 0.000112679
2500 0.000043390 2500 0.000005567 add_time= 0.000061769
3025 0.000042745 3025 0.000005307 add_time= 0.000061049
2550 0.000033962 2550 0.000006135 add_time= 0.000054736
2500 0.000187099 2500 0.000005448 add_time= 0.000205359
2550 0.000018478 2550 0.000012667 add_time= 0.000046259
2600 0.000105658 2600 0.000005772 add_time= 0.000124935
2750 0.000063377 2750 0.000005673 add_time= 0.000082528
2750 0.000184221 2750 0.000005350 add_time= 0.000202490
2601 0.000035572 2601 0.000005655 add_time= 0.000054413
2550 0.000055091 2550 0.000005849 add_time= 0.000073216
2500 0.000052729 2500 0.000006645 add_time= 0.000074299
2600 0.000017135 2600 0.000013752 add_time= 0.000046448
2600 0.000014155 2600 0.000012587 add_time= 0.000040115
2805 0.000100804 2805 0.000005822 add_time= 0.000120452
2750 0.000025834 2750 0.000006742 add_time= 0.000047814
2550 0.000049223 2550 0.000006736 add_time= 0.000070568
2808 0.000056053 2808 0.000006289 add_time= 0.000076787
1250 0.000128115 1250 0.000006509 add_time= 0.000147066
2500 0.000191209 2500 0.000006294 add_time= 0.000211824
2704 0.000015846 2704 0.000019373 add_time= 0.000059954
2860 0.000375424 2860 0.000006819 add_time= 0.000397846
2750 0.000057663 2750 0.000006327 add_time= 0.000079519
2550 0.000084885 2550 0.000006669 add_time= 0.000106715
2750 0.000133604 2750 0.000006846 add_time= 0.000155852
2500 0.000015371 2500 0.000080852 add_time= 0.000117088
2500 0.000116695 2500 0.000006545 add_time= 0.000139565
2805 0.000037553 2805 0.000006640 add_time= 0.000060780
2550 0.000671075 2550 0.000006808 add_time= 0.000694408
2754 0.000111464 2754 0.000006220 add_time= 0.000132825
2750 0.000008016 2750 0.000125120 add_time= 0.000151874
2600 0.000117638 2600 0.000006168 add_time= 0.000138961
2750 0.000389237 2750 0.000006414 add_time= 0.000412891
2700 0.000081146 2700 0.000006492 add_time= 0.000103287
2805 0.000052628 2805 0.000007584 add_time= 0.000076660
2600 0.000219033 2600 0.000006773 add_time= 0.000253750
2600 0.000141375 2600 0.000007079 add_time= 0.000185445
1250 0.000043809 1250 0.000006483 add_time= 0.000063810
2600 0.000411457 2600 0.000008143 add_time= 0.000446006
2500 0.000029797 2500 0.000006562 add_time= 0.000051552
2750 0.000028023 2750 0.000006854 add_time= 0.000052933
2500 0.000042056 2500 0.000007277 add_time= 0.000066111
2700 0.000104704 2700 0.000007181 add_time= 0.000128889
2500 0.000052139 2500 0.000006627 add_time= 0.000075074
2915 0.000576639 2915 0.000007207 add_time= 0.000602297
2805 0.000048932 2805 0.000007436 add_time= 0.000073972
3025 0.000138985 3025 0.000009573 add_time= 0.000179786
2550 0.000142199 2550 0.000006623 add_time= 0.000174525
2750 0.000270070 2750 0.000006892 add_time= 0.000293674
2650 0.000180458 2650 0.000006989 add_time= 0.000205840
2500 0.000074890 2500 0.000006799 add_time= 0.000098747
2500 0.000073071 2500 0.000007366 add_time= 0.000100569
2652 0.000079123 2652 0.000007147 add_time= 0.000103543
2650 0.000107770 2650 0.000013569 add_time= 0.000138345
2756 0.000049768 2756 0.000006442 add_time= 0.000086241
2808 0.000017446 2808 0.000078237 add_time= 0.000124898
2550 0.000230568 2550 0.000006716 add_time= 0.000256874
2915 0.000150628 2915 0.000006758 add_time= 0.000176466
2600 0.000051707 2600 0.000007081 add_time= 0.000078455
2808 0.000281156 2808 0.000006789 add_time= 0.000305031
1300 0.000025977 1300 0.000006219 add_time= 0.000055227
2500 0.000285474 2500 0.000006675 add_time= 0.000308986
1300 0.000087808 1300 0.000007597 add_time= 0.000109206
2500 0.000075077 2500 0.000025326 add_time= 0.000131515
2550 0.000027694 2550 0.000006027 add_time= 0.000047908
2500 0.000189804 2500 0.000009722 add_time= 0.000215122
2500 0.000030766 2500 0.000007301 add_time= 0.000054052
2650 0.000256544 2650 0.000006984 add_time= 0.000285960
2500 0.000069110 2500 0.000006017 add_time= 0.000090267
2550 0.000034621 2550 0.000006249 add_time= 0.000054740
2550 0.000073502 2550 0.000016106 add_time= 0.000103654
2650 0.000146041 2650 0.000006415 add_time= 0.000166182
2500 0.000028729 2500 0.000006545 add_time= 0.000049065
2500 0.000069690 2500 0.000020598 add_time= 0.000144354
2600 0.000092243 2600 0.000007171 add_time= 0.000129084
2600 0.000023867 2600 0.000006427 add_time= 0.000055939
2750 0.000054872 2750 0.000014727 add_time= 0.000097013
2600 0.000041783 2600 0.000007926 add_time= 0.000076184
2650 0.000041775 2650 0.000008140 add_time= 0.000076257
1275 0.000060166 1275 0.000008428 add_time= 0.000106927
2500 0.000291235 2500 0.000006817 add_time= 0.000315216
2500 0.000068156 2500 0.000006269 add_time= 0.000088571
3025 0.000046407 3025 0.000006654 add_time= 0.000069708
2700 0.000055438 2700 0.000007353 add_time= 0.000079255
2550 0.000095406 2550 0.000006780 add_time= 0.000118386
2500 0.000489313 2500 0.000006443 add_time= 0.000511896
2860 0.000039238 2860 0.000006675 add_time= 0.000063225
2750 0.000113866 2750 0.000006429 add_time= 0.000133931
2500 0.000026392 2500 0.000005891 add_time= 0.000048966
2805 0.000028230 2805 0.000022223 add_time= 0.000066188
2550 0.000057030 2550 0.000007291 add_time= 0.000079620
2550 0.000019738 2550 0.000014987 add_time= 0.000051757
2750 0.000055910 2750 0.000010234 add_time= 0.000082439
2650 0.000029654 2650 0.000014666 add_time= 0.000059607
2500 0.000051943 2500 0.000006261 add_time= 0.000071718
2652 0.000022149 2652 0.000015259 add_time= 0.000053289
2750 0.000067462 2750 0.000007020 add_time= 0.000090682
2500 0.000075065 2500 0.000006015 add_time= 0.000094844
2750 0.000020437 2750 0.000015477 add_time= 0.000053032
2600 0.000053644 2600 0.000018376 add_time= 0.000086222
2860 0.000055584 2860 0.000006028 add_time= 0.000076296
2700 0.000029708 2700 0.000006392 add_time= 0.000049718
2750 0.000046151 2750 0.000006888 add_time= 0.000069017
2652 0.000037235 2652 0.000006831 add_time= 0.000059660
2700 0.000074231 2700 0.000006704 add_time= 0.000095400
2500 0.000038546 2500 0.000014554 add_time= 0.000075565
2550 0.000236020 2550 0.000006735 add_time= 0.000259777
2750 0.000051254 2750 0.000006954 add_time= 0.000074690
2500 0.000083977 2500 0.000006591 add_time= 0.000109493
2805 0.000166527 2805 0.000006992 add_time= 0.000188102
2750 0.000059816 2750 0.000006050 add_time= 0.000079891
2500 0.000019459 2500 0.000013652 add_time= 0.000049572
2600 0.000015323 2600 0.000031193 add_time= 0.000061745
2550 0.000030868 2550 0.000006922 add_time= 0.000051442
3025 0.000034553 3025 0.000014132 add_time= 0.000070786
2805 0.000125812 2805 0.000006583 add_time= 0.000146442
2550 0.000020144 2550 0.000005789 add_time= 0.000041627
2650 0.000055290 2650 0.000006057 add_time= 0.000075181
2550 0.000235666 2550 0.000006461 add_time= 0.000267241
2500 0.000102649 2500 0.000006286 add_time= 0.000131846
3025 0.000052876 3025 0.000006678 add_time= 0.000074447
2550 0.000049277 2550 0.000005996 add_time= 0.000069120
2550 0.000117014 2550 0.000012078 add_time= 0.000142142
2650 0.000100826 2650 0.000013591 add_time= 0.000136804
2500 0.000111380 2500 0.000006456 add_time= 0.000131652
2756 0.000157112 2756 0.000006870 add_time= 0.000181666
2860 0.000064732 2860 0.000007063 add_time= 0.000099638
2750 0.000063019 2750 0.000006677 add_time= 0.000085198
2550 0.000072269 2550 0.000008036 add_time= 0.000096283
2808 0.000066248 2808 0.000018670 add_time= 0.000100845
2700 0.000075144 2700 0.000007377 add_time= 0.000098317
2750 0.000019960 2750 0.000078935 add_time= 0.000115356
2750 0.000049745 2750 0.000006264 add_time= 0.000070849
2500 0.000042648 2500 0.000006424 add_time= 0.000064408
2805 0.000047703 2805 0.000010859 add_time= 0.000076997
2750 0.000076682 2750 0.000006126 add_time= 0.000096804
2500 0.000016099 2500 0.000013631 add_time= 0.000045972
2600 0.000015471 2600 0.000014640 add_time= 0.000046231
2500 0.000083849 2500 0.000006458 add_time= 0.000106249
2500 0.000037639 2500 0.000006047 add_time= 0.000057677
2500 0.000026236 2500 0.000011611 add_time= 0.000051352
2500 0.000090324 2500 0.000006224 add_time= 0.000118457
1300 0.000036695 1300 0.000005534 add_time= 0.000053415
2500 0.000021622 2500 0.000020568 add_time= 0.000081810
2805 0.000041154 2805 0.000008664 add_time= 0.000090604
2500 0.000043918 2500 0.000008074 add_time= 0.000080984
2550 0.000069687 2550 0.000006993 add_time= 0.000105491
2750 0.000326555 2750 0.000007561 add_time= 0.000372375
2750 0.000016004 2750 0.000024104 add_time= 0.000071628
2600 0.000087555 2600 0.000007887 add_time= 0.000122373
2550 0.000158289 2550 0.000006669 add_time= 0.000192522
2550 0.000352278 2550 0.000007432 add_time= 0.000394106
2500 0.000127790 2500 0.000008355 add_time= 0.000172363
1250 0.000052683 1250 0.000007079 add_time= 0.000084058
2750 0.000205783 2750 0.000006866 add_time= 0.000240337
1375 0.000150255 1375 0.000006665 add_time= 0.000182382
2550 0.000175160 2550 0.000007077 add_time= 0.000212086
2601 0.000074812 2601 0.000006945 add_time= 0.000109743
2750 0.000039626 2750 0.000006529 add_time= 0.000082168
1250 0.000033742 1250 0.000007230 add_time= 0.000063688
2915 0.000597757 2915 0.000019093 add_time= 0.000641780
3025 0.000046829 3025 0.000007312 add_time= 0.000092410
2550 0.000106659 2550 0.000014985 add_time= 0.000160431
2500 0.000035067 2500 0.000006857 add_time= 0.000069044
2970 0.000042064 2970 0.000007233 add_time= 0.000085304
2750 0.000110101 2750 0.000018030 add_time= 0.000160871
2600 0.000398639 2600 0.000006766 add_time= 0.000433243
1250 0.000295378 1250 0.000014458 add_time= 0.000334409
2805 0.000135629 2805 0.000007149 add_time= 0.000177202
1250 0.000099183 1250 0.000005360 add_time= 0.000123785
2600 0.000135725 2600 0.000012348 add_time= 0.000174599
1275 0.000048876 1275 0.000006048 add_time= 0.000077343
2500 0.000010088 2500 0.000014570 add_time= 0.000061955
2600 0.000054973 2600 0.000007245 add_time= 0.000085587
2750 0.000078952 2750 0.000015074 add_time= 0.000109002
2500 0.000069438 2500 0.000005871 add_time= 0.000089971
2550 0.000241919 2550 0.000007135 add_time= 0.000265422
2500 0.000174489 2500 0.000006355 add_time= 0.000195819
1250 0.000161793 1250 0.000006415 add_time= 0.000180567
2500 0.000256673 2500 0.000015592 add_time= 0.000289288
3025 0.000056187 3025 0.000014852 add_time= 0.000089254
2750 0.000060540 2750 0.000006635 add_time= 0.000095866
3025 0.000073777 3025 0.000006964 add_time= 0.000097713
2703 0.000328764 2703 0.000012251 add_time= 0.000357810
2860 0.000123246 2860 0.000018387 add_time= 0.000156458
2500 0.000170319 2500 0.000006613 add_time= 0.000193556
2860 0.000105690 2860 0.000007003 add_time= 0.000128012
2600 0.000089828 2600 0.000006535 add_time= 0.000110184
2550 0.000059223 2550 0.000006454 add_time= 0.000084608
2550 0.000172871 2550 0.000006129 add_time= 0.000200745
1250 0.000147233 1250 0.000006403 add_time= 0.000165155
2500 0.000060007 2500 0.000009215 add_time= 0.000113563
2860 0.000037478 2860 0.000007924 add_time= 0.000072985
3025 0.000042000 3025 0.000008401 add_time= 0.000086664
3025 0.000052306 3025 0.000008361 add_time= 0.000090015
2500 0.000110579 2500 0.000008246 add_time= 0.000143370
2500 0.000076102 2500 0.000009153 add_time= 0.000110446
2650 0.000524621 2650 0.000007760 add_time= 0.000550206
2750 0.000132807 2750 0.000006318 add_time= 0.000165825
2500 0.000099841 2500 0.000006906 add_time= 0.000122211
2550 0.000089044 2550 0.000005848 add_time= 0.000108591
2601 0.000074127 2601 0.000013639 add_time= 0.000102830
2600 0.000095611 2600 0.000006897 add_time= 0.000117745
2500 0.000022473 2500 0.000092058 add_time= 0.000130618
2750 0.000096513 2750 0.000007260 add_time= 0.000119413
2750 0.000035239 2750 0.000006360 add_time= 0.000055211
2550 0.000071905 2550 0.000006397 add_time= 0.000093286
2754 0.000035179 2754 0.000007009 add_time= 0.000057715
1250 0.000094815 1250 0.000006268 add_time= 0.000114164
2750 0.000023874 2750 0.000179588 add_time= 0.000219356
2600 0.000038065 2600 0.000007235 add_time= 0.000060973
2500 0.000035901 2500 0.000006920 add_time= 0.000058164
2601 0.000158549 2601 0.000011396 add_time= 0.000183578
2550 0.000034052 2550 0.000005689 add_time= 0.000052800
2600 0.000069420 2600 0.000006187 add_time= 0.000095381
2650 0.000289005 2650 0.000007048 add_time= 0.000311620
2915 0.000090232 2915 0.000006672 add_time= 0.000137385
2652 0.000080321 2652 0.000006550 add_time= 0.000102031
2500 0.000074586 2500 0.000006470 add_time= 0.000096556
2650 0.000288237 2650 0.000007624 add_time= 0.000312175
2750 0.000117860 2750 0.000006611 add_time= 0.000140267
2750 0.000120230 2750 0.000008011 add_time= 0.000144147
2500 0.000042435 2500 0.000006415 add_time= 0.000063703
2500 0.000059773 2500 0.000006619 add_time= 0.000081584
2500 0.000260196 2500 0.000006727 add_time= 0.000282223
2750 0.000101509 2750 0.000007469 add_time= 0.000124991
2750 0.000128262 2750 0.000005983 add_time= 0.000148495
2805 0.000345464 2805 0.000006633 add_time= 0.000376777
2750 0.000043679 2750 0.000006687 add_time= 0.000066260
2750 0.000035037 2750 0.000007028 add_time= 0.000057872
2700 0.000160205 2700 0.000007284 add_time= 0.000183408
2860 0.000069028 2860 0.000006099 add_time= 0.000097556
2750 0.000095996 2750 0.000006578 add_time= 0.000118391
2750 0.000029545 2750 0.000006305 add_time= 0.000050943
2808 0.001691276 2808 0.000007029 add_time= 0.001712854
2650 0.000172929 2650 0.000006884 add_time= 0.000195234
2500 0.000201112 2500 0.000006116 add_time= 0.000220812
2500 0.000094518 2500 0.000017662 add_time= 0.000127529
2550 0.000091913 2550 0.000011893 add_time= 0.000119077
2805 0.000288534 2805 0.000006447 add_time= 0.000310802
2500 0.000150370 2500 0.000007013 add_time= 0.000172736
2750 0.000020556 2750 0.000125846 add_time= 0.000162767
1300 0.000010549 1300 0.000008528 add_time= 0.000030965
2750 0.000141520 2750 0.000006691 add_time= 0.000162141
2750 0.000033178 2750 0.000005849 add_time= 0.000063617
2601 0.000083875 2601 0.000009571 add_time= 0.000108662
2500 0.000028714 2500 0.000006462 add_time= 0.000050112
2500 0.000254502 2500 0.000006605 add_time= 0.000276547
2915 0.000133510 2915 0.000007054 add_time= 0.000156971
2500 0.000055322 2500 0.000006986 add_time= 0.000077695
2550 0.000167452 2550 0.000006608 add_time= 0.000189198
2805 0.000025938 2805 0.000007193 add_time= 0.000048279
2500 0.000355919 2500 0.000023006 add_time= 0.000395132
2750 0.000034275 2750 0.000006579 add_time= 0.000057048
2750 0.000027972 2750 0.000006019 add_time= 0.000050871
2601 0.000169587 2601 0.000006806 add_time= 0.000192140
2700 0.000300952 2700 0.000007268 add_time= 0.000323830
2550 0.000445514 2550 0.000007040 add_time= 0.000475915
2805 0.000048829 2805 0.000006647 add_time= 0.000073131
3025 0.000053230 3025 0.000006185 add_time= 0.000075738
2600 0.000246805 2600 0.000006291 add_time= 0.000278452
2754 0.000093448 2754 0.000008940 add_time= 0.000122318
2550 0.000094235 2550 0.000006528 add_time= 0.000125026
2500 0.000014969 2500 0.000031842 add_time= 0.000068334
2500 0.000760495 2500 0.000007370 add_time= 0.000795370
2500 0.000069670 2500 0.000006133 add_time= 0.000090706
2750 0.000031814 2750 0.000007409 add_time= 0.000056677
2808 0.000135500 2808 0.000006909 add_time= 0.000158789
3025 0.000031020 3025 0.000008997 add_time= 0.000054860
2650 0.000341109 2650 0.000007399 add_time= 0.000366734
2750 0.000440225 2750 0.000006822 add_time= 0.000472834
2650 0.000126950 2650 0.000007280 add_time= 0.000157245
2500 0.000033981 2500 0.000005857 add_time= 0.000054174
1350 0.000076796 1350 0.000007581 add_time= 0.000107973
2600 0.000018162 2600 0.000026041 add_time= 0.000065715
2500 0.000193240 2500 0.000006699 add_time= 0.000217207
3025 0.000101222 3025 0.000006622 add_time= 0.000134958
2550 0.000244073 2550 0.000006058 add_time= 0.000265837
2500 0.000217981 2500 0.000005872 add_time= 0.000247394
1375 0.000073235 1375 0.000006620 add_time= 0.000095415
2500 0.000581705 2500 0.000006916 add_time= 0.000613191
2650 0.000120149 2650 0.000017858 add_time= 0.000154926
2650 0.000078826 2650 0.000013961 add_time= 0.000107696
2550 0.000171482 2550 0.000013140 add_time= 0.000199224
2550 0.000040784 2550 0.000009681 add_time= 0.000067832
1250 0.000060442 1250 0.000006803 add_time= 0.000083296
2500 0.000506752 2500 0.000008030 add_time= 0.000544796
3025 0.000083313 3025 0.000008294 add_time= 0.000110948
2500 0.000059154 2500 0.000007077 add_time= 0.000083552
1250 0.000031402 1250 0.000005760 add_time= 0.000057283
2652 0.000132821 2652 0.000007268 add_time= 0.000156527
2500 0.000350112 2500 0.000006524 add_time= 0.000372843
2750 0.000007641 2750 0.000015020 add_time= 0.000040921
2808 0.000006673 2808 0.000014596 add_time= 0.000037997
2500 0.000023616 2500 0.000006505 add_time= 0.000044399
2600 0.000063594 2600 0.000006477 add_time= 0.000085019
2700 0.000038351 2700 0.000006147 add_time= 0.000067513
2550 0.000221093 2550 0.000006701 add_time= 0.000244169
2970 0.000259393 2970 0.000006848 add_time= 0.000281880
1325 0.000095172 1325 0.000007374 add_time= 0.000116537
2650 0.000191593 2650 0.000006478 add_time= 0.000216764
2750 0.000026157 2750 0.000006801 add_time= 0.000059212
2750 0.000035242 2750 0.000006189 add_time= 0.000056278
2550 0.000070190 2550 0.000006179 add_time= 0.000091240
2750 0.000063834 2750 0.000005728 add_time= 0.000083562
2700 0.000053335 2700 0.000005883 add_time= 0.000073452
2750 0.000038857 2750 0.000008080 add_time= 0.000087835
2600 0.000037312 2600 0.000007246 add_time= 0.000077180
2600 0.000006247 2600 0.000009101 add_time= 0.000053515
3025 0.000058791 3025 0.000007397 add_time= 0.000111924
2601 0.000041583 2601 0.000007981 add_time= 0.000075080
1375 0.000042801 1375 0.000007887 add_time= 0.000091794
2650 0.000174621 2650 0.000006823 add_time= 0.000200406
2860 0.000161307 2860 0.000006560 add_time= 0.000185727
2750 0.000084021 2750 0.000005953 add_time= 0.000108059
3025 0.000036823 3025 0.000007160 add_time= 0.000061108
2750 0.000145716 2750 0.000007437 add_time= 0.000170193
2750 0.000151825 2750 0.000007276 add_time= 0.000180165
1350 0.000040796 1350 0.000006994 add_time= 0.000061774
2550 0.000014991 2550 0.000014653 add_time= 0.000046071
2600 0.000013555 2600 0.000013143 add_time= 0.000041314
1250 0.000077414 1250 0.000006535 add_time= 0.000097214
2500 0.000124491 2500 0.000005742 add_time= 0.000150531
2500 0.000076826 2500 0.000006522 add_time= 0.000098236
2500 0.000082586 2500 0.000006573 add_time= 0.000107372
2500 0.000096836 2500 0.000005785 add_time= 0.000115854
2500 0.000021025 2500 0.000014538 add_time= 0.000049756
2600 0.000014345 2600 0.000013161 add_time= 0.000040869
2750 0.000043496 2750 0.000006720 add_time= 0.000065554
3025 0.000056893 3025 0.000006364 add_time= 0.000078947
2601 0.000072935 2601 0.000006237 add_time= 0.000093964
2970 0.000038353 2970 0.000008893 add_time= 0.000063034
2500 0.000097419 2500 0.000013643 add_time= 0.000126308
1300 0.000010514 1300 0.000015276 add_time= 0.000038882
2500 0.000040166 2500 0.000006877 add_time= 0.000061886
2550 0.000055396 2550 0.000006935 add_time= 0.000077112
2550 0.000130562 2550 0.000006921 add_time= 0.000152350
2500 0.000097739 2500 0.000006983 add_time= 0.000130923
1250 0.000018050 1250 0.000008767 add_time= 0.000040060
1300 0.000012474 1300 0.000008561 add_time= 0.000034091
2500 0.000069387 2500 0.000005996 add_time= 0.000088377
2500 0.000041912 2500 0.000006509 add_time= 0.000063335
2750 0.000108246 2750 0.000006601 add_time= 0.000137857
2700 0.000037078 2700 0.000007029 add_time= 0.000059952
1300 0.000190486 1300 0.000006293 add_time= 0.000209525
2500 0.000020960 2500 0.000014275 add_time= 0.000050506
2808 0.000014409 2808 0.000013878 add_time= 0.000042842
2805 0.000046389 2805 0.000006031 add_time= 0.000065558
2750 0.000054460 2750 0.000006298 add_time= 0.000075664
2805 0.000057879 2805 0.000007117 add_time= 0.000080542
2805 0.000042345 2805 0.000006922 add_time= 0.000064808
2550 0.000021122 2550 0.000078213 add_time= 0.000114639
2700 0.000062156 2700 0.000006726 add_time= 0.000083969
2500 0.000062694 2500 0.000006583 add_time= 0.000084228
2550 0.000125048 2550 0.000007165 add_time= 0.000146903
2500 0.000078084 2500 0.000014179 add_time= 0.000105746
2750 0.000063933 2750 0.000006064 add_time= 0.000094390
2600 0.000125021 2600 0.000006707 add_time= 0.000147769
2600 0.000014539 2600 0.000012938 add_time= 0.000046183
2750 0.000069269 2750 0.000006541 add_time= 0.000098034
2550 0.000099765 2550 0.000006363 add_time= 0.000120890
2970 0.000031568 2970 0.000006933 add_time= 0.000056635
2860 0.000071457 2860 0.000006512 add_time= 0.000092034
1325 0.000156909 1325 0.000005407 add_time= 0.000179998
2704 0.000019903 2704 0.000071967 add_time= 0.000108052
2805 0.000029154 2805 0.000006354 add_time= 0.000058055
2970 0.000032245 2970 0.000006832 add_time= 0.000054732
2750 0.000086081 2750 0.000006222 add_time= 0.000116461
2805 0.000057405 2805 0.000006097 add_time= 0.000076952
2750 0.000076276 2750 0.000006828 add_time= 0.000098822
2915 0.000054013 2915 0.000006909 add_time= 0.000076896
2600 0.000014478 2600 0.000012717 add_time= 0.000040830
2970 0.000032988 2970 0.000005906 add_time= 0.000052748
2550 0.000081741 2550 0.000006229 add_time= 0.000102516
2805 0.000076846 2805 0.000005652 add_time= 0.000096261
2500 0.000030158 2500 0.000006789 add_time= 0.000051535
2750 0.000234693 2750 0.000006995 add_time= 0.000256696
2500 0.000355220 2500 0.000006956 add_time= 0.000384634
2860 0.000090278 2860 0.000005865 add_time= 0.000109993
2750 0.000053175 2750 0.000006196 add_time= 0.000074559
2750 0.000104562 2750 0.000006434 add_time= 0.000124350
2703 0.000046323 2703 0.000005959 add_time= 0.000065778
2550 0.000057963 2550 0.000006278 add_time= 0.000079160
2970 0.000118985 2970 0.000006024 add_time= 0.000139614
1375 0.000291855 1375 0.000006301 add_time= 0.000311093
2500 0.000010863 2500 0.000082069 add_time= 0.000122553
2860 0.000137934 2860 0.000009634 add_time= 0.000169266
2750 0.000277381 2750 0.000006304 add_time= 0.000300824
2750 0.000117279 2750 0.000006036 add_time= 0.000140390
2550 0.000156761 2550 0.000007006 add_time= 0.000180226
1275 0.000465501 1275 0.000006492 add_time= 0.000486885
2550 0.000452664 2550 0.000006877 add_time= 0.000478704
2550 0.000171431 2550 0.000009097 add_time= 0.000197645
2805 0.000093266 2805 0.000009217 add_time= 0.000119286
2500 0.000162942 2500 0.000006516 add_time= 0.000183990
2500 0.000112510 2500 0.000006476 add_time= 0.000134162
2700 0.000056937 2700 0.000006419 add_time= 0.000078248
3025 0.000080484 3025 0.000006297 add_time= 0.000102287
2600 0.000309890 2600 0.000018460 add_time= 0.000353627
2750 0.000198696 2750 0.000006273 add_time= 0.000231307
1375 0.000060242 1375 0.000006492 add_time= 0.000088622
2550 0.000094217 2550 0.000006524 add_time= 0.000117133
2500 0.000215352 2500 0.000006557 add_time= 0.000237863
1250 0.000084329 1250 0.000006036 add_time= 0.000104071
2650 0.000114966 2650 0.000007676 add_time= 0.000138881
1300 0.000084651 1300 0.000006564 add_time= 0.000105210
2650 0.000044878 2650 0.000006464 add_time= 0.000076477
2754 0.000141917 2754 0.000017207 add_time= 0.000176172
2550 0.000218954 2550 0.000007255 add_time= 0.000249129
2600 0.000053513 2600 0.000006551 add_time= 0.000075308
2750 0.000342849 2750 0.000007187 add_time= 0.000371648
2650 0.000053368 2650 0.000006577 add_time= 0.000076656
2550 0.000075044 2550 0.000006570 add_time= 0.000098107
2754 0.000106303 2754 0.000006969 add_time= 0.000130643
2750 0.000053784 2750 0.000007266 add_time= 0.000077948
2915 0.000103264 2915 0.000006941 add_time= 0.000141867
2500 0.000170314 2500 0.000016999 add_time= 0.000213464
2500 0.000184888 2500 0.000014308 add_time= 0.000213784
3025 0.000045043 3025 0.000006118 add_time= 0.000067146
2700 0.000161331 2700 0.000005522 add_time= 0.000181241
2754 0.000083605 2754 0.000007497 add_time= 0.000127674
1250 0.000050917 1250 0.000006457 add_time= 0.000073298
2500 0.000305663 2500 0.000027129 add_time= 0.000349882
2600 0.000005817 2600 0.000013287 add_time= 0.000033553
2500 0.000172392 2500 0.000009364 add_time= 0.000196062
2970 0.000066829 2970 0.000006846 add_time= 0.000091323
2550 0.000140524 2550 0.000007277 add_time= 0.000180136
3025 0.000046181 3025 0.000010582 add_time= 0.000072913
2756 0.000128549 2756 0.000007672 add_time= 0.000155973
2750 0.000101033 2750 0.000007456 add_time= 0.000123732
1250 0.000085178 1250 0.000005556 add_time= 0.000102388
2500 0.000066753 2500 0.000006944 add_time= 0.000088217
2808 0.000139310 2808 0.000007290 add_time= 0.000162177
2500 0.000073067 2500 0.000009190 add_time= 0.000124251
2500 0.000100637 2500 0.000008649 add_time= 0.000134317
1375 0.000081690 1375 0.000006875 add_time= 0.000117372
2500 0.000061273 2500 0.000008575 add_time= 0.000103474
2750 0.000084316 2750 0.000008921 add_time= 0.000140557
1250 0.000136579 1250 0.000005737 add_time= 0.000157495
2500 0.000084540 2500 0.000006419 add_time= 0.000108883
2550 0.000083877 2550 0.000006176 add_time= 0.000116775
3025 0.000052408 3025 0.000008012 add_time= 0.000085123
2601 0.000028209 2601 0.000006816 add_time= 0.000050976
2700 0.000089331 2700 0.000006546 add_time= 0.000110556
1250 0.000024711 1250 0.000006983 add_time= 0.000089856
2650 0.000244900 2650 0.000006552 add_time= 0.000267905
2750 0.000123150 2750 0.000006496 add_time= 0.000143957
1375 0.000024151 1375 0.000005113 add_time= 0.000040372
2550 0.000047880 2550 0.000025488 add_time= 0.000088343
2970 0.000090877 2970 0.000007028 add_time= 0.000112903
2500 0.000060746 2500 0.000006129 add_time= 0.000080184
2650 0.000210096 2650 0.000006507 add_time= 0.000231697
2600 0.000121054 2600 0.000007114 add_time= 0.000164460
2750 0.000129716 2750 0.000006421 add_time= 0.000151291
2750 0.000077577 2750 0.000006722 add_time= 0.000100276
2601 0.000068202 2601 0.000007156 add_time= 0.000089435
2700 0.000047166 2700 0.000005780 add_time= 0.000069328
1250 0.000048374 1250 0.000005714 add_time= 0.000066705
2756 0.000113613 2756 0.000015492 add_time= 0.000144417
2860 0.000060269 2860 0.000007048 add_time= 0.000083342
2500 0.000075607 2500 0.000007010 add_time= 0.000097741
2500 0.000025585 2500 0.000007147 add_time= 0.000048226
1250 0.000081266 1250 0.000006391 add_time= 0.000100636
1250 0.000029789 1250 0.000005514 add_time= 0.000047302
2756 0.000159504 2756 0.000007013 add_time= 0.000181958
2600 0.000105792 2600 0.000006236 add_time= 0.000126309
2970 0.000067809 2970 0.000006220 add_time= 0.000095429
2500 0.000048773 2500 0.000006740 add_time= 0.000070657
2550 0.000039572 2550 0.000006139 add_time= 0.000076487
2750 0.000117335 2750 0.000006025 add_time= 0.000137417
2750 0.000044105 2750 0.000005943 add_time= 0.000065959
2500 0.000020584 2500 0.000013048 add_time= 0.000048043
2860 0.000037357 2860 0.000006668 add_time= 0.000069466
2500 0.000165189 2500 0.000006973 add_time= 0.000187464
2550 0.000094135 2550 0.000006422 add_time= 0.000114818
2750 0.000066797 2750 0.000011948 add_time= 0.000092651
1375 0.000063417 1375 0.000005289 add_time= 0.000079526
1275 0.000043484 1275 0.000005481 add_time= 0.000059553
2600 0.000019844 2600 0.000071251 add_time= 0.000105525
2750 0.000049170 2750 0.000006878 add_time= 0.000076209
2500 0.000104698 2500 0.000006115 add_time= 0.000123722
2750 0.000106450 2750 0.000005729 add_time= 0.000125995
2550 0.000035774 2550 0.000017123 add_time= 0.000065561
1250 0.000098956 1250 0.000005253 add_time= 0.000114782
2750 0.000028838 2750 0.000006126 add_time= 0.000048437
2600 0.000020108 2600 0.000078989 add_time= 0.000114078
3025 0.000174177 3025 0.000007348 add_time= 0.000198232
2500 0.000030599 2500 0.000006432 add_time= 0.000052137
2601 0.000031309 2601 0.000006146 add_time= 0.000060316
2500 0.000045483 2500 0.000015641 add_time= 0.000076397
2500 0.000104196 2500 0.000006549 add_time= 0.000124059
2550 0.000018450 2550 0.000125570 add_time= 0.000162634
2600 0.000042981 2600 0.000006760 add_time= 0.000065670
2750 0.000079202 2750 0.000006442 add_time= 0.000101324
1375 0.000035472 1375 0.000005342 add_time= 0.000063619
2805 0.000054219 2805 0.000006981 add_time= 0.000077015
2550 0.000049610 2550 0.000006974 add_time= 0.000079019
2970 0.000033200 2970 0.000012458 add_time= 0.000062244
2650 0.000397510 2650 0.000007564 add_time= 0.000427073
2750 0.000098837 2750 0.000006554 add_time= 0.000119870
3025 0.000037999 3025 0.000014351 add_time= 0.000075678
2601 0.000063722 2601 0.000007115 add_time= 0.000086421
2500 0.000035460 2500 0.000006411 add_time= 0.000056877
2500 0.000065891 2500 0.000006761 add_time= 0.000088136
2915 0.000225001 2915 0.000008124 add_time= 0.000249262
2805 0.000031869 2805 0.000006605 add_time= 0.000054369
2860 0.000249327 2860 0.000006163 add_time= 0.000280795
2550 0.000118469 2550 0.000006497 add_time= 0.000140375
2600 0.000046326 2600 0.000006824 add_time= 0.000068360
2750 0.000070004 2750 0.000006779 add_time= 0.000092430
2750 0.000767056 2750 0.000009644 add_time= 0.000803812
2500 0.000081319 2500 0.000007438 add_time= 0.000106674
2750 0.000055102 2750 0.000006343 add_time= 0.000076754
2550 0.000504278 2550 0.000008808 add_time= 0.000550985
2550 0.000037730 2550 0.000010543 add_time= 0.000064732
2916 0.000096138 2916 0.000008409 add_time= 0.000123225
1275 0.000030324 1275 0.000007648 add_time= 0.000053023
2750 0.000014466 2750 0.000073073 add_time= 0.000106118
2756 0.000006047 2756 0.000034301 add_time= 0.000056208
2500 0.000213282 2500 0.000005948 add_time= 0.000233565
2750 0.000087842 2750 0.000006370 add_time= 0.000109958
1275 0.000274753 1275 0.000005338 add_time= 0.000292156
1250 0.000042216 1250 0.000005268 add_time= 0.000066763
2500 0.000006543 2500 0.000013882 add_time= 0.000042623
2860 0.000043861 2860 0.000006676 add_time= 0.000075218
2860 0.000041066 2860 0.000006107 add_time= 0.000069666
2500 0.000042311 2500 0.000006546 add_time= 0.000072378
2805 0.000211616 2805 0.000007017 add_time= 0.000238396
2862 0.000198051 2862 0.000022260 add_time= 0.000236222
1275 0.000060242 1275 0.000007966 add_time= 0.000081597
2750 0.000243051 2750 0.000007152 add_time= 0.000267930
2600 0.000019362 2600 0.000027569 add_time= 0.000061971
2500 0.000133626 2500 0.000008099 add_time= 0.000158287
2860 0.000037777 2860 0.000006404 add_time= 0.000060049
2754 0.000100109 2754 0.000013733 add_time= 0.000128554
2700 0.000239791 2700 0.000008017 add_time= 0.000264896
1250 0.000089610 1250 0.000006431 add_time= 0.000110675
