2650 0.000172365 2650 0.000014267 add_time= 0.001696021
3025 0.000019927 3025 0.000032596 add_time= 0.000070436
2500 0.000092848 2500 0.000008080 add_time= 0.000118164
2550 0.000094338 2550 0.000008023 add_time= 0.000123697
3025 0.000063496 3025 0.000006927 add_time= 0.000089216
2550 0.000054182 2550 0.000005670 add_time= 0.000073608
1250 0.000109577 1250 0.000005878 add_time= 0.000130486
2550 0.000720801 2550 0.000010746 add_time= 0.000804086
2600 0.000241168 2600 0.000007150 add_time= 0.000282330
2600 0.000090395 2600 0.000010175 add_time= 0.000133893
2700 0.000255514 2700 0.000025605 add_time= 0.000297456
2862 0.000091142 2862 0.000027378 add_time= 0.000142201
2600 0.000308109 2600 0.000040104 add_time= 0.000387703
2700 0.000172565 2700 0.000006810 add_time= 0.000195626
1375 0.000105666 1375 0.000006891 add_time= 0.000127584
2750 0.000830024 2750 0.000008226 add_time= 0.000869040
2805 0.002284984 2805 0.000007827 add_time= 0.002310240
2650 0.000317312 2650 0.000007885 add_time= 0.000379070
2860 0.000652994 2860 0.000014362 add_time= 0.000729156
2500 0.001383767 2500 0.000016146 add_time= 0.001428209
2703 0.000247423 2703 0.000019116 add_time= 0.000456558
2500 0.000049910 2500 0.000008941 add_time= 0.000109100
2652 0.000110625 2652 0.000020523 add_time= 0.001528035
3025 0.000070338 3025 0.000010084 add_time= 0.000099647
2750 0.000110978 2750 0.000009306 add_time= 0.000136460
2600 0.000168253 2600 0.000007415 add_time= 0.000204656
2550 0.000063576 2550 0.000006610 add_time= 0.000086924
2750 0.000224218 2750 0.000019648 add_time= 0.000290288
2750 0.000130190 2750 0.000009378 add_time= 0.000173935
3025 0.000137635 3025 0.000007569 add_time= 0.000168501
2750 0.000007183 2750 0.000033307 add_time= 0.000053366
1375 0.000302985 1375 0.000006322 add_time= 0.000331940
1325 0.000321519 1325 0.000006368 add_time= 0.000342701
2650 0.000184998 2650 0.000009389 add_time= 0.000221798
2750 0.000147613 2750 0.000010235 add_time= 0.000177448
1325 0.000082237 1325 0.000008475 add_time= 0.000116155
2650 0.000480371 2650 0.000010541 add_time= 0.000519033
2805 0.000070327 2805 0.000006872 add_time= 0.000113283
2500 0.000362181 2500 0.000007461 add_time= 0.000395831
1250 0.000061850 1250 0.000006520 add_time= 0.000085236
2600 0.000079450 2600 0.000014172 add_time= 0.000219958
2970 0.000080297 2970 0.000029121 add_time= 0.000166190
2500 0.000008060 2500 0.000009022 add_time= 0.000044908
2700 0.000223451 2700 0.000012447 add_time= 0.001324670
2750 0.000072547 2750 0.000006541 add_time= 0.000095352
2500 0.000098731 2500 0.000006908 add_time= 0.000121506
2652 0.000045857 2652 0.000006118 add_time= 0.000065963
2550 0.000067214 2550 0.000007197 add_time= 0.000089290
3025 0.000018156 3025 0.000026899 add_time= 0.000061544
2500 0.000234833 2500 0.000006753 add_time= 0.000257151
2750 0.000209304 2750 0.000006648 add_time= 0.000232107
2500 0.000063146 2500 0.000006667 add_time= 0.000083210
2500 0.000052758 2500 0.000007155 add_time= 0.000075268
2700 0.000016593 2700 0.000022776 add_time= 0.000054418
1250 0.000060493 1250 0.000006540 add_time= 0.000092434
2652 0.000070337 2652 0.000055282 add_time= 0.000164509
2970 0.000085596 2970 0.000009851 add_time= 0.000115379
2550 0.000117125 2550 0.000007191 add_time= 0.000141828
2700 0.000084948 2700 0.000053140 add_time= 0.000155399
2700 0.000008486 2700 0.000036405 add_time= 0.000068035
2750 0.000068970 2750 0.000007957 add_time= 0.000094587
2750 0.000092131 2750 0.000006755 add_time= 0.000116995
2500 0.000140785 2500 0.000007312 add_time= 0.000164523
2750 0.000049023 2750 0.000027889 add_time= 0.000094417
2550 0.000031289 2550 0.000007252 add_time= 0.000055109
2754 0.000007989 2754 0.000031184 add_time= 0.000055894
1375 0.000129883 1375 0.000005797 add_time= 0.000163572
1250 0.000149502 1250 0.000025184 add_time= 0.000199555
2700 0.000158246 2700 0.000006858 add_time= 0.000183627
2805 0.000078906 2805 0.000006939 add_time= 0.000114860
2550 0.000187057 2550 0.000007821 add_time= 0.000211836
2601 0.000099605 2601 0.000005871 add_time= 0.000129018
2916 0.000017096 2916 0.000024703 add_time= 0.000055557
1250 0.000061903 1250 0.000006404 add_time= 0.000082001
1250 0.000248751 1250 0.000005665 add_time= 0.000268149
2500 0.000178029 2500 0.000006681 add_time= 0.000200635
2750 0.000216345 2750 0.000014969 add_time= 0.000248157
2750 0.000480643 2750 0.000034571 add_time= 0.000530271
2550 0.000154367 2550 0.000006033 add_time= 0.000181320
2970 0.000006277 2970 0.000016660 add_time= 0.000037009
1250 0.000150787 1250 0.000006621 add_time= 0.000182218
2600 0.000089446 2600 0.000007032 add_time= 0.000113584
2750 0.000072254 2750 0.000006400 add_time= 0.000096479
2805 0.000187538 2805 0.000006819 add_time= 0.000216507
2550 0.000070803 2550 0.000007161 add_time= 0.000110028
2650 0.000075022 2650 0.000005913 add_time= 0.000097037
2860 0.000014671 2860 0.000032000 add_time= 0.000065122
2600 0.000051755 2600 0.000009034 add_time= 0.000144942
2915 0.000041895 2915 0.000008470 add_time= 0.000089045
2500 0.000026085 2500 0.000007697 add_time= 0.000060386
2550 0.000030358 2550 0.000008668 add_time= 0.000065851
2500 0.000026194 2500 0.000025817 add_time= 0.000080550
2860 0.000162205 2860 0.000009089 add_time= 0.000215887
2500 0.000241375 2500 0.000025772 add_time= 0.000286068
2805 0.000159884 2805 0.000025555 add_time= 0.000201152
2550 0.000205739 2550 0.000006494 add_time= 0.000243927
2601 0.000135396 2601 0.000006450 add_time= 0.000159269
2750 0.000059873 2750 0.000027087 add_time= 0.000103523
2750 0.000108734 2750 0.000012494 add_time= 0.000137952
2650 0.000164111 2650 0.000007249 add_time= 0.000188673
2750 0.000270399 2750 0.000007242 add_time= 0.000292453
2601 0.000286630 2601 0.000006048 add_time= 0.000307411
2700 0.000293563 2700 0.000007592 add_time= 0.000316127
1375 0.000045711 1375 0.000014374 add_time= 0.000074915
2600 0.000211201 2600 0.000006482 add_time= 0.000234087
2750 0.000106829 2750 0.000006966 add_time= 0.000130560
2500 0.000205899 2500 0.000008018 add_time= 0.000229786
2652 0.000113838 2652 0.000007249 add_time= 0.000135790
2500 0.000007577 2500 0.000025252 add_time= 0.000048959
2704 0.000252659 2704 0.000006944 add_time= 0.000293920
2860 0.000290175 2860 0.000006915 add_time= 0.000315993
2500 0.000156041 2500 0.000006480 add_time= 0.000177192
1250 0.000186329 1250 0.000008998 add_time= 0.000209427
1250 0.000012228 1250 0.000019806 add_time= 0.000045782
2750 0.000063881 2750 0.000020397 add_time= 0.000100778
2600 0.000041975 2600 0.000007018 add_time= 0.000065403
2750 0.000090231 2750 0.000007278 add_time= 0.000114061
2601 0.000221754 2601 0.000007248 add_time= 0.000247997
2500 0.000192539 2500 0.000007644 add_time= 0.000215961
2750 0.000100468 2750 0.000007034 add_time= 0.000123550
2860 0.000187782 2860 0.000009578 add_time= 0.000238444
2860 0.000066729 2860 0.000007557 add_time= 0.000091117
2550 0.000066528 2550 0.000007091 add_time= 0.000089806
2700 0.000053735 2700 0.000005877 add_time= 0.000074562
2652 0.000337595 2652 0.000006723 add_time= 0.000359028
2700 0.000381659 2700 0.000007826 add_time= 0.000421024
2500 0.000299350 2500 0.000006845 add_time= 0.000322328
2915 0.000164196 2915 0.000007632 add_time= 0.000201616
2750 0.000283917 2750 0.000006627 add_time= 0.000304775
2550 0.000339575 2550 0.000007123 add_time= 0.000367881
2750 0.000007444 2750 0.000016098 add_time= 0.000039957
2750 0.000084817 2750 0.000007116 add_time= 0.000115819
2750 0.000064210 2750 0.000015669 add_time= 0.000097999
2500 0.000040438 2500 0.000006248 add_time= 0.000064991
2500 0.000074051 2500 0.000007341 add_time= 0.000110523
2550 0.000051608 2550 0.000006307 add_time= 0.000073617
2750 0.000067049 2750 0.000006577 add_time= 0.000099111
2600 0.000065003 2600 0.000024080 add_time= 0.000169269
2750 0.000055382 2750 0.000009639 add_time= 0.000120027
2550 0.000087611 2550 0.000008850 add_time= 0.000147535
2550 0.000045674 2550 0.000010107 add_time= 0.000104180
2550 0.000045590 2550 0.000168568 add_time= 0.000256682
2600 0.000139872 2600 0.000006303 add_time= 0.000180078
2750 0.000085240 2750 0.000007153 add_time= 0.000119897
3025 0.000058244 3025 0.000006160 add_time= 0.000089629
2754 0.000108148 2754 0.000007469 add_time= 0.000141429
1250 0.000007709 1250 0.000014574 add_time= 0.000049719
2750 0.000095975 2750 0.000007219 add_time= 0.000127279
2750 0.000114865 2750 0.000006371 add_time= 0.000146311
2500 0.000057730 2500 0.000006508 add_time= 0.000090661
2860 0.000063635 2860 0.000007547 add_time= 0.000095880
1275 0.000097325 1275 0.000006581 add_time= 0.000126147
2703 0.000079409 2703 0.000006738 add_time= 0.000107511
2750 0.000016185 2750 0.000016775 add_time= 0.000075739
2600 0.000471242 2600 0.000022966 add_time= 0.000539207
2915 0.000344078 2915 0.000008233 add_time= 0.000370897
2805 0.000157024 2805 0.000007218 add_time= 0.000199822
2550 0.000167372 2550 0.000037541 add_time= 0.000224708
2550 0.000081234 2550 0.000006792 add_time= 0.000103891
2500 0.000278185 2500 0.000017906 add_time= 0.000311271
2805 0.000075778 2805 0.000007398 add_time= 0.000100282
2500 0.000064629 2500 0.000006822 add_time= 0.000087245
2550 0.000151382 2550 0.000007055 add_time= 0.000174180
2500 0.000010635 2500 0.000024833 add_time= 0.000052448
2704 0.000292574 2704 0.000027741 add_time= 0.000338376
1375 0.000031614 1375 0.000006702 add_time= 0.000061176
2860 0.000041852 2860 0.000006791 add_time= 0.000066120
2500 0.000049897 2500 0.000013820 add_time= 0.000077618
2550 0.000169976 2550 0.000026677 add_time= 0.000212095
2550 0.000006719 2550 0.000023925 add_time= 0.000049060
2500 0.000150314 2500 0.000006581 add_time= 0.000173515
3025 0.000079173 3025 0.000007713 add_time= 0.000114126
2500 0.000056340 2500 0.000007115 add_time= 0.000079208
2700 0.000110408 2700 0.000007224 add_time= 0.000133600
2808 0.000174241 2808 0.000008069 add_time= 0.000198806
2550 0.000199064 2550 0.000008560 add_time= 0.000224238
2500 0.000054979 2500 0.000006284 add_time= 0.000076524
2700 0.000139150 2700 0.000006057 add_time= 0.000159583
2500 0.000093368 2500 0.000034922 add_time= 0.000154636
2600 0.000007819 2600 0.000033313 add_time= 0.000057609
1250 0.000129922 1250 0.000006827 add_time= 0.000155706
2500 0.000067382 2500 0.000009471 add_time= 0.000110956
2808 0.000107676 2808 0.000006705 add_time= 0.000145418
2750 0.000271230 2750 0.000007144 add_time= 0.000294425
2550 0.000282185 2550 0.000028033 add_time= 0.000335630
2500 0.000125764 2500 0.000006060 add_time= 0.000146312
2650 0.000117292 2650 0.000016342 add_time= 0.000161964
2700 0.000173957 2700 0.000006674 add_time= 0.000204663
2750 0.000350525 2750 0.000006849 add_time= 0.000374596
2500 0.000250467 2500 0.000006987 add_time= 0.000273655
2500 0.000215598 2500 0.000006760 add_time= 0.000238400
2500 0.000103751 2500 0.000007629 add_time= 0.000127462
2600 0.000268466 2600 0.000007060 add_time= 0.000292437
2500 0.000231673 2500 0.000007172 add_time= 0.000253419
2750 0.000108437 2750 0.000006174 add_time= 0.000128936
2754 0.000148985 2754 0.000009545 add_time= 0.000174130
2650 0.000006604 2650 0.000023358 add_time= 0.000043365
2750 0.000303558 2750 0.000006155 add_time= 0.000322882
2704 0.000047200 2704 0.000007805 add_time= 0.000094560
2600 0.000091522 2600 0.000016004 add_time= 0.000145175
2750 0.000142142 2750 0.000008231 add_time= 0.000172966
2550 0.000007397 2550 0.000008648 add_time= 0.000040395
2500 0.000047451 2500 0.000007874 add_time= 0.000079133
2700 0.000007261 2700 0.000011769 add_time= 0.000043991
2600 0.000082353 2600 0.000006321 add_time= 0.000103643
2750 0.000115545 2750 0.000006760 add_time= 0.000137644
2650 0.000206515 2650 0.000006051 add_time= 0.000225901
2805 0.000127279 2805 0.000007450 add_time= 0.000149610
2600 0.000204592 2600 0.000005748 add_time= 0.000223041
2650 0.000139025 2650 0.000006992 add_time= 0.000160907
2600 0.000133173 2600 0.000006433 add_time= 0.000154491
2550 0.000160059 2550 0.000006628 add_time= 0.000181468
1375 0.000040820 1375 0.000010725 add_time= 0.000064134
2805 0.000095665 2805 0.000007005 add_time= 0.000118323
2600 0.000278881 2600 0.000006526 add_time= 0.000300375
3025 0.000088034 3025 0.000007303 add_time= 0.000109491
2600 0.000376881 2600 0.000006910 add_time= 0.000398852
2860 0.000124547 2860 0.000007045 add_time= 0.000146423
2915 0.000108774 2915 0.000006481 add_time= 0.000129468
2805 0.000100082 2805 0.000012408 add_time= 0.000127674
2805 0.000131081 2805 0.000006996 add_time= 0.000153398
2750 0.000223859 2750 0.000007037 add_time= 0.000245991
2652 0.000104062 2652 0.000012166 add_time= 0.000137262
2860 0.000314182 2860 0.000017421 add_time= 0.000361185
2500 0.000153681 2500 0.000007495 add_time= 0.000185514
1250 0.000055471 1250 0.000006330 add_time= 0.000074516
2805 0.000127859 2805 0.000005808 add_time= 0.000157524
2750 0.000025215 2750 0.000023261 add_time= 0.000073762
2652 0.000201426 2652 0.000008172 add_time= 0.000225887
2750 0.000312425 2750 0.000007661 add_time= 0.000336869
2750 0.000118408 2750 0.000026530 add_time= 0.000161662
3025 0.000114804 3025 0.000007950 add_time= 0.000140069
2750 0.000180169 2750 0.000007172 add_time= 0.000203903
2750 0.000120262 2750 0.000006396 add_time= 0.000140630
2500 0.000132826 2500 0.000006525 add_time= 0.000154618
2500 0.000041495 2500 0.000007371 add_time= 0.000064710
2600 0.003090329 2600 0.000007151 add_time= 0.003113583
1250 0.000158017 1250 0.000006756 add_time= 0.000178366
2756 0.000162704 2756 0.000007536 add_time= 0.000186898
2704 0.000090108 2704 0.000033563 add_time= 0.000138246
2750 0.000098533 2750 0.000007017 add_time= 0.000121437
2550 0.000066267 2550 0.000040416 add_time= 0.000122544
2500 0.000189894 2500 0.000006603 add_time= 0.000211490
2860 0.000022954 2860 0.000023075 add_time= 0.000060623
2500 0.000042202 2500 0.000006372 add_time= 0.000063636
2600 0.000104727 2600 0.000007100 add_time= 0.000127410
2750 0.000128280 2750 0.000007586 add_time= 0.000152651
1250 0.000052294 1250 0.000006573 add_time= 0.000076266
2750 0.000007798 2750 0.000015498 add_time= 0.000039495
2500 0.000039540 2500 0.000006417 add_time= 0.000059424
2500 0.000210199 2500 0.000008597 add_time= 0.000241621
2500 0.000123408 2500 0.000017079 add_time= 0.000156337
2500 0.000131746 2500 0.000008489 add_time= 0.000155779
2500 0.000256579 2500 0.000018733 add_time= 0.000291742
2862 0.000304202 2862 0.000016673 add_time= 0.000346151
2750 0.000198292 2750 0.000006491 add_time= 0.000219373
2650 0.000254794 2650 0.000007536 add_time= 0.000279679
2550 0.000077817 2550 0.000006466 add_time= 0.000100085
2500 0.000146204 2500 0.000007071 add_time= 0.000169387
2500 0.000205014 2500 0.000006708 add_time= 0.000227788
2700 0.000007798 2700 0.000014941 add_time= 0.000038815
2500 0.000170863 2500 0.000006536 add_time= 0.000195514
2550 0.000062884 2550 0.000006624 add_time= 0.000095017
2550 0.000058605 2550 0.000006429 add_time= 0.000080981
2703 0.000067936 2703 0.000015386 add_time= 0.000099199
2650 0.000063238 2650 0.000006907 add_time= 0.000086570
2805 0.000062585 2805 0.000006607 add_time= 0.000089436
2500 0.000076362 2500 0.000008807 add_time= 0.000135113
2805 0.000047593 2805 0.000008239 add_time= 0.000085585
2500 0.000032873 2500 0.000007150 add_time= 0.000064444
2550 0.000026746 2550 0.000007961 add_time= 0.000068432
2500 0.000013801 2500 0.000008346 add_time= 0.000047738
2750 0.000029608 2750 0.000008139 add_time= 0.000066427
1250 0.000131142 1250 0.000005165 add_time= 0.000158268
2860 0.000078225 2860 0.000007184 add_time= 0.000103663
2500 0.000065667 2500 0.000006004 add_time= 0.000088039
2550 0.000097995 2550 0.000005739 add_time= 0.000118563
2700 0.000007879 2700 0.000024167 add_time= 0.000056199
2750 0.000007366 2750 0.000024325 add_time= 0.000048259
1325 0.000097348 1325 0.000006103 add_time= 0.000118020
2600 0.000236616 2600 0.000006767 add_time= 0.000259201
2500 0.000044669 2500 0.000006775 add_time= 0.000066961
2550 0.000377784 2550 0.000006557 add_time= 0.000400034
2550 0.000094284 2550 0.000007366 add_time= 0.000117884
2700 0.000016974 2700 0.000045627 add_time= 0.000090867
1375 0.000108207 1375 0.000006126 add_time= 0.000129167
2550 0.000068801 2550 0.000006895 add_time= 0.000095319
2750 0.000058092 2750 0.000006336 add_time= 0.000082409
2750 0.000145263 2750 0.000018571 add_time= 0.000185233
2601 0.000103777 2601 0.000014711 add_time= 0.000136014
2860 0.000017922 2860 0.000014543 add_time= 0.000049460
1250 0.000157089 1250 0.000006471 add_time= 0.000179559
2805 0.000052676 2805 0.000007273 add_time= 0.000078507
3025 0.000057568 3025 0.000006370 add_time= 0.000079951
2750 0.000156316 2750 0.000005845 add_time= 0.000185340
2750 0.000047493 2750 0.000006626 add_time= 0.000070495
2970 0.000015429 2970 0.000017386 add_time= 0.000048542
1250 0.000028491 1250 0.000006627 add_time= 0.000049246
2600 0.000244606 2600 0.000007125 add_time= 0.000277767
2805 0.000075222 2805 0.000007503 add_time= 0.000120171
2750 0.000824827 2750 0.000007682 add_time= 0.000851682
2805 0.000319174 2805 0.000006956 add_time= 0.000342487
2754 0.000016255 2754 0.000025081 add_time= 0.000057259
2805 0.000111268 2805 0.000018136 add_time= 0.000147145
1250 0.000119998 1250 0.000005803 add_time= 0.000141190
2860 0.000239659 2860 0.000006886 add_time= 0.000263985
2500 0.000144804 2500 0.000006539 add_time= 0.000170328
2550 0.000072005 2550 0.000007062 add_time= 0.000097915
2703 0.000261743 2703 0.000032183 add_time= 0.000316260
2750 0.000008794 2750 0.000023183 add_time= 0.000047408
2600 0.000064396 2600 0.000027354 add_time= 0.000107889
2750 0.000104767 2750 0.000033287 add_time= 0.000154297
2500 0.000181953 2500 0.000012606 add_time= 0.000209201
2805 0.000139691 2805 0.000006664 add_time= 0.000160333
2500 0.000076115 2500 0.000018040 add_time= 0.000109821
2500 0.000093370 2500 0.000026255 add_time= 0.000146833
2652 0.000119976 2652 0.000007513 add_time= 0.000145445
2500 0.000137598 2500 0.000006751 add_time= 0.000168036
2860 0.000054561 2860 0.000006468 add_time= 0.000078035
2550 0.000132183 2550 0.000006842 add_time= 0.000155271
2500 0.000007747 2500 0.000026104 add_time= 0.000049691
2500 0.000379364 2500 0.000006087 add_time= 0.000400904
2500 0.000094737 2500 0.000005853 add_time= 0.000116371
2500 0.000168394 2500 0.000006345 add_time= 0.000189903
2750 0.000057304 2750 0.000006172 add_time= 0.000077967
2550 0.000092054 2550 0.000007180 add_time= 0.000114754
2862 0.000120865 2862 0.000007012 add_time= 0.000142982
2750 0.000067321 2750 0.000006281 add_time= 0.000087927
2860 0.000236622 2860 0.000026525 add_time= 0.000308167
2500 0.000121352 2500 0.000006227 add_time= 0.000143872
2550 0.000355039 2550 0.000013934 add_time= 0.000384842
2805 0.000087572 2805 0.000006887 add_time= 0.000110541
2808 0.000324131 2808 0.000006558 add_time= 0.000345033
2500 0.000105246 2500 0.000006875 add_time= 0.000128205
2860 0.000179386 2860 0.000006804 add_time= 0.000203316
2750 0.000067646 2750 0.000006400 add_time= 0.000089190
2750 0.000144780 2750 0.000007084 add_time= 0.000172901
1375 0.000058006 1375 0.000005930 add_time= 0.000076995
2550 0.000066546 2550 0.000005778 add_time= 0.000086463
2808 0.000236196 2808 0.000007024 add_time= 0.000257657
2500 0.000074415 2500 0.000007019 add_time= 0.000097156
2600 0.000114774 2600 0.000006095 add_time= 0.000135786
2750 0.000097922 2750 0.000006849 add_time= 0.000120297
2650 0.000138584 2650 0.000005818 add_time= 0.000160111
2600 0.000045123 2600 0.000006012 add_time= 0.000064449
2805 0.000132443 2805 0.000006000 add_time= 0.000151744
2500 0.002529630 2500 0.000007542 add_time= 0.002552881
2704 0.000083641 2704 0.000007783 add_time= 0.000147620
2808 0.000060831 2808 0.000008376 add_time= 0.000103619
2805 0.000048062 2805 0.000008148 add_time= 0.000093693
2601 0.000064642 2601 0.000007450 add_time= 0.000095111
2550 0.000045554 2550 0.000007997 add_time= 0.000078892
2750 0.000101418 2750 0.000008416 add_time= 0.000133412
2550 0.000251616 2550 0.000006880 add_time= 0.000272954
2860 0.000055438 2860 0.000013025 add_time= 0.000084277
2750 0.000087118 2750 0.000006717 add_time= 0.000107286
2750 0.000095505 2750 0.000006367 add_time= 0.000117429
2550 0.000081243 2550 0.000007313 add_time= 0.000103431
1375 0.000091593 1375 0.000006522 add_time= 0.000112599
2600 0.000174471 2600 0.000026517 add_time= 0.000216503
2650 0.000116402 2650 0.000008233 add_time= 0.000140355
2750 0.000094077 2750 0.000007013 add_time= 0.000123512
2750 0.000086645 2750 0.000013005 add_time= 0.000115231
2650 0.000097060 2650 0.000006287 add_time= 0.000116969
2860 0.000166419 2860 0.000007861 add_time= 0.000190219
2860 0.000122938 2860 0.000008147 add_time= 0.000147026
2805 0.000065944 2805 0.000011954 add_time= 0.000093028
2750 0.000110258 2750 0.000007164 add_time= 0.000132683
2652 0.000112164 2652 0.000007228 add_time= 0.000145852
2600 0.000016104 2600 0.000015326 add_time= 0.000046347
2652 0.000118614 2652 0.000006591 add_time= 0.000141240
2500 0.000078638 2500 0.000006174 add_time= 0.000098571
2600 0.000042558 2600 0.000006585 add_time= 0.000064375
2500 0.000071917 2500 0.000006509 add_time= 0.000092909
2700 0.000007442 2700 0.000015643 add_time= 0.000037838
1275 0.000265441 1275 0.000007035 add_time= 0.000285405
2700 0.000565737 2700 0.000026674 add_time= 0.000608338
2700 0.000084787 2700 0.000009702 add_time= 0.000109579
2550 0.000082517 2550 0.000018028 add_time= 0.000114660
2500 0.000130970 2500 0.000006145 add_time= 0.000149398
2700 0.000022646 2700 0.000016469 add_time= 0.000053847
2550 0.000180821 2550 0.000006972 add_time= 0.000207541
2600 0.000142429 2600 0.000008833 add_time= 0.000191455
2500 0.000258810 2500 0.000008039 add_time= 0.000282545
2750 0.000092477 2750 0.000007175 add_time= 0.000117376
2601 0.000056844 2601 0.000006725 add_time= 0.000088420
2500 0.000026318 2500 0.000022184 add_time= 0.000064492
2600 0.000126058 2600 0.000007029 add_time= 0.000150351
2750 0.000090041 2750 0.000007051 add_time= 0.000113731
2700 0.000063684 2700 0.000006751 add_time= 0.000097439
2500 0.000020750 2500 0.000022939 add_time= 0.000059476
2652 0.000155771 2652 0.000006580 add_time= 0.000178167
2750 0.000101475 2750 0.000006959 add_time= 0.000125366
2550 0.000094993 2550 0.000006856 add_time= 0.000118071
2500 0.000131212 2500 0.000006607 add_time= 0.000153476
2500 0.000041879 2500 0.000006586 add_time= 0.000064543
2700 0.000062348 2700 0.000007401 add_time= 0.000086073
2750 0.000142231 2750 0.000007431 add_time= 0.000166465
2500 0.000122339 2500 0.000008435 add_time= 0.000146964
2750 0.000134215 2750 0.000007041 add_time= 0.000168608
2703 0.000065226 2703 0.000005620 add_time= 0.000084719
2750 0.000056316 2750 0.000007095 add_time= 0.000080037
2600 0.000178407 2600 0.000006619 add_time= 0.000200488
2500 0.000041067 2500 0.000006445 add_time= 0.000069250
2550 0.000086237 2550 0.000006252 add_time= 0.000108264
2550 0.000133920 2550 0.000006899 add_time= 0.000171795
3025 0.000008005 3025 0.000025574 add_time= 0.000051461
2600 0.000155393 2600 0.000009192 add_time= 0.000197973
2550 0.000108157 2550 0.000025347 add_time= 0.000149146
2500 0.000087129 2500 0.000005646 add_time= 0.000106961
2805 0.000078281 2805 0.000007155 add_time= 0.000119859
2750 0.000411416 2750 0.000007433 add_time= 0.000435467
2750 0.000097329 2750 0.000026727 add_time= 0.000140199
2703 0.000121502 2703 0.000007200 add_time= 0.000145655
2500 0.000094701 2500 0.000012893 add_time= 0.000123431
2550 0.000103498 2550 0.000006588 add_time= 0.000124377
2750 0.000168695 2750 0.000007763 add_time= 0.000201987
2550 0.000110582 2550 0.000006909 add_time= 0.000131855
2700 0.000006665 2700 0.000102868 add_time= 0.000123689
2805 0.000074322 2805 0.000006881 add_time= 0.000095056
1325 0.000124041 1325 0.000005950 add_time= 0.000142691
2915 0.000100812 2915 0.000018116 add_time= 0.000136771
2500 0.000057887 2500 0.000006881 add_time= 0.000079808
2550 0.000097369 2550 0.000006759 add_time= 0.000119722
2500 0.000007635 2500 0.000023704 add_time= 0.000046412
2500 0.000139580 2500 0.000008220 add_time= 0.000183311
2650 0.000064454 2650 0.000008752 add_time= 0.000099722
2601 0.000122918 2601 0.000018507 add_time= 0.000166002
2754 0.000007372 2754 0.000007826 add_time= 0.000041205
2750 0.000015083 2750 0.000009468 add_time= 0.000061270
2704 0.000242741 2704 0.000006609 add_time= 0.000264748
2600 0.000073930 2600 0.000007078 add_time= 0.000096129
2805 0.000102766 2805 0.000007578 add_time= 0.000132790
2500 0.000089247 2500 0.000013665 add_time= 0.000116116
2652 0.000071712 2652 0.000006432 add_time= 0.000093146
2600 0.000007556 2600 0.000036659 add_time= 0.000058616
2600 0.000299259 2600 0.000006943 add_time= 0.000323955
2750 0.000094543 2750 0.000007463 add_time= 0.000127062
2550 0.000360197 2550 0.000006988 add_time= 0.000383159
2500 0.000094025 2500 0.000007141 add_time= 0.000116402
2500 0.000065972 2500 0.000012818 add_time= 0.000095361
2500 0.000223855 2500 0.000007018 add_time= 0.000256946
3025 0.000112045 3025 0.000007167 add_time= 0.000147181
2750 0.000073515 2750 0.000006728 add_time= 0.000100655
2750 0.000078005 2750 0.000007619 add_time= 0.000101585
2500 0.000122946 2500 0.000007011 add_time= 0.000145484
2500 0.000102509 2500 0.000006678 add_time= 0.000126618
2500 0.000058506 2500 0.000006709 add_time= 0.000081135
2500 0.000065264 2500 0.000007304 add_time= 0.000104902
2601 0.000085829 2601 0.000006065 add_time= 0.000105682
2500 0.000078156 2500 0.000007042 add_time= 0.000100372
2500 0.000087356 2500 0.000007490 add_time= 0.000122029
2600 0.000189795 2600 0.000006802 add_time= 0.000213935
2750 0.000131047 2750 0.000015805 add_time= 0.000181984
2500 0.000199506 2500 0.000007026 add_time= 0.000230470
2550 0.000110494 2550 0.000006030 add_time= 0.000142677
2700 0.000017433 2700 0.000015264 add_time= 0.000048641
1275 0.000054009 1275 0.000006923 add_time= 0.000072809
2860 0.000092104 2860 0.000007541 add_time= 0.000116831
3025 0.000083924 3025 0.000010547 add_time= 0.000110249
2500 0.000106520 2500 0.000007070 add_time= 0.000129146
2550 0.000081969 2550 0.000016239 add_time= 0.000113514
2754 0.000016805 2754 0.000015271 add_time= 0.000045976
625 0.000030013 625 0.000006317 add_time= 0.000066169
2600 0.000203400 2600 0.000008682 add_time= 0.000232945
2750 0.000286660 2750 0.000007179 add_time= 0.000311915
2805 0.000241209 2805 0.000007716 add_time= 0.000266014
2550 0.000250265 2550 0.000007959 add_time= 0.000274399
2650 0.000018145 2650 0.000022353 add_time= 0.000055208
2600 0.000140144 2600 0.000007004 add_time= 0.000164743
2600 0.000136453 2600 0.000006806 add_time= 0.000159723
2500 0.000068377 2500 0.000007246 add_time= 0.000092208
2652 0.000237995 2652 0.000007374 add_time= 0.000261538
2550 0.000207280 2550 0.000006091 add_time= 0.000228159
2500 0.000072549 2500 0.000005846 add_time= 0.000092184
2500 0.000124609 2500 0.000008432 add_time= 0.000149221
2750 0.000098945 2750 0.000007407 add_time= 0.000123258
1300 0.000061585 1300 0.000017072 add_time= 0.000091120
2500 0.000249936 2500 0.000007588 add_time= 0.000273651
2750 0.000075779 2750 0.000007004 add_time= 0.000107339
2550 0.000071528 2550 0.000018143 add_time= 0.000105698
2750 0.000068392 2750 0.000007131 add_time= 0.000091437
1250 0.000122655 1250 0.000005770 add_time= 0.000140685
2600 0.000228157 2600 0.000006478 add_time= 0.000250381
1300 0.000058916 1300 0.000005353 add_time= 0.000076502
2915 0.000260873 2915 0.000016091 add_time= 0.000294444
2700 0.000042334 2700 0.000006269 add_time= 0.000063247
2550 0.000212910 2550 0.000006560 add_time= 0.000235516
2500 0.000054302 2500 0.000006811 add_time= 0.000076622
2650 0.000150879 2650 0.000006650 add_time= 0.000173217
2750 0.000083533 2750 0.000022743 add_time= 0.000123436
2550 0.000039495 2550 0.000006035 add_time= 0.000059388
2700 0.000096235 2700 0.000007023 add_time= 0.000119256
2700 0.000018312 2700 0.000026390 add_time= 0.000061010
1375 0.000050265 1375 0.000005880 add_time= 0.000070879
2703 0.000132726 2703 0.000008257 add_time= 0.000171214
1300 0.000159217 1300 0.000006742 add_time= 0.000188971
2500 0.000295576 2500 0.000006327 add_time= 0.000315627
3025 0.000137782 3025 0.000007237 add_time= 0.000163118
2550 0.000166080 2550 0.000007161 add_time= 0.000189256
1250 0.000012904 1250 0.000010473 add_time= 0.000037237
2600 0.000100999 2600 0.000006965 add_time= 0.000124368
2750 0.000262203 2750 0.000025831 add_time= 0.000303383
2500 0.000126094 2500 0.000006736 add_time= 0.000148748
2805 0.000229605 2805 0.000006623 add_time= 0.000251552
2500 0.000201766 2500 0.000028387 add_time= 0.000246360
2750 0.000180830 2750 0.000007051 add_time= 0.000204611
2600 0.000196301 2600 0.000008111 add_time= 0.000227054
2500 0.000069678 2500 0.000007025 add_time= 0.000094599
2500 0.000102958 2500 0.000008158 add_time= 0.000129585
2601 0.000129658 2601 0.000017761 add_time= 0.000163490
2600 0.000047925 2600 0.000005690 add_time= 0.000069656
2970 0.000006714 2970 0.000094157 add_time= 0.000122967
2600 0.000065998 2600 0.000009294 add_time= 0.000120992
1375 0.000161142 1375 0.000007641 add_time= 0.000204280
2500 0.000090302 2500 0.000007287 add_time= 0.000122515
2805 0.000031502 2805 0.000007882 add_time= 0.000067883
2500 0.000032486 2500 0.000007197 add_time= 0.000064020
2500 0.000036555 2500 0.000016398 add_time= 0.000080100
2500 0.000057902 2500 0.000007002 add_time= 0.000086068
1250 0.000053019 1250 0.000006381 add_time= 0.000076117
2550 0.000074371 2550 0.000007336 add_time= 0.000101348
2805 0.000056940 2805 0.000006675 add_time= 0.000082635
2550 0.000082853 2550 0.000006828 add_time= 0.000107948
2750 0.000007730 2750 0.000033264 add_time= 0.000059348
2600 0.000069908 2600 0.000006310 add_time= 0.000092285
2500 0.000296963 2500 0.000015379 add_time= 0.000327397
2970 0.000051622 2970 0.000007289 add_time= 0.000076790
2750 0.000088463 2750 0.000007148 add_time= 0.000111169
2652 0.000146281 2652 0.000008056 add_time= 0.000173903
2500 0.000015023 2500 0.000015092 add_time= 0.000046765
2652 0.000115769 2652 0.000006947 add_time= 0.000139494
2808 0.000071388 2808 0.000012106 add_time= 0.000097441
3025 0.000084653 3025 0.000007005 add_time= 0.000108182
2750 0.000124007 2750 0.000006141 add_time= 0.000143465
2500 0.000052755 2500 0.000007567 add_time= 0.000083918
2700 0.000064957 2700 0.000006384 add_time= 0.000087226
2550 0.000080049 2550 0.000007171 add_time= 0.000112520
1250 0.000047396 1250 0.000006076 add_time= 0.000066714
2500 0.000200837 2500 0.000006913 add_time= 0.000234486
2750 0.000072010 2750 0.000007340 add_time= 0.000098005
2805 0.000191176 2805 0.000007557 add_time= 0.000215669
2862 0.000079170 2862 0.000007280 add_time= 0.000112953
1375 0.000273194 1375 0.000006636 add_time= 0.000296035
2600 0.000268321 2600 0.000007053 add_time= 0.000291935
2652 0.000070577 2652 0.000006672 add_time= 0.000092973
2500 0.000119974 2500 0.000006571 add_time= 0.000141354
2550 0.000108087 2550 0.000006456 add_time= 0.000130320
2805 0.000117168 2805 0.000006591 add_time= 0.000148203
2500 0.000026974 2500 0.000013696 add_time= 0.000066375
2650 0.000237214 2650 0.000008067 add_time= 0.000262688
2750 0.000061380 2750 0.000006862 add_time= 0.000088390
2750 0.000089342 2750 0.000006982 add_time= 0.000115134
2550 0.000066134 2550 0.000006979 add_time= 0.000092003
2500 0.000015230 2500 0.000014057 add_time= 0.000045992
2750 0.000123854 2750 0.000006777 add_time= 0.000147989
2750 0.000120724 2750 0.000007413 add_time= 0.000147094
2750 0.000079368 2750 0.000007311 add_time= 0.000110591
2550 0.000059601 2550 0.000006171 add_time= 0.000079079
2700 0.000078963 2700 0.000007040 add_time= 0.000101151
2600 0.000226514 2600 0.000008643 add_time= 0.000258738
2750 0.000416076 2750 0.000008086 add_time= 0.000444334
2805 0.000502747 2805 0.000008079 add_time= 0.000530953
2550 0.000078327 2550 0.000018747 add_time= 0.000116295
2500 0.000057286 2500 0.000008010 add_time= 0.000108105
2550 0.000425625 2550 0.000007958 add_time= 0.000451957
2750 0.000211576 2750 0.000007043 add_time= 0.000237248
2750 0.000233999 2750 0.000007932 add_time= 0.000267577
2550 0.000227016 2550 0.000006456 add_time= 0.000249492
2700 0.000010906 2700 0.000032100 add_time= 0.000061666
3025 0.000007607 3025 0.000034635 add_time= 0.000060725
2750 0.000131011 2750 0.000026961 add_time= 0.000176534
2704 0.000154663 2704 0.000006305 add_time= 0.000178121
2750 0.000096787 2750 0.000007774 add_time= 0.000122547
2805 0.000205400 2805 0.000007394 add_time= 0.000230412
2805 0.000142543 2805 0.000015458 add_time= 0.000176843
2700 0.000006718 2700 0.000041233 add_time= 0.000062694
2704 0.000095260 2704 0.000007672 add_time= 0.000122014
2915 0.000339462 2915 0.000035234 add_time= 0.000392396
2500 0.000060653 2500 0.000006542 add_time= 0.000095285
2750 0.000113692 2750 0.000009414 add_time= 0.000151907
2970 0.000015188 2970 0.000044446 add_time= 0.000088656
2860 0.000007099 2860 0.000022391 add_time= 0.000057443
2500 0.000274640 2500 0.000008883 add_time= 0.000305542
2750 0.000064563 2750 0.000006892 add_time= 0.000098484
2500 0.000062447 2500 0.000010107 add_time= 0.000097864
2500 0.000101449 2500 0.000007866 add_time= 0.000133458
2650 0.000007609 2650 0.000016625 add_time= 0.000040505
1375 0.000067581 1375 0.000006275 add_time= 0.000088604
2700 0.000210154 2700 0.000006520 add_time= 0.000252326
2750 0.000367626 2750 0.000008570 add_time= 0.000401279
2600 0.000111515 2600 0.000005677 add_time= 0.000131645
2500 0.000216090 2500 0.000006784 add_time= 0.000238493
1350 0.000014426 1350 0.000010066 add_time= 0.000037473
1375 0.000111647 1375 0.000006985 add_time= 0.000132761
2500 0.000161689 2500 0.000006827 add_time= 0.000185269
3025 0.000106656 3025 0.000009557 add_time= 0.000137238
1375 0.000072637 1375 0.000006560 add_time= 0.000093581
2500 0.000108184 2500 0.000006884 add_time= 0.000130580
2754 0.000008092 2754 0.000015677 add_time= 0.000048009
1250 0.000083008 1250 0.000006878 add_time= 0.000101723
2750 0.000094517 2750 0.000006494 add_time= 0.000118184
2808 0.000037289 2808 0.000005632 add_time= 0.000056770
2750 0.000092686 2750 0.000005464 add_time= 0.000111200
2750 0.000096070 2750 0.000005514 add_time= 0.000114005
2550 0.000091526 2550 0.000006190 add_time= 0.000112546
2600 0.000088915 2600 0.000005798 add_time= 0.000107994
2600 0.000067523 2600 0.000007197 add_time= 0.000095844
2860 0.000062891 2860 0.000008519 add_time= 0.000110870
2500 0.000075981 2500 0.000007350 add_time= 0.000107182
1375 0.000076170 1375 0.000006817 add_time= 0.000114017
1275 0.000041993 1275 0.000007550 add_time= 0.000072227
1250 0.000028768 1250 0.000007330 add_time= 0.000057999
2500 0.000051974 2500 0.000007948 add_time= 0.000084067
2652 0.000216856 2652 0.000005996 add_time= 0.000237261
2500 0.000095593 2500 0.000006723 add_time= 0.000117188
2750 0.000073504 2750 0.000006361 add_time= 0.000102067
2550 0.000074751 2550 0.000006755 add_time= 0.000096467
2805 0.000079017 2805 0.000006581 add_time= 0.000101229
2500 0.000067273 2500 0.000006394 add_time= 0.000088600
2704 0.000256371 2704 0.000006668 add_time= 0.000290345
2500 0.000059180 2500 0.000007351 add_time= 0.000091134
2750 0.000072233 2750 0.000006397 add_time= 0.000112848
2750 0.000067486 2750 0.000007812 add_time= 0.000104030
2500 0.000017999 2500 0.000015257 add_time= 0.000058012
2500 0.000061035 2500 0.000007317 add_time= 0.000092812
2600 0.000366778 2600 0.000006954 add_time= 0.000399166
2805 0.000061169 2805 0.000007615 add_time= 0.000096063
2550 0.000114568 2550 0.000008080 add_time= 0.000156552
2601 0.000084666 2601 0.000006575 add_time= 0.000113162
1250 0.000011951 1250 0.000020052 add_time= 0.000056307
1375 0.000099496 1375 0.000006769 add_time= 0.000133926
2600 0.000161088 2600 0.000014202 add_time= 0.000199297
2750 0.000095730 2750 0.000015683 add_time= 0.000149951
2650 0.000050554 2650 0.000008868 add_time= 0.000108625
2652 0.000069536 2652 0.000035481 add_time= 0.000127176
1250 0.000093137 1250 0.000006401 add_time= 0.000119885
2700 0.000015335 2700 0.000015154 add_time= 0.000046508
2600 0.000235499 2600 0.000006890 add_time= 0.000259557
2750 0.000089132 2750 0.000007237 add_time= 0.000118653
2750 0.000117544 2750 0.000017371 add_time= 0.000148543
2652 0.000095288 2652 0.000006687 add_time= 0.000115921
2550 0.000090977 2550 0.000006197 add_time= 0.000110614
2750 0.000098508 2750 0.000007576 add_time= 0.000121963
1375 0.000042118 1375 0.000005347 add_time= 0.000060351
2750 0.000073280 2750 0.000018616 add_time= 0.000110011
3025 0.000099347 3025 0.000007089 add_time= 0.000123305
2750 0.000061574 2750 0.000007090 add_time= 0.000084566
2750 0.000097835 2750 0.000016668 add_time= 0.000130693
2700 0.000017297 2700 0.000033636 add_time= 0.000071269
3025 0.000051374 3025 0.000006319 add_time= 0.000072673
2500 0.000297400 2500 0.000007338 add_time= 0.000336235
2600 0.000107944 2600 0.000006564 add_time= 0.000138592
2750 0.000104277 2750 0.000007746 add_time= 0.000129294
2500 0.000079332 2500 0.000007261 add_time= 0.000102569
2600 0.000017849 2600 0.000015759 add_time= 0.000049556
1250 0.000051424 1250 0.000006886 add_time= 0.000072106
2600 0.000129117 2600 0.000006959 add_time= 0.000153100
2600 0.000080340 2600 0.000006834 add_time= 0.000112100
2750 0.000112217 2750 0.000016039 add_time= 0.000144819
2750 0.000074684 2750 0.000005751 add_time= 0.000105550
2550 0.000099324 2550 0.000008134 add_time= 0.000123492
2550 0.000014522 2550 0.000028599 add_time= 0.000056825
2550 0.000076745 2550 0.000006773 add_time= 0.000096521
2500 0.000079303 2500 0.000008599 add_time= 0.000106909
2600 0.000091534 2600 0.000007052 add_time= 0.000113767
2750 0.000089941 2750 0.000007640 add_time= 0.000129414
2750 0.000089867 2750 0.000006718 add_time= 0.000125743
2650 0.000109343 2650 0.000006899 add_time= 0.000133078
1375 0.000186243 1375 0.000007209 add_time= 0.000208563
2600 0.000087779 2600 0.000007383 add_time= 0.000112568
2650 0.000123904 2650 0.000006643 add_time= 0.000153477
2860 0.000116841 2860 0.000007066 add_time= 0.000140729
2750 0.000106516 2750 0.000007077 add_time= 0.000130408
2550 0.000083694 2550 0.000007017 add_time= 0.000110963
2750 0.000180954 2750 0.000008081 add_time= 0.000211962
2750 0.000169461 2750 0.000007040 add_time= 0.000202442
2600 0.000035464 2600 0.000005748 add_time= 0.000055637
2600 0.000059878 2600 0.000006267 add_time= 0.000086908
2860 0.000047787 2860 0.000014178 add_time= 0.000078794
2805 0.000076426 2805 0.000006562 add_time= 0.000098051
2700 0.000007741 2700 0.000023495 add_time= 0.000058964
2750 0.000053777 2750 0.000018899 add_time= 0.000088037
2600 0.000233423 2600 0.000007385 add_time= 0.000257178
2650 0.000132053 2650 0.000015747 add_time= 0.000164611
2750 0.000059326 2750 0.000006464 add_time= 0.000080992
2805 0.000103119 2805 0.000007254 add_time= 0.000135687
2652 0.000066186 2652 0.000006611 add_time= 0.000092983
2600 0.000007233 2600 0.000021936 add_time= 0.000045030
2500 0.000055393 2500 0.000007044 add_time= 0.000078157
2650 0.000128113 2650 0.000006313 add_time= 0.000149754
2550 0.000065152 2550 0.000006335 add_time= 0.000086895
2500 0.000045966 2500 0.000006659 add_time= 0.000068323
2550 0.000096909 2550 0.000007240 add_time= 0.000120319
1250 0.000054983 1250 0.000006251 add_time= 0.000075566
2704 0.000263381 2704 0.000008111 add_time= 0.000307006
2500 0.000304029 2500 0.000026874 add_time= 0.000359158
2805 0.000088866 2805 0.000019066 add_time= 0.000135390
2550 0.000422758 2550 0.000006432 add_time= 0.000462753
2970 0.000027004 2970 0.000016730 add_time= 0.000060109
2600 0.000227278 2600 0.000007317 add_time= 0.000251275
2550 0.000079839 2550 0.000005786 add_time= 0.000100652
3025 0.000090934 3025 0.000027640 add_time= 0.000135904
2550 0.000274397 2550 0.000006296 add_time= 0.000303492
2915 0.000007381 2915 0.000016133 add_time= 0.000039239
2600 0.000192754 2600 0.000007157 add_time= 0.000215129
2500 0.000084494 2500 0.000006895 add_time= 0.000106143
2500 0.000149837 2500 0.000006587 add_time= 0.000180622
2550 0.000082704 2550 0.000005721 add_time= 0.000101141
2970 0.000006763 2970 0.000026457 add_time= 0.000048103
2600 0.000041678 2600 0.000008101 add_time= 0.000093851
2600 0.000064302 2600 0.000006909 add_time= 0.000102401
2550 0.000066626 2550 0.000008716 add_time= 0.000109456
3025 0.000078341 3025 0.000008091 add_time= 0.000124199
2750 0.000115028 2750 0.000008315 add_time= 0.000150584
1300 0.000036705 1300 0.000008317 add_time= 0.000078717
2860 0.000205905 2860 0.000007610 add_time= 0.000229974
2915 0.000126642 2915 0.000007988 add_time= 0.000150367
2860 0.000097217 2860 0.000006436 add_time= 0.000128684
2550 0.000074646 2550 0.000006336 add_time= 0.000107031
2500 0.000034539 2500 0.000006256 add_time= 0.000055508
2805 0.000094125 2805 0.000006857 add_time= 0.000116743
1250 0.000171809 1250 0.000005607 add_time= 0.000188554
2600 0.000369159 2600 0.000007829 add_time= 0.000396344
2550 0.000343506 2550 0.000007552 add_time= 0.000367804
3025 0.000060579 3025 0.000018801 add_time= 0.000096960
2805 0.000097441 2805 0.000006409 add_time= 0.000119537
2750 0.000018409 2750 0.000016414 add_time= 0.000052752
2500 0.000236535 2500 0.000007417 add_time= 0.000263426
2550 0.000116045 2550 0.000007457 add_time= 0.000147723
2500 0.000089540 2500 0.000006562 add_time= 0.000112797
2860 0.000029330 2860 0.000006301 add_time= 0.000050356
2754 0.000097620 2754 0.000007477 add_time= 0.000132880
2600 0.000015436 2600 0.000027307 add_time= 0.000075410
1300 0.000049503 1300 0.000006542 add_time= 0.000092193
2600 0.000319421 2600 0.000008378 add_time= 0.000346468
2750 0.000236442 2750 0.000008106 add_time= 0.000261978
2915 0.000102396 2915 0.000007401 add_time= 0.000127856
2601 0.000107460 2601 0.000007243 add_time= 0.000131559
2500 0.000066710 2500 0.000007537 add_time= 0.000090764
1250 0.000532935 1250 0.000007232 add_time= 0.000557966
2600 0.000151373 2600 0.000007461 add_time= 0.000176332
2750 0.000110202 2750 0.000006229 add_time= 0.000131957
2500 0.000068197 2500 0.000007492 add_time= 0.000092023
2703 0.000073651 2703 0.000007662 add_time= 0.000110156
2808 0.000119347 2808 0.000015030 add_time= 0.000151732
2500 0.000048264 2500 0.000006908 add_time= 0.000070063
2600 0.000140015 2600 0.000006847 add_time= 0.000165467
2750 0.000093680 2750 0.000007107 add_time= 0.000119296
2550 0.000063664 2550 0.000019027 add_time= 0.000099070
2754 0.000062713 2754 0.000014979 add_time= 0.000092901
2550 0.000149751 2550 0.000007513 add_time= 0.000173810
2750 0.000042885 2750 0.000006991 add_time= 0.000076617
2550 0.000342281 2550 0.000007593 add_time= 0.000369726
2500 0.000191741 2500 0.000006389 add_time= 0.000214907
2500 0.000034282 2500 0.000006500 add_time= 0.000055547
2601 0.000108652 2601 0.000006681 add_time= 0.000131230
2600 0.000016279 2600 0.000014970 add_time= 0.000045901
1250 0.000091947 1250 0.000006540 add_time= 0.000111787
2860 0.000123798 2860 0.000007637 add_time= 0.000150312
2600 0.000106046 2600 0.000006052 add_time= 0.000126978
2750 0.000122690 2750 0.000013979 add_time= 0.000151347
2970 0.000093787 2970 0.000006333 add_time= 0.000123196
2550 0.000060490 2550 0.000005873 add_time= 0.000080427
2500 0.000092600 2500 0.000006531 add_time= 0.000113448
1300 0.000111447 1300 0.000005769 add_time= 0.000129483
2704 0.000213576 2704 0.000006729 add_time= 0.000239140
3025 0.000072052 3025 0.000006552 add_time= 0.000103410
2750 0.000115763 2750 0.000006297 add_time= 0.000137297
2750 0.000061806 2750 0.000006250 add_time= 0.000082841
2550 0.000080673 2550 0.000007010 add_time= 0.000101805
2915 0.000017478 2915 0.000015920 add_time= 0.000048098
2500 0.000500975 2500 0.000006855 add_time= 0.000528280
2550 0.000176478 2550 0.000007205 add_time= 0.000208563
2600 0.000072372 2600 0.000007093 add_time= 0.000095612
2550 0.000614617 2550 0.000006801 add_time= 0.000639441
2970 0.000008327 2970 0.000044794 add_time= 0.000070518
2750 0.000075135 2750 0.000007143 add_time= 0.000097170
1300 0.000108064 1300 0.000005837 add_time= 0.000126504
2600 0.000246168 2600 0.000011609 add_time= 0.000282636
2600 0.000041921 2600 0.000006001 add_time= 0.000062958
2600 0.000090462 2600 0.000005949 add_time= 0.000119215
2750 0.000049767 2750 0.000005931 add_time= 0.000069904
1250 0.000073609 1250 0.000005809 add_time= 0.000091446
1350 0.000006053 1350 0.000024715 add_time= 0.000045501
1375 0.000125641 1375 0.000006127 add_time= 0.000144460
2500 0.000126175 2500 0.000006176 add_time= 0.000148570
2750 0.000121803 2750 0.000007144 add_time= 0.000144005
2600 0.000110757 2600 0.000007089 add_time= 0.000135218
2550 0.000081501 2550 0.000006640 add_time= 0.000104422
2754 0.000008205 2754 0.000026368 add_time= 0.000058608
1375 0.000127762 1375 0.000018135 add_time= 0.000160225
2600 0.000283155 2600 0.000006951 add_time= 0.000315364
2500 0.000181532 2500 0.000007039 add_time= 0.000203746
2500 0.000085782 2500 0.000006875 add_time= 0.000108633
1275 0.000073914 1275 0.000006447 add_time= 0.000094080
2750 0.000007407 2750 0.000103713 add_time= 0.000136396
2652 0.000242282 2652 0.000007127 add_time= 0.000283982
2750 0.000240461 2750 0.000017510 add_time= 0.000274552
2805 0.000141210 2805 0.000024669 add_time= 0.000182673
2805 0.000081507 2805 0.000007034 add_time= 0.000114328
2750 0.000008292 2750 0.000017316 add_time= 0.000041589
2500 0.000228538 2500 0.000007386 add_time= 0.000256743
2704 0.000099810 2704 0.000008044 add_time= 0.000124291
2805 0.000270212 2805 0.000007311 add_time= 0.000294663
2500 0.000067318 2500 0.000008244 add_time= 0.000091156
1250 0.000309523 1250 0.000018288 add_time= 0.000350047
2750 0.000042319 2750 0.000006271 add_time= 0.000063261
2500 0.000410612 2500 0.000006336 add_time= 0.000444507
2600 0.000098237 2600 0.000006423 add_time= 0.000119487
2750 0.000256231 2750 0.000006321 add_time= 0.000277470
2750 0.000135967 2750 0.000007721 add_time= 0.000160092
2550 0.000132429 2550 0.000007240 add_time= 0.000163632
2500 0.000137834 2500 0.000007422 add_time= 0.000160940
3025 0.000078520 3025 0.000007059 add_time= 0.000101485
2550 0.000080480 2550 0.000006602 add_time= 0.000104342
2600 0.000088367 2600 0.000006067 add_time= 0.000107919
2550 0.000057343 2550 0.000005990 add_time= 0.000085761
2500 0.000047867 2500 0.000006287 add_time= 0.000066733
2500 0.000096486 2500 0.000005705 add_time= 0.000114515
2700 0.000116259 2700 0.000005900 add_time= 0.000135632
2860 0.000006453 2860 0.000026752 add_time= 0.000047313
2915 0.000101416 2915 0.000009163 add_time= 0.000151683
2750 0.000028415 2750 0.000008036 add_time= 0.000062159
2500 0.000064534 2500 0.000008484 add_time= 0.000102372
1250 0.000049793 1250 0.000006320 add_time= 0.000077639
2652 0.000060961 2652 0.000008073 add_time= 0.000094478
2750 0.000047046 2750 0.000018386 add_time= 0.000091223
2600 0.000204039 2600 0.000006908 add_time= 0.000226889
2805 0.000091223 2805 0.000005746 add_time= 0.000110818
3025 0.000095107 3025 0.000017733 add_time= 0.000129006
2700 0.000076797 2700 0.000006586 add_time= 0.000104044
2750 0.000007954 2750 0.000026027 add_time= 0.000049668
2756 0.000187164 2756 0.000007705 add_time= 0.000214431
2700 0.000101093 2700 0.000007765 add_time= 0.000125372
2970 0.000100594 2970 0.000015007 add_time= 0.000133012
2550 0.000082526 2550 0.000006109 add_time= 0.000103099
2805 0.000080943 2805 0.000006615 add_time= 0.000101456
2700 0.000020429 2700 0.000015063 add_time= 0.000048892
2750 0.000089850 2750 0.000016754 add_time= 0.000123007
2550 0.000036608 2550 0.000007743 add_time= 0.000065871
2704 0.000138824 2704 0.000007119 add_time= 0.000161294
2650 0.000057374 2650 0.000006649 add_time= 0.000079170
2500 0.000067980 2500 0.000006141 add_time= 0.000087834
2550 0.000061556 2550 0.000006470 add_time= 0.000089866
2805 0.000068691 2805 0.000016374 add_time= 0.000102143
2700 0.000075305 2700 0.000007879 add_time= 0.000099008
2550 0.000150791 2550 0.000008428 add_time= 0.000185892
2500 0.000057820 2500 0.000006856 add_time= 0.000082247
2860 0.000075003 2860 0.000007299 add_time= 0.000099113
3025 0.000114647 3025 0.000007432 add_time= 0.000138066
2500 0.000057052 2500 0.000005337 add_time= 0.000075651
2805 0.000098328 2805 0.000007298 add_time= 0.000122524
1250 0.000014419 1250 0.000011246 add_time= 0.000051096
2704 0.000213473 2704 0.000007396 add_time= 0.000240583
2650 0.000046830 2650 0.000006874 add_time= 0.000076415
2750 0.000081655 2750 0.000007576 add_time= 0.000106559
2600 0.000084068 2600 0.000015062 add_time= 0.000113891
2500 0.000093387 2500 0.000007578 add_time= 0.000116938
2750 0.000053238 2750 0.000006860 add_time= 0.000075729
2500 0.000059151 2500 0.000006133 add_time= 0.000079787
2600 0.000189719 2600 0.000007490 add_time= 0.000218701
2600 0.000071148 2600 0.000007807 add_time= 0.000094071
2750 0.000066816 2750 0.000014318 add_time= 0.000104593
1375 0.000084417 1375 0.000016746 add_time= 0.000124616
2601 0.000097621 2601 0.000006957 add_time= 0.000119331
2700 0.000015214 2700 0.000031834 add_time= 0.000060857
2750 0.000041081 2750 0.000005878 add_time= 0.000077699
2550 0.000116773 2550 0.000008086 add_time= 0.000146187
2860 0.000112270 2860 0.000006777 add_time= 0.000136075
2750 0.000157984 2750 0.000007834 add_time= 0.000182771
2550 0.000085221 2550 0.000015184 add_time= 0.000115536
2500 0.000082787 2500 0.000006853 add_time= 0.000104380
2500 0.000017940 2500 0.000104000 add_time= 0.000138400
2700 0.000093614 2700 0.000007996 add_time= 0.000124167
2600 0.000057941 2600 0.000015442 add_time= 0.000089452
2500 0.000081278 2500 0.000006240 add_time= 0.000101722
2805 0.000113195 2805 0.000007341 add_time= 0.000136714
2550 0.000115898 2550 0.000006834 add_time= 0.000137499
2700 0.000016716 2700 0.000015488 add_time= 0.000047937
2500 0.000133581 2500 0.000007313 add_time= 0.000158357
2652 0.000049578 2652 0.000007343 add_time= 0.000072386
2650 0.000131095 2650 0.000006443 add_time= 0.000152222
2750 0.000121445 2750 0.000006643 add_time= 0.000142328
2750 0.000070783 2750 0.000006454 add_time= 0.000097703
2600 0.000087490 2600 0.000006329 add_time= 0.000107717
2700 0.000015806 2700 0.000098797 add_time= 0.000129156
3025 0.000072099 3025 0.000007034 add_time= 0.000094867
2500 0.000068239 2500 0.000007328 add_time= 0.000094198
2600 0.000113830 2600 0.000007013 add_time= 0.000135353
2650 0.000089687 2650 0.000006336 add_time= 0.000110060
2750 0.000137697 2750 0.000008593 add_time= 0.000172645
2500 0.000059086 2500 0.000007789 add_time= 0.000083412
2754 0.000017205 2754 0.000073043 add_time= 0.000106470
1250 0.000091902 1250 0.000005921 add_time= 0.000114449
2650 0.000449189 2650 0.000008410 add_time= 0.000479903
2500 0.000356970 2500 0.000007660 add_time= 0.000380741
1275 0.000056696 1275 0.000006287 add_time= 0.000079089
2754 0.000026183 2754 0.000034348 add_time= 0.000090497
1250 0.000163525 1250 0.000006603 add_time= 0.000183845
2700 0.000482921 2700 0.000007369 add_time= 0.000507150
2600 0.000130370 2600 0.000006317 add_time= 0.000152471
1250 0.000246888 1250 0.000013404 add_time= 0.000273423
2550 0.000295859 2550 0.000007654 add_time= 0.000322236
2703 0.000125418 2703 0.000006098 add_time= 0.000148194
1350 0.000007008 1350 0.000010123 add_time= 0.000028938
2600 0.000273348 2600 0.000007759 add_time= 0.000296959
2600 0.000128930 2600 0.000006970 add_time= 0.000149540
2750 0.000183470 2750 0.000006053 add_time= 0.000202769
2750 0.000144032 2750 0.000007027 add_time= 0.000166865
2550 0.000037808 2550 0.000006310 add_time= 0.000057419
2808 0.000093289 2808 0.000007015 add_time= 0.000125238
2600 0.000108753 2600 0.000005902 add_time= 0.000127420
2600 0.000227218 2600 0.000006510 add_time= 0.000248804
2750 0.000212884 2750 0.000007004 add_time= 0.000235666
2650 0.000070546 2650 0.000006369 add_time= 0.000090796
2500 0.000062254 2500 0.000007295 add_time= 0.000093925
2700 0.000007342 2700 0.000024383 add_time= 0.000047383
2550 0.000006337 2550 0.000014725 add_time= 0.000034196
2750 0.000059760 2750 0.000007043 add_time= 0.000080470
2600 0.000289618 2600 0.000006585 add_time= 0.000311933
2750 0.000275234 2750 0.000006795 add_time= 0.000303034
2750 0.000186057 2750 0.000006002 add_time= 0.000205895
2550 0.000077477 2550 0.000007454 add_time= 0.000100038
2750 0.000006926 2750 0.000016716 add_time= 0.000038962
1350 0.000043644 1350 0.000006397 add_time= 0.000063282
2500 0.000116828 2500 0.000027845 add_time= 0.000174198
2652 0.000148755 2652 0.000007475 add_time= 0.000180545
1375 0.000055395 1375 0.000005483 add_time= 0.000071918
2860 0.000138916 2860 0.000007518 add_time= 0.000171685
2805 0.000145872 2805 0.000015149 add_time= 0.000177244
2500 0.000079259 2500 0.000007194 add_time= 0.000102307
2500 0.000079851 2500 0.000007225 add_time= 0.000103346
2860 0.000109443 2860 0.000006852 add_time= 0.000132331
2750 0.000069262 2750 0.000005442 add_time= 0.000098127
2600 0.000062259 2600 0.000006216 add_time= 0.000083598
2750 0.000247731 2750 0.000006997 add_time= 0.000268748
2550 0.000362043 2550 0.000012620 add_time= 0.000388362
2860 0.000008199 2860 0.000016864 add_time= 0.000040920
2500 0.000064376 2500 0.000006418 add_time= 0.000088684
1300 0.000037483 1300 0.000004824 add_time= 0.000054021
2750 0.000099875 2750 0.000009975 add_time= 0.000124740
2600 0.000060881 2600 0.000006699 add_time= 0.000083314
2500 0.000098934 2500 0.000006686 add_time= 0.000129887
2700 0.000007131 2700 0.000026066 add_time= 0.000048981
1250 0.000086118 1250 0.000006292 add_time= 0.000105489
2750 0.000007254 2750 0.000007839 add_time= 0.000054011
2500 0.000071429 2500 0.000015377 add_time= 0.000109461
2750 0.000039694 2750 0.000007004 add_time= 0.000070758
3025 0.000200476 3025 0.000025027 add_time= 0.000260631
2550 0.000125030 2550 0.000007003 add_time= 0.000154504
2500 0.000058877 2500 0.000008497 add_time= 0.000092340
2500 0.000006706 2500 0.000008291 add_time= 0.000040032
2500 0.000179666 2500 0.000006226 add_time= 0.000202527
2500 0.000098946 2500 0.000006091 add_time= 0.000118573
2500 0.000091815 2500 0.000007463 add_time= 0.000114863
2750 0.000072384 2750 0.000006352 add_time= 0.000093247
2650 0.000091346 2650 0.000006970 add_time= 0.000122196
1250 0.000122759 1250 0.000006472 add_time= 0.000142753
2500 0.000421367 2500 0.000006404 add_time= 0.000444410
2860 0.000172995 2860 0.000006235 add_time= 0.000193759
2750 0.000130967 2750 0.000005684 add_time= 0.000149396
2750 0.000274635 2750 0.000007828 add_time= 0.000297826
2652 0.000042151 2652 0.000006066 add_time= 0.000069709
2700 0.000015922 2700 0.000014889 add_time= 0.000052425
2500 0.000072352 2500 0.000006435 add_time= 0.000093970
2600 0.000104798 2600 0.000007259 add_time= 0.000129018
2550 0.000232262 2550 0.000006745 add_time= 0.000254332
2600 0.000064007 2600 0.000006498 add_time= 0.000086081
2750 0.000059573 2750 0.000008258 add_time= 0.000091320
2500 0.000015100 2500 0.000014224 add_time= 0.000043921
1300 0.000104511 1300 0.000005959 add_time= 0.000121400
2500 0.000245155 2500 0.000006853 add_time= 0.000268002
2915 0.000170654 2915 0.000007124 add_time= 0.000194282
2750 0.000054811 2750 0.000006656 add_time= 0.000088080
2652 0.000057968 2652 0.000010357 add_time= 0.000094912
2750 0.000016407 2750 0.000015871 add_time= 0.000047979
2700 0.000093967 2700 0.000014572 add_time= 0.000121957
2650 0.000167667 2650 0.000006995 add_time= 0.000191621
2860 0.000148111 2860 0.000007140 add_time= 0.000176780
2650 0.000035455 2650 0.000010691 add_time= 0.000061353
2500 0.000077744 2500 0.000007461 add_time= 0.000100426
2550 0.000104976 2550 0.000006584 add_time= 0.000125067
2700 0.000025111 2700 0.000014519 add_time= 0.000053349
1325 0.000117027 1325 0.000007442 add_time= 0.000137765
2652 0.000209097 2652 0.000006886 add_time= 0.000252615
2500 0.000153633 2500 0.000007235 add_time= 0.000176106
2652 0.000251161 2652 0.000006624 add_time= 0.000273972
2550 0.000125017 2550 0.000005940 add_time= 0.000152683
2916 0.000017726 2916 0.000016803 add_time= 0.000050729
1250 0.000045965 1250 0.000017078 add_time= 0.000087056
2550 0.000069060 2550 0.000007280 add_time= 0.000093169
2500 0.000142393 2500 0.000006976 add_time= 0.000164874
2600 0.000074892 2600 0.000007439 add_time= 0.000098232
2500 0.000071875 2500 0.000007641 add_time= 0.000094668
2550 0.000244711 2550 0.000006766 add_time= 0.000265064
2500 0.000013913 2500 0.000014879 add_time= 0.000041610
2750 0.000059911 2750 0.000006070 add_time= 0.000079756
2652 0.000180678 2652 0.000006798 add_time= 0.000203926
1250 0.000163168 1250 0.000006851 add_time= 0.000190041
3025 0.000165327 3025 0.000007214 add_time= 0.000198477
2601 0.000115149 2601 0.000015016 add_time= 0.000145990
2550 0.000670090 2550 0.000007422 add_time= 0.000692089
1325 0.000108095 1325 0.000006007 add_time= 0.000125739
2550 0.000041313 2550 0.000006659 add_time= 0.000064128
2600 0.000082211 2600 0.000007620 add_time= 0.000105769
2750 0.000085091 2750 0.000007158 add_time= 0.000105970
2805 0.000074308 2805 0.000006987 add_time= 0.000096842
2652 0.000056104 2652 0.000005827 add_time= 0.000075123
2750 0.000017289 2750 0.000015597 add_time= 0.000048184
2860 0.000214875 2860 0.000014146 add_time= 0.000247248
2500 0.000084697 2500 0.000005931 add_time= 0.000104977
2550 0.000106515 2550 0.000006895 add_time= 0.000140063
1275 0.000131924 1275 0.000006976 add_time= 0.000152026
2750 0.000048406 2750 0.000006798 add_time= 0.000098085
1275 0.000137883 1275 0.000006127 add_time= 0.000155529
2750 0.000118938 2750 0.000006438 add_time= 0.000142149
2600 0.000097840 2600 0.000015567 add_time= 0.000132451
2500 0.000053632 2500 0.000006781 add_time= 0.000075481
2550 0.000143664 2550 0.000007342 add_time= 0.000166057
2550 0.000016212 2550 0.000015789 add_time= 0.000047148
2860 0.000221873 2860 0.000008872 add_time= 0.000252272
2500 0.000119439 2500 0.000006123 add_time= 0.000140503
2500 0.000061035 2500 0.000005964 add_time= 0.000080183
2500 0.000084025 2500 0.000006605 add_time= 0.000109805
2550 0.000148503 2550 0.000006198 add_time= 0.000167761
2700 0.000007456 2700 0.000026834 add_time= 0.000050088
3025 0.000086893 3025 0.000015048 add_time= 0.000115881
2550 0.000099006 2550 0.000007100 add_time= 0.000121500
2600 0.000556632 2600 0.000007161 add_time= 0.000578643
2750 0.000092121 2750 0.000006809 add_time= 0.000112835
2750 0.000135367 2750 0.000006508 add_time= 0.000154390
2601 0.000140887 2601 0.000007161 add_time= 0.000163165
2754 0.000007040 2754 0.000158450 add_time= 0.000190232
1375 0.000057866 1375 0.000005995 add_time= 0.000093469
2704 0.000291146 2704 0.000014988 add_time= 0.000321558
2500 0.000491051 2500 0.000006911 add_time= 0.000516880
2750 0.000090770 2750 0.000006193 add_time= 0.000110725
2500 0.000072225 2500 0.000006879 add_time= 0.000111319
2862 0.000180738 2862 0.000006713 add_time= 0.000203407
1250 0.000040430 1250 0.000006590 add_time= 0.000059655
2860 0.000159378 2860 0.000006758 add_time= 0.000187897
2750 0.000058147 2750 0.000006326 add_time= 0.000079400
2750 0.000095729 2750 0.000006696 add_time= 0.000117340
2805 0.000045448 2805 0.000006301 add_time= 0.000066847
2970 0.000006248 2970 0.000033295 add_time= 0.000053063
2500 0.000005888 2500 0.000022449 add_time= 0.000051867
2500 0.000081098 2500 0.000005997 add_time= 0.000102053
2750 0.000166406 2750 0.000006829 add_time= 0.000188559
2750 0.000105635 2750 0.000021637 add_time= 0.000143025
2500 0.000039939 2500 0.000005757 add_time= 0.000063716
2970 0.000007888 2970 0.000018321 add_time= 0.000041866
2500 0.000099495 2500 0.000007038 add_time= 0.000121207
2750 0.000065914 2750 0.000008191 add_time= 0.000100899
2750 0.000095798 2750 0.000007040 add_time= 0.000118261
2750 0.000146651 2750 0.000006926 add_time= 0.000168395
2500 0.000172714 2500 0.000007223 add_time= 0.000194875
2500 0.000017814 2500 0.000014381 add_time= 0.000055515
1275 0.000170356 1275 0.000005898 add_time= 0.000200161
2750 0.000108764 2750 0.000006889 add_time= 0.000132345
2600 0.000366145 2600 0.000005679 add_time= 0.000385639
2750 0.000095191 2750 0.000006574 add_time= 0.000117051
2805 0.000106501 2805 0.000007140 add_time= 0.000129499
2550 0.000132904 2550 0.000005700 add_time= 0.000151931
1250 0.000070118 1250 0.000017013 add_time= 0.000099806
2704 0.000086563 2704 0.000007612 add_time= 0.000117535
2500 0.000026565 2500 0.000005709 add_time= 0.000048081
2750 0.000093747 2750 0.000005734 add_time= 0.000113357
2652 0.000029544 2652 0.000006121 add_time= 0.000052139
2550 0.000006564 2550 0.000023727 add_time= 0.000046061
2860 0.000119452 2860 0.000008382 add_time= 0.000168622
2750 0.000040895 2750 0.000007634 add_time= 0.000074378
2750 0.000028890 2750 0.000019381 add_time= 0.000079972
2750 0.000028227 2750 0.000008182 add_time= 0.000062815
2500 0.000025391 2500 0.000008420 add_time= 0.000070090
1325 0.000028674 1325 0.000008498 add_time= 0.000082736
2600 0.000247019 2600 0.000006590 add_time= 0.000270602
2550 0.000093984 2550 0.000015052 add_time= 0.000123451
2700 0.000065851 2700 0.000012016 add_time= 0.000092700
1375 0.000085573 1375 0.000006459 add_time= 0.000104840
2600 0.000132512 2600 0.000009936 add_time= 0.000157557
2650 0.000164430 2650 0.000006588 add_time= 0.000186151
2750 0.000041349 2750 0.000006889 add_time= 0.000063259
2652 0.000038676 2652 0.000005435 add_time= 0.000057085
2915 0.000065219 2915 0.000013788 add_time= 0.000091722
2500 0.000125220 2500 0.000006314 add_time= 0.000143841
2805 0.000141319 2805 0.000006800 add_time= 0.000162927
2600 0.000044267 2600 0.000006522 add_time= 0.000063563
2500 0.000127621 2500 0.000019060 add_time= 0.000161537
2600 0.000054832 2600 0.000006421 add_time= 0.000076341
2860 0.000081845 2860 0.000006407 add_time= 0.000101579
2805 0.000075366 2805 0.000007312 add_time= 0.000097525
2550 0.000053044 2550 0.000006541 add_time= 0.000074067
2600 0.000072846 2600 0.000007005 add_time= 0.000094378
1250 0.000005427 1250 0.000017546 add_time= 0.000034839
2500 0.000111424 2500 0.000017695 add_time= 0.000141838
1250 0.000236889 1250 0.000005306 add_time= 0.000252386
2600 0.000206160 2600 0.000006542 add_time= 0.000227025
2500 0.000056003 2500 0.000006170 add_time= 0.000076455
2550 0.000057348 2550 0.000009316 add_time= 0.000081026
2805 0.000062827 2805 0.000006219 add_time= 0.000082643
2550 0.000086836 2550 0.000006885 add_time= 0.000108070
2500 0.000110085 2500 0.000006163 add_time= 0.000130009
2700 0.000070301 2700 0.000006637 add_time= 0.000092441
2600 0.000140672 2600 0.000006561 add_time= 0.000161952
2805 0.000029101 2805 0.000006546 add_time= 0.000050753
2500 0.000066810 2500 0.000013662 add_time= 0.000093300
2550 0.000058947 2550 0.000006993 add_time= 0.000080281
2862 0.000155994 2862 0.000006117 add_time= 0.000176001
2550 0.000200137 2550 0.000006322 add_time= 0.000229979
2650 0.000249095 2650 0.000008077 add_time= 0.000272634
2600 0.000114798 2600 0.000007002 add_time= 0.000135635
2700 0.000059501 2700 0.000005901 add_time= 0.000078117
2750 0.000052291 2750 0.000006400 add_time= 0.000071917
2550 0.000029276 2550 0.000005800 add_time= 0.000047442
2750 0.000007328 2750 0.000015561 add_time= 0.000037554
2550 0.000267732 2550 0.000006607 add_time= 0.000287307
2500 0.000299676 2500 0.000007071 add_time= 0.000321140
2750 0.000052712 2750 0.000005913 add_time= 0.000071940
2550 0.000053168 2550 0.000007208 add_time= 0.000074923
2550 0.000083037 2550 0.000006462 add_time= 0.000104371
2700 0.000015916 2700 0.000014935 add_time= 0.000045253
1250 0.000154994 1250 0.000006222 add_time= 0.000173504
2500 0.000141430 2500 0.000006824 add_time= 0.000163511
2600 0.000118799 2600 0.000005682 add_time= 0.000137478
2970 0.000079678 2970 0.000005966 add_time= 0.000098924
2915 0.000060924 2915 0.000009540 add_time= 0.000085570
2703 0.000214834 2703 0.000007120 add_time= 0.000236625
3025 0.000106938 3025 0.000006925 add_time= 0.000129049
1250 0.000281820 1250 0.000005610 add_time= 0.000298082
2550 0.000056315 2550 0.000006552 add_time= 0.000082949
1300 0.000041797 1300 0.000005366 add_time= 0.000067266
2500 0.000133769 2500 0.000006009 add_time= 0.000158498
2600 0.000110991 2600 0.000005483 add_time= 0.000128501
2805 0.000160114 2805 0.000006234 add_time= 0.000181043
2500 0.000127700 2500 0.000005893 add_time= 0.000145973
2500 0.000150411 2500 0.000006817 add_time= 0.000171680
2915 0.000087976 2915 0.000006861 add_time= 0.000111007
2750 0.000099983 2750 0.000008189 add_time= 0.000123335
2750 0.000065983 2750 0.000015109 add_time= 0.000095216
2700 0.000016388 2700 0.000014702 add_time= 0.000053381
2970 0.000161028 2970 0.000006204 add_time= 0.000180027
2652 0.000124399 2652 0.000006220 add_time= 0.000144795
1250 0.000081695 1250 0.000006259 add_time= 0.000099974
2500 0.000108695 2500 0.000005823 add_time= 0.000127351
1250 0.000069251 1250 0.000006047 add_time= 0.000087191
2700 0.000015286 2700 0.000013628 add_time= 0.000041621
1250 0.000269704 1250 0.000005717 add_time= 0.000285857
2500 0.000667491 2500 0.000008069 add_time= 0.000696632
2750 0.000191128 2750 0.000016276 add_time= 0.000222465
2805 0.000582845 2805 0.000020512 add_time= 0.000619291
2500 0.000177459 2500 0.000008220 add_time= 0.000199261
2750 0.000174435 2750 0.000006542 add_time= 0.000195021
2600 0.000296706 2600 0.000006549 add_time= 0.000319559
2915 0.000171467 2915 0.000006233 add_time= 0.000200856
2500 0.000060058 2500 0.000006332 add_time= 0.000081406
2600 0.000065696 2600 0.000006845 add_time= 0.000087336
2500 0.000236574 2500 0.000015056 add_time= 0.000274849
2500 0.000155461 2500 0.000006243 add_time= 0.000175075
2652 0.000316796 2652 0.000006235 add_time= 0.000338462
2500 0.000186993 2500 0.000005501 add_time= 0.000205960
2500 0.000066941 2500 0.000006414 add_time= 0.000088362
2550 0.000255019 2550 0.000006889 add_time= 0.000277012
2500 0.000006915 2500 0.000013529 add_time= 0.000035381
2550 0.000121253 2550 0.000006422 add_time= 0.000143462
2500 0.000088017 2500 0.000006280 add_time= 0.000109378
2600 0.000055160 2600 0.000006814 add_time= 0.000077152
2601 0.000221637 2601 0.000006616 add_time= 0.000243179
2500 0.000015534 2500 0.000014207 add_time= 0.000045028
2500 0.000172980 2500 0.000006532 add_time= 0.000194451
2860 0.000097588 2860 0.000006089 add_time= 0.000117828
2500 0.000091829 2500 0.000006221 add_time= 0.000112637
2750 0.000054041 2750 0.000006255 add_time= 0.000073748
3025 0.000094077 3025 0.000005951 add_time= 0.000113514
2550 0.000109567 2550 0.000005867 add_time= 0.000128449
2500 0.000006495 2500 0.000023935 add_time= 0.000045667
2600 0.000226710 2600 0.000006017 add_time= 0.000250776
2600 0.000051290 2600 0.000007148 add_time= 0.000073429
2500 0.000068684 2500 0.000014614 add_time= 0.000098011
2500 0.000217043 2500 0.000006507 add_time= 0.000237973
1275 0.000079823 1275 0.000007089 add_time= 0.000099522
2650 0.000006869 2650 0.000014819 add_time= 0.000034962
2500 0.000141634 2500 0.000006626 add_time= 0.000160664
2750 0.000119135 2750 0.000006522 add_time= 0.000141776
2500 0.000093620 2500 0.000006630 add_time= 0.000115169
2650 0.000052047 2650 0.000008521 add_time= 0.000075377
2550 0.000149258 2550 0.000016362 add_time= 0.000180524
2601 0.000227675 2601 0.000006638 add_time= 0.000249143
2550 0.000187801 2550 0.000011655 add_time= 0.000212609
2750 0.000015369 2750 0.000015279 add_time= 0.000043217
2704 0.000112185 2704 0.000006976 add_time= 0.000141573
2750 0.000029844 2750 0.000007148 add_time= 0.000054653
2650 0.000074939 2650 0.000007034 add_time= 0.000098578
2500 0.000096130 2500 0.000006434 add_time= 0.000118802
2754 0.000075941 2754 0.000006061 add_time= 0.000098432
2500 0.000005998 2500 0.000024099 add_time= 0.000042784
1350 0.000036492 1350 0.000005759 add_time= 0.000055930
2550 0.000059801 2550 0.000013120 add_time= 0.000139749
2500 0.000045280 2500 0.000006899 add_time= 0.000074479
3025 0.000059546 3025 0.000008405 add_time= 0.000096616
2601 0.000048356 2601 0.000007707 add_time= 0.000077508
2970 0.000050401 2970 0.000027959 add_time= 0.000107034
1375 0.000049458 1375 0.000007273 add_time= 0.000081403
2700 0.000044493 2700 0.000006180 add_time= 0.000067447
2860 0.000109041 2860 0.000006925 add_time= 0.000130895
2805 0.000067450 2805 0.000005981 add_time= 0.000086174
2550 0.000083395 2550 0.000006855 add_time= 0.000105004
2652 0.000056700 2652 0.000007176 add_time= 0.000077262
2600 0.000006113 2600 0.000024540 add_time= 0.000054601
2704 0.000209058 2704 0.000007031 add_time= 0.000230987
2750 0.000140110 2750 0.000006349 add_time= 0.000159557
2500 0.000072104 2500 0.000007072 add_time= 0.000104466
2500 0.000069399 2500 0.000007576 add_time= 0.000098998
2700 0.000007876 2700 0.000015642 add_time= 0.000038055
1375 0.000043221 1375 0.000007130 add_time= 0.000073721
2750 0.000104269 2750 0.000006741 add_time= 0.000125690
2756 0.000333945 2756 0.000010439 add_time= 0.000357588
2750 0.000310881 2750 0.000006841 add_time= 0.000332878
2600 0.000086478 2600 0.000022338 add_time= 0.000123596
2652 0.000064222 2652 0.000006266 add_time= 0.000083073
2862 0.000079283 2862 0.000005791 add_time= 0.000117400
2500 0.000015366 2500 0.000013618 add_time= 0.000041594
2750 0.000223012 2750 0.000006637 add_time= 0.000244006
2500 0.000127908 2500 0.000006750 add_time= 0.000149137
2550 0.000127915 2550 0.000005592 add_time= 0.000145942
2550 0.000136444 2550 0.000007060 add_time= 0.000156601
2601 0.000057738 2601 0.000014457 add_time= 0.000095292
2750 0.000056682 2750 0.000006073 add_time= 0.000074516
2600 0.000032227 2600 0.000006699 add_time= 0.000053896
2500 0.000230461 2500 0.000006779 add_time= 0.000252516
2750 0.000068232 2750 0.000009025 add_time= 0.000092688
2970 0.000102914 2970 0.000007099 add_time= 0.000125272
1275 0.000173972 1275 0.000006118 add_time= 0.000192239
2750 0.000015185 2750 0.000122154 add_time= 0.000152449
2703 0.000141973 2703 0.000006653 add_time= 0.000164873
2600 0.000088556 2600 0.000006651 add_time= 0.000108842
2860 0.000100870 2860 0.000006681 add_time= 0.000121408
2650 0.000124006 2650 0.000005921 add_time= 0.000142460
2500 0.000067091 2500 0.000006370 add_time= 0.000088344
2600 0.000016587 2600 0.000014970 add_time= 0.000046696
1375 0.000097081 1375 0.000006697 add_time= 0.000125466
2600 0.000234929 2600 0.000007109 add_time= 0.000256742
1375 0.000085027 1375 0.000006219 add_time= 0.000109830
2550 0.000067554 2550 0.000005993 add_time= 0.000086346
2805 0.000121191 2805 0.000006679 add_time= 0.000141482
2500 0.000015092 2500 0.000014077 add_time= 0.000041843
2500 0.000612273 2500 0.000007267 add_time= 0.000636421
2652 0.000151365 2652 0.000014464 add_time= 0.000181306
2650 0.000113686 2650 0.000007220 add_time= 0.000141359
2750 0.000062082 2750 0.000007735 add_time= 0.000096942
2700 0.000015933 2700 0.000015649 add_time= 0.000058169
1250 0.000067416 1250 0.000006822 add_time= 0.000085627
2750 0.000071649 2750 0.000007930 add_time= 0.000097845
2704 0.000072284 2704 0.000006632 add_time= 0.000094837
2750 0.000449033 2750 0.000008046 add_time= 0.000473305
1375 0.000068181 1375 0.000013848 add_time= 0.000093439
2750 0.000122940 2750 0.000015693 add_time= 0.000154390
2500 0.000070574 2500 0.000006541 add_time= 0.000091936
2600 0.000273750 2600 0.000007137 add_time= 0.000298557
2550 0.000178535 2550 0.000006583 add_time= 0.000200458
2915 0.000059904 2915 0.000013970 add_time= 0.000090110
2652 0.000076592 2652 0.000006780 add_time= 0.000098927
2500 0.000104552 2500 0.000016586 add_time= 0.000134458
2600 0.000024826 2600 0.000015860 add_time= 0.000054657
2652 0.000228312 2652 0.000006483 add_time= 0.000251718
2500 0.000057334 2500 0.000006264 add_time= 0.000078637
1250 0.000062220 1250 0.000011127 add_time= 0.000086169
2805 0.000057434 2805 0.000007815 add_time= 0.000081112
2970 0.000065927 2970 0.000007263 add_time= 0.000090113
2700 0.000068905 2700 0.000030421 add_time= 0.000121057
2750 0.000354940 2750 0.000009202 add_time= 0.000380004
2700 0.000068596 2700 0.000009213 add_time= 0.000093655
2550 0.000512766 2550 0.000008711 add_time= 0.000535794
2700 0.000237017 2700 0.000006299 add_time= 0.000257416
2500 0.000078192 2500 0.000006691 add_time= 0.000100478
2500 0.000511674 2500 0.000006808 add_time= 0.000534505
3025 0.000377772 3025 0.000007681 add_time= 0.000410553
2805 0.000326530 2805 0.000006806 add_time= 0.000349312
2750 0.000143168 2750 0.000006792 add_time= 0.000166111
1250 0.000048846 1250 0.000005717 add_time= 0.000067568
2600 0.000152899 2600 0.000006807 add_time= 0.000175559
2652 0.000034212 2652 0.000005751 add_time= 0.000063143
1375 0.000066096 1375 0.000006363 add_time= 0.000085496
1250 0.000046155 1250 0.000005588 add_time= 0.000063283
2550 0.000219917 2550 0.000018512 add_time= 0.000254044
2500 0.000006850 2500 0.000033681 add_time= 0.000056083
2600 0.000206937 2600 0.000007677 add_time= 0.000231557
1250 0.000082528 1250 0.000006064 add_time= 0.000101487
2500 0.000164052 2500 0.000007178 add_time= 0.000192873
2550 0.000134809 2550 0.000006055 add_time= 0.000155357
2500 0.000116638 2500 0.000006776 add_time= 0.000138787
3025 0.000070321 3025 0.000026965 add_time= 0.000112371
