2652 0.001004442 2652 0.000014601 add_time= 0.002761754
2805 0.000041802 2805 0.000007978 add_time= 0.000067388
2750 0.000501026 2750 0.000009668 add_time= 0.000533822
2550 0.000087387 2550 0.000008674 add_time= 0.000114090
1275 0.000104651 1275 0.000006023 add_time= 0.000125895
2970 0.000085310 2970 0.000010630 add_time= 0.000171741
2600 0.000092429 2600 0.000007275 add_time= 0.000134090
2750 0.000066598 2750 0.000007221 add_time= 0.000097531
2750 0.000164803 2750 0.000032791 add_time= 0.000232182
2550 0.000294177 2550 0.000008193 add_time= 0.000318828
2750 0.000342433 2750 0.000031652 add_time= 0.000409777
2805 0.000077040 2805 0.000009294 add_time= 0.000103180
2703 0.000124450 2703 0.000008208 add_time= 0.000147210
2600 0.000009305 2600 0.000017528 add_time= 0.000047845
2600 0.000181013 2600 0.000029518 add_time= 0.000226374
2500 0.000087493 2500 0.000007453 add_time= 0.000111689
2750 0.000240817 2750 0.000006477 add_time= 0.000262686
2600 0.000243822 2600 0.000008053 add_time= 0.000303997
2750 0.000138140 2750 0.000018848 add_time= 0.000187666
2750 0.000141972 2750 0.000008882 add_time= 0.000188678
2805 0.000132516 2805 0.000006750 add_time= 0.000164075
1375 0.001623200 1375 0.000006238 add_time= 0.001653300
2600 0.000177224 2600 0.000026824 add_time= 0.000331508
2860 0.000048285 2860 0.000009600 add_time= 0.000129930
2500 0.000020471 2500 0.000010450 add_time= 0.000081991
2550 0.000450432 2550 0.000024895 add_time= 0.001780412
2750 0.000085270 2750 0.000008911 add_time= 0.000110229
2500 0.000134958 2500 0.000008050 add_time= 0.000157758
2700 0.000613040 2700 0.000009126 add_time= 0.000647491
2970 0.000109286 2970 0.000007121 add_time= 0.000133807
2500 0.000066878 2500 0.000007637 add_time= 0.000090775
2750 0.000008300 2750 0.000025697 add_time= 0.000132113
2750 0.000297767 2750 0.000110447 add_time= 0.000426071
2550 0.000374387 2550 0.000108472 add_time= 0.000498600
2650 0.000515230 2650 0.000020407 add_time= 0.000559355
2750 0.000150685 2750 0.000009627 add_time= 0.000194041
2600 0.000418285 2600 0.000008516 add_time= 0.000444747
2600 0.000026602 2600 0.000015746 add_time= 0.000083523
2601 0.000322485 2601 0.000010145 add_time= 0.000351474
2600 0.000230102 2600 0.000010300 add_time= 0.000262513
2550 0.000080481 2550 0.000009690 add_time= 0.000106639
2750 0.000148559 2750 0.000006216 add_time= 0.000169238
2500 0.000167819 2500 0.000006815 add_time= 0.000190856
2750 0.000095297 2750 0.000006184 add_time= 0.000116127
2600 0.000507505 2600 0.000016897 add_time= 0.000665377
1275 0.000057879 1275 0.000006679 add_time= 0.000080451
1300 0.000145099 1300 0.000018394 add_time= 0.000303465
2500 0.000030539 2500 0.000007998 add_time= 0.000067424
2808 0.000007817 2808 0.000009428 add_time= 0.000058041
2500 0.000164690 2500 0.000012009 add_time= 0.001271677
2805 0.000007657 2805 0.000015068 add_time= 0.000041144
2500 0.000093283 2500 0.000007974 add_time= 0.000126758
2652 0.000030227 2652 0.000006710 add_time= 0.000057137
2700 0.000097568 2700 0.000006569 add_time= 0.000120126
2650 0.000238475 2650 0.000006862 add_time= 0.000263638
3025 0.000008599 3025 0.000014516 add_time= 0.000051980
2750 0.000028703 2750 0.000006425 add_time= 0.000058491
1250 0.000090803 1250 0.000006918 add_time= 0.000112927
2650 0.000057811 2650 0.000006823 add_time= 0.000080945
2750 0.000036126 2750 0.000007298 add_time= 0.000059639
2650 0.000390415 2650 0.000010981 add_time= 0.000436357
2600 0.000088909 2600 0.000008011 add_time= 0.000115133
2750 0.000008742 2750 0.000016872 add_time= 0.000043979
2601 0.000082112 2601 0.000008232 add_time= 0.000120244
2550 0.000072815 2550 0.000006746 add_time= 0.000095726
2750 0.000065894 2750 0.000007935 add_time= 0.000092701
1250 0.000042758 1250 0.000007085 add_time= 0.000067852
2650 0.000361825 2650 0.000007683 add_time= 0.000391776
2600 0.000019066 2600 0.000016391 add_time= 0.000052969
2750 0.000058771 2750 0.000018204 add_time= 0.000094820
2601 0.000064713 2601 0.000006808 add_time= 0.000087974
2600 0.000057508 2600 0.000007935 add_time= 0.000083167
1300 0.000082765 1300 0.000005555 add_time= 0.000109272
2703 0.000194220 2703 0.000007577 add_time= 0.000233441
2600 0.000005997 2600 0.000014226 add_time= 0.000034198
3025 0.000116048 3025 0.000007011 add_time= 0.000142499
2600 0.000059483 2600 0.000007034 add_time= 0.000083784
2750 0.000093477 2750 0.000010364 add_time= 0.000120773
2650 0.000402988 2650 0.000006986 add_time= 0.000428488
2860 0.000239741 2860 0.000009326 add_time= 0.000265288
1250 0.000211291 1250 0.000005552 add_time= 0.000242661
2750 0.000007197 2750 0.000021049 add_time= 0.000047182
2805 0.000139090 2805 0.000012552 add_time= 0.000167428
2805 0.000066598 2805 0.000006918 add_time= 0.000091167
2500 0.000053182 2500 0.000006677 add_time= 0.000077675
2650 0.000340203 2650 0.000007785 add_time= 0.000372033
2600 0.000102022 2600 0.000007985 add_time= 0.000126667
2550 0.000006837 2550 0.000014016 add_time= 0.000035541
3025 0.000088826 3025 0.000007150 add_time= 0.000116764
2703 0.000178889 2703 0.000006576 add_time= 0.000202078
1250 0.000066977 1250 0.000005892 add_time= 0.000089480
2500 0.000086526 2500 0.000006770 add_time= 0.000109046
2650 0.000191914 2650 0.000009882 add_time= 0.000327388
2860 0.000030005 2860 0.000008380 add_time= 0.000072008
2750 0.000040455 2750 0.000007434 add_time= 0.000077293
2500 0.000058358 2500 0.000008291 add_time= 0.000091429
2500 0.000086211 2500 0.000008859 add_time= 0.000130404
1275 0.000053612 1275 0.000016678 add_time= 0.000118509
2862 0.000607117 2862 0.000006604 add_time= 0.000640349
2915 0.000538707 2915 0.000011820 add_time= 0.000576210
2500 0.000384674 2500 0.000006928 add_time= 0.000410422
2805 0.000187744 2805 0.000005864 add_time= 0.000209766
2754 0.000241216 2754 0.000007958 add_time= 0.000264183
1325 0.000078712 1325 0.000006078 add_time= 0.000104703
2500 0.000397719 2500 0.000007063 add_time= 0.000421426
3025 0.000007419 3025 0.000015364 add_time= 0.000040630
2550 0.000279077 2550 0.000008936 add_time= 0.000322426
2600 0.000038984 2600 0.000006031 add_time= 0.000059659
2601 0.000105315 2601 0.000006869 add_time= 0.000130592
2500 0.000170482 2500 0.000006847 add_time= 0.000193937
1350 0.000028420 1350 0.000005771 add_time= 0.000049324
2500 0.000251673 2500 0.000006658 add_time= 0.000282278
2600 0.000062964 2600 0.000006985 add_time= 0.000086080
2550 0.000006532 2550 0.000013398 add_time= 0.000036169
2970 0.000100519 2970 0.000006517 add_time= 0.000124876
2601 0.000119982 2601 0.000007290 add_time= 0.000151806
2750 0.000034300 2750 0.000006378 add_time= 0.000056391
2650 0.000183558 2650 0.000006958 add_time= 0.000207870
2600 0.000166275 2600 0.000006796 add_time= 0.000188712
2750 0.000007731 2750 0.000017319 add_time= 0.000045652
3025 0.000147625 3025 0.000006676 add_time= 0.000179688
2601 0.000119267 2601 0.000009101 add_time= 0.000145239
2750 0.000041047 2750 0.000006634 add_time= 0.000064791
2862 0.000139551 2862 0.000009739 add_time= 0.000167962
2600 0.000034238 2600 0.000009554 add_time= 0.000059541
2750 0.000007860 2750 0.000025566 add_time= 0.000054436
2750 0.000152833 2750 0.000006429 add_time= 0.000175774
2805 0.000101833 2805 0.000006693 add_time= 0.000125003
2750 0.000051660 2750 0.000006188 add_time= 0.000072618
625 0.000063508 625 0.000005997 add_time= 0.000087195
2500 0.000097272 2500 0.000008714 add_time= 0.000135248
2600 0.000091141 2600 0.000007451 add_time= 0.000124315
2700 0.000009892 2700 0.000023542 add_time= 0.000058280
2750 0.000157289 2750 0.000008915 add_time= 0.000181260
2601 0.000215538 2601 0.000006263 add_time= 0.000241987
2750 0.000080797 2750 0.000011746 add_time= 0.000107094
2809 0.000043616 2809 0.000006438 add_time= 0.000066789
2600 0.000297237 2600 0.000006663 add_time= 0.000319712
2550 0.000007203 2550 0.000019513 add_time= 0.000044152
1250 0.000034755 1250 0.000005412 add_time= 0.000058054
2550 0.000107628 2550 0.000010190 add_time= 0.000139568
2550 0.000045618 2550 0.000006904 add_time= 0.000067263
2500 0.000284986 2500 0.000006954 add_time= 0.000308835
625 0.000029597 625 0.000006010 add_time= 0.000061617
2915 0.000387584 2915 0.000008098 add_time= 0.000439753
2652 0.000039910 2652 0.000006950 add_time= 0.000076987
2970 0.000094361 2970 0.000007986 add_time= 0.000129283
2550 0.000049072 2550 0.000006620 add_time= 0.000081606
2700 0.000084735 2700 0.000012273 add_time= 0.000122032
1250 0.000033177 1250 0.000007834 add_time= 0.000108444
2600 0.000026086 2600 0.000008165 add_time= 0.000098749
2808 0.000051797 2808 0.000007540 add_time= 0.000103264
2750 0.000044531 2750 0.000008416 add_time= 0.000104168
2750 0.000038575 2750 0.000007727 add_time= 0.000086330
2550 0.000069663 2550 0.000007909 add_time= 0.000119163
2500 0.000023191 2500 0.000008740 add_time= 0.000095101
2809 0.000222406 2809 0.000007523 add_time= 0.000255009
3025 0.000035321 3025 0.000015001 add_time= 0.000077301
2550 0.000083989 2550 0.000007539 add_time= 0.000126908
2652 0.000031212 2652 0.000007279 add_time= 0.000065059
2970 0.000040312 2970 0.000006601 add_time= 0.000072013
1350 0.000054570 1350 0.000014422 add_time= 0.000092631
2915 0.000127680 2915 0.000007022 add_time= 0.000162118
2600 0.000028276 2600 0.000017634 add_time= 0.000071685
2750 0.000070544 2750 0.000006392 add_time= 0.000101477
3025 0.000058293 3025 0.000007296 add_time= 0.000094168
2601 0.000096014 2601 0.000019099 add_time= 0.000149343
2550 0.000090134 2550 0.000015726 add_time= 0.000144094
2703 0.000543572 2703 0.000008945 add_time= 0.000584040
2500 0.000196120 2500 0.000019226 add_time= 0.000241865
2500 0.000010029 2500 0.000037055 add_time= 0.000086732
2750 0.000111495 2750 0.000018021 add_time= 0.000146523
2500 0.000169917 2500 0.000007188 add_time= 0.000193892
2650 0.000107115 2650 0.000009405 add_time= 0.000133977
2650 0.000331136 2650 0.000008717 add_time= 0.000358818
2600 0.000459236 2600 0.000006776 add_time= 0.000481339
2500 0.000010230 2500 0.000019655 add_time= 0.000056695
2600 0.000091978 2600 0.000006476 add_time= 0.000119313
2860 0.000040618 2860 0.000006432 add_time= 0.000072744
2805 0.000371887 2805 0.000006746 add_time= 0.000393943
2500 0.000109196 2500 0.000006443 add_time= 0.000130159
2750 0.000095852 2750 0.000006136 add_time= 0.000117499
2600 0.000140705 2600 0.000007066 add_time= 0.000165035
2600 0.000145797 2600 0.000007667 add_time= 0.000181419
2600 0.000011053 2600 0.000072522 add_time= 0.000105076
2750 0.000159915 2750 0.000007676 add_time= 0.000184848
2550 0.000107286 2550 0.000006321 add_time= 0.000128797
2500 0.000176059 2500 0.000006764 add_time= 0.000206753
2500 0.000075182 2500 0.000006198 add_time= 0.000096161
2650 0.000236392 2650 0.000007227 add_time= 0.000261437
2600 0.000121803 2600 0.000017069 add_time= 0.000154055
2805 0.000046015 2805 0.000010212 add_time= 0.000074106
2500 0.000063139 2500 0.000006761 add_time= 0.000086534
2601 0.000075877 2601 0.000005910 add_time= 0.000096578
2500 0.000047590 2500 0.000006740 add_time= 0.000070597
2650 0.000091066 2650 0.000006570 add_time= 0.000115533
2600 0.000277909 2600 0.000007080 add_time= 0.000302096
2550 0.000006261 2550 0.000013278 add_time= 0.000034014
2750 0.000049767 2750 0.000006110 add_time= 0.000070423
2550 0.000039477 2550 0.000006392 add_time= 0.000061241
2700 0.000036443 2700 0.000006838 add_time= 0.000059184
1375 0.000047720 1375 0.000006151 add_time= 0.000068563
2650 0.000051698 2650 0.000007886 add_time= 0.000096571
2500 0.000124038 2500 0.000007154 add_time= 0.000157192
2500 0.000264408 2500 0.000006674 add_time= 0.000288108
2550 0.000253940 2550 0.000006811 add_time= 0.000277565
2750 0.000169360 2750 0.000006197 add_time= 0.000191055
2750 0.000050795 2750 0.000007695 add_time= 0.000086123
2650 0.000032215 2650 0.000006818 add_time= 0.000056130
2600 0.000091103 2600 0.000018225 add_time= 0.000123922
2500 0.000121892 2500 0.000006553 add_time= 0.000146846
2750 0.000077281 2750 0.000010467 add_time= 0.000104282
2601 0.000217367 2601 0.000006713 add_time= 0.000241339
2750 0.000057221 2750 0.000006994 add_time= 0.000081212
2500 0.000122366 2500 0.000006937 add_time= 0.000148129
2600 0.000048532 2600 0.000006166 add_time= 0.000071789
2500 0.000026265 2500 0.000005810 add_time= 0.000047235
2650 0.000027091 2650 0.000027758 add_time= 0.000096753
3025 0.000121757 3025 0.000009751 add_time= 0.000179713
2805 0.000102280 2805 0.000006936 add_time= 0.000145778
2750 0.000052448 2750 0.000008777 add_time= 0.000087083
2500 0.000315472 2500 0.000006812 add_time= 0.000366838
2915 0.000007405 2915 0.000010482 add_time= 0.000094774
2652 0.000062323 2652 0.000007495 add_time= 0.000129251
2750 0.000051500 2750 0.000016156 add_time= 0.000124200
2970 0.000032768 2970 0.000008219 add_time= 0.000102068
2652 0.000032960 2652 0.000007427 add_time= 0.000093723
2550 0.000546648 2550 0.000008485 add_time= 0.000599483
2500 0.000196844 2500 0.000007200 add_time= 0.000227154
1300 0.000063783 1300 0.000005680 add_time= 0.000098951
2600 0.000007970 2600 0.000013081 add_time= 0.000051554
2550 0.000134072 2550 0.000008269 add_time= 0.000202700
2550 0.000087983 2550 0.000006126 add_time= 0.000120604
2754 0.000101475 2754 0.000006272 add_time= 0.000133104
2500 0.000131154 2500 0.000007035 add_time= 0.000165370
2915 0.000112528 2915 0.000006725 add_time= 0.000138058
2600 0.000042045 2600 0.000006579 add_time= 0.000064267
2700 0.000015959 2700 0.000015315 add_time= 0.000047444
2500 0.000066940 2500 0.000014964 add_time= 0.000096159
2500 0.000033493 2500 0.000006467 add_time= 0.000063051
2500 0.000391790 2500 0.000005919 add_time= 0.000411650
2500 0.000185776 2500 0.000010183 add_time= 0.000211756
2756 0.000316931 2756 0.000007237 add_time= 0.000345407
2600 0.000039127 2600 0.000006825 add_time= 0.000063745
2750 0.000034361 2750 0.000006729 add_time= 0.000055371
2500 0.000033252 2500 0.000006459 add_time= 0.000062646
2700 0.000071459 2700 0.000006791 add_time= 0.000094588
1250 0.000461134 1250 0.000006815 add_time= 0.000482115
2809 0.000441706 2809 0.000009085 add_time= 0.000481947
2600 0.000077851 2600 0.000007048 add_time= 0.000101691
2500 0.000007305 2500 0.000024522 add_time= 0.000049618
2750 0.000049714 2750 0.000006522 add_time= 0.000072816
2550 0.000104665 2550 0.000007003 add_time= 0.000128019
2700 0.000024818 2700 0.000010401 add_time= 0.000059247
2500 0.000036943 2500 0.000007275 add_time= 0.000061017
2756 0.000034350 2756 0.000006335 add_time= 0.000060739
2700 0.000006025 2700 0.000012869 add_time= 0.000032980
2703 0.000069776 2703 0.000006911 add_time= 0.000093360
2550 0.000160177 2550 0.000006503 add_time= 0.000183085
2600 0.000092107 2600 0.000006793 add_time= 0.000115428
2750 0.000143216 2750 0.000006658 add_time= 0.000166825
1300 0.000109825 1300 0.000006246 add_time= 0.000130362
2915 0.000247107 2915 0.000006474 add_time= 0.000280590
2970 0.000605985 2970 0.000006432 add_time= 0.000627716
2750 0.000060013 2750 0.000011931 add_time= 0.000086293
2500 0.000045787 2500 0.000005744 add_time= 0.000072034
2805 0.000120319 2805 0.000006100 add_time= 0.000140771
2970 0.000136682 2970 0.000006587 add_time= 0.000158028
2700 0.000037191 2700 0.000005988 add_time= 0.000065617
2750 0.000154222 2750 0.000006692 add_time= 0.000177375
2808 0.000097468 2808 0.000006213 add_time= 0.000118613
2750 0.000007121 2750 0.000013688 add_time= 0.000036882
2750 0.000119641 2750 0.000017837 add_time= 0.000161814
2550 0.000076111 2550 0.000005860 add_time= 0.000096094
2600 0.000067999 2600 0.000005853 add_time= 0.000088100
2550 0.000150334 2550 0.000006848 add_time= 0.000174490
2750 0.000103897 2750 0.000006860 add_time= 0.000137316
2550 0.000364295 2550 0.000007287 add_time= 0.000394981
1275 0.000083412 1275 0.000005628 add_time= 0.000105556
2808 0.000143253 2808 0.000008049 add_time= 0.000167883
2750 0.000156262 2750 0.000006220 add_time= 0.000176536
2809 0.000029524 2809 0.000006748 add_time= 0.000066419
2808 0.000062130 2808 0.000014371 add_time= 0.000092099
2550 0.000054765 2550 0.000005967 add_time= 0.000074330
2750 0.000082158 2750 0.000012288 add_time= 0.000121117
2600 0.000367121 2600 0.000006288 add_time= 0.000389247
1250 0.000272955 1250 0.000006738 add_time= 0.000318891
1375 0.000036295 1375 0.000006449 add_time= 0.000056094
1275 0.000027553 1275 0.000005406 add_time= 0.000045379
2650 0.000222331 2650 0.000006568 add_time= 0.000245745
2600 0.000213862 2600 0.000006670 add_time= 0.000235155
2500 0.000008944 2500 0.000015993 add_time= 0.000051714
2750 0.000223508 2750 0.000006360 add_time= 0.000245149
2500 0.000077952 2500 0.000006236 add_time= 0.000101108
2500 0.000114942 2500 0.000006731 add_time= 0.000138041
2809 0.000047178 2809 0.000006598 add_time= 0.000072546
2600 0.000067103 2600 0.000006095 add_time= 0.000086881
2500 0.000007079 2500 0.000014529 add_time= 0.000034939
2500 0.000174930 2500 0.000006474 add_time= 0.000194424
2650 0.000033401 2650 0.000006984 add_time= 0.000101131
2703 0.000077441 2703 0.000006851 add_time= 0.000102899
2500 0.000041770 2500 0.000007419 add_time= 0.000067900
2756 0.000126442 2756 0.000008479 add_time= 0.000188904
2750 0.000038272 2750 0.000015760 add_time= 0.000088297
2500 0.000048717 2500 0.000007731 add_time= 0.000082710
2805 0.000029843 2805 0.000007210 add_time= 0.000065631
2750 0.000007590 2750 0.000009502 add_time= 0.000056051
2500 0.000045280 2500 0.000007792 add_time= 0.000078298
2650 0.000034956 2650 0.000008453 add_time= 0.000069532
2650 0.000082127 2650 0.000007379 add_time= 0.000111433
2600 0.000067122 2600 0.000007940 add_time= 0.000103130
2750 0.000009625 2750 0.000026322 add_time= 0.000059163
2500 0.000062616 2500 0.000006469 add_time= 0.000088106
2500 0.000081417 2500 0.000006527 add_time= 0.000104691
2500 0.000161519 2500 0.000006608 add_time= 0.000184437
2550 0.000067683 2550 0.000006074 add_time= 0.000088440
2809 0.000094784 2809 0.000006667 add_time= 0.000119292
2600 0.000040046 2600 0.000012156 add_time= 0.000067131
2500 0.000024386 2500 0.000013736 add_time= 0.000054813
2500 0.000110970 2500 0.000006717 add_time= 0.000132417
2550 0.000098028 2550 0.000016924 add_time= 0.000129340
2700 0.000029709 2700 0.000007001 add_time= 0.000053525
2500 0.000048498 2500 0.000006364 add_time= 0.000068840
2703 0.000193131 2703 0.000008054 add_time= 0.000219832
2600 0.000045164 2600 0.000007170 add_time= 0.000068677
2600 0.000114786 2600 0.000007212 add_time= 0.000138158
3025 0.000066637 3025 0.000007004 add_time= 0.000090558
2500 0.000036449 2500 0.000005662 add_time= 0.000056669
2970 0.000037862 2970 0.000006735 add_time= 0.000060937
2915 0.000373286 2915 0.000007158 add_time= 0.000399447
2860 0.000054157 2860 0.000006348 add_time= 0.000076186
2805 0.000057162 2805 0.000006975 add_time= 0.000081750
2550 0.000091941 2550 0.000006001 add_time= 0.000120135
2550 0.000026102 2550 0.000013645 add_time= 0.000056427
2700 0.000075812 2700 0.000006654 add_time= 0.000099312
2500 0.000066562 2500 0.000018507 add_time= 0.000107946
2500 0.000214052 2500 0.000008143 add_time= 0.000260253
2750 0.000011815 2750 0.000034821 add_time= 0.000090929
3025 0.000062072 3025 0.000008238 add_time= 0.000119459
2500 0.000216379 2500 0.000006697 add_time= 0.000249609
2500 0.000588567 2500 0.000006629 add_time= 0.000621612
1250 0.000046436 1250 0.000006134 add_time= 0.000081180
2500 0.000194252 2500 0.000006836 add_time= 0.000230798
3025 0.000061732 3025 0.000007241 add_time= 0.000096819
2500 0.000466469 2500 0.000007888 add_time= 0.000511585
2750 0.000113440 2750 0.000007122 add_time= 0.000158918
1250 0.000314783 1250 0.000006001 add_time= 0.000343337
2500 0.000054797 2500 0.000007902 add_time= 0.000089569
2703 0.000528111 2703 0.000006428 add_time= 0.000561799
2600 0.000035702 2600 0.000006849 add_time= 0.000070497
2700 0.000009582 2700 0.000022648 add_time= 0.000079904
2750 0.000102120 2750 0.000007552 add_time= 0.000143754
2750 0.000043907 2750 0.000006952 add_time= 0.000079836
2650 0.000025004 2650 0.000007236 add_time= 0.000060177
2915 0.000672863 2915 0.000007147 add_time= 0.000727261
2500 0.000046028 2500 0.000006927 add_time= 0.000081107
3025 0.000089536 3025 0.000007023 add_time= 0.000133169
2500 0.000114873 2500 0.000006426 add_time= 0.000146612
2652 0.000223127 2652 0.000006029 add_time= 0.000253616
2700 0.000107240 2700 0.000006794 add_time= 0.000154220
2756 0.000377348 2756 0.000007082 add_time= 0.000415667
2860 0.000031483 2860 0.000006733 add_time= 0.000065572
2500 0.000007145 2500 0.000013170 add_time= 0.000043906
2970 0.000041636 2970 0.000013612 add_time= 0.000097045
2601 0.000072730 2601 0.000007101 add_time= 0.000111089
2500 0.000094764 2500 0.000007023 add_time= 0.000128186
2500 0.000071405 2500 0.000006848 add_time= 0.000109601
2809 0.000044147 2809 0.000008119 add_time= 0.000087052
2860 0.000038278 2860 0.000006711 add_time= 0.000075025
2500 0.000054284 2500 0.000011950 add_time= 0.000097382
2805 0.000073620 2805 0.000005921 add_time= 0.000094295
2601 0.000042227 2601 0.000008902 add_time= 0.000063734
2500 0.000073484 2500 0.000006316 add_time= 0.000103372
2809 0.000041711 2809 0.000007062 add_time= 0.000068133
2600 0.000050079 2600 0.000007075 add_time= 0.000073621
2970 0.000073571 2970 0.000007376 add_time= 0.000099544
2550 0.000126181 2550 0.000006364 add_time= 0.000148836
2500 0.000173924 2500 0.000009577 add_time= 0.000199995
2750 0.000099960 2750 0.000006778 add_time= 0.000131891
2756 0.000039942 2756 0.000007068 add_time= 0.000066887
2600 0.000081270 2600 0.000007584 add_time= 0.000104971
1250 0.000005429 1250 0.000009129 add_time= 0.000035641
2805 0.000030032 2805 0.000006348 add_time= 0.000059698
2754 0.000065225 2754 0.000007018 add_time= 0.000088337
2650 0.000078552 2650 0.000008136 add_time= 0.000136327
2600 0.000029143 2600 0.000007427 add_time= 0.000061916
2750 0.000038194 2750 0.000007183 add_time= 0.000072690
2600 0.000027202 2600 0.000007219 add_time= 0.000060152
2500 0.000035204 2500 0.000008356 add_time= 0.000071788
2703 0.000034772 2703 0.000007547 add_time= 0.000068593
1250 0.000046880 1250 0.000006218 add_time= 0.000086292
2750 0.000030442 2750 0.000007386 add_time= 0.000062292
2703 0.000113162 2703 0.000006321 add_time= 0.000136077
2756 0.000032773 2756 0.000006205 add_time= 0.000054055
2750 0.000007009 2750 0.000021661 add_time= 0.000044473
2750 0.000040979 2750 0.000005981 add_time= 0.000061808
2805 0.000083762 2805 0.000013401 add_time= 0.000121228
2550 0.000039244 2550 0.000014429 add_time= 0.000073627
2550 0.000469485 2550 0.000006569 add_time= 0.000492204
1300 0.000052251 1300 0.000005179 add_time= 0.000068973
2750 0.000081709 2750 0.000007585 add_time= 0.000105251
2805 0.000096743 2805 0.000006167 add_time= 0.000122250
2650 0.000030937 2650 0.000006211 add_time= 0.000051370
1275 0.000048226 1275 0.000005815 add_time= 0.000067096
2500 0.000113918 2500 0.000006831 add_time= 0.000137312
2600 0.000032204 2600 0.000006002 add_time= 0.000052437
3025 0.000007581 3025 0.000014374 add_time= 0.000057135
2550 0.000071010 2550 0.000010510 add_time= 0.000096990
2601 0.000033448 2601 0.000006360 add_time= 0.000055074
2750 0.000224206 2750 0.000006627 add_time= 0.000254638
2703 0.000136207 2703 0.000006724 add_time= 0.000159233
2600 0.000053074 2600 0.000006232 add_time= 0.000080462
2500 0.000029806 2500 0.000006298 add_time= 0.000060116
2550 0.000038024 2550 0.000006248 add_time= 0.000058543
2805 0.000080663 2805 0.000005531 add_time= 0.000099961
2500 0.000117644 2500 0.000005532 add_time= 0.000147966
2970 0.000163832 2970 0.000006335 add_time= 0.000195551
2500 0.000458136 2500 0.000006963 add_time= 0.000481105
2860 0.000066808 2860 0.000007951 add_time= 0.000112120
2750 0.000016958 2750 0.000015720 add_time= 0.000046901
2750 0.000036443 2750 0.000005705 add_time= 0.000055534
1375 0.000156381 1375 0.000008266 add_time= 0.000178116
2700 0.000046146 2700 0.000006603 add_time= 0.000067485
2700 0.000156308 2700 0.000006253 add_time= 0.000176519
2650 0.000696033 2650 0.000009975 add_time= 0.000738445
2860 0.000067557 2860 0.000007434 add_time= 0.000094442
2750 0.000006853 2750 0.000014263 add_time= 0.000056349
2652 0.000057921 2652 0.000008887 add_time= 0.000085085
2550 0.000111578 2550 0.000007222 add_time= 0.000135216
2600 0.000042131 2600 0.000011245 add_time= 0.000069963
2703 0.000410800 2703 0.000007115 add_time= 0.000435387
2600 0.000033749 2600 0.000006329 add_time= 0.000055598
2750 0.000006736 2750 0.000014179 add_time= 0.000037681
2860 0.000026508 2860 0.000006545 add_time= 0.000059312
2550 0.000204722 2550 0.000006845 add_time= 0.000228112
2805 0.000047381 2805 0.000018429 add_time= 0.000082726
2650 0.000073962 2650 0.000007020 add_time= 0.000097928
1300 0.000027693 1300 0.000005682 add_time= 0.000050487
2750 0.000007652 2750 0.000025536 add_time= 0.000049818
2550 0.000087804 2550 0.000006723 add_time= 0.000110423
2600 0.000168398 2600 0.000006231 add_time= 0.000189855
1250 0.000030771 1250 0.000005971 add_time= 0.000050771
2650 0.000254011 2650 0.000006401 add_time= 0.000276708
2704 0.000071297 2704 0.000005864 add_time= 0.000096242
2500 0.000015290 2500 0.000013029 add_time= 0.000046198
2500 0.000058408 2500 0.000018005 add_time= 0.000091755
2805 0.000135236 2805 0.000006669 add_time= 0.000157834
2550 0.000133703 2550 0.000007202 add_time= 0.000161750
2600 0.000315846 2600 0.000006437 add_time= 0.000338412
2600 0.000040881 2600 0.000006908 add_time= 0.000074362
1250 0.000005576 1250 0.000010040 add_time= 0.000029581
2601 0.000079681 2601 0.000006568 add_time= 0.000102139
2550 0.000076371 2550 0.000005678 add_time= 0.000102578
2550 0.000164768 2550 0.000007072 add_time= 0.000187838
2650 0.000166108 2650 0.000019395 add_time= 0.000229821
2750 0.000049577 2750 0.000007232 add_time= 0.000073408
2500 0.000046755 2500 0.000019098 add_time= 0.000094625
2601 0.000077664 2601 0.000012415 add_time= 0.000106789
2750 0.000118868 2750 0.000007658 add_time= 0.000154010
2703 0.000071730 2703 0.000006748 add_time= 0.000096971
2808 0.000031920 2808 0.000006986 add_time= 0.000054595
2860 0.000128404 2860 0.000008830 add_time= 0.000161363
2750 0.000162979 2750 0.000006712 add_time= 0.000187248
2805 0.000273212 2805 0.000006956 add_time= 0.000308727
2700 0.000171794 2700 0.000006137 add_time= 0.000193260
1250 0.000064193 1250 0.000006976 add_time= 0.000091449
2650 0.000140187 2650 0.000006880 add_time= 0.000165574
1300 0.000033735 1300 0.000014328 add_time= 0.000061723
2600 0.000048156 2600 0.000006406 add_time= 0.000068556
2500 0.000162544 2500 0.000007015 add_time= 0.000183803
2970 0.000040610 2970 0.000007666 add_time= 0.000068237
1250 0.000035624 1250 0.000017653 add_time= 0.000066164
2750 0.000064452 2750 0.000008636 add_time= 0.000118976
2915 0.000070017 2915 0.000009182 add_time= 0.000111899
1250 0.000040793 1250 0.000007014 add_time= 0.000072057
2550 0.000007436 2550 0.000020070 add_time= 0.000061812
2550 0.000094414 2550 0.000008364 add_time= 0.000129674
2600 0.000124908 2600 0.000007424 add_time= 0.000150786
2808 0.000046567 2808 0.000006923 add_time= 0.000075526
2750 0.000076966 2750 0.000006740 add_time= 0.000100031
2500 0.000078450 2500 0.000007268 add_time= 0.000109770
2652 0.000057361 2652 0.000005942 add_time= 0.000087456
2500 0.000142849 2500 0.000007209 add_time= 0.000164174
2703 0.000159837 2703 0.000006777 add_time= 0.000185463
2500 0.000118499 2500 0.000007603 add_time= 0.000142983
2500 0.000068895 2500 0.000016602 add_time= 0.000101621
2805 0.000091868 2805 0.000006772 add_time= 0.000114084
2600 0.000059766 2600 0.000006668 add_time= 0.000088575
1350 0.000099403 1350 0.000005511 add_time= 0.000117941
2500 0.000199819 2500 0.000006938 add_time= 0.000224116
2805 0.000008224 2805 0.000016253 add_time= 0.000041756
2750 0.000095998 2750 0.000006846 add_time= 0.000118841
2550 0.000134154 2550 0.000007443 add_time= 0.000155438
2970 0.000061755 2970 0.000007092 add_time= 0.000094656
2750 0.000146939 2750 0.000006392 add_time= 0.000167956
2809 0.000044754 2809 0.000006912 add_time= 0.000072117
2600 0.000054226 2600 0.000006738 add_time= 0.000076440
2600 0.000007605 2600 0.000013999 add_time= 0.000036834
2750 0.000068008 2750 0.000006929 add_time= 0.000091374
2652 0.000047136 2652 0.000007300 add_time= 0.000070830
2500 0.000097554 2500 0.000015257 add_time= 0.000129659
2500 0.000303198 2500 0.000007423 add_time= 0.000333584
2750 0.000047711 2750 0.000007362 add_time= 0.000075757
2500 0.000124914 2500 0.000007298 add_time= 0.000148548
2805 0.000112762 2805 0.000007175 add_time= 0.000136991
2550 0.000098044 2550 0.000005979 add_time= 0.000118594
2500 0.000077220 2500 0.000014028 add_time= 0.000105502
3025 0.000135911 3025 0.000007644 add_time= 0.000162864
2650 0.000372077 2650 0.000007158 add_time= 0.000397913
2500 0.000076589 2500 0.000007671 add_time= 0.000101521
2500 0.000183011 2500 0.000007680 add_time= 0.000206226
2500 0.000098725 2500 0.000007220 add_time= 0.000121190
2970 0.000040571 2970 0.000008499 add_time= 0.000078586
2500 0.000058365 2500 0.000007035 add_time= 0.000079619
2500 0.000522046 2500 0.000008590 add_time= 0.000555175
2650 0.000060386 2650 0.000007407 add_time= 0.000085662
2860 0.000006868 2860 0.000040160 add_time= 0.000064281
2805 0.000195575 2805 0.000007037 add_time= 0.000226424
2550 0.000217751 2550 0.000005761 add_time= 0.000246097
2700 0.000208382 2700 0.000011398 add_time= 0.000233882
2500 0.000072208 2500 0.000006568 add_time= 0.000092983
2600 0.000342789 2600 0.000007060 add_time= 0.000366316
3025 0.000008855 3025 0.000026913 add_time= 0.000095334
2652 0.000225832 2652 0.000006351 add_time= 0.000254511
2750 0.000054072 2750 0.000006589 add_time= 0.000085584
2500 0.000100728 2500 0.000007443 add_time= 0.000125309
2550 0.000158891 2550 0.000006546 add_time= 0.000191053
2750 0.000037555 2750 0.000013963 add_time= 0.000067881
3025 0.000235184 3025 0.000007492 add_time= 0.000261507
2805 0.000055431 2805 0.000006822 add_time= 0.000078826
2650 0.000114184 2650 0.000007152 add_time= 0.000139974
1325 0.000485012 1325 0.000006269 add_time= 0.000511398
2600 0.000068700 2600 0.000006760 add_time= 0.000091236
3025 0.000006708 3025 0.000015242 add_time= 0.000038546
2601 0.000169201 2601 0.000006790 add_time= 0.000193556
2601 0.000111945 2601 0.000010331 add_time= 0.000137991
2500 0.000108047 2500 0.000009048 add_time= 0.000132383
2500 0.000134836 2500 0.000007222 add_time= 0.000159216
2750 0.000007094 2750 0.000013656 add_time= 0.000043990
2500 0.000041717 2500 0.000006159 add_time= 0.000071244
2703 0.000061509 2703 0.000006479 add_time= 0.000084114
2750 0.000099532 2750 0.000007098 add_time= 0.000123184
2500 0.000091538 2500 0.000008616 add_time= 0.000134862
2600 0.000067435 2600 0.000008305 add_time= 0.000093849
3025 0.000231179 3025 0.000007194 add_time= 0.000270417
2550 0.000117681 2550 0.000007060 add_time= 0.000143587
2601 0.000205032 2601 0.000007545 add_time= 0.000229122
2862 0.000431266 2862 0.000007325 add_time= 0.000456209
3025 0.000083735 3025 0.000006312 add_time= 0.000105623
2500 0.000257638 2500 0.000007000 add_time= 0.000290914
2500 0.000184512 2500 0.000006065 add_time= 0.000205678
2600 0.000073062 2600 0.000006761 add_time= 0.000097298
2750 0.000204369 2750 0.000007438 add_time= 0.000228668
2700 0.000055144 2700 0.000009144 add_time= 0.000080946
1300 0.000071563 1300 0.000008150 add_time= 0.000106503
2650 0.000081205 2650 0.000007950 add_time= 0.000113026
2600 0.000036119 2600 0.000006682 add_time= 0.000057614
2860 0.000006834 2860 0.000079053 add_time= 0.000103591
1375 0.000121920 1375 0.000006479 add_time= 0.000148135
2500 0.000027454 2500 0.000012451 add_time= 0.000057552
2500 0.000844877 2500 0.000008055 add_time= 0.000880647
1325 0.000042554 1325 0.000010105 add_time= 0.000109647
1300 0.000115233 1300 0.000007102 add_time= 0.000146461
2600 0.000023783 2600 0.000014294 add_time= 0.000085167
2600 0.000022107 2600 0.000013718 add_time= 0.000073006
3025 0.000029326 3025 0.000007648 add_time= 0.000066324
2805 0.000028135 2805 0.000007686 add_time= 0.000059793
2500 0.000007158 2500 0.000022948 add_time= 0.000058348
2750 0.000031227 2750 0.000008000 add_time= 0.000072974
2500 0.000156097 2500 0.000008125 add_time= 0.000184780
2652 0.000066848 2652 0.000006626 add_time= 0.000091661
2700 0.000007411 2700 0.000014421 add_time= 0.000038658
2700 0.000141505 2700 0.000026640 add_time= 0.000184130
2754 0.000093308 2754 0.000006784 add_time= 0.000117195
1350 0.000063163 1350 0.000005138 add_time= 0.000081650
2750 0.000131103 2750 0.000006981 add_time= 0.000153597
2809 0.000063688 2809 0.000006975 add_time= 0.000089088
2600 0.000145897 2600 0.000006783 add_time= 0.000167984
2750 0.000007416 2750 0.000013926 add_time= 0.000037602
2750 0.000051531 2750 0.000006774 add_time= 0.000074552
2550 0.000137293 2550 0.000006702 add_time= 0.000159804
2500 0.000043451 2500 0.000006699 add_time= 0.000066042
2500 0.000305643 2500 0.000007223 add_time= 0.000329428
2600 0.000073562 2600 0.000006182 add_time= 0.000094298
1375 0.000100542 1375 0.000008681 add_time= 0.000130036
2750 0.000027938 2750 0.000006323 add_time= 0.000049427
2805 0.000066325 2805 0.000006794 add_time= 0.000089438
2805 0.000176913 2805 0.000006822 add_time= 0.000200156
2500 0.000149951 2500 0.000006901 add_time= 0.000174030
2652 0.000120961 2652 0.000025500 add_time= 0.000162299
2650 0.000051288 2650 0.000007073 add_time= 0.000074275
2550 0.000076767 2550 0.000006643 add_time= 0.000099075
2550 0.000027605 2550 0.000006737 add_time= 0.000057656
2915 0.000119979 2915 0.000005909 add_time= 0.000142393
2650 0.000102103 2650 0.000006695 add_time= 0.000125679
2600 0.000098880 2600 0.000006921 add_time= 0.000132590
2750 0.000038711 2750 0.000006698 add_time= 0.000061570
2652 0.000033500 2652 0.000005645 add_time= 0.000059247
2500 0.000058410 2500 0.000007050 add_time= 0.000088816
1250 0.000065044 1250 0.000006617 add_time= 0.000085350
2809 0.000039656 2809 0.000007046 add_time= 0.000063659
2756 0.000040178 2756 0.000006412 add_time= 0.000062663
2750 0.000007108 2750 0.000016211 add_time= 0.000050393
2550 0.000056384 2550 0.000007505 add_time= 0.000078816
2600 0.000045653 2600 0.000005922 add_time= 0.000065868
2600 0.000108933 2600 0.000007208 add_time= 0.000132183
2700 0.000122338 2700 0.000006730 add_time= 0.000146151
2860 0.000141293 2860 0.000006271 add_time= 0.000171119
2750 0.000247243 2750 0.000006359 add_time= 0.000267796
2500 0.000072686 2500 0.000005907 add_time= 0.000093372
2703 0.000072587 2703 0.000007253 add_time= 0.000096284
2700 0.000059561 2700 0.000005929 add_time= 0.000079994
2860 0.000152804 2860 0.000009929 add_time= 0.000198150
2860 0.000058604 2860 0.000021183 add_time= 0.000097565
2500 0.000007427 2500 0.000016640 add_time= 0.000053328
2805 0.000488828 2805 0.000007694 add_time= 0.000513821
2550 0.000066355 2550 0.000017850 add_time= 0.000108559
2650 0.000042329 2650 0.000007266 add_time= 0.000078551
2650 0.000402981 2650 0.000007278 add_time= 0.000427583
2704 0.000148015 2704 0.000006489 add_time= 0.000169841
3025 0.000007990 3025 0.000073064 add_time= 0.000099674
2750 0.000110656 2750 0.000006334 add_time= 0.000139869
2805 0.000061410 2805 0.000006214 add_time= 0.000083188
2750 0.000144472 2750 0.000006822 add_time= 0.000168575
2750 0.000090125 2750 0.000006926 add_time= 0.000112536
2756 0.000132738 2756 0.000006329 add_time= 0.000156235
2500 0.000092943 2500 0.000006932 add_time= 0.000117482
2750 0.000050211 2750 0.000006448 add_time= 0.000072299
2750 0.000037296 2750 0.000017489 add_time= 0.000072273
2550 0.000034749 2550 0.000005998 add_time= 0.000055455
2750 0.000158323 2750 0.000005829 add_time= 0.000178545
1250 0.000026681 1250 0.000005906 add_time= 0.000046667
2809 0.000145530 2809 0.000007525 add_time= 0.000171273
2600 0.000191430 2600 0.000007131 add_time= 0.000214599
2500 0.000095546 2500 0.000014803 add_time= 0.000127226
2601 0.000227593 2601 0.000006791 add_time= 0.000251209
2600 0.000043242 2600 0.000006600 add_time= 0.000066327
1250 0.000054470 1250 0.000006065 add_time= 0.000074667
2550 0.000212211 2550 0.000006179 add_time= 0.000236784
2652 0.000076791 2652 0.000006692 add_time= 0.000107976
2750 0.000076352 2750 0.000006716 add_time= 0.000102514
2750 0.000014957 2750 0.000013028 add_time= 0.000041977
2601 0.000150934 2601 0.000006276 add_time= 0.000173147
2500 0.000056516 2500 0.000014267 add_time= 0.000086381
2500 0.000028686 2500 0.000014272 add_time= 0.000058639
2650 0.000115081 2650 0.000007951 add_time= 0.000153979
2600 0.000029418 2600 0.000015536 add_time= 0.000060831
2500 0.000127653 2500 0.000010703 add_time= 0.000156161
2550 0.000179971 2550 0.000006611 add_time= 0.000203175
2860 0.000064890 2860 0.000006781 add_time= 0.000098081
2750 0.000185630 2750 0.000007331 add_time= 0.000211248
2500 0.000006849 2500 0.000024870 add_time= 0.000048453
3025 0.000085906 3025 0.000014780 add_time= 0.000119351
2805 0.000051424 2805 0.000006643 add_time= 0.000074831
2500 0.000111762 2500 0.000016753 add_time= 0.000144810
2750 0.000145669 2750 0.000007096 add_time= 0.000172172
2500 0.000075259 2500 0.000007182 add_time= 0.000097334
2805 0.000063780 2805 0.000006820 add_time= 0.000084807
2700 0.000063988 2700 0.000006829 add_time= 0.000084818
2550 0.000150378 2550 0.000006177 add_time= 0.000170153
2750 0.000067066 2750 0.000006308 add_time= 0.000086946
1325 0.000131143 1325 0.000008128 add_time= 0.000182473
2500 0.000064474 2500 0.000008407 add_time= 0.000098328
1250 0.000032406 1250 0.000007364 add_time= 0.000063643
2703 0.000059957 2703 0.000017723 add_time= 0.000105438
2650 0.000085156 2650 0.000007497 add_time= 0.000124617
2650 0.000065051 2650 0.000008538 add_time= 0.000100019
2650 0.000579027 2650 0.000007018 add_time= 0.000603634
2750 0.000009502 2750 0.000014959 add_time= 0.000039408
3025 0.000089380 3025 0.000007044 add_time= 0.000123658
2600 0.000060092 2600 0.000017460 add_time= 0.000092893
1250 0.000068102 1250 0.000006330 add_time= 0.000112836
2703 0.000221015 2703 0.000006644 add_time= 0.000244149
2600 0.000040295 2600 0.000006281 add_time= 0.000060473
2500 0.000006955 2500 0.000023279 add_time= 0.000045840
2550 0.000129775 2550 0.000006605 add_time= 0.000160618
2808 0.000138475 2808 0.000007127 add_time= 0.000161729
1250 0.000065363 1250 0.000005874 add_time= 0.000084361
2915 0.000126079 2915 0.000006824 add_time= 0.000150282
2600 0.000172674 2600 0.000006026 add_time= 0.000192667
2700 0.000183653 2700 0.000005947 add_time= 0.000214100
2700 0.000057646 2700 0.000011216 add_time= 0.000084341
2550 0.000035547 2550 0.000009410 add_time= 0.000060033
2700 0.000027698 2700 0.000010133 add_time= 0.000052875
1250 0.000048330 1250 0.000005362 add_time= 0.000077006
2862 0.000402047 2862 0.000006728 add_time= 0.000425433
2704 0.000046509 2704 0.000005968 add_time= 0.000066492
2750 0.000008221 2750 0.000021233 add_time= 0.000045017
2550 0.000107561 2550 0.000007051 add_time= 0.000133789
2550 0.000026770 2550 0.000006291 add_time= 0.000048500
2750 0.000049465 2750 0.000005996 add_time= 0.000069376
2500 0.000132219 2500 0.000006613 add_time= 0.000154030
2860 0.000059683 2860 0.000006195 add_time= 0.000080257
2750 0.000006935 2750 0.000013070 add_time= 0.000042579
2500 0.000023981 2500 0.000005956 add_time= 0.000044589
2700 0.000041984 2700 0.000006916 add_time= 0.000064248
1250 0.000037619 1250 0.000005543 add_time= 0.000055974
2915 0.000149108 2915 0.000006620 add_time= 0.000171862
2750 0.000103206 2750 0.000006380 add_time= 0.000135606
2500 0.000021439 2500 0.000011976 add_time= 0.000046458
2750 0.000094952 2750 0.000006493 add_time= 0.000115421
2805 0.000040641 2805 0.000006311 add_time= 0.000060522
2805 0.000062064 2805 0.000005993 add_time= 0.000081899
1350 0.000031217 1350 0.000005504 add_time= 0.000058713
2500 0.000176774 2500 0.000006545 add_time= 0.000198482
2704 0.000054877 2704 0.000006269 add_time= 0.000084743
2500 0.000006410 2500 0.000012095 add_time= 0.000031960
2750 0.000090169 2750 0.000005713 add_time= 0.000109538
2601 0.000065830 2601 0.000005704 add_time= 0.000084530
2750 0.000086036 2750 0.000012900 add_time= 0.000112402
2809 0.000021123 2809 0.000006587 add_time= 0.000043281
2652 0.000026199 2652 0.000011540 add_time= 0.000051712
2600 0.000006423 2600 0.000013061 add_time= 0.000032931
3025 0.000046210 3025 0.000007532 add_time= 0.000071128
2601 0.000049106 2601 0.000006064 add_time= 0.000074367
2550 0.000076451 2550 0.000005368 add_time= 0.000094887
2750 0.000074097 2750 0.000006210 add_time= 0.000093659
2650 0.000303699 2650 0.000009519 add_time= 0.000349738
2756 0.000032098 2756 0.000006160 add_time= 0.000079995
2750 0.000008158 2750 0.000031220 add_time= 0.000056574
2750 0.000093160 2750 0.000006630 add_time= 0.000116784
2550 0.000097376 2550 0.000006763 add_time= 0.000120703
2500 0.000139287 2500 0.000006615 add_time= 0.000171071
2750 0.000136397 2750 0.000007410 add_time= 0.000161554
2500 0.000125048 2500 0.000005904 add_time= 0.000145921
2750 0.000050994 2750 0.000007600 add_time= 0.000075630
2805 0.000110856 2805 0.000006670 add_time= 0.000134483
2550 0.000128721 2550 0.000005541 add_time= 0.000148579
2500 0.000201976 2500 0.000006178 add_time= 0.000223048
2860 0.000239171 2860 0.000006623 add_time= 0.000272137
2500 0.000121398 2500 0.000018809 add_time= 0.000157193
2860 0.000105316 2860 0.000006553 add_time= 0.000141129
2500 0.000105015 2500 0.000006005 add_time= 0.000125730
2750 0.000051193 2750 0.000005987 add_time= 0.000080939
2550 0.000090989 2550 0.000007081 add_time= 0.000114663
3025 0.000042946 3025 0.000013804 add_time= 0.000074697
2650 0.000090337 2650 0.000006594 add_time= 0.000113955
2808 0.000073006 2808 0.000006037 add_time= 0.000094628
2915 0.000007916 2915 0.000014536 add_time= 0.000039569
2550 0.000035532 2550 0.000011271 add_time= 0.000061746
2750 0.000146145 2750 0.000006552 add_time= 0.000169728
1350 0.000106298 1350 0.000006002 add_time= 0.000128556
2650 0.000269171 2650 0.000006544 add_time= 0.000293029
3025 0.000007100 3025 0.000033888 add_time= 0.000067099
2750 0.000035107 2750 0.000006715 add_time= 0.000058647
2550 0.000034131 2550 0.000006388 add_time= 0.000056507
3025 0.000036193 3025 0.000007145 add_time= 0.000063379
2703 0.000319441 2703 0.000007952 add_time= 0.000361106
2600 0.000114443 2600 0.000006014 add_time= 0.000135474
2750 0.000251264 2750 0.000007876 add_time= 0.000279155
2550 0.000165020 2550 0.000007278 add_time= 0.000190704
2750 0.000478351 2750 0.000006610 add_time= 0.000501051
1300 0.000040360 1300 0.000005991 add_time= 0.000060926
2650 0.000120812 2650 0.000006647 add_time= 0.000145814
2600 0.000105282 2600 0.000006585 add_time= 0.000126919
2550 0.000005626 2550 0.000013342 add_time= 0.000034212
2860 0.000060499 2860 0.000009359 add_time= 0.000087458
2652 0.000077689 2652 0.000006176 add_time= 0.000098934
2550 0.000086939 2550 0.000006076 add_time= 0.000107502
2809 0.000101266 2809 0.000006571 add_time= 0.000125946
2860 0.000070549 2860 0.000009407 add_time= 0.000097544
2500 0.000006146 2500 0.000016028 add_time= 0.000047927
3025 0.000099748 3025 0.000006505 add_time= 0.000121270
2500 0.000046398 2500 0.000017173 add_time= 0.000086735
2808 0.000072388 2808 0.000006803 add_time= 0.000095825
3025 0.000097945 3025 0.000006332 add_time= 0.000118903
2650 0.000038008 2650 0.000008461 add_time= 0.000087085
2860 0.000040469 2860 0.000008341 add_time= 0.000096173
2750 0.000127563 2750 0.000142577 add_time= 0.000303840
2750 0.000056920 2750 0.000008431 add_time= 0.000094690
2550 0.000055619 2550 0.000019910 add_time= 0.000102163
1250 0.000031962 1250 0.000006681 add_time= 0.000073039
2809 0.000135381 2809 0.000006491 add_time= 0.000159076
2970 0.000008058 2970 0.000015139 add_time= 0.000047891
2750 0.000091743 2750 0.000006643 add_time= 0.000114150
2754 0.000054832 2754 0.000006626 add_time= 0.000077791
2600 0.000057457 2600 0.000006584 add_time= 0.000080058
2809 0.000071499 2809 0.000007007 add_time= 0.000098209
2650 0.000051279 2650 0.000006290 add_time= 0.000072406
2500 0.000012651 2500 0.000018278 add_time= 0.000046494
2750 0.000044464 2750 0.000006569 add_time= 0.000068289
2600 0.000036866 2600 0.000007664 add_time= 0.000072350
2700 0.000035664 2700 0.000006878 add_time= 0.000061240
1375 0.000058039 1375 0.000006032 add_time= 0.000077480
2500 0.000184915 2500 0.000007151 add_time= 0.000227968
2750 0.000086277 2750 0.000015337 add_time= 0.000117973
3025 0.000012780 3025 0.000025542 add_time= 0.000062907
3025 0.000091537 3025 0.000007151 add_time= 0.000123566
2550 0.000162095 2550 0.000007306 add_time= 0.000185328
2754 0.000063944 2754 0.000006618 add_time= 0.000085334
2756 0.000140012 2756 0.000007098 add_time= 0.000164353
2600 0.000042664 2600 0.000006795 add_time= 0.000064731
2915 0.000009710 2915 0.000014585 add_time= 0.000045012
2652 0.000063560 2652 0.000006842 add_time= 0.000085993
2601 0.000052490 2601 0.000005944 add_time= 0.000072124
3025 0.000056176 3025 0.000007685 add_time= 0.000080839
2750 0.000057282 2750 0.000007641 add_time= 0.000082200
2600 0.000033587 2600 0.000006539 add_time= 0.000055537
2860 0.000087024 2860 0.000006192 add_time= 0.000107532
2500 0.000056683 2500 0.000007138 add_time= 0.000079074
2550 0.000045583 2550 0.000008512 add_time= 0.000069136
2754 0.000164267 2754 0.000006406 add_time= 0.000186078
1250 0.000022894 1250 0.000005782 add_time= 0.000041691
2809 0.000299117 2809 0.000006968 add_time= 0.000323853
2860 0.000052337 2860 0.000007063 add_time= 0.000085160
2500 0.000014828 2500 0.000015550 add_time= 0.000044017
2750 0.000079219 2750 0.000007437 add_time= 0.000113523
2550 0.000045717 2550 0.000006229 add_time= 0.000065395
2750 0.000178942 2750 0.000006835 add_time= 0.000201287
2500 0.000098319 2500 0.000010370 add_time= 0.000122639
2650 0.000166158 2650 0.000006508 add_time= 0.000188830
1300 0.000056179 1300 0.000005914 add_time= 0.000080938
2750 0.000012459 2750 0.000018589 add_time= 0.000062079
2500 0.000081536 2500 0.000006422 add_time= 0.000101880
2650 0.000116499 2650 0.000011819 add_time= 0.000141391
2700 0.000061107 2700 0.000010171 add_time= 0.000095483
1375 0.000046185 1375 0.000005250 add_time= 0.000073619
2500 0.000152587 2500 0.000006540 add_time= 0.000174965
2860 0.000046454 2860 0.000006941 add_time= 0.000069632
2805 0.000136472 2805 0.000006441 add_time= 0.000156936
2601 0.000124180 2601 0.000009584 add_time= 0.000147674
2600 0.000100547 2600 0.000005919 add_time= 0.000120254
2600 0.000087247 2600 0.000006122 add_time= 0.000106566
2500 0.000165157 2500 0.000017593 add_time= 0.000197908
1300 0.000046340 1300 0.000005246 add_time= 0.000062975
2805 0.000056238 2805 0.000023646 add_time= 0.000098375
2703 0.000061870 2703 0.000005780 add_time= 0.000081326
2750 0.000108165 2750 0.000005963 add_time= 0.000127714
2500 0.000145953 2500 0.000007054 add_time= 0.000176209
2650 0.000009346 2650 0.000027570 add_time= 0.000060585
2500 0.000045583 2500 0.000013418 add_time= 0.000097005
1275 0.000029609 1275 0.000006095 add_time= 0.000050179
2754 0.000267690 2754 0.000007146 add_time= 0.000299165
3025 0.000035913 3025 0.000009417 add_time= 0.000074557
2500 0.000363194 2500 0.000007788 add_time= 0.000388880
1300 0.000103315 1300 0.000006310 add_time= 0.000122211
1250 0.000011000 1250 0.000025162 add_time= 0.000067754
2600 0.000044759 2600 0.000007028 add_time= 0.000066739
2550 0.000062441 2550 0.000005644 add_time= 0.000083489
2550 0.000163962 2550 0.000005721 add_time= 0.000184209
2500 0.000045158 2500 0.000009483 add_time= 0.000071195
2550 0.000181405 2550 0.000006792 add_time= 0.000205991
2860 0.000040183 2860 0.000014141 add_time= 0.000077627
2500 0.000058580 2500 0.000007157 add_time= 0.000082517
2550 0.000161059 2550 0.000007270 add_time= 0.000185400
2750 0.000120051 2750 0.000007539 add_time= 0.000144295
2600 0.000562033 2600 0.000010601 add_time= 0.000594143
2860 0.000007304 2860 0.000015264 add_time= 0.000039619
2703 0.000201106 2703 0.000010486 add_time= 0.000232573
2500 0.000155824 2500 0.000007292 add_time= 0.000178948
2500 0.000081940 2500 0.000006250 add_time= 0.000103152
1250 0.000076636 1250 0.000022018 add_time= 0.000112909
2915 0.000160779 2915 0.000006903 add_time= 0.000185609
2750 0.000086188 2750 0.000006810 add_time= 0.000117260
2600 0.000039031 2600 0.000006941 add_time= 0.000064692
2600 0.000032336 2600 0.000007030 add_time= 0.000055637
2754 0.000030510 2754 0.000007579 add_time= 0.000053143
2500 0.000082104 2500 0.000006603 add_time= 0.000113311
2750 0.000306418 2750 0.000007270 add_time= 0.000353388
2500 0.000008971 2500 0.000045594 add_time= 0.000081599
3025 0.000196138 3025 0.000007197 add_time= 0.000229110
2500 0.000066877 2500 0.000006913 add_time= 0.000088452
1275 0.000028445 1275 0.000008637 add_time= 0.000051878
1325 0.000289063 1325 0.000014571 add_time= 0.000319411
2500 0.000052284 2500 0.000006390 add_time= 0.000073497
2500 0.000113634 2500 0.000006876 add_time= 0.000143134
2500 0.000031142 2500 0.000024740 add_time= 0.000076638
2700 0.000049557 2700 0.000006968 add_time= 0.000073053
1250 0.000042102 1250 0.000006469 add_time= 0.000062398
2915 0.000113507 2915 0.000006871 add_time= 0.000138505
2600 0.000038862 2600 0.000006575 add_time= 0.000059426
2550 0.000006984 2550 0.000022475 add_time= 0.000042960
2860 0.000084306 2860 0.000006777 add_time= 0.000114051
2703 0.000079994 2703 0.000006879 add_time= 0.000102102
2750 0.000106929 2750 0.000006921 add_time= 0.000129358
2915 0.000007956 2915 0.000009052 add_time= 0.000073454
2600 0.000070622 2600 0.000008366 add_time= 0.000105470
2500 0.000034848 2500 0.000007204 add_time= 0.000062934
2700 0.000052282 2700 0.000007561 add_time= 0.000108455
2550 0.000043315 2550 0.000007605 add_time= 0.000072280
2550 0.000047133 2550 0.000007373 add_time= 0.000075182
2750 0.000007362 2750 0.000008989 add_time= 0.000042386
2862 0.000441788 2862 0.000007055 add_time= 0.000467557
2500 0.000164040 2500 0.000007005 add_time= 0.000186538
2500 0.000055366 2500 0.000018142 add_time= 0.000089014
2601 0.000063585 2601 0.000006099 add_time= 0.000083786
2750 0.000085277 2750 0.000007519 add_time= 0.000108944
2650 0.000242578 2650 0.000007330 add_time= 0.000267837
1300 0.000029294 1300 0.000006855 add_time= 0.000073348
2860 0.000007448 2860 0.000023532 add_time= 0.000046505
2550 0.000080550 2550 0.000006220 add_time= 0.000101418
2601 0.000066467 2601 0.000005864 add_time= 0.000085708
2860 0.000079156 2860 0.000007130 add_time= 0.000102405
1250 0.000103137 1250 0.000005989 add_time= 0.000120244
2809 0.000174532 2809 0.000006331 add_time= 0.000196913
2860 0.000101290 2860 0.000006607 add_time= 0.000122464
3025 0.000007274 3025 0.000023749 add_time= 0.000047117
2550 0.000063189 2550 0.000006072 add_time= 0.000082705
2700 0.000032762 2700 0.000007209 add_time= 0.000055692
1375 0.000107933 1375 0.000006031 add_time= 0.000127134
2703 0.000205129 2703 0.000007012 add_time= 0.000228338
2808 0.000065926 2808 0.000006353 add_time= 0.000086473
2750 0.000006955 2750 0.000014092 add_time= 0.000036556
2500 0.000032667 2500 0.000006416 add_time= 0.000054511
2500 0.000023217 2500 0.000010192 add_time= 0.000048677
3025 0.000024573 3025 0.000006664 add_time= 0.000046173
2915 0.000209452 2915 0.000007277 add_time= 0.000234190
2600 0.000114323 2600 0.000006660 add_time= 0.000136852
2500 0.000007101 2500 0.000014101 add_time= 0.000036611
2550 0.000075831 2550 0.000006608 add_time= 0.000098353
2700 0.000059807 2700 0.000006909 add_time= 0.000082838
1250 0.000040321 1250 0.000006283 add_time= 0.000059574
2500 0.000103134 2500 0.000006877 add_time= 0.000126165
1300 0.000048990 1300 0.000005560 add_time= 0.000065741
2550 0.000085322 2550 0.000006172 add_time= 0.000117206
2550 0.000061892 2550 0.000006697 add_time= 0.000083927
1325 0.000037447 1325 0.000005445 add_time= 0.000055441
2809 0.000054924 2809 0.000006739 add_time= 0.000077746
2808 0.000066079 2808 0.000006947 add_time= 0.000089065
2750 0.000007498 2750 0.000013576 add_time= 0.000036534
2500 0.000057617 2500 0.000006544 add_time= 0.000077905
2550 0.000064483 2550 0.000006269 add_time= 0.000084672
2500 0.000094005 2500 0.000006134 add_time= 0.000113371
1375 0.000100500 1375 0.000005574 add_time= 0.000117384
2750 0.000150147 2750 0.000006869 add_time= 0.000173148
2704 0.000048681 2704 0.000006358 add_time= 0.000069564
2750 0.000036856 2750 0.000009767 add_time= 0.000071986
2500 0.000086453 2500 0.000005798 add_time= 0.000105402
2500 0.000028029 2500 0.000005556 add_time= 0.000046571
2500 0.000085940 2500 0.000005756 add_time= 0.000104213
2862 0.000068170 2862 0.000007506 add_time= 0.000092055
2600 0.000047498 2600 0.000006087 add_time= 0.000067579
2500 0.000006822 2500 0.000026158 add_time= 0.000059446
2550 0.000041912 2550 0.000006797 add_time= 0.000062914
2500 0.000028434 2500 0.000005865 add_time= 0.000048027
2500 0.000084103 2500 0.000010127 add_time= 0.000107268
2703 0.000207708 2703 0.000006543 add_time= 0.000230507
2600 0.000048410 2600 0.000007089 add_time= 0.000069620
2500 0.000006354 2500 0.000022744 add_time= 0.000042394
2703 0.000109584 2703 0.000005795 add_time= 0.000128945
2750 0.000064498 2750 0.000008670 add_time= 0.000086754
2750 0.000043531 2750 0.000011879 add_time= 0.000068625
2550 0.000364986 2550 0.000009723 add_time= 0.000395942
2805 0.000008527 2805 0.000017734 add_time= 0.000051854
2915 0.000252114 2915 0.000011401 add_time= 0.000289546
2652 0.000108145 2652 0.000006599 add_time= 0.000128899
2750 0.000114655 2750 0.000007698 add_time= 0.000138716
2703 0.000464139 2703 0.000007236 add_time= 0.000488554
2808 0.000316020 2808 0.000009409 add_time= 0.000340122
2650 0.000006189 2650 0.000018791 add_time= 0.000039632
2500 0.000047101 2500 0.000010342 add_time= 0.000072026
2550 0.000133028 2550 0.000008986 add_time= 0.000156053
2550 0.000105704 2550 0.000015503 add_time= 0.000135618
2809 0.000054065 2809 0.000007187 add_time= 0.000080086
2600 0.000062299 2600 0.000005987 add_time= 0.000081892
2500 0.000005879 2500 0.000026829 add_time= 0.000062600
2750 0.000084329 2750 0.000006409 add_time= 0.000105357
2550 0.000033922 2550 0.000006466 add_time= 0.000056266
2500 0.000401867 2500 0.000007530 add_time= 0.000436634
2650 0.000441701 2650 0.000007599 add_time= 0.000467058
2704 0.000257344 2704 0.000006532 add_time= 0.000278981
3025 0.000071660 3025 0.000007066 add_time= 0.000097202
2652 0.000068781 2652 0.000015700 add_time= 0.000101357
2500 0.000092431 2500 0.000008981 add_time= 0.000128366
2700 0.000097659 2700 0.000007122 add_time= 0.000122347
2650 0.000192091 2650 0.000006725 add_time= 0.000220027
2860 0.000130522 2860 0.000007422 add_time= 0.000155435
2550 0.000123901 2550 0.000007544 add_time= 0.000160539
2650 0.000087666 2650 0.000011168 add_time= 0.000129997
2601 0.000146823 2601 0.000006520 add_time= 0.000169385
2500 0.000185545 2500 0.000007109 add_time= 0.000209207
2650 0.000193726 2650 0.000008082 add_time= 0.000230884
2652 0.000038172 2652 0.000006790 add_time= 0.000067437
2750 0.000006437 2750 0.000014839 add_time= 0.000041233
2650 0.000057641 2650 0.000014117 add_time= 0.000094986
2550 0.000150319 2550 0.000006316 add_time= 0.000188079
2750 0.000175382 2750 0.000006865 add_time= 0.000204520
2550 0.000142737 2550 0.000005628 add_time= 0.000168385
625 0.000023400 625 0.000005138 add_time= 0.000048054
2550 0.000196323 2550 0.000006707 add_time= 0.000219970
2750 0.000058684 2750 0.000006789 add_time= 0.000098423
2750 0.000035877 2750 0.000006801 add_time= 0.000059279
2652 0.000143519 2652 0.000007376 add_time= 0.000174679
2500 0.000153963 2500 0.000006319 add_time= 0.000175311
2915 0.000079832 2915 0.000006595 add_time= 0.000105032
2600 0.000037899 2600 0.000012163 add_time= 0.000063598
2970 0.000103020 2970 0.000006942 add_time= 0.000126309
2550 0.000113140 2550 0.000006648 add_time= 0.000133298
1275 0.000125772 1275 0.000006155 add_time= 0.000144431
3025 0.000077594 3025 0.000014739 add_time= 0.000107307
2500 0.000414966 2500 0.000008917 add_time= 0.000491166
2652 0.000080479 2652 0.000007263 add_time= 0.000117054
2750 0.000086174 2750 0.000016521 add_time= 0.000136364
2805 0.000110792 2805 0.000007857 add_time= 0.000145513
2550 0.000152451 2550 0.000008079 add_time= 0.000196656
2500 0.000057812 2500 0.000008186 add_time= 0.000099815
2550 0.000474057 2550 0.000007034 add_time= 0.000499435
2500 0.000049633 2500 0.000005621 add_time= 0.000070024
2750 0.000132813 2750 0.000006550 add_time= 0.000162664
2860 0.000032896 2860 0.000010927 add_time= 0.000060006
1275 0.000026311 1275 0.000004887 add_time= 0.000043341
2700 0.000055266 2700 0.000006362 add_time= 0.000086321
2805 0.000062276 2805 0.000005866 add_time= 0.000083103
2750 0.000413980 2750 0.000019098 add_time= 0.000451433
2500 0.000007504 2500 0.000025763 add_time= 0.000048356
2805 0.000054431 2805 0.000009560 add_time= 0.000092199
2601 0.000436957 2601 0.000007147 add_time= 0.000466369
2500 0.000115719 2500 0.000007371 add_time= 0.000139144
2805 0.000081290 2805 0.000017420 add_time= 0.000113172
2750 0.000261663 2750 0.000007400 add_time= 0.000297103
2750 0.000254084 2750 0.000010244 add_time= 0.000285171
1375 0.000063074 1375 0.000005728 add_time= 0.000080432
2750 0.000168628 2750 0.000017539 add_time= 0.000201080
2500 0.000112419 2500 0.000006967 add_time= 0.000132768
1250 0.000068299 1250 0.000006817 add_time= 0.000088495
1300 0.000038535 1300 0.000006080 add_time= 0.000056364
2915 0.000164855 2915 0.000007176 add_time= 0.000191720
2500 0.000100279 2500 0.000007427 add_time= 0.000137262
2750 0.000075728 2750 0.000007187 add_time= 0.000112437
2550 0.000079580 2550 0.000007457 add_time= 0.000121305
2700 0.000080186 2700 0.000007073 add_time= 0.000103350
1300 0.000078303 1300 0.000006106 add_time= 0.000096841
2750 0.000130470 2750 0.000007877 add_time= 0.000159612
2500 0.000252253 2500 0.000007110 add_time= 0.000275077
2500 0.000164845 2500 0.000007474 add_time= 0.000188966
2550 0.000107655 2550 0.000007478 add_time= 0.000132284
2700 0.000059308 2700 0.000007010 add_time= 0.000081971
1350 0.000054741 1350 0.000005676 add_time= 0.000074439
2650 0.000202896 2650 0.000007770 add_time= 0.000231316
2652 0.000146341 2652 0.000007129 add_time= 0.000169435
2500 0.000006931 2500 0.000018437 add_time= 0.000047429
2750 0.000087820 2750 0.000006599 add_time= 0.000110345
2700 0.000096705 2700 0.000006655 add_time= 0.000121226
2500 0.000068856 2500 0.000018246 add_time= 0.000102423
2500 0.000087437 2500 0.000007128 add_time= 0.000122860
2650 0.000163679 2650 0.000019892 add_time= 0.000214158
2860 0.000073644 2860 0.000007878 add_time= 0.000100228
2750 0.000013088 2750 0.000018775 add_time= 0.000053624
2500 0.000083741 2500 0.000007017 add_time= 0.000105746
2750 0.000136838 2750 0.000006460 add_time= 0.000157937
2652 0.000470049 2652 0.000006114 add_time= 0.000490950
2700 0.000089319 2700 0.000033980 add_time= 0.000144494
2703 0.000177898 2703 0.000007723 add_time= 0.000205773
2500 0.000245487 2500 0.000008392 add_time= 0.000270919
2750 0.000007840 2750 0.000028176 add_time= 0.000075396
2750 0.000121223 2750 0.000007298 add_time= 0.000144000
2750 0.000122856 2750 0.000006857 add_time= 0.000143902
2700 0.000744064 2700 0.000007543 add_time= 0.000766343
2500 0.000153094 2500 0.000006709 add_time= 0.000174083
2650 0.000190275 2650 0.000018190 add_time= 0.000230255
2550 0.000183339 2550 0.000006995 add_time= 0.000205988
2500 0.000113957 2500 0.000006739 add_time= 0.000134832
2550 0.000052864 2550 0.000010279 add_time= 0.000077647
2550 0.000039526 2550 0.000006369 add_time= 0.000061022
2700 0.000058931 2700 0.000006395 add_time= 0.000088923
2650 0.000134862 2650 0.000008004 add_time= 0.000163595
2600 0.000072461 2600 0.000006722 add_time= 0.000094013
2750 0.000007602 2750 0.000016233 add_time= 0.000039165
2550 0.000118230 2550 0.000006261 add_time= 0.000139802
2550 0.000082187 2550 0.000012230 add_time= 0.000108340
2500 0.000223093 2500 0.000006847 add_time= 0.000244811
2500 0.000114839 2500 0.000006631 add_time= 0.000136451
2500 0.000327091 2500 0.000007934 add_time= 0.000355141
1250 0.000165990 1250 0.000006370 add_time= 0.000185487
2650 0.000064928 2650 0.000006905 add_time= 0.000087716
2750 0.000106188 2750 0.000014672 add_time= 0.000136992
2700 0.000115051 2700 0.000006732 add_time= 0.000138003
1300 0.000097440 1300 0.000006120 add_time= 0.000121427
2650 0.000733651 2650 0.000010246 add_time= 0.000774519
2860 0.000070868 2860 0.000007323 add_time= 0.000096170
2600 0.000007104 2600 0.000014050 add_time= 0.000045058
2805 0.000029979 2805 0.000007226 add_time= 0.000054084
3025 0.000117103 3025 0.000013704 add_time= 0.000152380
2805 0.000092869 2805 0.000005909 add_time= 0.000113287
2754 0.000033460 2754 0.000006814 add_time= 0.000056598
1250 0.000069485 1250 0.000011867 add_time= 0.000106261
2500 0.000230369 2500 0.000007643 add_time= 0.000254687
2600 0.000555732 2600 0.000007721 add_time= 0.000579307
2600 0.000048022 2600 0.000007961 add_time= 0.000082980
2650 0.000025868 2650 0.000006646 add_time= 0.000048474
2700 0.000134816 2700 0.000008233 add_time= 0.000186207
1250 0.000055931 1250 0.000006529 add_time= 0.000075878
2809 0.000188304 2809 0.000006789 add_time= 0.000213402
2600 0.000086609 2600 0.000006756 add_time= 0.000108264
2750 0.000007494 2750 0.000015139 add_time= 0.000041305
2750 0.000236319 2750 0.000007247 add_time= 0.000260294
2550 0.000079270 2550 0.000005987 add_time= 0.000109350
2750 0.000121855 2750 0.000006356 add_time= 0.000142719
1250 0.000048162 1250 0.000006661 add_time= 0.000068471
2915 0.000159831 2915 0.000007069 add_time= 0.000184644
2600 0.000058833 2600 0.000006236 add_time= 0.000087071
3025 0.000015741 3025 0.000015136 add_time= 0.000047989
2750 0.000064940 2750 0.000006717 add_time= 0.000088570
2550 0.000103872 2550 0.000006390 add_time= 0.000124868
3025 0.000134357 3025 0.000007140 add_time= 0.000158703
2650 0.000402849 2650 0.000006928 add_time= 0.000429161
2600 0.000075275 2600 0.000007256 add_time= 0.000108951
2750 0.000007548 2750 0.000014323 add_time= 0.000049087
2500 0.000069132 2500 0.000006665 add_time= 0.000092376
2550 0.000105336 2550 0.000006274 add_time= 0.000126846
2500 0.000116779 2500 0.000007625 add_time= 0.000139609
1325 0.000036200 1325 0.000006239 add_time= 0.000054879
2600 0.000319505 2600 0.000008665 add_time= 0.000364248
2704 0.000097221 2704 0.000005762 add_time= 0.000118032
2805 0.000032050 2805 0.000006492 add_time= 0.000054855
2700 0.000082469 2700 0.000007258 add_time= 0.000106170
2650 0.000046549 2650 0.000006645 add_time= 0.000070999
2860 0.000393977 2860 0.000006157 add_time= 0.000416619
2500 0.000007441 2500 0.000013194 add_time= 0.000035785
2805 0.000128066 2805 0.000006549 add_time= 0.000151882
2550 0.000182213 2550 0.000005389 add_time= 0.000201505
2754 0.000255036 2754 0.000007415 add_time= 0.000278936
2750 0.000103079 2750 0.000018604 add_time= 0.000144669
2650 0.000172143 2650 0.000007546 add_time= 0.000201735
2860 0.000050777 2860 0.000008001 add_time= 0.000076666
2750 0.000007186 2750 0.000016284 add_time= 0.000046856
2750 0.000061278 2750 0.000007241 add_time= 0.000085433
2550 0.000107899 2550 0.000006579 add_time= 0.000130514
2750 0.000070757 2750 0.000006582 add_time= 0.000093640
2650 0.000043132 2650 0.000008571 add_time= 0.000106288
2704 0.000173802 2704 0.000007386 add_time= 0.000218751
2500 0.000063553 2500 0.000008685 add_time= 0.000117120
2550 0.000118895 2550 0.000008197 add_time= 0.000152447
2500 0.000060501 2500 0.000007614 add_time= 0.000093737
2750 0.000090221 2750 0.000007869 add_time= 0.000136770
2756 0.000175983 2756 0.000007949 add_time= 0.000205368
2500 0.000084939 2500 0.000007130 add_time= 0.000119110
2750 0.000146657 2750 0.000007748 add_time= 0.000172065
2550 0.000149257 2550 0.000008266 add_time= 0.000174162
2805 0.000107148 2805 0.000007595 add_time= 0.000131576
1250 0.000048070 1250 0.000005377 add_time= 0.000066485
2650 0.000222332 2650 0.000006643 add_time= 0.000245497
2550 0.000058394 2550 0.000007156 add_time= 0.000099358
2500 0.000041709 2500 0.000006235 add_time= 0.000062348
3025 0.000042698 3025 0.000005832 add_time= 0.000073052
2805 0.000040242 2805 0.000017761 add_time= 0.000077079
3025 0.000043190 3025 0.000007102 add_time= 0.000065649
2750 0.000225845 2750 0.000006907 add_time= 0.000248915
2750 0.000046250 2750 0.000006847 add_time= 0.000068624
2550 0.000071658 2550 0.000006395 add_time= 0.000092600
2652 0.000113524 2652 0.000018419 add_time= 0.000158177
2700 0.000047937 2700 0.000007342 add_time= 0.000069875
2650 0.000070306 2650 0.000006459 add_time= 0.000092566
2600 0.000060576 2600 0.000006040 add_time= 0.000080269
2750 0.000039546 2750 0.000007503 add_time= 0.000062603
2500 0.000041066 2500 0.000006369 add_time= 0.000062043
2500 0.000057363 2500 0.000007017 add_time= 0.000079513
1250 0.000151010 1250 0.000005879 add_time= 0.000167908
2915 0.000274889 2915 0.000006664 add_time= 0.000297310
2600 0.000032348 2600 0.000006252 add_time= 0.000052599
2550 0.000007144 2550 0.000013656 add_time= 0.000035792
2550 0.000043809 2550 0.000005703 add_time= 0.000062473
2750 0.000065648 2750 0.000006476 add_time= 0.000085716
2600 0.000076677 2600 0.000006148 add_time= 0.000102625
2700 0.000037546 2700 0.000007217 add_time= 0.000066920
2703 0.000135531 2703 0.000007023 add_time= 0.000158146
2600 0.000044348 2600 0.000012792 add_time= 0.000074009
2500 0.000076260 2500 0.000006672 add_time= 0.000098015
2600 0.000023311 2600 0.000006580 add_time= 0.000043699
2550 0.000157447 2550 0.000005936 add_time= 0.000176479
2650 0.000078081 2650 0.000005726 add_time= 0.000097233
1275 0.000164474 1275 0.000005282 add_time= 0.000180330
2500 0.000347612 2500 0.000006411 add_time= 0.000368925
2860 0.000029834 2860 0.000007079 add_time= 0.000050943
2500 0.000015876 2500 0.000023706 add_time= 0.000054515
2750 0.000040094 2750 0.000006587 add_time= 0.000062250
2750 0.000086468 2750 0.000006690 add_time= 0.000107165
1350 0.000025590 1350 0.000006313 add_time= 0.000044519
625 0.000199005 625 0.000005564 add_time= 0.000214134
2650 0.000035538 2650 0.000006547 add_time= 0.000057372
2860 0.000083491 2860 0.000006011 add_time= 0.000103414
2550 0.000007002 2550 0.000015462 add_time= 0.000037464
2600 0.000050528 2600 0.000006152 add_time= 0.000069856
2500 0.000078929 2500 0.000006088 add_time= 0.000097856
1275 0.000187886 1275 0.000005496 add_time= 0.000204408
2700 0.000056205 2700 0.000005845 add_time= 0.000075353
2750 0.000179829 2750 0.000006216 add_time= 0.000199151
2550 0.000107451 2550 0.000007273 add_time= 0.000129835
2600 0.000033911 2600 0.000005801 add_time= 0.000052712
2500 0.000006256 2500 0.000013254 add_time= 0.000039803
2860 0.000034378 2860 0.000006305 add_time= 0.000055939
2550 0.000029136 2550 0.000006409 add_time= 0.000049238
2500 0.000064021 2500 0.000005842 add_time= 0.000083062
2703 0.000055860 2703 0.000006449 add_time= 0.000077652
2600 0.000033960 2600 0.000005930 add_time= 0.000053517
2500 0.000034217 2500 0.000005764 add_time= 0.000052918
3025 0.000057026 3025 0.000006669 add_time= 0.000098117
2805 0.000058086 2805 0.000009137 add_time= 0.000081376
2600 0.000062029 2600 0.000005950 add_time= 0.000081169
2500 0.000210606 2500 0.000005882 add_time= 0.000229394
2650 0.000295312 2650 0.000006471 add_time= 0.000316245
2600 0.000079173 2600 0.000005545 add_time= 0.000097897
2750 0.000112609 2750 0.000006448 add_time= 0.000132496
2500 0.000112285 2500 0.000006488 add_time= 0.000131661
1275 0.000040436 1275 0.000005032 add_time= 0.000056138
2700 0.000089076 2700 0.000005946 add_time= 0.000108391
2500 0.000237375 2500 0.000006555 add_time= 0.000257036
2650 0.000552907 2650 0.000009972 add_time= 0.000597208
2600 0.000173376 2600 0.000010164 add_time= 0.000204013
2915 0.000011521 2915 0.000025172 add_time= 0.000060370
2750 0.000118788 2750 0.000006162 add_time= 0.000139949
2500 0.000155241 2500 0.000007291 add_time= 0.000181497
2500 0.000244348 2500 0.000016306 add_time= 0.000298226
2500 0.000400869 2500 0.000015941 add_time= 0.000435271
2750 0.000013225 2750 0.000015191 add_time= 0.000055015
2652 0.000239265 2652 0.000007215 add_time= 0.000266129
2601 0.000164167 2601 0.000007839 add_time= 0.000187615
2860 0.000066774 2860 0.000007423 add_time= 0.000108331
2809 0.000030860 2809 0.000006868 add_time= 0.000056282
2600 0.000575478 2600 0.000009905 add_time= 0.000600421
3025 0.000030276 3025 0.000010830 add_time= 0.000067280
2805 0.000043914 2805 0.000006823 add_time= 0.000067419
2500 0.000135504 2500 0.000007040 add_time= 0.000158751
2750 0.000041029 2750 0.000010642 add_time= 0.000067426
2809 0.000052857 2809 0.000006915 add_time= 0.000077582
2808 0.000038129 2808 0.000006386 add_time= 0.000059862
2500 0.000008114 2500 0.000013479 add_time= 0.000037214
2550 0.000085106 2550 0.000007117 add_time= 0.000116216
2754 0.000269893 2754 0.000007770 add_time= 0.000300928
2750 0.000028491 2750 0.000006745 add_time= 0.000051337
2703 0.000157107 2703 0.000007038 add_time= 0.000183613
2600 0.000122391 2600 0.000006474 add_time= 0.000143157
2750 0.000015952 2750 0.000036806 add_time= 0.000069502
2500 0.000045011 2500 0.000007659 add_time= 0.000085259
2500 0.000150239 2500 0.000007120 add_time= 0.000181154
2808 0.000095994 2808 0.000010254 add_time= 0.000122880
1250 0.000061550 1250 0.000006897 add_time= 0.000082460
2650 0.000166421 2650 0.000008785 add_time= 0.000209001
2704 0.000128827 2704 0.000007477 add_time= 0.000151845
2700 0.000021300 2700 0.000020683 add_time= 0.000065721
2750 0.000096981 2750 0.000006804 add_time= 0.000120065
2550 0.000048843 2550 0.000006563 add_time= 0.000082956
2750 0.000084903 2750 0.000007540 add_time= 0.000109136
2500 0.000273983 2500 0.000007018 add_time= 0.000298568
1300 0.000418151 1300 0.000013457 add_time= 0.000444479
2500 0.000065161 2500 0.000007171 add_time= 0.000088659
2550 0.000097961 2550 0.000006945 add_time= 0.000120803
2500 0.000116447 2500 0.000006792 add_time= 0.000139043
2550 0.000071838 2550 0.000005920 add_time= 0.000091821
2750 0.000040004 2750 0.000006275 add_time= 0.000063949
2915 0.000078946 2915 0.000007326 add_time= 0.000116050
1300 0.000038323 1300 0.000021444 add_time= 0.000098854
2750 0.000055850 2750 0.000007808 add_time= 0.000090092
2550 0.000067915 2550 0.000006783 add_time= 0.000100026
2550 0.000026879 2550 0.000006950 add_time= 0.000056113
2500 0.000053876 2500 0.000006662 add_time= 0.000073969
2650 0.000390748 2650 0.000011534 add_time= 0.000545679
2700 0.000042927 2700 0.000033929 add_time= 0.000113326
2805 0.000049614 2805 0.000008543 add_time= 0.000092425
2750 0.000076276 2750 0.000019913 add_time= 0.000142354
2700 0.000059951 2700 0.000008376 add_time= 0.000109303
1250 0.000024362 1250 0.000008123 add_time= 0.000061672
2650 0.000248955 2650 0.000011252 add_time= 0.000283754
2550 0.000078147 2550 0.000006364 add_time= 0.000100145
2500 0.000092651 2500 0.000007141 add_time= 0.000116234
2550 0.000056966 2550 0.000006915 add_time= 0.000087502
2700 0.000035999 2700 0.000007243 add_time= 0.000059643
2500 0.000285979 2500 0.000006704 add_time= 0.000308333
2500 0.000020442 2500 0.000034093 add_time= 0.000089505
2750 0.000035449 2750 0.000006507 add_time= 0.000070217
2601 0.000053550 2601 0.000006525 add_time= 0.000075171
2750 0.000057984 2750 0.000007267 add_time= 0.000081528
2750 0.000199265 2750 0.000006679 add_time= 0.000222847
2860 0.000045317 2860 0.000006992 add_time= 0.000068337
2750 0.000008487 2750 0.000018664 add_time= 0.000047120
2750 0.000056523 2750 0.000008266 add_time= 0.000081106
2601 0.000048564 2601 0.000006604 add_time= 0.000070926
1375 0.000048088 1375 0.000005728 add_time= 0.000075191
2500 0.000187145 2500 0.000007300 add_time= 0.000210193
2500 0.000132987 2500 0.000006331 add_time= 0.000157274
2600 0.000111596 2600 0.000010812 add_time= 0.000142347
2750 0.000084569 2750 0.000007921 add_time= 0.000108788
2500 0.000059963 2500 0.000006716 add_time= 0.000082152
2500 0.000116856 2500 0.000006789 add_time= 0.000139589
2600 0.000217818 2600 0.000007006 add_time= 0.000240491
2970 0.000056205 2970 0.000008169 add_time= 0.000089393
2500 0.000039230 2500 0.000006849 add_time= 0.000067879
2601 0.000056787 2601 0.000007120 add_time= 0.000089351
2500 0.000053762 2500 0.000015339 add_time= 0.000084514
2600 0.000168296 2600 0.000014584 add_time= 0.000201718
2704 0.000073571 2704 0.000006936 add_time= 0.000096308
3025 0.000013948 3025 0.000014783 add_time= 0.000053302
2750 0.000067239 2750 0.000006681 add_time= 0.000089949
2500 0.000080292 2500 0.000006424 add_time= 0.000102004
2750 0.000058517 2750 0.000007524 add_time= 0.000081849
2750 0.000073419 2750 0.000006691 add_time= 0.000095412
2600 0.000030570 2600 0.000007331 add_time= 0.000061381
2750 0.000015664 2750 0.000041307 add_time= 0.000075256
3025 0.000010306 3025 0.000015628 add_time= 0.000047663
2600 0.000034588 2600 0.000005891 add_time= 0.000053673
2750 0.000070618 2750 0.000010788 add_time= 0.000097003
2550 0.000032960 2550 0.000006281 add_time= 0.000052914
1250 0.000068246 1250 0.000006683 add_time= 0.000087768
2650 0.000407065 2650 0.000006839 add_time= 0.000430239
2600 0.000132492 2600 0.000005839 add_time= 0.000154258
2750 0.000006256 2750 0.000013224 add_time= 0.000032682
1250 0.000118375 1250 0.000006931 add_time= 0.000138417
2550 0.000085266 2550 0.000006378 add_time= 0.000106991
2805 0.000059129 2805 0.000007416 add_time= 0.000082426
1325 0.000361227 1325 0.000006923 add_time= 0.000381749
2600 0.000034607 2600 0.000006426 add_time= 0.000055160
2970 0.000045034 2970 0.000010233 add_time= 0.000072716
2754 0.000056130 2754 0.000006777 add_time= 0.000077905
2500 0.000072720 2500 0.000009040 add_time= 0.000096999
2750 0.000046991 2750 0.000007112 add_time= 0.000068782
2703 0.000396465 2703 0.000007461 add_time= 0.000420064
2750 0.000036772 2750 0.000010145 add_time= 0.000071135
1375 0.000045238 1375 0.000014379 add_time= 0.000076148
2550 0.000047956 2550 0.000006210 add_time= 0.000069054
1275 0.000067270 1275 0.000005926 add_time= 0.000084263
2550 0.000069382 2550 0.000011379 add_time= 0.000093988
2650 0.000190312 2650 0.000006558 add_time= 0.000212279
2600 0.000125107 2600 0.000009839 add_time= 0.000148527
1250 0.000102210 1250 0.000005459 add_time= 0.000118324
2500 0.000008234 2500 0.000023506 add_time= 0.000046905
2750 0.000054162 2750 0.000010356 add_time= 0.000078131
2500 0.000036228 2500 0.000005742 add_time= 0.000054733
2805 0.000054417 2805 0.000005842 add_time= 0.000073563
2750 0.000161884 2750 0.000006517 add_time= 0.000186473
2500 0.000714873 2500 0.000007496 add_time= 0.000748751
2704 0.000026190 2704 0.000007684 add_time= 0.000063417
2750 0.000013640 2750 0.000016277 add_time= 0.000058722
2601 0.000728920 2601 0.000007294 add_time= 0.000755386
2750 0.000239600 2750 0.000006816 add_time= 0.000273280
2500 0.000072758 2500 0.000008292 add_time= 0.000105967
2915 0.000436152 2915 0.000010238 add_time= 0.000464885
2805 0.000009294 2805 0.000015551 add_time= 0.000047756
2970 0.000066978 2970 0.000010862 add_time= 0.000107877
2550 0.000325107 2550 0.000008009 add_time= 0.000350108
2550 0.000146242 2550 0.000013377 add_time= 0.000178638
2500 0.000117901 2500 0.000005787 add_time= 0.000138117
2500 0.000050710 2500 0.000007291 add_time= 0.000074050
2809 0.000035892 2809 0.000006985 add_time= 0.000061390
2600 0.000071583 2600 0.000015870 add_time= 0.000102844
2750 0.000011993 2750 0.000013787 add_time= 0.000047182
2750 0.000083048 2750 0.000005871 add_time= 0.000102481
2550 0.000220072 2550 0.000014786 add_time= 0.000250491
3025 0.000065983 3025 0.000009194 add_time= 0.000099568
2809 0.000045115 2809 0.000007072 add_time= 0.000069622
2600 0.000344268 2600 0.000007312 add_time= 0.000368716
2750 0.000008116 2750 0.000019800 add_time= 0.000048925
3025 0.000154323 3025 0.000007699 add_time= 0.000190966
2750 0.000085031 2750 0.000007272 add_time= 0.000117706
2500 0.000047420 2500 0.000006835 add_time= 0.000076855
