2500 0.000166657 2500 0.000018097 add_time= 0.001543161
2500 0.000030164 2500 0.000008394 add_time= 0.000054151
2652 0.000051111 2652 0.000018057 add_time= 0.000086751
2500 0.000420019 2500 0.000007881 add_time= 0.000449328
2500 0.000027852 2500 0.000006152 add_time= 0.000057819
2550 0.000033226 2550 0.000024563 add_time= 0.000075114
2550 0.000168230 2550 0.000010125 add_time= 0.000225948
2805 0.000244957 2805 0.000031187 add_time= 0.000296817
2750 0.000006543 2750 0.000026207 add_time= 0.000049064
2750 0.000052826 2750 0.000011099 add_time= 0.000089841
2500 0.000093966 2500 0.000019381 add_time= 0.000132934
2550 0.000048558 2550 0.000007945 add_time= 0.000073467
2808 0.000053154 2808 0.000008714 add_time= 0.000077578
2600 0.001067010 2600 0.000010547 add_time= 0.001105374
2750 0.000151665 2750 0.000031082 add_time= 0.000200287
2750 0.000066589 2750 0.000007825 add_time= 0.000091067
2750 0.000154755 2750 0.000041915 add_time= 0.000220083
2500 0.000201209 2500 0.000007055 add_time= 0.000222967
2550 0.000006592 2550 0.000013112 add_time= 0.000044215
2750 0.000072743 2750 0.000010556 add_time= 0.000115779
2805 0.000083859 2805 0.000010258 add_time= 0.000111888
1275 0.000037196 1275 0.000006015 add_time= 0.000057562
2500 0.000362873 2500 0.000009142 add_time= 0.000506140
2550 0.000060079 2550 0.000008888 add_time= 0.000104470
2700 0.000019731 2700 0.000012994 add_time= 0.000068225
2915 0.000358707 2915 0.000014224 add_time= 0.002168421
1250 0.000138773 1250 0.000007630 add_time= 0.000160894
2600 0.000181252 2600 0.000009455 add_time= 0.000210484
2703 0.000111658 2703 0.000006512 add_time= 0.000134435
2860 0.000175444 2860 0.000010918 add_time= 0.000236241
2550 0.000213403 2550 0.000008307 add_time= 0.000239503
2756 0.000322756 2756 0.000007947 add_time= 0.000364308
2805 0.000212265 2805 0.000011153 add_time= 0.000242352
2500 0.000554397 2500 0.000042989 add_time= 0.000656285
2550 0.000294799 2550 0.000008699 add_time= 0.000329014
2600 0.000104528 2600 0.000010684 add_time= 0.000137961
2750 0.000064554 2750 0.000006844 add_time= 0.000092297
2601 0.000114296 2601 0.000006931 add_time= 0.000138638
3025 0.000403991 3025 0.000007491 add_time= 0.000442015
2500 0.000098223 2500 0.000005901 add_time= 0.000129498
1250 0.000054898 1250 0.000006790 add_time= 0.000078922
2700 0.000090771 2700 0.000010135 add_time= 0.000228440
2750 0.000042331 2750 0.000007906 add_time= 0.000087737
2915 0.000027750 2915 0.000027099 add_time= 0.000105750
