3025 0.000814753 3025 0.000025306 add_time= 0.001975057
2700 0.000130667 2700 0.000007631 add_time= 0.000154720
1250 0.000039633 1250 0.000007539 add_time= 0.000063211
2652 0.000124390 2652 0.000007714 add_time= 0.000152429
2500 0.000093813 2500 0.000006810 add_time= 0.000117474
2750 0.000019976 2750 0.000026113 add_time= 0.000068719
2600 0.000115660 2600 0.000006635 add_time= 0.000146758
2750 0.000075479 2750 0.000012114 add_time= 0.000123434
2500 0.000108568 2500 0.000017015 add_time= 0.000142115
2500 0.000172898 2500 0.000008637 add_time= 0.000199515
3025 0.000269555 3025 0.000009561 add_time= 0.000314858
2601 0.000257034 2601 0.000007026 add_time= 0.000280235
2704 0.000553478 2704 0.000012367 add_time= 0.000603203
1250 0.000118368 1250 0.000007097 add_time= 0.000140294
1275 0.000026624 1275 0.000006927 add_time= 0.000046716
2550 0.000084654 2550 0.000007238 add_time= 0.000111665
2500 0.000145896 2500 0.000006490 add_time= 0.000174043
2970 0.000008909 2970 0.000074901 add_time= 0.000101426
2750 0.000095839 2750 0.000007024 add_time= 0.000119106
2600 0.000049971 2600 0.000010409 add_time= 0.000091355
2750 0.000033545 2750 0.000006908 add_time= 0.000056906
2750 0.000054287 2750 0.000006695 add_time= 0.000077450
2860 0.000152746 2860 0.000010600 add_time= 0.000260345
2805 0.000029603 2805 0.000028586 add_time= 0.000091951
2750 0.000036085 2750 0.000010425 add_time= 0.000073607
1250 0.000025765 1250 0.000008002 add_time= 0.000068114
2805 0.000092185 2805 0.000022524 add_time= 0.001494163
2750 0.000145266 2750 0.000007380 add_time= 0.000168192
2862 0.000192859 2862 0.000007741 add_time= 0.000228397
2600 0.000230738 2600 0.000008660 add_time= 0.000265447
1250 0.000049380 1250 0.000013134 add_time= 0.000081583
2970 0.000064096 2970 0.000007633 add_time= 0.000104360
2600 0.000164643 2600 0.000009508 add_time= 0.000210977
2700 0.000130866 2700 0.000008280 add_time= 0.000174401
2550 0.000252835 2550 0.000008155 add_time= 0.000276934
2600 0.000396624 2600 0.000007675 add_time= 0.000424689
2500 0.000007622 2500 0.000033526 add_time= 0.000067102
2750 0.000320863 2750 0.000007063 add_time= 0.000343442
2750 0.000203703 2750 0.000007765 add_time= 0.000241484
3025 0.000158554 3025 0.000007790 add_time= 0.000184393
2500 0.000186510 2500 0.000007156 add_time= 0.000208226
2754 0.000140296 2754 0.000010417 add_time= 0.000166606
2750 0.000454703 2750 0.000007912 add_time= 0.000484161
2550 0.000101862 2550 0.000007299 add_time= 0.000125320
2500 0.000326744 2500 0.000007182 add_time= 0.000396721
2500 0.000117982 2500 0.000009852 add_time= 0.000153178
2750 0.000116022 2750 0.000011743 add_time= 0.000234760
2550 0.000043670 2550 0.000008936 add_time= 0.000107297
2750 0.000026491 2750 0.000010944 add_time= 0.000085528
