2500 0.000019997 2500 0.000029308 add_time= 0.001390878
2750 0.000065844 2750 0.000007510 add_time= 0.000089476
2805 0.000074299 2805 0.000007818 add_time= 0.000098203
2550 0.000127451 2550 0.000007628 add_time= 0.000150459
2650 0.000019123 2650 0.000083700 add_time= 0.000125378
1375 0.000081072 1375 0.000007150 add_time= 0.000103621
2500 0.000078286 2500 0.000007251 add_time= 0.000111382
2915 0.000014021 2915 0.000025391 add_time= 0.000123023
2750 0.000099051 2750 0.000008647 add_time= 0.000164749
1275 0.000057377 1275 0.000015128 add_time= 0.000103174
2650 0.000008839 2650 0.000031220 add_time= 0.000076284
2750 0.000046187 2750 0.000007497 add_time= 0.000082741
2805 0.000033792 2805 0.000007966 add_time= 0.000075784
2650 0.000028478 2650 0.000132030 add_time= 0.000197140
2750 0.000293350 2750 0.000007028 add_time= 0.000318032
2500 0.000152490 2500 0.000006882 add_time= 0.000175303
2915 0.000008821 2915 0.000077238 add_time= 0.000115795
2600 0.000201499 2600 0.000008772 add_time= 0.000227205
2700 0.000070084 2700 0.000042752 add_time= 0.000131417
2650 0.000007865 2650 0.000031445 add_time= 0.000062396
2650 0.000126379 2650 0.000006968 add_time= 0.000149483
2600 0.000073761 2600 0.000007138 add_time= 0.000108758
2500 0.000119912 2500 0.000012160 add_time= 0.000243763
2500 0.000033366 2500 0.000009591 add_time= 0.000070647
2808 0.000056801 2808 0.000008278 add_time= 0.000098822
2650 0.000023840 2650 0.000033079 add_time= 0.001421976
2500 0.000047034 2500 0.000007960 add_time= 0.000088634
2601 0.000252131 2601 0.000014360 add_time= 0.000282763
2703 0.000018563 2703 0.000086428 add_time= 0.000129853
2500 0.000089662 2500 0.000023917 add_time= 0.000139297
2550 0.000094348 2550 0.000017640 add_time= 0.000125709
2652 0.000086867 2652 0.000014393 add_time= 0.000116001
2500 0.000057491 2500 0.000006041 add_time= 0.000077058
2550 0.000013161 2550 0.000023977 add_time= 0.000087597
2500 0.000091687 2500 0.000036076 add_time= 0.000161938
2805 0.000106512 2805 0.000025373 add_time= 0.000158708
2650 0.000010941 2650 0.000026044 add_time= 0.000069938
2750 0.000207013 2750 0.000008032 add_time= 0.000243227
2652 0.000073890 2652 0.000007293 add_time= 0.000105851
2600 0.000465074 2600 0.000008511 add_time= 0.000507327
2550 0.000260220 2550 0.000045718 add_time= 0.000320485
2750 0.000106687 2750 0.000007131 add_time= 0.000130302
2652 0.000200826 2652 0.000009087 add_time= 0.000241398
2601 0.000221244 2601 0.000007564 add_time= 0.000244956
2750 0.000478740 2750 0.000009320 add_time= 0.000516308
2500 0.000042079 2500 0.000007624 add_time= 0.000067894
2500 0.000135647 2500 0.000007434 add_time= 0.000159964
2500 0.000056052 2500 0.000013023 add_time= 0.000166672
2750 0.000055093 2750 0.000009043 add_time= 0.000097624
2700 0.000094667 2700 0.000009563 add_time= 0.000137354
2750 0.000027597 2750 0.000098331 add_time= 0.001307573
2750 0.000058119 2750 0.000015076 add_time= 0.000088901
2600 0.000063577 2600 0.000006501 add_time= 0.000084637
2550 0.000043075 2550 0.000017688 add_time= 0.000080346
2500 0.000092219 2500 0.000005722 add_time= 0.000111493
2600 0.000015256 2600 0.000020468 add_time= 0.000052746
2500 0.000086948 2500 0.000006588 add_time= 0.000117758
2550 0.000026415 2550 0.000012387 add_time= 0.000054658
2550 0.000073602 2550 0.000006853 add_time= 0.000096675
2916 0.000066973 2916 0.000006989 add_time= 0.000090381
1300 0.000049764 1300 0.000005722 add_time= 0.000070937
2750 0.000008832 2750 0.000103776 add_time= 0.000168595
2700 0.000151715 2700 0.000009211 add_time= 0.000178473
2500 0.000168672 2500 0.000042575 add_time= 0.000228205
2652 0.000114224 2652 0.000006568 add_time= 0.000136091
2600 0.000113931 2600 0.000006265 add_time= 0.000134519
2805 0.000084022 2805 0.000006661 add_time= 0.000105542
1275 0.000038253 1275 0.000005483 add_time= 0.000057364
2500 0.000006434 2500 0.000023607 add_time= 0.000047157
2600 0.000122599 2600 0.000007259 add_time= 0.000151997
2500 0.000054428 2500 0.000007051 add_time= 0.000077742
2650 0.000073196 2650 0.000007639 add_time= 0.000097276
2916 0.000103093 2916 0.000007148 add_time= 0.000127425
2500 0.000101200 2500 0.000006354 add_time= 0.000121863
2500 0.000183308 2500 0.000006711 add_time= 0.000225842
2808 0.000017210 2808 0.000166792 add_time= 0.000199438
2500 0.000226078 2500 0.000006547 add_time= 0.000255344
2805 0.000160268 2805 0.000007582 add_time= 0.000185856
2500 0.000178941 2500 0.000006817 add_time= 0.000210933
2550 0.000235761 2550 0.000006243 add_time= 0.000256723
1250 0.000103099 1250 0.000005689 add_time= 0.000132307
2600 0.000007966 2600 0.000015411 add_time= 0.000041252
2600 0.000006581 2600 0.000015518 add_time= 0.000036572
2500 0.000120775 2500 0.000007561 add_time= 0.000156197
2600 0.000126427 2600 0.000006315 add_time= 0.000147179
2650 0.000080237 2650 0.000006709 add_time= 0.000101769
2601 0.000233695 2601 0.000006033 add_time= 0.000254755
2750 0.000120439 2750 0.000006034 add_time= 0.000141119
2550 0.000014557 2550 0.000081126 add_time= 0.000111636
2500 0.000088832 2500 0.000006795 add_time= 0.000110387
2750 0.000200183 2750 0.000005955 add_time= 0.000220102
1375 0.000052495 1375 0.000005807 add_time= 0.000069837
2550 0.000167849 2550 0.000005953 add_time= 0.000197208
2700 0.000106211 2700 0.000012962 add_time= 0.000134164
2650 0.000063860 2650 0.000009739 add_time= 0.000178888
2600 0.000014527 2600 0.000008296 add_time= 0.000051219
2805 0.000106603 2805 0.000007906 add_time= 0.000140058
2805 0.000110208 2805 0.000007780 add_time= 0.000144279
2700 0.000016200 2700 0.000008538 add_time= 0.000049919
2550 0.000055488 2550 0.000007582 add_time= 0.000084504
2600 0.000433607 2600 0.000049719 add_time= 0.000511057
1250 0.000565180 1250 0.000027337 add_time= 0.000609019
2750 0.000444595 2750 0.000007152 add_time= 0.000475495
2550 0.000137536 2550 0.000027171 add_time= 0.000180777
3025 0.000092620 3025 0.000009651 add_time= 0.000118466
2600 0.000014739 2600 0.000375084 add_time= 0.000407139
2750 0.000066310 2750 0.000007217 add_time= 0.000090176
2500 0.000462563 2500 0.000018930 add_time= 0.000498160
2550 0.000417127 2550 0.000006835 add_time= 0.000439287
2500 0.000204305 2500 0.000007395 add_time= 0.000227871
2600 0.000355961 2600 0.000007878 add_time= 0.000380807
2750 0.000200898 2750 0.000026614 add_time= 0.000250822
2550 0.000119688 2550 0.000007454 add_time= 0.000148093
2550 0.000355272 2550 0.000030102 add_time= 0.000400146
2970 0.000072500 2970 0.000007319 add_time= 0.000097197
2550 0.000089120 2550 0.000008843 add_time= 0.000112487
2915 0.000197919 2915 0.000007467 add_time= 0.000223131
2750 0.000084638 2750 0.000006578 add_time= 0.000108004
2700 0.000189615 2700 0.000032822 add_time= 0.000237242
2750 0.000094817 2750 0.000006355 add_time= 0.000118188
2550 0.000122524 2550 0.000007796 add_time= 0.000146550
2700 0.000176059 2700 0.000026573 add_time= 0.000217501
2550 0.000122756 2550 0.000006754 add_time= 0.000156928
2500 0.000006777 2500 0.000074641 add_time= 0.000098574
2970 0.000068042 2970 0.000007135 add_time= 0.000091643
2500 0.000298170 2500 0.000025636 add_time= 0.000338159
2500 0.000130493 2500 0.000006912 add_time= 0.000153610
2500 0.000190859 2500 0.000027253 add_time= 0.000240053
1250 0.000108101 1250 0.000006570 add_time= 0.000128269
1325 0.000118266 1325 0.000006237 add_time= 0.000153114
1300 0.000022502 1300 0.000023325 add_time= 0.000059728
2750 0.000238525 2750 0.000006762 add_time= 0.000271761
2500 0.000137374 2500 0.000006022 add_time= 0.000158482
2703 0.000194240 2703 0.000006395 add_time= 0.000222816
2500 0.000313887 2500 0.000007692 add_time= 0.000338232
2550 0.000281497 2550 0.000007359 add_time= 0.000306083
2500 0.000265082 2500 0.000007347 add_time= 0.000288506
2750 0.000147007 2750 0.000006888 add_time= 0.000168819
2750 0.000076521 2750 0.000005990 add_time= 0.000104222
2500 0.000137165 2500 0.000006926 add_time= 0.000166183
2754 0.000072978 2754 0.000024011 add_time= 0.000111579
1250 0.000039104 1250 0.000005708 add_time= 0.000065774
2500 0.000409350 2500 0.000007220 add_time= 0.000449245
2750 0.000063394 2750 0.000007672 add_time= 0.000092562
2500 0.000049622 2500 0.000006813 add_time= 0.000073493
1250 0.000071660 1250 0.000006665 add_time= 0.000104913
2750 0.000070067 2750 0.000006081 add_time= 0.000093786
2500 0.000082402 2500 0.000007176 add_time= 0.000119631
2704 0.000007619 2704 0.000026750 add_time= 0.000100334
2600 0.000013837 2600 0.000009791 add_time= 0.000067085
2805 0.000028659 2805 0.000008645 add_time= 0.000082906
2652 0.000038276 2652 0.000009221 add_time= 0.000079064
2550 0.000091211 2550 0.000007742 add_time= 0.000132907
2500 0.000049794 2500 0.000008907 add_time= 0.000095861
2650 0.000227691 2650 0.000007049 add_time= 0.000265465
3025 0.000056257 3025 0.000007262 add_time= 0.000083816
2500 0.000078340 2500 0.000006987 add_time= 0.000103351
2550 0.000044102 2550 0.000006794 add_time= 0.000082584
2601 0.000108443 2601 0.000012868 add_time= 0.000138266
2550 0.000061981 2550 0.000006489 add_time= 0.000090538
2650 0.000223622 2650 0.000008621 add_time= 0.000262462
2704 0.000017025 2704 0.000023620 add_time= 0.000057601
2500 0.000111655 2500 0.000007681 add_time= 0.000143879
2550 0.000062182 2550 0.000007986 add_time= 0.000088921
2500 0.000126719 2500 0.000007242 add_time= 0.000152048
2916 0.000033220 2916 0.000014279 add_time= 0.000066106
2750 0.000044996 2750 0.000006697 add_time= 0.000068297
2650 0.000560120 2650 0.000007799 add_time= 0.000588650
3025 0.000056128 3025 0.000015508 add_time= 0.000090586
2500 0.000076875 2500 0.000007227 add_time= 0.000111774
1250 0.000201260 1250 0.000006125 add_time= 0.000223463
2808 0.000245631 2808 0.000007024 add_time= 0.000268040
2500 0.000056197 2500 0.000027172 add_time= 0.000100253
1250 0.000341867 1250 0.000006300 add_time= 0.000364040
2750 0.000679150 2750 0.000006782 add_time= 0.000714869
2750 0.000049546 2750 0.000007345 add_time= 0.000074217
2550 0.000127589 2550 0.000007702 add_time= 0.000153876
2750 0.000099279 2750 0.000019440 add_time= 0.000135783
2650 0.000133632 2650 0.000007048 add_time= 0.000157974
2805 0.000100828 2805 0.000016404 add_time= 0.000134076
2500 0.000050738 2500 0.000007023 add_time= 0.000073727
2601 0.000191448 2601 0.000006959 add_time= 0.000214059
1250 0.000055627 1250 0.000012279 add_time= 0.000081777
2750 0.000020182 2750 0.000086932 add_time= 0.000124975
2750 0.000211033 2750 0.000006749 add_time= 0.000234051
2500 0.000097754 2500 0.000007159 add_time= 0.000121074
2500 0.000063861 2500 0.000006640 add_time= 0.000086282
2550 0.000220266 2550 0.000006592 add_time= 0.000241230
2500 0.000176670 2500 0.000007166 add_time= 0.000199953
1300 0.000125399 1300 0.000013381 add_time= 0.000152155
2550 0.000300528 2550 0.000006288 add_time= 0.000323181
2600 0.000076482 2600 0.000007442 add_time= 0.000100194
2750 0.000056994 2750 0.000006847 add_time= 0.000085808
2805 0.000062298 2805 0.000007371 add_time= 0.000086292
2754 0.000086033 2754 0.000007322 add_time= 0.000109701
1250 0.000071726 1250 0.000005691 add_time= 0.000097430
2750 0.000207947 2750 0.000006903 add_time= 0.000246529
2700 0.000127755 2700 0.000007227 add_time= 0.000151715
2750 0.000201769 2750 0.000006805 add_time= 0.000230337
2500 0.000202661 2500 0.000007172 add_time= 0.000245499
2970 0.000066482 2970 0.000007012 add_time= 0.000091981
2750 0.000008534 2750 0.000015580 add_time= 0.000042235
2808 0.000085249 2808 0.000007368 add_time= 0.000108349
2500 0.000211164 2500 0.000007843 add_time= 0.000246575
2750 0.000110058 2750 0.000007052 add_time= 0.000133333
2750 0.000225879 2750 0.000006795 add_time= 0.000255078
2750 0.000225434 2750 0.000006139 add_time= 0.000257636
2650 0.000278962 2650 0.000025771 add_time= 0.000320621
3025 0.000072071 3025 0.000006588 add_time= 0.000095401
2750 0.000127176 2750 0.000007353 add_time= 0.000149176
2550 0.000066852 2550 0.000006378 add_time= 0.000086836
2550 0.001074825 2550 0.000006564 add_time= 0.001094675
2600 0.000006957 2600 0.000007850 add_time= 0.000052883
2600 0.000078541 2600 0.000025786 add_time= 0.000129245
2860 0.000051323 2860 0.000008572 add_time= 0.000097677
2750 0.000096805 2750 0.000007915 add_time= 0.000128676
2601 0.000209334 2601 0.000007990 add_time= 0.000249259
2600 0.000027363 2600 0.000015743 add_time= 0.000078245
1250 0.000046727 1250 0.000007661 add_time= 0.000085442
2500 0.000007429 2500 0.000227622 add_time= 0.000249737
2652 0.000039809 2652 0.000006491 add_time= 0.000061848
2550 0.000110708 2550 0.000006556 add_time= 0.000131420
2750 0.000056601 2750 0.000006554 add_time= 0.000078184
2550 0.000393938 2550 0.000006545 add_time= 0.000415469
1250 0.000241357 1250 0.000006038 add_time= 0.000260512
2600 0.000016698 2600 0.000014894 add_time= 0.000046305
2600 0.000014166 2600 0.000014092 add_time= 0.000041265
2500 0.000074607 2500 0.000006316 add_time= 0.000102451
2750 0.000099619 2750 0.000006953 add_time= 0.000121322
2805 0.000236652 2805 0.000006981 add_time= 0.000269429
2805 0.000111974 2805 0.000012407 add_time= 0.000139207
2750 0.000468188 2750 0.000006671 add_time= 0.000489981
2652 0.000191391 2652 0.000006237 add_time= 0.000211054
2500 0.000101852 2500 0.000005689 add_time= 0.000120411
2550 0.000090300 2550 0.000006937 add_time= 0.000112179
2550 0.000073092 2550 0.000007191 add_time= 0.000095365
2550 0.000087067 2550 0.000006550 add_time= 0.000106657
2750 0.000073253 2750 0.000005876 add_time= 0.000092248
2650 0.000479460 2650 0.000009929 add_time= 0.000526049
2600 0.000106502 2600 0.000027415 add_time= 0.000149868
2915 0.000061715 2915 0.000006730 add_time= 0.000083614
3025 0.000095096 3025 0.000027463 add_time= 0.000147224
2550 0.000107145 2550 0.000007112 add_time= 0.000127867
2500 0.000156410 2500 0.000006430 add_time= 0.000176616
1250 0.000132998 1250 0.000007176 add_time= 0.000155017
2703 0.000632895 2703 0.000007648 add_time= 0.000656624
2860 0.000155884 2860 0.000006550 add_time= 0.000176846
2750 0.000170125 2750 0.000005789 add_time= 0.000189722
2970 0.000158508 2970 0.000007539 add_time= 0.000182461
2805 0.000129471 2805 0.000007710 add_time= 0.000152852
2750 0.000378035 2750 0.000007577 add_time= 0.000401314
2704 0.000007166 2704 0.000093151 add_time= 0.000116238
2500 0.000133302 2500 0.000006828 add_time= 0.000155584
2750 0.001669256 2750 0.000027200 add_time= 0.001713067
2600 0.000151380 2600 0.000007450 add_time= 0.000173476
2500 0.000264105 2500 0.000006655 add_time= 0.000284654
1275 0.000125463 1275 0.000005279 add_time= 0.000142361
2650 0.000447548 2650 0.000007450 add_time= 0.000471612
2500 0.000078705 2500 0.000006308 add_time= 0.000098799
2750 0.000034785 2750 0.000006938 add_time= 0.000055162
2500 0.001021579 2500 0.000006162 add_time= 0.001041297
2805 0.000154079 2805 0.000006749 add_time= 0.000174514
2754 0.000254886 2754 0.000006613 add_time= 0.000274960
2500 0.000006184 2500 0.000074856 add_time= 0.000097601
2500 0.000089447 2500 0.000006289 add_time= 0.000129167
2500 0.000146712 2500 0.000026118 add_time= 0.000188129
2550 0.000089991 2550 0.000014906 add_time= 0.000118735
2601 0.000102125 2601 0.000006009 add_time= 0.000121393
2700 0.000194778 2700 0.000005720 add_time= 0.000214244
2750 0.000051053 2750 0.000007038 add_time= 0.000072596
2500 0.000018785 2500 0.000076203 add_time= 0.000129224
2750 0.000101273 2750 0.000018006 add_time= 0.000148153
2500 0.000087039 2500 0.000007134 add_time= 0.000116929
2703 0.000271074 2703 0.000027569 add_time= 0.000326883
2700 0.000173001 2700 0.000006940 add_time= 0.000196604
1250 0.000071891 1250 0.000006450 add_time= 0.000098159
2650 0.000378269 2650 0.000019342 add_time= 0.000415117
2600 0.000007764 2600 0.000014350 add_time= 0.000045605
2500 0.000121128 2500 0.000006675 add_time= 0.000142347
2500 0.000342920 2500 0.000007856 add_time= 0.000367332
2550 0.000254570 2550 0.000006459 add_time= 0.000275883
2750 0.000224993 2750 0.000006612 add_time= 0.000246383
2700 0.000087500 2700 0.000007340 add_time= 0.000111572
2600 0.000192389 2600 0.000007513 add_time= 0.000216574
2600 0.000111802 2600 0.000006784 add_time= 0.000133486
2500 0.000093662 2500 0.000005864 add_time= 0.000118083
2601 0.000113109 2601 0.000006830 add_time= 0.000134996
2700 0.000058972 2700 0.000013863 add_time= 0.000086780
2750 0.000156043 2750 0.000008492 add_time= 0.000201389
3025 0.000040905 3025 0.000007984 add_time= 0.000078024
2805 0.000049616 2805 0.000007385 add_time= 0.000080669
2805 0.000086506 2805 0.000008563 add_time= 0.000122565
2652 0.000007901 2652 0.000010820 add_time= 0.000046146
1250 0.000058399 1250 0.000007048 add_time= 0.000088912
1250 0.000075944 1250 0.000006984 add_time= 0.000103575
2650 0.000203304 2650 0.000007263 add_time= 0.000225337
2600 0.000083643 2600 0.000006318 add_time= 0.000105149
2500 0.000143562 2500 0.000006157 add_time= 0.000162801
2700 0.000031910 2700 0.000022235 add_time= 0.000093720
2650 0.000040551 2650 0.000007158 add_time= 0.000066973
2700 0.000091260 2700 0.000006704 add_time= 0.000118793
2650 0.000062942 2650 0.000006548 add_time= 0.000086057
2500 0.000232846 2500 0.000008074 add_time= 0.000269443
2805 0.000056778 2805 0.000007458 add_time= 0.000084136
1250 0.000149267 1250 0.000005789 add_time= 0.000170488
2750 0.000062070 2750 0.000007677 add_time= 0.000087758
2970 0.000065557 2970 0.000008198 add_time= 0.000098963
2750 0.000052460 2750 0.000006383 add_time= 0.000074390
2750 0.000277308 2750 0.000007823 add_time= 0.000307854
2700 0.000086824 2700 0.000015770 add_time= 0.000119930
2750 0.000059290 2750 0.000006623 add_time= 0.000082213
3025 0.000056428 3025 0.000006697 add_time= 0.000080006
2601 0.000086131 2601 0.000006129 add_time= 0.000114551
2862 0.000041326 2862 0.000006237 add_time= 0.000064002
2500 0.000071153 2500 0.000006023 add_time= 0.000091999
2500 0.000028608 2500 0.000136580 add_time= 0.000186778
2500 0.000037382 2500 0.000006986 add_time= 0.000061808
2500 0.000128029 2500 0.000006440 add_time= 0.000149494
2500 0.000041474 2500 0.000006786 add_time= 0.000066252
2550 0.000036610 2550 0.000006939 add_time= 0.000061506
1300 0.000051295 1300 0.000006209 add_time= 0.000082441
2650 0.000175827 2650 0.000006883 add_time= 0.000205251
2805 0.000043320 2805 0.000007447 add_time= 0.000067231
2600 0.000750405 2600 0.000007235 add_time= 0.000773948
2550 0.000205594 2550 0.000006295 add_time= 0.000226301
2754 0.000112846 2754 0.000007333 add_time= 0.000136685
2750 0.000066439 2750 0.000006917 add_time= 0.000088426
2650 0.000179181 2650 0.000008063 add_time= 0.000216019
2500 0.000087177 2500 0.000011563 add_time= 0.000113399
2600 0.000078319 2600 0.000026623 add_time= 0.000119093
3025 0.000056162 3025 0.000026351 add_time= 0.000100819
2650 0.000076976 2650 0.000006477 add_time= 0.000097707
2700 0.000056973 2700 0.000007181 add_time= 0.000080304
1250 0.000085391 1250 0.000006419 add_time= 0.000105115
2500 0.000479365 2500 0.000006715 add_time= 0.000502374
2500 0.000165110 2500 0.000006571 add_time= 0.000186292
2600 0.000166643 2600 0.000024269 add_time= 0.000204905
2550 0.000177977 2550 0.000007405 add_time= 0.000201072
2601 0.000080408 2601 0.000006954 add_time= 0.000101856
2750 0.000040290 2750 0.000006355 add_time= 0.000061356
2500 0.000803480 2500 0.000028136 add_time= 0.000847765
2750 0.000073433 2750 0.000006645 add_time= 0.000095845
2500 0.000184853 2500 0.000017879 add_time= 0.000216864
2500 0.000060515 2500 0.000026285 add_time= 0.000101099
2700 0.000044145 2700 0.000007272 add_time= 0.000079150
2805 0.000064005 2805 0.000006769 add_time= 0.000085682
625 0.000079461 625 0.000045701 add_time= 0.000149384
2550 0.000006716 2550 0.000017802 add_time= 0.000040422
2500 0.000126911 2500 0.000007263 add_time= 0.000149841
2500 0.000207199 2500 0.000006604 add_time= 0.000228067
2750 0.000106560 2750 0.000007420 add_time= 0.000129600
2650 0.000125521 2650 0.000007647 add_time= 0.000157388
2500 0.000061749 2500 0.000013603 add_time= 0.000090123
1250 0.000161134 1250 0.000006165 add_time= 0.000184349
2650 0.000232580 2650 0.000007428 add_time= 0.000275439
3025 0.000057569 3025 0.000017736 add_time= 0.000097526
3025 0.000163309 3025 0.000007196 add_time= 0.000205055
2601 0.000073094 2601 0.000007473 add_time= 0.000097088
2750 0.000270146 2750 0.000006912 add_time= 0.000302600
2750 0.000084032 2750 0.000007033 add_time= 0.000107591
2650 0.000156698 2650 0.000007461 add_time= 0.000182203
2650 0.000044162 2650 0.000032548 add_time= 0.000104374
2650 0.000094330 2650 0.000006664 add_time= 0.000115784
2550 0.000056749 2550 0.000006789 add_time= 0.000085383
2500 0.000257469 2500 0.000006602 add_time= 0.000278324
2500 0.000138874 2500 0.000007012 add_time= 0.000161068
2750 0.000385650 2750 0.000006755 add_time= 0.000413717
2600 0.000133910 2600 0.000007607 add_time= 0.000167224
3025 0.000104270 3025 0.000006826 add_time= 0.000127865
2805 0.000065543 2805 0.000014671 add_time= 0.000095291
2600 0.000075987 2600 0.000006655 add_time= 0.000099622
2500 0.000094709 2500 0.000006734 add_time= 0.000127233
625 0.003726892 625 0.000006272 add_time= 0.003751698
2915 0.000080625 2915 0.000008588 add_time= 0.000148834
2860 0.000028209 2860 0.000027056 add_time= 0.000086056
2500 0.000126992 2500 0.000008179 add_time= 0.000160111
2805 0.000073667 2805 0.000008003 add_time= 0.000107002
2805 0.000027609 2805 0.000020129 add_time= 0.000080328
2750 0.000026661 2750 0.000008238 add_time= 0.000068515
2750 0.000256520 2750 0.000007777 add_time= 0.000297084
2750 0.000053771 2750 0.000006990 add_time= 0.000078995
2500 0.000040123 2500 0.000007107 add_time= 0.000064145
2601 0.000052033 2601 0.000007919 add_time= 0.000088066
2750 0.000045780 2750 0.000007047 add_time= 0.000070460
2750 0.000310086 2750 0.000008264 add_time= 0.000335802
2650 0.000558847 2650 0.000012415 add_time= 0.000589266
3025 0.000131434 3025 0.000007808 add_time= 0.000171156
2500 0.000064132 2500 0.000006532 add_time= 0.000087048
2700 0.000066533 2700 0.000006892 add_time= 0.000098628
2754 0.000041318 2754 0.000006918 add_time= 0.000064632
2805 0.000131100 2805 0.000007240 add_time= 0.000153585
2550 0.000278899 2550 0.000014193 add_time= 0.000310185
2500 0.000050916 2500 0.000007241 add_time= 0.000074697
2500 0.000021282 2500 0.000006130 add_time= 0.000042257
2500 0.000049595 2500 0.000005890 add_time= 0.000078171
2500 0.000051152 2500 0.000005681 add_time= 0.000071325
2805 0.000075707 2805 0.000006367 add_time= 0.000108030
2650 0.000166210 2650 0.000007094 add_time= 0.000192221
2805 0.000071342 2805 0.000007309 add_time= 0.000095880
3025 0.000038508 3025 0.000006500 add_time= 0.000060654
2550 0.000043788 2550 0.000007370 add_time= 0.000071735
2750 0.000080688 2750 0.000007404 add_time= 0.000116245
2500 0.000017032 2500 0.000013612 add_time= 0.000049491
2500 0.000140993 2500 0.000007085 add_time= 0.000171951
2500 0.000157488 2500 0.000006913 add_time= 0.000180777
2550 0.000050927 2550 0.000006951 add_time= 0.000075082
2700 0.000052608 2700 0.000007191 add_time= 0.000076624
1250 0.000160499 1250 0.000006748 add_time= 0.000183143
2750 0.000633542 2750 0.000007261 add_time= 0.000663678
2750 0.000181614 2750 0.000007431 add_time= 0.000206274
2600 0.000069289 2600 0.000006918 add_time= 0.000092527
2805 0.000075000 2805 0.000007170 add_time= 0.000106220
2500 0.000081203 2500 0.000007108 add_time= 0.000105419
2750 0.000077787 2750 0.000010663 add_time= 0.000105675
1275 0.000039030 1275 0.000005662 add_time= 0.000059731
2550 0.000507080 2550 0.000006919 add_time= 0.000531378
2500 0.000146010 2500 0.000007086 add_time= 0.000169302
2750 0.000155126 2750 0.000026632 add_time= 0.000198502
2805 0.000045871 2805 0.000007545 add_time= 0.000071932
2600 0.000136014 2600 0.000007205 add_time= 0.000167936
2500 0.000126133 2500 0.000007130 add_time= 0.000147817
1275 0.000153317 1275 0.000006095 add_time= 0.000172002
2500 0.000494296 2500 0.000007455 add_time= 0.000518201
2600 0.000121700 2600 0.000006731 add_time= 0.000144534
2500 0.000184061 2500 0.000013425 add_time= 0.000213489
2860 0.000045071 2860 0.000007884 add_time= 0.000078090
2805 0.000141319 2805 0.000007697 add_time= 0.000173890
2970 0.000052065 2970 0.000007406 add_time= 0.000076193
2700 0.000329022 2700 0.000007425 add_time= 0.000353917
2750 0.000305736 2750 0.000006364 add_time= 0.000333682
2500 0.000091906 2500 0.000006481 add_time= 0.000113971
2550 0.000065625 2550 0.000014468 add_time= 0.000097319
2805 0.000059706 2805 0.000006590 add_time= 0.000081288
2750 0.000358354 2750 0.000006592 add_time= 0.000379870
2750 0.000007194 2750 0.000017232 add_time= 0.000042116
2600 0.000007449 2600 0.000027207 add_time= 0.000058674
2750 0.000108534 2750 0.000006522 add_time= 0.000128809
3025 0.000054591 3025 0.000006374 add_time= 0.000076341
2500 0.000103436 2500 0.000005613 add_time= 0.000131491
2550 0.000061644 2550 0.000007145 add_time= 0.000085159
2805 0.000046891 2805 0.000006450 add_time= 0.000067772
2750 0.001134180 2750 0.000007619 add_time= 0.001158562
2650 0.000242980 2650 0.000008294 add_time= 0.000286973
2652 0.000059115 2652 0.000007280 add_time= 0.000082382
2750 0.000063075 2750 0.000010073 add_time= 0.000088227
2500 0.000089850 2500 0.000007316 add_time= 0.000111994
2550 0.000060919 2550 0.000053841 add_time= 0.000131029
2805 0.000095899 2805 0.000006973 add_time= 0.000118444
2750 0.000303721 2750 0.000007925 add_time= 0.000328418
1250 0.000073277 1250 0.000006312 add_time= 0.000106002
2550 0.000296421 2550 0.000007957 add_time= 0.000322321
2750 0.000282011 2750 0.000007977 add_time= 0.000314709
2500 0.000138101 2500 0.000007354 add_time= 0.000161795
2550 0.000257107 2550 0.000006419 add_time= 0.000278467
2500 0.000329450 2500 0.000007907 add_time= 0.000354230
2600 0.000206985 2600 0.000006525 add_time= 0.000230026
2600 0.000079037 2600 0.000007050 add_time= 0.000106705
2750 0.000074883 2750 0.000013026 add_time= 0.000102897
2750 0.000087829 2750 0.000006928 add_time= 0.000112775
2550 0.000102497 2550 0.000005991 add_time= 0.000122127
2700 0.000089703 2700 0.000006836 add_time= 0.000110563
2750 0.000079806 2750 0.000017878 add_time= 0.000111444
1250 0.000060446 1250 0.000005058 add_time= 0.000077528
2600 0.000007568 2600 0.000009613 add_time= 0.000065147
2600 0.000006292 2600 0.000026970 add_time= 0.000066659
2750 0.000044895 2750 0.000008884 add_time= 0.000084546
2500 0.000041216 2500 0.000009140 add_time= 0.000076965
2650 0.000059090 2650 0.000008028 add_time= 0.000093422
2750 0.000175088 2750 0.000007155 add_time= 0.000199288
2500 0.000116868 2500 0.000006550 add_time= 0.000140201
2700 0.000042455 2700 0.000018481 add_time= 0.000077903
2500 0.000065917 2500 0.000018843 add_time= 0.000101908
2700 0.000078076 2700 0.000006698 add_time= 0.000110284
2750 0.000136132 2750 0.000005891 add_time= 0.000163487
2650 0.000234313 2650 0.000007665 add_time= 0.000259832
3025 0.000080438 3025 0.000007158 add_time= 0.000104544
2500 0.000387357 2500 0.000007071 add_time= 0.000409571
2754 0.000092546 2754 0.000006557 add_time= 0.000113094
2700 0.000090936 2700 0.000007077 add_time= 0.000114450
2500 0.000061514 2500 0.000007088 add_time= 0.000082223
2500 0.000011854 2500 0.000093730 add_time= 0.000122586
2750 0.000082008 2750 0.000007132 add_time= 0.000104787
2500 0.000091760 2500 0.000007085 add_time= 0.000112694
1250 0.000080997 1250 0.000006710 add_time= 0.000102243
2700 0.000070869 2700 0.000007808 add_time= 0.000095161
1375 0.000103147 1375 0.000007111 add_time= 0.000130286
2750 0.000021675 2750 0.000016088 add_time= 0.000055546
2600 0.000015576 2600 0.000027826 add_time= 0.000065790
2500 0.000042610 2500 0.000006971 add_time= 0.000076486
2500 0.000104640 2500 0.000006868 add_time= 0.000125405
2805 0.000062519 2805 0.000007083 add_time= 0.000085317
2600 0.000105540 2600 0.000006919 add_time= 0.000126107
1375 0.000070399 1375 0.000006859 add_time= 0.000091365
2650 0.000305616 2650 0.000007472 add_time= 0.000329686
2550 0.000095897 2550 0.000007040 add_time= 0.000118765
2750 0.000065750 2750 0.000007450 add_time= 0.000087287
2750 0.000069437 2750 0.000007252 add_time= 0.000093532
2601 0.000046365 2601 0.000013255 add_time= 0.000076473
3025 0.000079079 3025 0.000007908 add_time= 0.000104023
2750 0.000018876 2750 0.000016348 add_time= 0.000052072
2704 0.000028387 2704 0.000016613 add_time= 0.000060895
2750 0.000070902 2750 0.000007234 add_time= 0.000093218
2750 0.000121496 2750 0.000006993 add_time= 0.000144200
2750 0.000092805 2750 0.000007645 add_time= 0.000115732
1375 0.000075732 1375 0.000006630 add_time= 0.000096550
2700 0.000020312 2700 0.000019091 add_time= 0.000065347
2860 0.000018763 2860 0.000025654 add_time= 0.000062323
2500 0.000217806 2500 0.000007689 add_time= 0.000241472
2550 0.000044161 2550 0.000018827 add_time= 0.000079344
2652 0.000240534 2652 0.000027452 add_time= 0.000283582
3025 0.000033621 3025 0.000007418 add_time= 0.000059048
2700 0.000007950 2700 0.000013537 add_time= 0.000037616
2704 0.000007004 2704 0.000050177 add_time= 0.000071968
2600 0.000106919 2600 0.000026244 add_time= 0.000148357
2500 0.000113132 2500 0.000006811 add_time= 0.000133848
1250 0.000213026 1250 0.000007483 add_time= 0.000236142
2750 0.000095963 2750 0.000020331 add_time= 0.000132949
2860 0.000158327 2860 0.000007407 add_time= 0.000181846
2756 0.000007644 2756 0.000028527 add_time= 0.000053219
2600 0.000073185 2600 0.000007432 add_time= 0.000096212
3025 0.000363249 3025 0.000007382 add_time= 0.000387292
2550 0.000153381 2550 0.000007003 add_time= 0.000176127
2550 0.000109383 2550 0.000007381 add_time= 0.000132923
3025 0.000060883 3025 0.000007244 add_time= 0.000085329
2500 0.000609372 2500 0.000018901 add_time= 0.000644413
2600 0.000070903 2600 0.000007788 add_time= 0.000106142
2600 0.000055515 2600 0.000006215 add_time= 0.000075655
2550 0.000218469 2550 0.000008209 add_time= 0.000243192
2700 0.000087587 2700 0.000007487 add_time= 0.000109980
2860 0.000006949 2860 0.000076321 add_time= 0.000100408
2750 0.000046187 2750 0.000006540 add_time= 0.000073542
2600 0.000082164 2600 0.000012823 add_time= 0.000121753
2500 0.000084730 2500 0.000006930 add_time= 0.000111546
2500 0.000058952 2500 0.000030595 add_time= 0.000102562
2750 0.000066183 2750 0.000034987 add_time= 0.000116958
2750 0.000209015 2750 0.000007214 add_time= 0.000231025
2600 0.000018934 2600 0.000077247 add_time= 0.000130640
2750 0.000041038 2750 0.000008343 add_time= 0.000065672
2500 0.000086000 2500 0.000006830 add_time= 0.000107125
2750 0.000101782 2750 0.000037356 add_time= 0.000153345
2601 0.000214524 2601 0.000006981 add_time= 0.000246547
2750 0.000086446 2750 0.000014228 add_time= 0.000115994
2500 0.000007791 2500 0.000164018 add_time= 0.000188570
2550 0.000344423 2550 0.000007065 add_time= 0.000367743
2860 0.000132725 2860 0.000037747 add_time= 0.000184788
2550 0.000226895 2550 0.000018424 add_time= 0.000261335
1275 0.000150807 1275 0.000006488 add_time= 0.000186278
1300 0.000085416 1300 0.000015090 add_time= 0.000114063
2500 0.000229271 2500 0.000006399 add_time= 0.000251778
2500 0.000146840 2500 0.000006616 add_time= 0.000167412
2750 0.000053061 2750 0.000006180 add_time= 0.000073038
2550 0.000198748 2550 0.000007462 add_time= 0.000221411
2750 0.000093240 2750 0.000006965 add_time= 0.000113940
1250 0.001891206 1250 0.000007030 add_time= 0.001916673
2700 0.000095143 2700 0.000082103 add_time= 0.000215201
2652 0.000064902 2652 0.000007450 add_time= 0.000095910
2860 0.000007529 2860 0.000008535 add_time= 0.000044319
1375 0.000073868 1375 0.000007815 add_time= 0.000113047
2500 0.000087884 2500 0.000007991 add_time= 0.000120856
2600 0.000076307 2600 0.000008000 add_time= 0.000108588
1250 0.000339872 1250 0.000006254 add_time= 0.000358910
1300 0.000134000 1300 0.000006014 add_time= 0.000151146
2750 0.000209023 2750 0.000013352 add_time= 0.000252232
2703 0.000113348 2703 0.000006820 add_time= 0.000135305
2805 0.000093696 2805 0.000011785 add_time= 0.000119164
2750 0.000144027 2750 0.000006911 add_time= 0.000166425
2550 0.000311641 2550 0.000015398 add_time= 0.000356689
2600 0.000141425 2600 0.000006683 add_time= 0.000163791
2600 0.000175794 2600 0.000006736 add_time= 0.000198505
2500 0.000054867 2500 0.000018299 add_time= 0.000088791
2601 0.000098175 2601 0.000006783 add_time= 0.000119264
2600 0.000207276 2600 0.000007836 add_time= 0.000243020
2550 0.000432873 2550 0.000007535 add_time= 0.000464465
2750 0.000133264 2750 0.000007083 add_time= 0.000155979
2500 0.000133460 2500 0.000027523 add_time= 0.000186580
2550 0.000061534 2550 0.000007133 add_time= 0.000084849
2550 0.000084758 2550 0.000006557 add_time= 0.000105732
1325 0.000080600 1325 0.000007181 add_time= 0.000113517
2860 0.000030477 2860 0.000299378 add_time= 0.000349262
1375 0.000068923 1375 0.000006653 add_time= 0.000089229
2500 0.000061465 2500 0.000007087 add_time= 0.000083236
1250 0.000067827 1250 0.000007074 add_time= 0.000089431
1350 0.000107200 1350 0.000006000 add_time= 0.000126878
2805 0.000080190 2805 0.000007338 add_time= 0.000103067
2650 0.000144285 2650 0.000007431 add_time= 0.000171169
1300 0.000115125 1300 0.000006045 add_time= 0.000136360
2500 0.000062998 2500 0.000006905 add_time= 0.000086096
2500 0.000069296 2500 0.000006766 add_time= 0.000089881
2550 0.000069586 2550 0.000019314 add_time= 0.000112610
2860 0.000087370 2860 0.000007440 add_time= 0.000111248
2750 0.000019788 2750 0.000074938 add_time= 0.000113710
2600 0.000194618 2600 0.000007013 add_time= 0.000216331
2650 0.000083567 2650 0.000007629 add_time= 0.000107188
2550 0.000073054 2550 0.000007494 add_time= 0.000096010
2970 0.000094222 2970 0.000008012 add_time= 0.000118842
2500 0.000276693 2500 0.000007829 add_time= 0.000302638
3025 0.000223791 3025 0.000006953 add_time= 0.000248299
2550 0.000111449 2550 0.000007030 add_time= 0.000134757
2652 0.000101252 2652 0.000007020 add_time= 0.000124266
2550 0.000084606 2550 0.000007286 add_time= 0.000115540
2600 0.000537906 2600 0.000007201 add_time= 0.000573953
2750 0.000375117 2750 0.000007718 add_time= 0.000400101
2600 0.000439636 2600 0.000006892 add_time= 0.000460867
2550 0.000568761 2550 0.000006639 add_time= 0.000589711
2500 0.000172142 2500 0.000006689 add_time= 0.000200841
2750 0.000389238 2750 0.000007112 add_time= 0.000410899
1250 0.000410836 1250 0.000017532 add_time= 0.000443123
2750 0.000217449 2750 0.000006509 add_time= 0.000239213
2650 0.000338566 2650 0.000007478 add_time= 0.000362870
2600 0.000126066 2600 0.000007113 add_time= 0.000148074
2550 0.000068213 2550 0.000006182 add_time= 0.000091851
2750 0.000135051 2750 0.000007317 add_time= 0.000166907
2650 0.000215328 2650 0.000007861 add_time= 0.000242546
2650 0.000113520 2650 0.000014598 add_time= 0.000142064
2500 0.000075788 2500 0.000005775 add_time= 0.000094248
2750 0.000206237 2750 0.000007825 add_time= 0.000241992
1275 0.000098468 1275 0.000005151 add_time= 0.000115144
2750 0.000111783 2750 0.000007306 add_time= 0.000141888
2550 0.000013139 2550 0.000311737 add_time= 0.000340472
2750 0.000210778 2750 0.000015601 add_time= 0.000245763
2550 0.000133453 2550 0.000007212 add_time= 0.000156078
2750 0.000104444 2750 0.000007191 add_time= 0.000133945
2700 0.000122305 2700 0.000007156 add_time= 0.000151524
2750 0.000087433 2750 0.000006956 add_time= 0.000118354
2500 0.000006970 2500 0.000017280 add_time= 0.000040260
2600 0.000117934 2600 0.000006204 add_time= 0.000139021
3025 0.000068501 3025 0.000007177 add_time= 0.000102953
2550 0.000104942 2550 0.000006778 add_time= 0.000127173
2550 0.000092121 2550 0.000010197 add_time= 0.000116154
2500 0.000142390 2500 0.000007269 add_time= 0.000164394
1350 0.000040582 1350 0.000006473 add_time= 0.000060869
2650 0.000185418 2650 0.000007147 add_time= 0.000218444
2750 0.000169913 2750 0.000010604 add_time= 0.000205460
2750 0.000497273 2750 0.000006329 add_time= 0.000518123
2550 0.000085039 2550 0.000006705 add_time= 0.000107088
2500 0.000125914 2500 0.000007674 add_time= 0.000149461
1275 0.000050356 1275 0.000026684 add_time= 0.000092295
2600 0.000009751 2600 0.000096491 add_time= 0.000123101
2550 0.000152693 2550 0.000026036 add_time= 0.000195185
2750 0.000053218 2750 0.000006108 add_time= 0.000073715
2550 0.000372078 2550 0.000007237 add_time= 0.000402789
2500 0.000077518 2500 0.000006478 add_time= 0.000097843
2500 0.000044095 2500 0.000006074 add_time= 0.000063799
2915 0.000126687 2915 0.000026492 add_time= 0.000172603
2500 0.000128346 2500 0.000006504 add_time= 0.000149617
2500 0.000128601 2500 0.000006686 add_time= 0.000148928
2550 0.000130433 2550 0.000006690 add_time= 0.000152287
2916 0.000140334 2916 0.000007224 add_time= 0.000160738
2600 0.000007537 2600 0.000025592 add_time= 0.000079663
2600 0.000063698 2600 0.000008206 add_time= 0.000113468
2750 0.000085268 2750 0.000008434 add_time= 0.000129966
2750 0.000052307 2750 0.000007860 add_time= 0.000085555
2500 0.000058571 2500 0.000008174 add_time= 0.000094925
2500 0.000007003 2500 0.000008343 add_time= 0.000042531
2550 0.000650835 2550 0.000006502 add_time= 0.000672986
2750 0.000106172 2750 0.000006976 add_time= 0.000128057
2500 0.000100264 2500 0.000006748 add_time= 0.000121612
2550 0.000071050 2550 0.000006592 add_time= 0.000090857
2750 0.000073980 2750 0.000006941 add_time= 0.000096540
2750 0.000053657 2750 0.000007377 add_time= 0.000076565
2650 0.000310559 2650 0.000016161 add_time= 0.000345603
2805 0.000071686 2805 0.000007662 add_time= 0.000096188
2750 0.000086842 2750 0.000007183 add_time= 0.000110568
2601 0.000122701 2601 0.000007181 add_time= 0.000144479
2500 0.000079811 2500 0.000007527 add_time= 0.000115306
2550 0.000042640 2550 0.000018281 add_time= 0.000075575
2550 0.000334844 2550 0.000007940 add_time= 0.000360924
1250 0.000158435 1250 0.000007187 add_time= 0.000199253
2550 0.000092329 2550 0.000007722 add_time= 0.000117036
2550 0.000069492 2550 0.000007574 add_time= 0.000092901
1250 0.000064371 1250 0.000018009 add_time= 0.000095880
2500 0.000072227 2500 0.000015245 add_time= 0.000103405
2500 0.000380705 2500 0.000007629 add_time= 0.000407980
2600 0.000101288 2600 0.000012787 add_time= 0.000129845
2550 0.000113466 2550 0.000006245 add_time= 0.000134223
2601 0.000085784 2601 0.000006999 add_time= 0.000108973
2650 0.000122463 2650 0.000007213 add_time= 0.000146002
2750 0.000051475 2750 0.000014945 add_time= 0.000082882
1375 0.000111167 1375 0.000006530 add_time= 0.000130922
2500 0.000223123 2500 0.000015245 add_time= 0.000257145
2700 0.000127962 2700 0.000007220 add_time= 0.000159324
2750 0.000101938 2750 0.000006744 add_time= 0.000135721
1275 0.000082482 1275 0.000007111 add_time= 0.000104607
2750 0.000099417 2750 0.000006332 add_time= 0.000129977
1300 0.000061510 1300 0.000005955 add_time= 0.000079692
1250 0.000474643 1250 0.000007029 add_time= 0.000496555
2500 0.000089084 2500 0.000007269 add_time= 0.000114876
2860 0.000073805 2860 0.000008163 add_time= 0.000102281
2550 0.000102959 2550 0.000006527 add_time= 0.000124421
2750 0.000065070 2750 0.000006736 add_time= 0.000094769
1275 0.000063757 1275 0.000005944 add_time= 0.000090787
2500 0.000023262 2500 0.000018304 add_time= 0.000059540
2652 0.000074186 2652 0.000006360 add_time= 0.000095224
2750 0.000097793 2750 0.000006847 add_time= 0.000119253
3025 0.000074830 3025 0.000006616 add_time= 0.000104673
2601 0.000125942 2601 0.000006214 add_time= 0.000146421
2750 0.000068774 2750 0.000006546 add_time= 0.000097079
625 0.000051790 625 0.000006191 add_time= 0.000072783
2550 0.000017395 2550 0.000074208 add_time= 0.000110052
2550 0.000125985 2550 0.000007004 add_time= 0.000147485
2805 0.000096696 2805 0.000006967 add_time= 0.000126730
2805 0.000094303 2805 0.000007721 add_time= 0.000117138
2550 0.000043508 2550 0.000006601 add_time= 0.000064519
2860 0.000122614 2860 0.000006637 add_time= 0.000143592
2500 0.000527940 2500 0.000007675 add_time= 0.000560528
2550 0.000076807 2550 0.000006351 add_time= 0.000098921
3025 0.000046468 3025 0.000008140 add_time= 0.000072181
2500 0.000111334 2500 0.000013824 add_time= 0.000138912
2601 0.000125782 2601 0.000007103 add_time= 0.000149004
2600 0.000107769 2600 0.000007050 add_time= 0.000131075
1275 0.000238496 1275 0.000008767 add_time= 0.000262846
2750 0.000014684 2750 0.000198934 add_time= 0.000229843
2500 0.000091278 2500 0.000007147 add_time= 0.000113793
2700 0.000095590 2700 0.000006419 add_time= 0.000116399
2754 0.000068392 2754 0.000006944 add_time= 0.000091535
2750 0.000401457 2750 0.000012060 add_time= 0.000428394
2756 0.000112362 2756 0.000007099 add_time= 0.000136305
2600 0.000051285 2600 0.000026896 add_time= 0.000094340
2805 0.000103597 2805 0.000007294 add_time= 0.000133870
2550 0.000091855 2550 0.000006685 add_time= 0.000113550
2600 0.000155349 2600 0.000026396 add_time= 0.000196877
2500 0.000088005 2500 0.000008182 add_time= 0.000112012
2500 0.000234287 2500 0.000007044 add_time= 0.000257628
2600 0.000103992 2600 0.000007036 add_time= 0.000126532
2500 0.000108550 2500 0.000006834 add_time= 0.000130730
2754 0.000092556 2754 0.000007150 add_time= 0.000115261
2550 0.000074523 2550 0.000025362 add_time= 0.000115002
2805 0.000072599 2805 0.000006808 add_time= 0.000095937
2500 0.000007223 2500 0.000015391 add_time= 0.000038298
2652 0.000102041 2652 0.000007582 add_time= 0.000125103
2750 0.000098280 2750 0.000007613 add_time= 0.000130143
2750 0.000079471 2750 0.000007419 add_time= 0.000102496
2805 0.000066044 2805 0.000006817 add_time= 0.000088328
2915 0.000254068 2915 0.000007233 add_time= 0.000285454
2600 0.000020145 2600 0.000017247 add_time= 0.000077632
2652 0.000015290 2652 0.000014838 add_time= 0.000044996
2860 0.000365518 2860 0.000007982 add_time= 0.000399395
1250 0.000061206 1250 0.000006405 add_time= 0.000086361
2805 0.000413750 2805 0.000007190 add_time= 0.000450702
2550 0.000081982 2550 0.000007731 add_time= 0.000109430
2550 0.000257512 2550 0.000008356 add_time= 0.000282883
2805 0.000045457 2805 0.000006540 add_time= 0.000066633
2500 0.000348431 2500 0.000007123 add_time= 0.000371087
2750 0.000116968 2750 0.000006631 add_time= 0.000139583
2750 0.000070711 2750 0.000025744 add_time= 0.000112388
2500 0.000311874 2500 0.000007163 add_time= 0.000337850
2860 0.000008013 2860 0.000027749 add_time= 0.000052165
2500 0.000082359 2500 0.000006815 add_time= 0.000104300
2500 0.000079168 2500 0.000006644 add_time= 0.000099659
2550 0.000103642 2550 0.000006548 add_time= 0.000123623
2550 0.000091963 2550 0.000006831 add_time= 0.000112025
2500 0.000107424 2500 0.000007679 add_time= 0.000129961
1300 0.000408341 1300 0.000006410 add_time= 0.000427668
2550 0.000049037 2550 0.000025524 add_time= 0.000118579
2808 0.000040218 2808 0.000008017 add_time= 0.000079952
2750 0.000053269 2750 0.000008967 add_time= 0.000113397
2750 0.000066981 2750 0.000007595 add_time= 0.000110095
2550 0.000177406 2550 0.000007583 add_time= 0.000215274
2750 0.000006783 2750 0.000008014 add_time= 0.000040884
2750 0.000099789 2750 0.000007305 add_time= 0.000135091
2915 0.000299402 2915 0.000016093 add_time= 0.000344565
2704 0.000007358 2704 0.000025226 add_time= 0.000046705
3025 0.000082650 3025 0.000006013 add_time= 0.000111714
2500 0.000111841 2500 0.000011727 add_time= 0.000149710
2754 0.000097258 2754 0.000017667 add_time= 0.000129545
2750 0.000073103 2750 0.000006329 add_time= 0.000101845
2550 0.000044435 2550 0.000006358 add_time= 0.000064867
2650 0.000208251 2650 0.000016011 add_time= 0.000242083
2600 0.000006669 2600 0.000015477 add_time= 0.000036265
2550 0.000103754 2550 0.000005829 add_time= 0.000123796
2500 0.000113754 2500 0.000014842 add_time= 0.000143799
2805 0.000101679 2805 0.000007003 add_time= 0.000123754
2550 0.000101976 2550 0.000006601 add_time= 0.000122274
2700 0.000134816 2700 0.000007644 add_time= 0.000164933
2550 0.000119889 2550 0.000007333 add_time= 0.000143223
2750 0.000024665 2750 0.000017758 add_time= 0.000062846
2600 0.000022726 2600 0.000015012 add_time= 0.000052465
2750 0.000180080 2750 0.000006871 add_time= 0.000203706
2550 0.000107425 2550 0.000007386 add_time= 0.000129443
2550 0.000100266 2550 0.000006428 add_time= 0.000122000
2550 0.000211867 2550 0.000007257 add_time= 0.000234019
2500 0.000121670 2500 0.000015640 add_time= 0.000151978
2650 0.000417655 2650 0.000008272 add_time= 0.000444399
2750 0.000085329 2750 0.000007921 add_time= 0.000109571
2600 0.000079232 2600 0.000014392 add_time= 0.000110362
1375 0.000045302 1375 0.000005520 add_time= 0.000062686
2600 0.000089680 2600 0.000007427 add_time= 0.000113403
1375 0.000110915 1375 0.000007038 add_time= 0.000132163
2915 0.000484490 2915 0.000016173 add_time= 0.000520562
2500 0.000100828 2500 0.000018938 add_time= 0.000136005
2500 0.000071360 2500 0.000006268 add_time= 0.000091901
2500 0.000117695 2500 0.000016013 add_time= 0.000150468
2700 0.000095720 2700 0.000006599 add_time= 0.000117453
1250 0.000061924 1250 0.000006255 add_time= 0.000090915
2500 0.000486201 2500 0.000007095 add_time= 0.000511001
2500 0.000093344 2500 0.000007122 add_time= 0.000116153
2750 0.000063622 2750 0.000007585 add_time= 0.000087646
2601 0.000051081 2601 0.000011373 add_time= 0.000086381
2500 0.000082862 2500 0.000006729 add_time= 0.000112231
2750 0.000195571 2750 0.000006443 add_time= 0.000217117
2500 0.000023202 2500 0.000015249 add_time= 0.000056061
1300 0.000108905 1300 0.000014761 add_time= 0.000136732
3025 0.000244562 3025 0.000006664 add_time= 0.000268320
2652 0.000164216 2652 0.000007035 add_time= 0.000186133
2550 0.000072007 2550 0.000018288 add_time= 0.000105339
2750 0.000285793 2750 0.000014737 add_time= 0.000314588
1275 0.000041895 1275 0.000006118 add_time= 0.000059810
2750 0.000023384 2750 0.000017477 add_time= 0.000060103
1300 0.000010803 1300 0.000010862 add_time= 0.000034910
2750 0.000068137 2750 0.000006550 add_time= 0.000088704
2750 0.000073287 2750 0.000006313 add_time= 0.000093785
2550 0.000133796 2550 0.000005821 add_time= 0.000153240
2700 0.000098626 2700 0.000006641 add_time= 0.000119602
1250 0.000135560 1250 0.000005445 add_time= 0.000153081
2500 0.000332974 2500 0.000013935 add_time= 0.000364674
2750 0.000153734 2750 0.000006756 add_time= 0.000183652
2750 0.000068180 2750 0.000013660 add_time= 0.000096381
2805 0.000105664 2805 0.000006036 add_time= 0.000126462
2550 0.000160056 2550 0.000005977 add_time= 0.000179863
1250 0.000065528 1250 0.000017847 add_time= 0.000104982
2750 0.000012555 2750 0.000135357 add_time= 0.000169754
1250 0.000151595 1250 0.000007542 add_time= 0.000173517
2750 0.000114685 2750 0.000009015 add_time= 0.000145328
2500 0.000089752 2500 0.000007115 add_time= 0.000112787
2700 0.000409830 2700 0.000007382 add_time= 0.000432694
1250 0.000125784 1250 0.000031445 add_time= 0.000170501
2500 0.000353742 2500 0.000006491 add_time= 0.000386256
2650 0.000107151 2650 0.000007317 add_time= 0.000131050
2500 0.000048009 2500 0.000014754 add_time= 0.000078313
2750 0.000083381 2750 0.000007665 add_time= 0.000108480
2700 0.000145486 2700 0.000006978 add_time= 0.000171820
2700 0.000099983 2700 0.000007230 add_time= 0.000124069
2750 0.000201600 2750 0.000027338 add_time= 0.000270414
3025 0.000154947 3025 0.000007571 add_time= 0.000179569
2500 0.000083073 2500 0.000006836 add_time= 0.000104125
2750 0.000105270 2750 0.000018659 add_time= 0.000140658
2700 0.000085550 2700 0.000006733 add_time= 0.000106640
1250 0.000058366 1250 0.000019962 add_time= 0.000092395
2650 0.000570448 2650 0.000007526 add_time= 0.000594781
2500 0.000079744 2500 0.000007207 add_time= 0.000102429
2600 0.000159576 2600 0.000007134 add_time= 0.000182392
2601 0.000074933 2601 0.000007636 add_time= 0.000098272
2500 0.000191440 2500 0.000006807 add_time= 0.000212890
2750 0.000186875 2750 0.000005956 add_time= 0.000206956
1250 0.000060669 1250 0.000006898 add_time= 0.000080947
2650 0.000232952 2650 0.000006654 add_time= 0.000257093
1375 0.000181017 1375 0.000007118 add_time= 0.000211749
3025 0.000093984 3025 0.000007848 add_time= 0.000118910
2805 0.000113717 2805 0.000028471 add_time= 0.000165074
2860 0.000048842 2860 0.000006966 add_time= 0.000077571
2650 0.000073918 2650 0.000008050 add_time= 0.000112483
2600 0.000052604 2600 0.000006965 add_time= 0.000076130
2500 0.000238057 2500 0.000007036 add_time= 0.000261156
1375 0.000151499 1375 0.000014442 add_time= 0.000180447
1275 0.000058388 1275 0.000006269 add_time= 0.000078382
2805 0.000032966 2805 0.000006760 add_time= 0.000055191
2500 0.000392185 2500 0.000007505 add_time= 0.000417551
2750 0.000076451 2750 0.000006388 add_time= 0.000097733
2600 0.000124112 2600 0.000007921 add_time= 0.000148528
2550 0.000159328 2550 0.000018009 add_time= 0.000191361
2550 0.000059214 2550 0.000006871 add_time= 0.000082137
2500 0.000339075 2500 0.000007285 add_time= 0.000362251
2500 0.000225338 2500 0.000007101 add_time= 0.000247468
2500 0.000076778 2500 0.000006898 add_time= 0.000098346
2500 0.000100782 2500 0.000006462 add_time= 0.000120476
2500 0.000088338 2500 0.000007294 add_time= 0.000109289
2862 0.000178461 2862 0.000006573 add_time= 0.000198509
2750 0.000110257 2750 0.000014544 add_time= 0.000150158
2915 0.000169616 2915 0.000010296 add_time= 0.000241190
2860 0.000016196 2860 0.000009361 add_time= 0.000092051
2500 0.000057171 2500 0.000008689 add_time= 0.000104654
2805 0.000100708 2805 0.000007520 add_time= 0.000137140
2601 0.000038744 2601 0.000008119 add_time= 0.000082488
2500 0.000029565 2500 0.000009027 add_time= 0.000079491
1250 0.000469382 1250 0.000006789 add_time= 0.000494166
2500 0.000069501 2500 0.000006504 add_time= 0.000096173
2750 0.000096895 2750 0.000015569 add_time= 0.000139795
2601 0.000079758 2601 0.000005795 add_time= 0.000102514
2550 0.000055294 2550 0.000006025 add_time= 0.000076138
2754 0.000042537 2754 0.000006297 add_time= 0.000069024
3025 0.000078540 3025 0.000006386 add_time= 0.000101824
2500 0.000508310 2500 0.000006628 add_time= 0.000531051
2500 0.000062586 2500 0.000007224 add_time= 0.000086182
2805 0.000070897 2805 0.000006799 add_time= 0.000093239
2700 0.000133232 2700 0.000007108 add_time= 0.000156305
2550 0.000084311 2550 0.000007817 add_time= 0.000107895
2500 0.000011331 2500 0.000014127 add_time= 0.000041518
2600 0.000014751 2600 0.000013447 add_time= 0.000042434
2750 0.000067203 2750 0.000006684 add_time= 0.000100985
2550 0.000082899 2550 0.000006589 add_time= 0.000104991
2550 0.000057018 2550 0.000006701 add_time= 0.000079457
1250 0.000049916 1250 0.000006356 add_time= 0.000069595
2500 0.000011504 2500 0.000026803 add_time= 0.000058161
2600 0.000097523 2600 0.000006349 add_time= 0.000127019
3025 0.000057797 3025 0.000007641 add_time= 0.000083196
2650 0.000082365 2650 0.000006830 add_time= 0.000105333
2550 0.000035854 2550 0.000006474 add_time= 0.000058265
2500 0.000055542 2500 0.000006485 add_time= 0.000076038
2916 0.000037672 2916 0.000006281 add_time= 0.000058617
2500 0.000238003 2500 0.000006961 add_time= 0.000262228
2750 0.000061240 2750 0.000006873 add_time= 0.000085187
2915 0.000028383 2915 0.000007019 add_time= 0.000057028
1275 0.000110489 1275 0.000006523 add_time= 0.000130568
2750 0.000051867 2750 0.000006551 add_time= 0.000073993
2500 0.000232540 2500 0.000006992 add_time= 0.000274598
2600 0.000029604 2600 0.000006450 add_time= 0.000051228
2500 0.000046373 2500 0.000006383 add_time= 0.000068005
2550 0.000033136 2550 0.000006911 add_time= 0.000056040
2500 0.000081969 2500 0.000007730 add_time= 0.000117183
2500 0.000253448 2500 0.000007366 add_time= 0.000278053
2750 0.000154740 2750 0.000007418 add_time= 0.000179299
3025 0.000116805 3025 0.000007190 add_time= 0.000150090
1275 0.000096562 1275 0.000006218 add_time= 0.000116387
2860 0.000042797 2860 0.000006403 add_time= 0.000064194
2650 0.000143313 2650 0.000007376 add_time= 0.000170592
2500 0.000027107 2500 0.000006544 add_time= 0.000049749
2650 0.000061626 2650 0.000006348 add_time= 0.000086872
2750 0.000058419 2750 0.000023297 add_time= 0.000101278
2805 0.000077620 2805 0.000006827 add_time= 0.000101652
2500 0.000058044 2500 0.000007927 add_time= 0.000081924
2500 0.000020156 2500 0.000212023 add_time= 0.000249024
2860 0.000073948 2860 0.000007170 add_time= 0.000097789
2601 0.000133222 2601 0.000007006 add_time= 0.000156102
2700 0.000038706 2700 0.000007461 add_time= 0.000062658
2700 0.000017121 2700 0.000077362 add_time= 0.000112272
2550 0.000059067 2550 0.000006802 add_time= 0.000081537
2550 0.000084144 2550 0.000017684 add_time= 0.000116629
2915 0.000027093 2915 0.000006184 add_time= 0.000048841
2805 0.000028667 2805 0.000005976 add_time= 0.000048989
2500 0.000064317 2500 0.000006603 add_time= 0.000086796
2500 0.000072557 2500 0.000006886 add_time= 0.000100402
2860 0.000017465 2860 0.000029439 add_time= 0.000068446
2600 0.000115937 2600 0.000008658 add_time= 0.000149108
2750 0.000184781 2750 0.000014222 add_time= 0.000215099
2500 0.000107910 2500 0.000013905 add_time= 0.000137777
2550 0.000246095 2550 0.000007440 add_time= 0.000269690
2500 0.000008532 2500 0.000022127 add_time= 0.000047719
2600 0.000006901 2600 0.000032815 add_time= 0.000054612
3025 0.000085101 3025 0.000006819 add_time= 0.000115210
2550 0.000090997 2550 0.000006520 add_time= 0.000120453
2805 0.000245228 2805 0.000006229 add_time= 0.000265491
2500 0.000170802 2500 0.000035053 add_time= 0.000221354
1250 0.000137625 1250 0.000006973 add_time= 0.000158279
2500 0.000126768 2500 0.000007567 add_time= 0.000150811
2600 0.000090613 2600 0.000006987 add_time= 0.000112125
2500 0.000080286 2500 0.000019119 add_time= 0.000114633
2750 0.000168032 2750 0.000027280 add_time= 0.000211041
2500 0.000071037 2500 0.000006656 add_time= 0.000091109
2754 0.000160153 2754 0.000045914 add_time= 0.000222421
1250 0.000030578 1250 0.000006713 add_time= 0.000051084
2600 0.000595027 2600 0.000008653 add_time= 0.000620182
2750 0.000148412 2750 0.000006677 add_time= 0.000169932
2500 0.000065638 2500 0.000007361 add_time= 0.000088928
2550 0.000275835 2550 0.000017374 add_time= 0.000315902
2550 0.000038154 2550 0.000006006 add_time= 0.000058346
2750 0.000104435 2750 0.000007316 add_time= 0.000138637
2500 0.000007352 2500 0.000014807 add_time= 0.000038445
1300 0.000005267 1300 0.000019261 add_time= 0.000037593
3025 0.000228594 3025 0.000007789 add_time= 0.000258587
3025 0.000184279 3025 0.000006834 add_time= 0.000208522
2550 0.000109433 2550 0.000006403 add_time= 0.000129026
2750 0.000058128 2750 0.000007062 add_time= 0.000081030
2600 0.000010400 2600 0.000139950 add_time= 0.000182907
2750 0.000062433 2750 0.000006936 add_time= 0.000104460
2860 0.000151136 2860 0.000018083 add_time= 0.000185494
2805 0.000221020 2805 0.000007039 add_time= 0.000243175
2500 0.000182181 2500 0.000007839 add_time= 0.000215042
2500 0.000250346 2500 0.000019002 add_time= 0.000286022
2500 0.000072054 2500 0.000006549 add_time= 0.000093691
2500 0.000057077 2500 0.000006611 add_time= 0.000078503
2600 0.000084694 2600 0.000007316 add_time= 0.000107352
2862 0.000411688 2862 0.000007119 add_time= 0.000434575
2600 0.000116827 2600 0.000006820 add_time= 0.000139202
2650 0.000195244 2650 0.000006576 add_time= 0.000233259
2500 0.000053440 2500 0.000007004 add_time= 0.000079539
2500 0.000049668 2500 0.000006486 add_time= 0.000075975
2652 0.000092835 2652 0.000013839 add_time= 0.000124641
1350 0.000049515 1350 0.000006185 add_time= 0.000069588
1375 0.000028083 1375 0.000013131 add_time= 0.000067857
2500 0.000427212 2500 0.000014785 add_time= 0.000506302
2750 0.000048682 2750 0.000008793 add_time= 0.000088274
2500 0.000007080 2500 0.000009325 add_time= 0.000056563
2500 0.000046400 2500 0.000008565 add_time= 0.000096976
2970 0.000026092 2970 0.000008565 add_time= 0.000068188
2750 0.000044395 2750 0.000008347 add_time= 0.000092724
1300 0.000049664 1300 0.000007146 add_time= 0.000110072
2500 0.000540483 2500 0.000007894 add_time= 0.000576314
2500 0.000132308 2500 0.000006435 add_time= 0.000156311
2750 0.000145963 2750 0.000006531 add_time= 0.000170455
2550 0.000094730 2550 0.000006612 add_time= 0.000127960
2805 0.000052992 2805 0.000014656 add_time= 0.000085142
2600 0.000021959 2600 0.000104239 add_time= 0.000143765
2600 0.000113930 2600 0.000007091 add_time= 0.000136438
2550 0.000126814 2550 0.000007745 add_time= 0.000148661
2750 0.000106795 2750 0.000007285 add_time= 0.000134733
2550 0.000104981 2550 0.000007601 add_time= 0.000127881
2500 0.000119739 2500 0.000007554 add_time= 0.000140800
2750 0.000112237 2750 0.000007673 add_time= 0.000133928
2500 0.000021726 2500 0.000015762 add_time= 0.000054686
2600 0.000006606 2600 0.000070748 add_time= 0.000090898
2750 0.000065949 2750 0.000006956 add_time= 0.000088439
2550 0.000219416 2550 0.000007106 add_time= 0.000241247
2550 0.000102461 2550 0.000006142 add_time= 0.000122246
3025 0.000083544 3025 0.000007925 add_time= 0.000118621
1325 0.000265699 1325 0.000006849 add_time= 0.000298157
2500 0.000153560 2500 0.000007162 add_time= 0.000174920
2500 0.000073811 2500 0.000006889 add_time= 0.000095615
1250 0.000109538 1250 0.000006618 add_time= 0.000137956
2601 0.000060008 2601 0.000006232 add_time= 0.000088963
2650 0.000068476 2650 0.000007207 add_time= 0.000102681
2500 0.000318458 2500 0.000007333 add_time= 0.000343220
1250 0.000161630 1250 0.000006431 add_time= 0.000191915
2750 0.000097726 2750 0.000012885 add_time= 0.000130703
2750 0.000093647 2750 0.000007028 add_time= 0.000116262
2550 0.000079297 2550 0.000007160 add_time= 0.000101622
2750 0.000053219 2750 0.000006789 add_time= 0.000075433
2500 0.000216011 2500 0.000006844 add_time= 0.000239809
2500 0.000117322 2500 0.000007452 add_time= 0.000139726
2500 0.000047971 2500 0.000006278 add_time= 0.000068033
2500 0.000046019 2500 0.000006944 add_time= 0.000068481
2601 0.000087746 2601 0.000005869 add_time= 0.000107407
1375 0.000063932 1375 0.000006049 add_time= 0.000083144
1250 0.000279102 1250 0.000006463 add_time= 0.000300371
2500 0.000113868 2500 0.000006546 add_time= 0.000141216
2703 0.000227087 2703 0.000007248 add_time= 0.000249608
2650 0.001047401 2650 0.000007439 add_time= 0.001071155
1250 0.000075774 1250 0.000006007 add_time= 0.000093468
2650 0.000195370 2650 0.000007273 add_time= 0.000220467
2915 0.000152617 2915 0.000007310 add_time= 0.000176233
2700 0.000066870 2700 0.000007200 add_time= 0.000089879
2500 0.000086021 2500 0.000006740 add_time= 0.000108394
1250 0.000753551 1250 0.000006641 add_time= 0.000773708
2650 0.000239390 2650 0.000007382 add_time= 0.000273009
2750 0.000152748 2750 0.000007091 add_time= 0.000175057
2750 0.000073621 2750 0.000007097 add_time= 0.000094623
2805 0.000105873 2805 0.000007768 add_time= 0.000130183
2750 0.000156096 2750 0.000008210 add_time= 0.000180420
2750 0.000316810 2750 0.000007580 add_time= 0.000341797
2750 0.000146945 2750 0.000009659 add_time= 0.000183614
2550 0.000098908 2550 0.000006692 add_time= 0.000118812
2500 0.000060579 2500 0.000006627 add_time= 0.000085664
2700 0.000416495 2700 0.000007313 add_time= 0.000440236
1250 0.000152312 1250 0.000006730 add_time= 0.000172340
2750 0.000022131 2750 0.000016263 add_time= 0.000055548
2600 0.000016058 2600 0.000016016 add_time= 0.000046177
2750 0.000151721 2750 0.000007140 add_time= 0.000174349
2703 0.000112260 2703 0.000006912 add_time= 0.000134477
2500 0.000081142 2500 0.000005915 add_time= 0.000100474
2750 0.000071553 2750 0.000007220 add_time= 0.000094712
2750 0.000128598 2750 0.000007186 add_time= 0.000149699
2862 0.000547129 2862 0.000007704 add_time= 0.000580051
2500 0.001760999 2500 0.000007446 add_time= 0.001788039
2750 0.000218231 2750 0.000018033 add_time= 0.000260183
1275 0.000077102 1275 0.000005962 add_time= 0.000097221
2650 0.000069353 2650 0.000006829 add_time= 0.000092793
2750 0.000013818 2750 0.000281980 add_time= 0.000313970
1375 0.000101534 1375 0.000006437 add_time= 0.000130156
2500 0.000082573 2500 0.000007467 add_time= 0.000115360
2805 0.000050381 2805 0.000018429 add_time= 0.000083401
2500 0.000096839 2500 0.000008354 add_time= 0.000121707
2600 0.000084585 2600 0.000015604 add_time= 0.000116240
2862 0.000382575 2862 0.000007901 add_time= 0.000418744
2704 0.000007844 2704 0.000024595 add_time= 0.000049251
3025 0.000126698 3025 0.000006865 add_time= 0.000149681
1275 0.000044737 1275 0.000006444 add_time= 0.000064823
2700 0.000189060 2700 0.000027290 add_time= 0.000240688
2550 0.000036400 2550 0.000006555 add_time= 0.000057519
2750 0.000012031 2750 0.000073416 add_time= 0.000102268
2652 0.000072577 2652 0.000007412 add_time= 0.000105991
2750 0.000157941 2750 0.000007422 add_time= 0.000181459
3025 0.000162917 3025 0.000007229 add_time= 0.000187542
2652 0.000094231 2652 0.000006649 add_time= 0.000115623
2970 0.000092496 2970 0.000007649 add_time= 0.000117393
2860 0.000097654 2860 0.000007354 add_time= 0.000130504
2500 0.000666048 2500 0.000007503 add_time= 0.000691817
2650 0.000207655 2650 0.000006661 add_time= 0.000231286
2750 0.000168471 2750 0.000007925 add_time= 0.000201997
1375 0.000124253 1375 0.000006474 add_time= 0.000148665
2550 0.000093232 2550 0.000007570 add_time= 0.000115525
2970 0.000084784 2970 0.000036397 add_time= 0.000138242
2500 0.000510237 2500 0.000007422 add_time= 0.000546578
1250 0.000330793 1250 0.000006344 add_time= 0.000350555
2750 0.000093580 2750 0.000031876 add_time= 0.000139819
2550 0.000259595 2550 0.000007560 add_time= 0.000282293
2550 0.000210842 2550 0.000027290 add_time= 0.000251938
2750 0.000131355 2750 0.000006381 add_time= 0.000151799
1325 0.000126488 1325 0.000006930 add_time= 0.000166198
2500 0.000213189 2500 0.000007418 add_time= 0.000238055
2704 0.000007837 2704 0.000030089 add_time= 0.000052482
2550 0.000119444 2550 0.000040538 add_time= 0.000173812
2750 0.000132983 2750 0.000013907 add_time= 0.000163591
1275 0.000258206 1275 0.000005769 add_time= 0.000275725
2500 0.000108300 2500 0.000007196 add_time= 0.000130196
1350 0.000104550 1350 0.000006057 add_time= 0.000123707
2756 0.000159674 2756 0.000006874 add_time= 0.000192319
2550 0.000064200 2550 0.000006624 add_time= 0.000089489
2750 0.000049688 2750 0.000007245 add_time= 0.000075488
2500 0.000071701 2500 0.000006499 add_time= 0.000095787
2754 0.000041162 2754 0.000006135 add_time= 0.000062319
1250 0.000095214 1250 0.000005690 add_time= 0.000126298
2600 0.000010479 2600 0.000008665 add_time= 0.000068271
2808 0.000063089 2808 0.000008192 add_time= 0.000104439
2500 0.000034637 2500 0.000008778 add_time= 0.000074873
2500 0.000093200 2500 0.000007923 add_time= 0.000141731
1350 0.000050353 1350 0.000007516 add_time= 0.000091437
2550 0.000237321 2550 0.000006475 add_time= 0.000273578
2756 0.000007022 2756 0.000086612 add_time= 0.000130792
2750 0.000099356 2750 0.000008349 add_time= 0.000126080
2750 0.000072870 2750 0.000006015 add_time= 0.000095103
2550 0.000107553 2550 0.000006904 add_time= 0.000132847
2550 0.000086562 2550 0.000006717 add_time= 0.000110364
2500 0.000102483 2500 0.000006921 add_time= 0.000126881
2500 0.000024407 2500 0.000015378 add_time= 0.000058091
2600 0.000100819 2600 0.000006665 add_time= 0.000128941
2500 0.000091642 2500 0.000007769 add_time= 0.000115896
1250 0.000044355 1250 0.000006186 add_time= 0.000062731
1275 0.000344592 1275 0.000006995 add_time= 0.000365493
2754 0.000065203 2754 0.000007743 add_time= 0.000098233
1250 0.000278681 1250 0.000007242 add_time= 0.000299395
2500 0.000024031 2500 0.000151081 add_time= 0.000193574
2600 0.000061690 2600 0.000008560 add_time= 0.000102313
2915 0.000108798 2915 0.000007931 add_time= 0.000134349
2500 0.000074902 2500 0.000018492 add_time= 0.000109443
2500 0.000111691 2500 0.000007170 add_time= 0.000135207
2500 0.000128000 2500 0.000006435 add_time= 0.000149885
2550 0.000138152 2550 0.000007791 add_time= 0.000162291
2550 0.000165490 2550 0.000021811 add_time= 0.000205353
2700 0.000053654 2700 0.000007836 add_time= 0.000078386
2500 0.000050473 2500 0.000005864 add_time= 0.000070832
2750 0.000089997 2750 0.000021224 add_time= 0.000127252
2550 0.000154272 2550 0.000006958 add_time= 0.000188277
2970 0.000041117 2970 0.000006326 add_time= 0.000071500
1250 0.000113011 1250 0.000026254 add_time= 0.000152043
2600 0.000023112 2600 0.000091055 add_time= 0.000134659
2750 0.000075264 2750 0.000007156 add_time= 0.000099122
2500 0.000071146 2500 0.000008162 add_time= 0.000104110
2550 0.000366759 2550 0.000007455 add_time= 0.000391558
2750 0.000110796 2750 0.000017726 add_time= 0.000143315
2750 0.000098905 2750 0.000006481 add_time= 0.000126632
2500 0.000359972 2500 0.000007171 add_time= 0.000384847
2805 0.000053730 2805 0.000007581 add_time= 0.000078230
2550 0.000127193 2550 0.000006946 add_time= 0.000150091
2550 0.000264308 2550 0.000007721 add_time= 0.000288406
2500 0.000060364 2500 0.000006515 add_time= 0.000089646
2750 0.000028003 2750 0.000079204 add_time= 0.000127189
2805 0.000038631 2805 0.000006852 add_time= 0.000062207
2500 0.000119895 2500 0.000007520 add_time= 0.000143103
2805 0.000084806 2805 0.000007316 add_time= 0.000108622
2754 0.000061780 2754 0.000006419 add_time= 0.000082885
1300 0.000141104 1300 0.000006554 add_time= 0.000171745
2650 0.000295790 2650 0.000007287 add_time= 0.000321661
2750 0.000063917 2750 0.000016323 add_time= 0.000107837
2750 0.000185485 2750 0.000016366 add_time= 0.000218509
2500 0.000063596 2500 0.000006701 add_time= 0.000086532
2600 0.000072525 2600 0.000007118 add_time= 0.000094630
1250 0.000018117 1250 0.000067281 add_time= 0.000101072
2600 0.000150654 2600 0.000007762 add_time= 0.000175402
2750 0.000066168 2750 0.000006659 add_time= 0.000096812
2600 0.000057596 2600 0.000010213 add_time= 0.000081107
2703 0.000237024 2703 0.000007646 add_time= 0.000266535
2700 0.000091862 2700 0.000007212 add_time= 0.000114929
1250 0.000137074 1250 0.000025476 add_time= 0.000182161
2650 0.000134057 2650 0.000020120 add_time= 0.000172825
2550 0.000043311 2550 0.000007547 add_time= 0.000082837
2750 0.000043911 2750 0.000006800 add_time= 0.000074538
2500 0.000085844 2500 0.000007883 add_time= 0.000107434
2750 0.000069423 2750 0.000006527 add_time= 0.000096366
1250 0.000242326 1250 0.000006518 add_time= 0.000263473
2600 0.000064589 2600 0.000006478 add_time= 0.000086013
2550 0.000109419 2550 0.000007491 add_time= 0.000131974
2500 0.000113663 2500 0.000005935 add_time= 0.000133374
2754 0.000106142 2754 0.000006395 add_time= 0.000126742
1275 0.000278692 1275 0.000006542 add_time= 0.000297145
2500 0.000022883 2500 0.000022641 add_time= 0.000066429
2860 0.000024650 2860 0.000024844 add_time= 0.000087416
2500 0.000160804 2500 0.000008126 add_time= 0.000196542
1250 0.000126857 1250 0.000006289 add_time= 0.000145110
2500 0.000121030 2500 0.000006409 add_time= 0.000142353
2700 0.000077957 2700 0.000007508 add_time= 0.000102035
1350 0.000409752 1350 0.000012923 add_time= 0.000436850
2750 0.000394500 2750 0.000006703 add_time= 0.000417626
2600 0.000007310 2600 0.000023663 add_time= 0.000045013
2600 0.000068150 2600 0.000007424 add_time= 0.000090715
2550 0.000239994 2550 0.000007008 add_time= 0.000262676
2550 0.000083274 2550 0.000023959 add_time= 0.000123061
1250 0.000083585 1250 0.000005678 add_time= 0.000101014
2500 0.000399195 2500 0.000007709 add_time= 0.000425155
2550 0.000270687 2550 0.000007829 add_time= 0.000294782
2750 0.000071010 2750 0.000006558 add_time= 0.000100122
2600 0.000082075 2600 0.000025296 add_time= 0.000122740
2970 0.000059551 2970 0.000007314 add_time= 0.000083044
1250 0.000068177 1250 0.000006108 add_time= 0.000085945
2650 0.000141295 2650 0.000008439 add_time= 0.000167051
3025 0.000155232 3025 0.000006757 add_time= 0.000177050
2805 0.000069304 2805 0.000007122 add_time= 0.000089625
3025 0.000065291 3025 0.000007189 add_time= 0.000088945
2805 0.000105250 2805 0.000007669 add_time= 0.000128840
2500 0.000148729 2500 0.000014921 add_time= 0.000178724
2700 0.000178304 2700 0.000007580 add_time= 0.000201376
2600 0.000256828 2600 0.000006978 add_time= 0.000280846
2650 0.000085471 2650 0.000033323 add_time= 0.000134197
2750 0.000225149 2750 0.000006908 add_time= 0.000247598
2550 0.000087537 2550 0.000007459 add_time= 0.000117804
2500 0.000142119 2500 0.000006987 add_time= 0.000162945
2550 0.000089232 2550 0.000007479 add_time= 0.000111854
2650 0.000138495 2650 0.000007069 add_time= 0.000170715
1250 0.000080309 1250 0.000005554 add_time= 0.000098536
2550 0.000089029 2550 0.000006607 add_time= 0.000118077
2805 0.000179737 2805 0.000007996 add_time= 0.000215418
2500 0.000086966 2500 0.000006883 add_time= 0.000109847
2703 0.000217868 2703 0.000007541 add_time= 0.000244440
2860 0.000007271 2860 0.000096630 add_time= 0.000119962
2915 0.000297556 2915 0.000007315 add_time= 0.000328535
2805 0.000135055 2805 0.000012986 add_time= 0.000162638
2550 0.000236451 2550 0.000005928 add_time= 0.000256618
2750 0.000131295 2750 0.000018635 add_time= 0.000166761
1250 0.000101997 1250 0.000006425 add_time= 0.000120827
2650 0.000129400 2650 0.000013246 add_time= 0.000162350
2600 0.000006991 2600 0.000082590 add_time= 0.000106854
2650 0.000033130 2650 0.000006222 add_time= 0.000056312
2500 0.000138472 2500 0.000006034 add_time= 0.000161555
2550 0.000090820 2550 0.000006898 add_time= 0.000115108
2808 0.000106162 2808 0.000006353 add_time= 0.000129510
2500 0.000028997 2500 0.000006439 add_time= 0.000051846
2750 0.000054064 2750 0.000008395 add_time= 0.000109569
2652 0.000025290 2652 0.000007117 add_time= 0.000070565
2750 0.000006035 2750 0.000016723 add_time= 0.000061293
2500 0.000005760 2500 0.000007704 add_time= 0.000047405
2754 0.000036892 2754 0.000007891 add_time= 0.000077317
2860 0.000029508 2860 0.000007623 add_time= 0.000076411
2600 0.000264510 2600 0.000007158 add_time= 0.000290835
2750 0.000041718 2750 0.000007011 add_time= 0.000067257
2500 0.000093588 2500 0.000006398 add_time= 0.000114736
2600 0.000028741 2600 0.000006196 add_time= 0.000049250
2500 0.000130979 2500 0.000008003 add_time= 0.000155684
2805 0.000073012 2805 0.000006803 add_time= 0.000095142
2650 0.000244576 2650 0.000007028 add_time= 0.000267912
3025 0.000133544 3025 0.000006528 add_time= 0.000155898
2500 0.000036314 2500 0.000005695 add_time= 0.000055103
2652 0.000058598 2652 0.000007250 add_time= 0.000081415
2650 0.000036694 2650 0.000005842 add_time= 0.000055731
2860 0.000073554 2860 0.000006673 add_time= 0.000103440
2703 0.000129561 2703 0.000007200 add_time= 0.000153110
2600 0.000023871 2600 0.000014667 add_time= 0.000053698
2500 0.000180859 2500 0.000006435 add_time= 0.000202907
2750 0.000046368 2750 0.000010007 add_time= 0.000071803
2550 0.000049175 2550 0.000007190 add_time= 0.000072225
2750 0.000056867 2750 0.000006208 add_time= 0.000077571
2756 0.000049286 2756 0.000007215 add_time= 0.000073063
2808 0.000016598 2808 0.000014533 add_time= 0.000046036
2500 0.000062514 2500 0.000006261 add_time= 0.000092796
2600 0.000083653 2600 0.000007266 add_time= 0.000106992
2652 0.000050617 2652 0.000006576 add_time= 0.000071294
2700 0.000025961 2700 0.000006853 add_time= 0.000057031
2650 0.000166563 2650 0.000006659 add_time= 0.000189491
2600 0.000087096 2600 0.000006551 add_time= 0.000109011
2750 0.000088281 2750 0.000006587 add_time= 0.000110914
2550 0.000097951 2550 0.000006812 add_time= 0.000129230
2703 0.000089193 2703 0.000006502 add_time= 0.000109846
2500 0.000121555 2500 0.000005439 add_time= 0.000139968
2600 0.000062513 2600 0.000006573 add_time= 0.000084720
2750 0.000011811 2750 0.000014236 add_time= 0.000042022
2600 0.000014593 2600 0.000014595 add_time= 0.000043185
2500 0.000116969 2500 0.000007118 add_time= 0.000139918
2750 0.000044856 2750 0.000006876 add_time= 0.000075922
2550 0.000035307 2550 0.000006637 add_time= 0.000057671
2500 0.000028932 2500 0.000006569 add_time= 0.000069641
2860 0.000019919 2860 0.000014605 add_time= 0.000050568
2808 0.000046560 2808 0.000006979 add_time= 0.000069834
3025 0.000102311 3025 0.000006727 add_time= 0.000123841
2600 0.000043426 2600 0.000006855 add_time= 0.000065969
2500 0.000055043 2500 0.000006673 add_time= 0.000075166
2700 0.000046418 2700 0.000006397 add_time= 0.000068069
1375 0.000022097 1375 0.000006035 add_time= 0.000040922
2600 0.000017369 2600 0.000136833 add_time= 0.000169941
3025 0.000055621 3025 0.000006440 add_time= 0.000085742
3025 0.000061572 3025 0.000006939 add_time= 0.000095111
1275 0.000059182 1275 0.000005808 add_time= 0.000078221
2750 0.000047852 2750 0.000006632 add_time= 0.000070650
2704 0.000017303 2704 0.000014905 add_time= 0.000048237
2915 0.000089297 2915 0.000006676 add_time= 0.000112976
2600 0.000176469 2600 0.000007231 add_time= 0.000199510
2601 0.000121699 2601 0.000005878 add_time= 0.000141359
2500 0.000085343 2500 0.000005732 add_time= 0.000113477
2915 0.000410536 2915 0.000015156 add_time= 0.000442287
2700 0.000077168 2700 0.000005761 add_time= 0.000096868
2500 0.000170463 2500 0.000006280 add_time= 0.000190081
2700 0.000029268 2700 0.000005511 add_time= 0.000052834
2550 0.000071535 2550 0.000006188 add_time= 0.000090820
2500 0.000088987 2500 0.000005606 add_time= 0.000107536
2600 0.000139704 2600 0.000005676 add_time= 0.000157842
2650 0.000174898 2650 0.000006881 add_time= 0.000196636
2600 0.000015386 2600 0.000014452 add_time= 0.000045334
2500 0.000057110 2500 0.000006089 add_time= 0.000076783
2500 0.000135184 2500 0.000007030 add_time= 0.000155899
1375 0.000079891 1375 0.000014276 add_time= 0.000105175
2550 0.000027933 2550 0.000006133 add_time= 0.000047396
2750 0.000044204 2750 0.000006876 add_time= 0.000066764
2500 0.000752852 2500 0.000007674 add_time= 0.000782564
2750 0.000105826 2750 0.000007733 add_time= 0.000139261
2500 0.000089919 2500 0.000006300 add_time= 0.000110474
2750 0.000361562 2750 0.000035293 add_time= 0.000412304
2700 0.000219798 2700 0.000007043 add_time= 0.000241383
2600 0.000363641 2600 0.000006613 add_time= 0.000385179
2500 0.000061011 2500 0.000005972 add_time= 0.000088532
1250 0.000033264 1250 0.000006557 add_time= 0.000052074
2600 0.000009044 2600 0.000026799 add_time= 0.000051599
2860 0.000006789 2860 0.000017633 add_time= 0.000039441
1375 0.000105244 1375 0.000005887 add_time= 0.000123893
2500 0.000106828 2500 0.000007314 add_time= 0.000138065
2550 0.000261499 2550 0.000006921 add_time= 0.000282900
2500 0.000107367 2500 0.000015952 add_time= 0.000140103
1300 0.000070734 1300 0.000007059 add_time= 0.000090641
2750 0.000007201 2750 0.000073730 add_time= 0.000098112
2704 0.000006534 2704 0.000035100 add_time= 0.000064112
1250 0.000141348 1250 0.000016869 add_time= 0.000171057
2600 0.000110871 2600 0.000006189 add_time= 0.000131465
2550 0.000277043 2550 0.000007495 add_time= 0.000300268
2600 0.000058875 2600 0.000006387 add_time= 0.000079633
2600 0.000081957 2600 0.000005528 add_time= 0.000100907
2500 0.000231889 2500 0.000029178 add_time= 0.000276881
3025 0.000073111 3025 0.000025882 add_time= 0.000115248
3025 0.000083572 3025 0.000006070 add_time= 0.000104346
2805 0.000139623 2805 0.000006863 add_time= 0.000162501
2652 0.000115872 2652 0.000006927 add_time= 0.000145776
2915 0.000068842 2915 0.000007393 add_time= 0.000094870
