3025 0.000809398 3025 0.000015428 add_time= 0.001930379
2550 0.000017912 2550 0.000025161 add_time= 0.000059994
2600 0.000091674 2600 0.000017262 add_time= 0.000123877
2808 0.000278082 2808 0.000021574 add_time= 0.000321475
2550 0.000050605 2550 0.000006649 add_time= 0.000074756
2754 0.000032843 2754 0.000007036 add_time= 0.000065116
2550 0.000378235 2550 0.000009123 add_time= 0.000447985
2500 0.000097707 2500 0.000007965 add_time= 0.000121365
3025 0.000319805 3025 0.000019365 add_time= 0.000380760
2550 0.000088189 2550 0.000007316 add_time= 0.000122049
2756 0.000537398 2756 0.000012405 add_time= 0.000595683
2750 0.000104335 2750 0.000007023 add_time= 0.000128728
1275 0.000087595 1275 0.000006357 add_time= 0.000107841
2600 0.000078019 2600 0.000009235 add_time= 0.000113239
2750 0.000113948 2750 0.000006576 add_time= 0.000137293
2500 0.000192894 2500 0.000009684 add_time= 0.000228384
2550 0.000269618 2550 0.000007555 add_time= 0.000293480
2650 0.000488626 2650 0.000017068 add_time= 0.000550439
2550 0.000102523 2550 0.000006835 add_time= 0.000135866
2500 0.000137739 2500 0.000010819 add_time= 0.000274069
2500 0.000106328 2500 0.000007991 add_time= 0.000177064
2970 0.000015242 2970 0.000010861 add_time= 0.000076396
2750 0.000177239 2750 0.000016041 add_time= 0.001635605
2550 0.000088704 2550 0.000008683 add_time= 0.000133057
2750 0.000133581 2750 0.000008699 add_time= 0.000158041
1375 0.000060440 1375 0.000007873 add_time= 0.000083630
2600 0.000275633 2600 0.000008221 add_time= 0.000310949
2700 0.000112175 2700 0.000007302 add_time= 0.000144622
2500 0.000059907 2500 0.000006312 add_time= 0.000083920
2600 0.000072505 2600 0.000006076 add_time= 0.000093573
2600 0.000187227 2600 0.000012655 add_time= 0.000303106
2500 0.000145493 2500 0.000009271 add_time= 0.000172182
2700 0.000223240 2700 0.000011524 add_time= 0.000252184
2500 0.000727306 2500 0.000011485 add_time= 0.000762081
2805 0.000267591 2805 0.000011053 add_time= 0.000298515
2704 0.000402236 2704 0.000009071 add_time= 0.000450563
2805 0.000314597 2805 0.000010943 add_time= 0.000350005
1250 0.000030341 1250 0.000006396 add_time= 0.000051510
2750 0.000269100 2750 0.000008104 add_time= 0.000311527
3025 0.000008081 3025 0.000015832 add_time= 0.000042834
2600 0.000076964 2600 0.000007854 add_time= 0.000102413
2500 0.000377197 2500 0.000007872 add_time= 0.000413557
2805 0.000112520 2805 0.000007291 add_time= 0.000137445
2500 0.000157649 2500 0.000010599 add_time= 0.000270069
2652 0.000070570 2652 0.000027177 add_time= 0.000137934
1275 0.000043518 1275 0.000009947 add_time= 0.000090690
