2860 0.000988715 2860 0.000014827 add_time= 0.002623832
2750 0.000032630 2750 0.000007880 add_time= 0.000056840
1250 0.000128526 1250 0.000006534 add_time= 0.000150835
2550 0.000355035 2550 0.000009670 add_time= 0.000388682
2703 0.000044308 2703 0.000007181 add_time= 0.000068964
2750 0.000064304 2750 0.000012913 add_time= 0.000098656
2500 0.000124702 2500 0.000041372 add_time= 0.000262338
2550 0.000335198 2550 0.000007356 add_time= 0.000364800
1325 0.000104615 1325 0.000014429 add_time= 0.000149899
2600 0.000012119 2600 0.000029085 add_time= 0.000074186
2750 0.000731020 2750 0.000008382 add_time= 0.000767880
2500 0.000139838 2500 0.000007778 add_time= 0.000171832
2750 0.000248754 2750 0.000021805 add_time= 0.000309697
2500 0.000058244 2500 0.000011330 add_time= 0.000085598
2500 0.000454683 2500 0.000008513 add_time= 0.000488577
2600 0.000098435 2600 0.000007501 add_time= 0.000127895
2500 0.000141889 2500 0.000007442 add_time= 0.000165182
2754 0.000118249 2754 0.000007289 add_time= 0.000142711
2750 0.000333507 2750 0.000020057 add_time= 0.000409935
2970 0.000083346 2970 0.000008795 add_time= 0.000127095
2700 0.000071775 2700 0.000008730 add_time= 0.000111118
2860 0.000594171 2860 0.000042302 add_time= 0.000795976
2650 0.000062232 2650 0.000009708 add_time= 0.000134557
2500 0.000065655 2500 0.000009478 add_time= 0.000130457
2550 0.000025027 2550 0.000029574 add_time= 0.001358597
3025 0.000134230 3025 0.000010120 add_time= 0.000162416
2601 0.000087177 2601 0.000009700 add_time= 0.000113393
2500 0.000663635 2500 0.000008447 add_time= 0.000693606
2700 0.000071622 2700 0.000007587 add_time= 0.000104127
2700 0.000082038 2700 0.000006940 add_time= 0.000105168
2500 0.000009012 2500 0.000089446 add_time= 0.000145382
2650 0.000137636 2650 0.000010161 add_time= 0.000168115
2754 0.000255784 2754 0.000010542 add_time= 0.000283625
2500 0.000163200 2500 0.000008957 add_time= 0.000188535
2650 0.000380733 2650 0.000026681 add_time= 0.000429285
2860 0.000234138 2860 0.000022579 add_time= 0.000285114
2700 0.000315795 2700 0.000007657 add_time= 0.000339504
2860 0.000025604 2860 0.000019774 add_time= 0.000078876
1250 0.000165818 1250 0.000007429 add_time= 0.000187787
2550 0.000131147 2550 0.000009245 add_time= 0.000157133
2750 0.000371104 2750 0.000008714 add_time= 0.000400967
2500 0.000185217 2500 0.000008060 add_time= 0.000209452
2750 0.000085605 2750 0.000007237 add_time= 0.000109679
2808 0.000356862 2808 0.000008923 add_time= 0.000408386
2805 0.000101315 2805 0.000008187 add_time= 0.000141994
1375 0.000095859 1375 0.000006892 add_time= 0.000130239
2600 0.000017667 2600 0.000025787 add_time= 0.000184086
2550 0.000052309 2550 0.000009446 add_time= 0.000109876
2750 0.000047728 2750 0.000008731 add_time= 0.000105956
2550 0.000028146 2550 0.000009434 add_time= 0.000090394
2500 0.000288397 2500 0.000011975 add_time= 0.001473639
2750 0.000124051 2750 0.000007403 add_time= 0.000147906
2970 0.000077676 2970 0.000006786 add_time= 0.000117313
2601 0.000059334 2601 0.000006253 add_time= 0.000081404
3025 0.000054448 3025 0.000006882 add_time= 0.000078684
2915 0.000182727 2915 0.000006779 add_time= 0.000207189
1375 0.000037306 1375 0.000005561 add_time= 0.000058059
2805 0.000074981 2805 0.000006161 add_time= 0.000096266
2500 0.000034901 2500 0.000005886 add_time= 0.000058886
2550 0.000046612 2550 0.000005501 add_time= 0.000065466
2600 0.000060407 2600 0.000005833 add_time= 0.000089247
2550 0.000479031 2550 0.000015455 add_time= 0.000521388
1300 0.000006362 1300 0.000016540 add_time= 0.000044865
2750 0.000087462 2750 0.000009947 add_time= 0.000126253
2750 0.000104295 2750 0.000007821 add_time= 0.000128457
2750 0.000104294 2750 0.000007154 add_time= 0.000127837
2500 0.000057537 2500 0.000006650 add_time= 0.000080366
2650 0.000323276 2650 0.000006667 add_time= 0.000346748
2500 0.000006906 2500 0.000022337 add_time= 0.000044997
1250 0.000064848 1250 0.000005201 add_time= 0.000083176
2915 0.000038737 2915 0.000005635 add_time= 0.000065528
2550 0.000052010 2550 0.000007129 add_time= 0.000077385
2754 0.000034684 2754 0.000007586 add_time= 0.000059271
3025 0.000077577 3025 0.000006426 add_time= 0.000099114
2650 0.000167075 2650 0.000007853 add_time= 0.000211179
2750 0.000017525 2750 0.000015231 add_time= 0.000050456
2750 0.000057195 2750 0.000007951 add_time= 0.000081974
2550 0.000080091 2550 0.000007438 add_time= 0.000112078
2700 0.000269822 2700 0.000023281 add_time= 0.000310282
1375 0.000084360 1375 0.000008781 add_time= 0.000124510
2550 0.000111394 2550 0.000006804 add_time= 0.000135419
2750 0.000006690 2750 0.000014272 add_time= 0.000037560
2750 0.000094248 2750 0.000014038 add_time= 0.000124880
2550 0.000210465 2550 0.000006950 add_time= 0.000234215
1275 0.000190484 1275 0.000005923 add_time= 0.000221977
3025 0.000040370 3025 0.000007233 add_time= 0.000064504
1250 0.000067879 1250 0.000005391 add_time= 0.000096455
2750 0.000397898 2750 0.000007159 add_time= 0.000428149
2970 0.000058487 2970 0.000017036 add_time= 0.000097823
2550 0.000753561 2550 0.000006736 add_time= 0.000777618
2700 0.000202431 2700 0.000016212 add_time= 0.000236618
2862 0.000056890 2862 0.000007009 add_time= 0.000080906
2600 0.000035298 2600 0.000006287 add_time= 0.000056505
2652 0.000045210 2652 0.000009045 add_time= 0.000135258
2500 0.000104945 2500 0.000008198 add_time= 0.000151424
2500 0.000052845 2500 0.000007158 add_time= 0.000083157
2500 0.000182790 2500 0.000007787 add_time= 0.000225242
2754 0.000045164 2754 0.000008206 add_time= 0.000079190
2600 0.000136232 2600 0.000006852 add_time= 0.000169820
3025 0.000149977 3025 0.000006688 add_time= 0.000176195
2550 0.000244215 2550 0.000007339 add_time= 0.000277390
2550 0.000147291 2550 0.000011986 add_time= 0.000175819
2500 0.000268951 2500 0.000006434 add_time= 0.000303272
2703 0.000382960 2703 0.000016560 add_time= 0.000428829
2860 0.000007734 2860 0.000026258 add_time= 0.000062160
2750 0.000294022 2750 0.000006963 add_time= 0.000318566
2805 0.000138660 2805 0.000006895 add_time= 0.000162740
2860 0.000268334 2860 0.000007154 add_time= 0.000292818
2915 0.000186637 2915 0.000006972 add_time= 0.000211812
2550 0.000006691 2550 0.000023726 add_time= 0.000057115
2500 0.000115843 2500 0.000007052 add_time= 0.000139687
2700 0.000096645 2700 0.000006201 add_time= 0.000122074
2550 0.000146659 2550 0.000006232 add_time= 0.000174172
2500 0.000042747 2500 0.000006525 add_time= 0.000065893
2550 0.000202056 2550 0.000013943 add_time= 0.000232801
2600 0.000006366 2600 0.000022754 add_time= 0.000043591
2750 0.000267880 2750 0.000017486 add_time= 0.000299944
2805 0.000090375 2805 0.000007196 add_time= 0.000114265
2500 0.000025104 2500 0.000012004 add_time= 0.000051871
2970 0.000043850 2970 0.000006206 add_time= 0.000065013
1375 0.000049548 1375 0.000005906 add_time= 0.000070788
2650 0.000435458 2650 0.000007443 add_time= 0.000471600
2750 0.000101465 2750 0.000017616 add_time= 0.000146135
2700 0.000036902 2700 0.000006966 add_time= 0.000068446
2550 0.000047259 2550 0.000007269 add_time= 0.000071034
2650 0.000063826 2650 0.000006790 add_time= 0.000098072
2600 0.000166410 2600 0.000008187 add_time= 0.000205381
2600 0.000017243 2600 0.000013422 add_time= 0.000047534
2805 0.000106183 2805 0.000006928 add_time= 0.000128988
2550 0.000186469 2550 0.000018500 add_time= 0.000221445
2600 0.000139562 2600 0.000006089 add_time= 0.000159668
3025 0.000097244 3025 0.000019925 add_time= 0.000143348
2650 0.000166860 2650 0.000007601 add_time= 0.000193799
2600 0.000220693 2600 0.000010117 add_time= 0.000245953
2750 0.000132827 2750 0.000006679 add_time= 0.000156266
2750 0.000119636 2750 0.000015384 add_time= 0.000151434
2652 0.000191923 2652 0.000006046 add_time= 0.000212880
2500 0.000189519 2500 0.000006170 add_time= 0.000210080
2500 0.000046057 2500 0.000006719 add_time= 0.000069747
2650 0.000306531 2650 0.000006752 add_time= 0.000332826
2600 0.000013173 2600 0.000087167 add_time= 0.000116089
3025 0.000048436 3025 0.000006332 add_time= 0.000069986
2550 0.000093687 2550 0.000005942 add_time= 0.000119963
2650 0.000061433 2650 0.000005518 add_time= 0.000080163
2916 0.000187397 2916 0.000017948 add_time= 0.000225810
2600 0.000123679 2600 0.000006037 add_time= 0.000151675
2600 0.000027651 2600 0.000008730 add_time= 0.000081197
2500 0.000025910 2500 0.000085884 add_time= 0.000143364
2500 0.000027291 2500 0.000008292 add_time= 0.000062401
2550 0.000054888 2550 0.000008410 add_time= 0.000108974
2550 0.000027666 2550 0.000008090 add_time= 0.000072868
2970 0.000084663 2970 0.000009179 add_time= 0.000126830
1375 0.000082687 1375 0.000007835 add_time= 0.000120876
2600 0.000235105 2600 0.000006195 add_time= 0.000264226
2860 0.000006352 2860 0.000023450 add_time= 0.000048166
2650 0.000054685 2650 0.000006402 add_time= 0.000077247
2750 0.000071304 2750 0.000006814 add_time= 0.000099894
2500 0.000077770 2500 0.000006546 add_time= 0.000100625
2650 0.000031644 2650 0.000006607 add_time= 0.000054316
1250 0.000080337 1250 0.000005929 add_time= 0.000098471
2860 0.000117795 2860 0.000006126 add_time= 0.000140395
2750 0.000015145 2750 0.000014646 add_time= 0.000053365
2500 0.000059804 2500 0.000006733 add_time= 0.000082732
1250 0.000124613 1250 0.000006720 add_time= 0.000157118
2700 0.000032658 2700 0.000006987 add_time= 0.000056112
2600 0.000327489 2600 0.000007573 add_time= 0.000358189
2550 0.000026501 2550 0.000020719 add_time= 0.000064079
2500 0.000366325 2500 0.000007190 add_time= 0.000388419
3025 0.000082021 3025 0.000007804 add_time= 0.000115208
2550 0.000151693 2550 0.000017906 add_time= 0.000184839
2754 0.000048490 2754 0.000006008 add_time= 0.000072622
2860 0.000082974 2860 0.000016399 add_time= 0.000115199
2550 0.000309123 2550 0.000006780 add_time= 0.000352679
2750 0.000184813 2750 0.000006646 add_time= 0.000209657
2500 0.000054195 2500 0.000005534 add_time= 0.000073008
2750 0.000157938 2750 0.000007754 add_time= 0.000184105
2700 0.000071840 2700 0.000012761 add_time= 0.000099927
1250 0.000078768 1250 0.000008938 add_time= 0.000107184
2650 0.000142954 2650 0.000006929 add_time= 0.000179929
2600 0.000549996 2600 0.000007925 add_time= 0.000580184
3025 0.000052213 3025 0.000007648 add_time= 0.000078586
1375 0.000131621 1375 0.000007252 add_time= 0.000160516
2601 0.000044637 2601 0.000006654 add_time= 0.000077381
2750 0.000053482 2750 0.000006720 add_time= 0.000076955
2650 0.000390736 2650 0.000007099 add_time= 0.000416660
2550 0.000016517 2550 0.000027800 add_time= 0.000061248
2750 0.000049329 2750 0.000006712 add_time= 0.000073931
2550 0.000058842 2550 0.000006807 add_time= 0.000099300
2550 0.000059411 2550 0.000007284 add_time= 0.000091896
2600 0.000043453 2600 0.000006993 add_time= 0.000078574
2860 0.000362323 2860 0.000006647 add_time= 0.000399857
2915 0.000006488 2915 0.000031583 add_time= 0.000072499
2750 0.000087774 2750 0.000008183 add_time= 0.000113695
2550 0.000050427 2550 0.000006713 add_time= 0.000073877
2754 0.000064926 2754 0.000006839 add_time= 0.000088358
2500 0.000153559 2500 0.000007527 add_time= 0.000192420
1250 0.000012205 1250 0.000009030 add_time= 0.000037449
2652 0.000227085 2652 0.000018657 add_time= 0.000263608
2600 0.000101112 2600 0.000007105 add_time= 0.000124824
2805 0.000088866 2805 0.000019015 add_time= 0.000140853
2915 0.000190967 2915 0.000006874 add_time= 0.000227329
3025 0.000006778 3025 0.000023079 add_time= 0.000047248
1250 0.000084638 1250 0.000009674 add_time= 0.000108427
2650 0.000128756 2650 0.000007006 add_time= 0.000150783
2750 0.000203492 2750 0.000008017 add_time= 0.000229202
2600 0.000084076 2600 0.000014576 add_time= 0.000115644
2500 0.000206326 2500 0.000012347 add_time= 0.000248363
2750 0.000324708 2750 0.000006470 add_time= 0.000346790
2915 0.000069647 2915 0.000006658 add_time= 0.000092634
2600 0.000618571 2600 0.000007799 add_time= 0.000642290
2700 0.000359058 2700 0.000006606 add_time= 0.000380993
2750 0.000006492 2750 0.000009688 add_time= 0.000070687
2600 0.000049700 2600 0.000024390 add_time= 0.000109404
2750 0.000030307 2750 0.000008603 add_time= 0.000068486
2550 0.000023960 2550 0.000008420 add_time= 0.000067200
1275 0.000085200 1275 0.000007364 add_time= 0.000125198
2915 0.000037957 2915 0.000008850 add_time= 0.000078101
1300 0.000031649 1300 0.000007535 add_time= 0.000068244
2650 0.000116895 2650 0.000006525 add_time= 0.000141980
2808 0.000018000 2808 0.000034526 add_time= 0.000069493
2860 0.000116645 2860 0.000007527 add_time= 0.000140061
2805 0.000117987 2805 0.000006861 add_time= 0.000141795
2550 0.000137583 2550 0.000007252 add_time= 0.000172631
2500 0.000140770 2500 0.000006237 add_time= 0.000161742
2500 0.000206777 2500 0.000013939 add_time= 0.000238293
2650 0.000059038 2650 0.000013922 add_time= 0.000089958
2500 0.000115390 2500 0.000018546 add_time= 0.000149816
2500 0.000035283 2500 0.000007285 add_time= 0.000058312
2808 0.000510966 2808 0.000008174 add_time= 0.000544896
1300 0.000197427 1300 0.000006280 add_time= 0.000219142
2600 0.000136281 2600 0.000006955 add_time= 0.000160230
2500 0.000066833 2500 0.000006844 add_time= 0.000089564
2805 0.000050242 2805 0.000006277 add_time= 0.000077858
2805 0.000073282 2805 0.000006097 add_time= 0.000094103
2500 0.000065185 2500 0.000006744 add_time= 0.000086258
2550 0.000067585 2550 0.000006526 add_time= 0.000094220
2600 0.000017816 2600 0.000031123 add_time= 0.000077574
2750 0.000123879 2750 0.000005865 add_time= 0.000143727
2805 0.000053019 2805 0.000007610 add_time= 0.000079236
2550 0.000297134 2550 0.000019440 add_time= 0.000347423
2750 0.000070982 2750 0.000006462 add_time= 0.000094212
2500 0.000458687 2500 0.000007055 add_time= 0.000483226
2750 0.000016097 2750 0.000024774 add_time= 0.000057554
2500 0.000218978 2500 0.000006124 add_time= 0.000241633
2750 0.000108194 2750 0.000006507 add_time= 0.000131948
2550 0.000082628 2550 0.000006022 add_time= 0.000103588
2750 0.000331165 2750 0.000006023 add_time= 0.000352323
2650 0.000211975 2650 0.000006571 add_time= 0.000235673
2970 0.000051683 2970 0.000019476 add_time= 0.000089092
2500 0.002945976 2500 0.000007308 add_time= 0.002969212
2500 0.000063913 2500 0.000007133 add_time= 0.000095046
2600 0.000443751 2600 0.000007036 add_time= 0.000467750
2500 0.000069356 2500 0.000012988 add_time= 0.000098584
2750 0.000503843 2750 0.000006274 add_time= 0.000525464
2805 0.000090627 2805 0.000006855 add_time= 0.000114139
2550 0.000085432 2550 0.000006341 add_time= 0.000107742
2700 0.000287887 2700 0.000006579 add_time= 0.000310681
2704 0.000111302 2704 0.000006377 add_time= 0.000143656
3025 0.000007496 3025 0.000074292 add_time= 0.000098556
2805 0.000086370 2805 0.000005990 add_time= 0.000107062
2550 0.000276363 2550 0.000006369 add_time= 0.000296740
2550 0.000119096 2550 0.000007507 add_time= 0.000166107
2500 0.000046165 2500 0.000005891 add_time= 0.000076092
2500 0.000056129 2500 0.000018994 add_time= 0.000091353
2650 0.000144051 2650 0.000007238 add_time= 0.000181920
2860 0.000018008 2860 0.000072847 add_time= 0.000113145
2600 0.000161563 2600 0.000014971 add_time= 0.000191623
2750 0.000098919 2750 0.000006700 add_time= 0.000122322
2652 0.000035651 2652 0.000006697 add_time= 0.000059136
2700 0.000313538 2700 0.000006336 add_time= 0.000353139
2500 0.000034893 2500 0.000005820 add_time= 0.000055157
2652 0.000370030 2652 0.000006634 add_time= 0.000400571
1250 0.000210611 1250 0.000005907 add_time= 0.000236159
2550 0.000113187 2550 0.000006420 add_time= 0.000136460
2500 0.000093618 2500 0.000006716 add_time= 0.000117118
1250 0.000084960 1250 0.000006520 add_time= 0.000105388
2600 0.000314630 2600 0.000006540 add_time= 0.000342166
1375 0.000097637 1375 0.000005831 add_time= 0.000123529
2500 0.000080124 2500 0.000006182 add_time= 0.000110536
2550 0.000119409 2550 0.000026888 add_time= 0.000163529
2750 0.000064038 2750 0.000007248 add_time= 0.000090942
2650 0.000097407 2650 0.000008873 add_time= 0.000147384
2750 0.000027550 2750 0.000025971 add_time= 0.000099003
2805 0.000026192 2805 0.000007792 add_time= 0.000062486
2500 0.000149644 2500 0.000015717 add_time= 0.000196222
2550 0.000064841 2550 0.000008216 add_time= 0.000099872
1275 0.000059179 1275 0.000006682 add_time= 0.000089790
1250 0.000049586 1250 0.000007909 add_time= 0.000084931
2704 0.000176413 2704 0.000015307 add_time= 0.000211834
2805 0.000039108 2805 0.000006856 add_time= 0.000063739
2500 0.000109001 2500 0.000006466 add_time= 0.000132000
2550 0.000039677 2550 0.000006887 add_time= 0.000067313
2700 0.000072169 2700 0.000006829 add_time= 0.000095978
2650 0.000201567 2650 0.000008011 add_time= 0.000229896
2650 0.000036086 2650 0.000136230 add_time= 0.000198968
1375 0.000058986 1375 0.000006015 add_time= 0.000079002
2500 0.000158958 2500 0.000006847 add_time= 0.000200208
2700 0.000045391 2700 0.000005895 add_time= 0.000076194
2500 0.000030544 2500 0.000009986 add_time= 0.000057380
1250 0.000060677 1250 0.000005660 add_time= 0.000079372
2915 0.000203032 2915 0.000007794 add_time= 0.000234280
1375 0.000055507 1375 0.000005775 add_time= 0.000076125
2750 0.000113512 2750 0.000006735 add_time= 0.000138102
2750 0.000098268 2750 0.000007351 add_time= 0.000127106
2754 0.000064637 2754 0.000007240 add_time= 0.000097188
2750 0.000057548 2750 0.000006921 add_time= 0.000081083
2500 0.000131577 2500 0.000006819 add_time= 0.000157320
2500 0.000015592 2500 0.000013893 add_time= 0.000044743
2550 0.000129441 2550 0.000006831 add_time= 0.000158124
2805 0.000028049 2805 0.000006625 add_time= 0.000050706
2550 0.000085439 2550 0.000005866 add_time= 0.000104678
1350 0.000024909 1350 0.000006240 add_time= 0.000046207
1350 0.000025319 1350 0.000005707 add_time= 0.000043780
2700 0.000197364 2700 0.000009348 add_time= 0.000244546
3025 0.000014985 3025 0.000023542 add_time= 0.000062081
2750 0.000029483 2750 0.000007271 add_time= 0.000052666
2700 0.000258139 2700 0.000007538 add_time= 0.000280453
2754 0.000073101 2754 0.000006967 add_time= 0.000102162
2550 0.000078201 2550 0.000006792 add_time= 0.000101587
2500 0.000146744 2500 0.000006309 add_time= 0.000167559
2750 0.000017920 2750 0.000025256 add_time= 0.000067700
2750 0.000425587 2750 0.000007336 add_time= 0.000448865
2500 0.000196415 2500 0.000006302 add_time= 0.000218709
2750 0.000046659 2750 0.000006669 add_time= 0.000069019
2600 0.000113965 2600 0.000007190 add_time= 0.000142657
2500 0.000256105 2500 0.000007118 add_time= 0.000279425
2860 0.000048591 2860 0.000006514 add_time= 0.000071202
2703 0.000133085 2703 0.000006465 add_time= 0.000160007
2750 0.000078010 2750 0.000013725 add_time= 0.000105228
2970 0.000043853 2970 0.000006160 add_time= 0.000064843
2703 0.000612013 2703 0.000006951 add_time= 0.000635502
2750 0.000007057 2750 0.000024145 add_time= 0.000047348
2500 0.000139216 2500 0.000013805 add_time= 0.000168881
2601 0.000117346 2601 0.000006872 add_time= 0.000140333
2916 0.000096009 2916 0.000006467 add_time= 0.000121666
2500 0.000100043 2500 0.000006146 add_time= 0.000120032
2862 0.000430417 2862 0.000006525 add_time= 0.000455180
2750 0.000006817 2750 0.000034311 add_time= 0.000065064
3025 0.000164135 3025 0.000006203 add_time= 0.000185388
2805 0.000033150 2805 0.000006520 add_time= 0.000055056
2601 0.000127833 2601 0.000005710 add_time= 0.000150784
2500 0.000076162 2500 0.000006281 add_time= 0.000098034
2500 0.000212280 2500 0.000006850 add_time= 0.000261135
2750 0.000140944 2750 0.000007485 add_time= 0.000163614
3025 0.000113081 3025 0.000006827 add_time= 0.000137593
2550 0.000057367 2550 0.000006675 add_time= 0.000081005
2700 0.000331235 2700 0.000007024 add_time= 0.000355709
2750 0.000192256 2750 0.000007262 add_time= 0.000226772
2805 0.000074775 2805 0.000006442 add_time= 0.000098579
2500 0.000349387 2500 0.000006250 add_time= 0.000371543
2550 0.000124878 2550 0.000006697 add_time= 0.000148350
2550 0.000333910 2550 0.000009582 add_time= 0.000360510
2600 0.000069472 2600 0.000006477 add_time= 0.000089576
1350 0.000042618 1350 0.000006028 add_time= 0.000069631
2650 0.000126708 2650 0.000018358 add_time= 0.000172029
2500 0.000006602 2500 0.000024790 add_time= 0.000047640
2500 0.000114538 2500 0.000006634 add_time= 0.000144442
2550 0.000033129 2550 0.000006946 add_time= 0.000056067
2915 0.000025148 2915 0.000007417 add_time= 0.000048141
2500 0.000161440 2500 0.000008454 add_time= 0.000216801
2700 0.000028002 2700 0.000026133 add_time= 0.000081071
2750 0.000006376 2750 0.000008005 add_time= 0.000039646
1250 0.000164611 1250 0.000006596 add_time= 0.000193875
2750 0.000040610 2750 0.000008169 add_time= 0.000075619
2754 0.000023416 2754 0.000008127 add_time= 0.000057100
3025 0.000039173 3025 0.000007846 add_time= 0.000083205
2756 0.000066717 2756 0.000007370 add_time= 0.000093393
2500 0.000006665 2500 0.000021532 add_time= 0.000044701
2750 0.000078104 2750 0.000006502 add_time= 0.000111234
2750 0.000100914 2750 0.000006024 add_time= 0.000129503
2601 0.000036570 2601 0.000005890 add_time= 0.000059133
2750 0.000079118 2750 0.000007238 add_time= 0.000100990
2600 0.000460016 2600 0.000008105 add_time= 0.000485904
2750 0.000016029 2750 0.000013965 add_time= 0.000046379
2650 0.000078206 2650 0.000006925 add_time= 0.000100954
2550 0.000051826 2550 0.000006560 add_time= 0.000074559
2808 0.000038374 2808 0.000007151 add_time= 0.000063088
1325 0.000094531 1325 0.000006142 add_time= 0.000115017
2756 0.000214771 2756 0.000007123 add_time= 0.000239632
2750 0.000015514 2750 0.000014451 add_time= 0.000046062
2750 0.000049569 2750 0.000006976 add_time= 0.000072875
2550 0.000067971 2550 0.000011113 add_time= 0.000102277
2970 0.000053991 2970 0.000006860 add_time= 0.000076104
2500 0.000222399 2500 0.000008922 add_time= 0.000245459
2650 0.000140439 2650 0.000006520 add_time= 0.000164001
2750 0.000076665 2750 0.000006125 add_time= 0.000098015
2500 0.000059354 2500 0.000006465 add_time= 0.000081636
2550 0.000078061 2550 0.000006163 add_time= 0.000101035
2650 0.000031060 2650 0.000017572 add_time= 0.000062986
2754 0.000080796 2754 0.000006642 add_time= 0.000101889
2750 0.000035014 2750 0.000006196 add_time= 0.000054623
2500 0.000064898 2500 0.000007734 add_time= 0.000089935
2500 0.000021633 2500 0.000013217 add_time= 0.000049587
2600 0.000050323 2600 0.000006352 add_time= 0.000079500
2550 0.000038464 2550 0.000006673 add_time= 0.000073733
2805 0.000108872 2805 0.000006013 add_time= 0.000129735
2750 0.000100244 2750 0.000006288 add_time= 0.000121340
2700 0.000096793 2700 0.000006850 add_time= 0.000129304
2500 0.000013434 2500 0.000029406 add_time= 0.000058524
2805 0.000037306 2805 0.000006921 add_time= 0.000060306
2703 0.000076666 2703 0.000006776 add_time= 0.000109004
2500 0.000065667 2500 0.000006184 add_time= 0.000086644
2754 0.000058522 2754 0.000005590 add_time= 0.000077733
2805 0.000044489 2805 0.000007562 add_time= 0.000080483
2756 0.000040295 2756 0.000006958 add_time= 0.000065389
2652 0.000007348 2652 0.000024731 add_time= 0.000048590
2750 0.000074299 2750 0.000006328 add_time= 0.000095847
2500 0.000078755 2500 0.000006557 add_time= 0.000101103
2700 0.000136876 2700 0.000006753 add_time= 0.000163541
2805 0.000023203 2805 0.000006428 add_time= 0.000044758
2500 0.000460967 2500 0.000018746 add_time= 0.000496743
2600 0.000092115 2600 0.000006675 add_time= 0.000115392
2500 0.000210030 2500 0.000006678 add_time= 0.000232995
2703 0.000035012 2703 0.000006519 add_time= 0.000058295
2550 0.000058781 2550 0.000005694 add_time= 0.000078722
2750 0.000093375 2750 0.000007694 add_time= 0.000125894
1250 0.000081016 1250 0.000005501 add_time= 0.000100772
2750 0.000045278 2750 0.000006843 add_time= 0.000069110
2650 0.000006221 2650 0.000013373 add_time= 0.000045328
2600 0.000104894 2600 0.000006906 add_time= 0.000148282
2750 0.000027389 2750 0.000006465 add_time= 0.000050330
2805 0.000066375 2805 0.000005564 add_time= 0.000086122
2600 0.000117645 2600 0.000006060 add_time= 0.000138161
2500 0.000028084 2500 0.000005833 add_time= 0.000056704
1250 0.000032419 1250 0.000005029 add_time= 0.000054341
2500 0.000126556 2500 0.000006421 add_time= 0.000173436
2550 0.000026955 2550 0.000015345 add_time= 0.000059425
2600 0.000098517 2600 0.000006679 add_time= 0.000123363
2703 0.000064549 2703 0.000014370 add_time= 0.000096662
2550 0.000158779 2550 0.000007410 add_time= 0.000183627
2750 0.000164981 2750 0.000008341 add_time= 0.000190901
2700 0.000270040 2700 0.000007028 add_time= 0.000314474
2650 0.000172141 2650 0.000008249 add_time= 0.000209343
2750 0.000057541 2750 0.000006403 add_time= 0.000079934
2550 0.000079815 2550 0.000006682 add_time= 0.000108704
2750 0.000034150 2750 0.000014735 add_time= 0.000065292
2756 0.000080044 2756 0.000006710 add_time= 0.000103699
2860 0.000006031 2860 0.000015846 add_time= 0.000037353
2860 0.000126414 2860 0.000014199 add_time= 0.000156884
2750 0.000146212 2750 0.000006519 add_time= 0.000168543
2550 0.000261990 2550 0.000006491 add_time= 0.000284290
2860 0.000308696 2860 0.000010498 add_time= 0.000335491
2500 0.000152350 2500 0.000006563 add_time= 0.000178252
2750 0.000090303 2750 0.000006657 add_time= 0.000114638
2750 0.000031912 2750 0.000006707 add_time= 0.000054990
2652 0.000084788 2652 0.000014114 add_time= 0.000122448
2600 0.000137936 2600 0.000006482 add_time= 0.000160227
2500 0.000077570 2500 0.000009551 add_time= 0.000126626
2600 0.000028201 2600 0.000043397 add_time= 0.000107901
3025 0.000027877 3025 0.000008463 add_time= 0.000068272
2550 0.000015397 2550 0.000008684 add_time= 0.000062140
2703 0.000061141 2703 0.000007666 add_time= 0.000104052
2500 0.000005470 2500 0.000014572 add_time= 0.000060675
3025 0.000072908 3025 0.000007411 add_time= 0.000108288
1275 0.000032847 1275 0.000007293 add_time= 0.000064929
2600 0.000324684 2600 0.000022805 add_time= 0.000364248
3025 0.000042501 3025 0.000008220 add_time= 0.000080549
1375 0.000163114 1375 0.000005410 add_time= 0.000182887
2750 0.000042704 2750 0.000006341 add_time= 0.000064352
2500 0.000079890 2500 0.000005755 add_time= 0.000099747
2650 0.000128625 2650 0.000007892 add_time= 0.000152931
2550 0.000026343 2550 0.000070922 add_time= 0.000120778
2500 0.000366473 2500 0.000012927 add_time= 0.000394677
1250 0.000080698 1250 0.000005683 add_time= 0.000099727
2754 0.000104026 2754 0.000007518 add_time= 0.000137992
625 0.000031937 625 0.000014163 add_time= 0.000063081
2650 0.000079746 2650 0.000006727 add_time= 0.000102282
2600 0.000014955 2600 0.000013544 add_time= 0.000043519
2915 0.000013016 2915 0.000014197 add_time= 0.000049404
2500 0.000060333 2500 0.000006599 add_time= 0.000090673
2750 0.000038417 2750 0.000006901 add_time= 0.000061162
2750 0.000077079 2750 0.000006838 add_time= 0.000099506
2600 0.000113593 2600 0.000006023 add_time= 0.000132800
2650 0.000192583 2650 0.000007116 add_time= 0.000215737
2600 0.000013110 2600 0.000017303 add_time= 0.000043827
2750 0.000048261 2750 0.000005792 add_time= 0.000073555
2500 0.000123923 2500 0.000005670 add_time= 0.000142673
2703 0.000046938 2703 0.000013585 add_time= 0.000084673
2500 0.000102878 2500 0.000006609 add_time= 0.000124854
1250 0.000063951 1250 0.000006331 add_time= 0.000083583
2600 0.000130555 2600 0.000007116 add_time= 0.000153201
1250 0.000033953 1250 0.000008485 add_time= 0.000055658
2650 0.000201150 2650 0.000007661 add_time= 0.000224791
2805 0.000114269 2805 0.000006712 add_time= 0.000135193
2500 0.000039185 2500 0.000005854 add_time= 0.000058058
2500 0.000054999 2500 0.000016853 add_time= 0.000084384
1250 0.000021122 1250 0.000005103 add_time= 0.000044516
2600 0.000357747 2600 0.000006612 add_time= 0.000379432
2600 0.000025460 2600 0.000012868 add_time= 0.000052439
2915 0.000069078 2915 0.000005908 add_time= 0.000088594
2601 0.000115496 2601 0.000014204 add_time= 0.000142909
2550 0.000104402 2550 0.000006011 add_time= 0.000123641
2550 0.000043979 2550 0.000006238 add_time= 0.000068859
2750 0.000053123 2750 0.000006135 add_time= 0.000072393
2650 0.000455566 2650 0.000013788 add_time= 0.000497692
2500 0.000017820 2500 0.000022145 add_time= 0.000065507
2500 0.000065953 2500 0.000006522 add_time= 0.000089818
2700 0.000245588 2700 0.000007514 add_time= 0.000270675
2700 0.000117337 2700 0.000005988 add_time= 0.000138313
1375 0.000056015 1375 0.000009017 add_time= 0.000080077
2600 0.000311211 2600 0.000006529 add_time= 0.000336605
2750 0.000084706 2750 0.000006970 add_time= 0.000108383
1375 0.000050154 1375 0.000005104 add_time= 0.000076303
2600 0.000096162 2600 0.000007354 add_time= 0.000119826
1275 0.000297755 1275 0.000006131 add_time= 0.000316285
2550 0.000237685 2550 0.000005986 add_time= 0.000268951
2650 0.000159105 2650 0.000007142 add_time= 0.000210063
2500 0.000115838 2500 0.000006379 add_time= 0.000138554
2600 0.000024522 2600 0.000006750 add_time= 0.000046331
2750 0.000203384 2750 0.000008108 add_time= 0.000228863
2550 0.000052790 2550 0.000006049 add_time= 0.000073604
2600 0.000125106 2600 0.000005848 add_time= 0.000153344
2650 0.000482360 2650 0.000007411 add_time= 0.000507304
2750 0.000109072 2750 0.000010364 add_time= 0.000135999
2500 0.000051660 2500 0.000006416 add_time= 0.000085251
2970 0.000135843 2970 0.000006937 add_time= 0.000159966
1250 0.000090969 1250 0.000005155 add_time= 0.000109067
2650 0.000144715 2650 0.000026307 add_time= 0.000188050
2750 0.000048056 2750 0.000018687 add_time= 0.000084193
2600 0.000044524 2600 0.000005712 add_time= 0.000070781
2500 0.000083699 2500 0.000006713 add_time= 0.000106482
2700 0.000050584 2700 0.000006761 add_time= 0.000073603
2756 0.000114092 2756 0.000008674 add_time= 0.000157911
2550 0.000025266 2550 0.000013827 add_time= 0.000056478
2600 0.000136740 2600 0.000006220 add_time= 0.000158411
2915 0.000046024 2915 0.000006990 add_time= 0.000069923
2550 0.000140660 2550 0.000011424 add_time= 0.000169156
2750 0.000080415 2750 0.000006947 add_time= 0.000104179
1350 0.000091986 1350 0.000006229 add_time= 0.000116091
2650 0.000187511 2650 0.000021954 add_time= 0.000226986
2750 0.000006945 2750 0.000015711 add_time= 0.000039865
2500 0.000159812 2500 0.000006525 add_time= 0.000181880
2805 0.000137960 2805 0.000006394 add_time= 0.000171030
2500 0.000128870 2500 0.000005983 add_time= 0.000160737
2970 0.000067215 2970 0.000007168 add_time= 0.000091791
2750 0.000052580 2750 0.000007054 add_time= 0.000086666
2650 0.000159274 2650 0.000007149 add_time= 0.000187129
2750 0.000117575 2750 0.000007287 add_time= 0.000142909
2750 0.000084542 2750 0.000014739 add_time= 0.000127755
3025 0.000148725 3025 0.000007009 add_time= 0.000191248
2805 0.000061908 2805 0.000006065 add_time= 0.000082326
2805 0.000311397 2805 0.000006933 add_time= 0.000335786
2750 0.000036402 2750 0.000008927 add_time= 0.000095331
2600 0.000084086 2600 0.000007931 add_time= 0.000118104
2750 0.000030829 2750 0.000008089 add_time= 0.000068322
2550 0.000054742 2550 0.000008609 add_time= 0.000095065
2550 0.000036800 2550 0.000015668 add_time= 0.000076209
2750 0.000018160 2750 0.000008645 add_time= 0.000059384
2650 0.000120325 2650 0.000006534 add_time= 0.000145433
2500 0.000006375 2500 0.000025309 add_time= 0.000046511
2750 0.000027979 2750 0.000006890 add_time= 0.000052379
2550 0.000057396 2550 0.000006457 add_time= 0.000080598
2808 0.000054636 2808 0.000007050 add_time= 0.000079548
2650 0.000181297 2650 0.000007273 add_time= 0.000207057
2500 0.000027508 2500 0.000015969 add_time= 0.000058423
2500 0.000097411 2500 0.000007473 add_time= 0.000130303
2750 0.000106843 2750 0.000007770 add_time= 0.000140834
1250 0.000063518 1250 0.000005314 add_time= 0.000082000
2700 0.000096990 2700 0.000006665 add_time= 0.000118460
1300 0.000198421 1300 0.000006988 add_time= 0.000219074
2600 0.000203720 2600 0.000007602 add_time= 0.000229120
2550 0.000129587 2550 0.000008151 add_time= 0.000154189
2601 0.000114151 2601 0.000007007 add_time= 0.000137252
2500 0.000096392 2500 0.000006631 add_time= 0.000118866
1250 0.000084109 1250 0.000005702 add_time= 0.000110644
2500 0.000105676 2500 0.000007079 add_time= 0.000131280
2600 0.000009053 2600 0.000014094 add_time= 0.000040184
2750 0.000123429 2750 0.000015591 add_time= 0.000155120
2805 0.000142355 2805 0.000007077 add_time= 0.000166191
2600 0.000159076 2600 0.000007772 add_time= 0.000183923
2915 0.000108721 2915 0.000007500 add_time= 0.000136346
2750 0.000017168 2750 0.000014188 add_time= 0.000058478
2500 0.000096542 2500 0.000006927 add_time= 0.000138648
2601 0.000127402 2601 0.000006058 add_time= 0.000152962
2550 0.000048936 2550 0.000005816 add_time= 0.000069008
2650 0.000098874 2650 0.000008374 add_time= 0.000124413
2500 0.000089364 2500 0.000008259 add_time= 0.000124929
2650 0.000203750 2650 0.000007515 add_time= 0.000230515
2750 0.000026629 2750 0.000016194 add_time= 0.000059707
2600 0.000061616 2600 0.000006542 add_time= 0.000082291
2652 0.000055649 2652 0.000006940 add_time= 0.000104185
2500 0.000119295 2500 0.000006479 add_time= 0.000140680
2970 0.000121021 2970 0.000007116 add_time= 0.000144327
2750 0.000209330 2750 0.000007105 add_time= 0.000236484
2750 0.000111785 2750 0.000019341 add_time= 0.000148411
2750 0.000045340 2750 0.000007289 add_time= 0.000068338
2805 0.000144591 2805 0.000006130 add_time= 0.000165057
2700 0.000066203 2700 0.000007613 add_time= 0.000090875
3025 0.000163984 3025 0.000006658 add_time= 0.000185867
2915 0.000613296 2915 0.000008002 add_time= 0.000649918
3025 0.000016865 3025 0.000042258 add_time= 0.000076348
2500 0.000042764 2500 0.000006870 add_time= 0.000066305
1250 0.000070387 1250 0.000006043 add_time= 0.000097010
1275 0.000037759 1275 0.000006184 add_time= 0.000056439
2805 0.000044572 2805 0.000006591 add_time= 0.000066247
2754 0.000077140 2754 0.000007964 add_time= 0.000099969
1250 0.000033588 1250 0.000009798 add_time= 0.000057308
2600 0.000453125 2600 0.000006637 add_time= 0.000476578
2750 0.000036494 2750 0.000017572 add_time= 0.000071283
2550 0.000198556 2550 0.000007122 add_time= 0.000222846
2500 0.000112260 2500 0.000006811 add_time= 0.000135505
2750 0.000096510 2750 0.000007428 add_time= 0.000120959
2500 0.000254138 2500 0.000006351 add_time= 0.000278338
2550 0.000006579 2550 0.000013052 add_time= 0.000035219
2550 0.000249253 2550 0.000006583 add_time= 0.000272467
2550 0.000162017 2550 0.000006834 add_time= 0.000185746
2750 0.000039483 2750 0.000006659 add_time= 0.000062623
3025 0.000110306 3025 0.000011031 add_time= 0.000139379
2750 0.000184299 2750 0.000009291 add_time= 0.000222259
2750 0.000028537 2750 0.000006860 add_time= 0.000060318
2500 0.000189773 2500 0.000005742 add_time= 0.000210891
2550 0.000104389 2550 0.000006556 add_time= 0.000127153
2700 0.000082604 2700 0.000005701 add_time= 0.000102972
2500 0.000081016 2500 0.000005786 add_time= 0.000106848
2756 0.000173411 2756 0.000006425 add_time= 0.000197313
2600 0.000006040 2600 0.000014019 add_time= 0.000045066
2750 0.000064294 2750 0.000006676 add_time= 0.000090112
2700 0.000052725 2700 0.000006228 add_time= 0.000074934
2805 0.000025945 2805 0.000009973 add_time= 0.000052261
2500 0.000145989 2500 0.000006915 add_time= 0.000180770
2500 0.000094734 2500 0.000006001 add_time= 0.000114782
1250 0.000279504 1250 0.000006700 add_time= 0.000315011
2550 0.000155614 2550 0.000006397 add_time= 0.000187463
2500 0.000102203 2500 0.000008383 add_time= 0.000125071
2750 0.000125123 2750 0.000006344 add_time= 0.000159496
2700 0.000085493 2700 0.000007025 add_time= 0.000109880
1250 0.000086507 1250 0.000005652 add_time= 0.000115594
1250 0.000207203 1250 0.000024890 add_time= 0.000246894
2750 0.000103405 2750 0.000019090 add_time= 0.000151254
2550 0.000098857 2550 0.000006024 add_time= 0.000119445
2550 0.000328005 2550 0.000006630 add_time= 0.000351167
2550 0.000039839 2550 0.000007095 add_time= 0.000063345
1250 0.000026286 1250 0.000006839 add_time= 0.000046750
2650 0.000190317 2650 0.000006343 add_time= 0.000214595
2550 0.000006466 2550 0.000058970 add_time= 0.000081626
2500 0.000035040 2500 0.000006083 add_time= 0.000055605
2601 0.000086925 2601 0.000006352 add_time= 0.000109311
2970 0.000107122 2970 0.000014840 add_time= 0.000137605
1275 0.000036473 1275 0.000005239 add_time= 0.000054024
2750 0.000191832 2750 0.000007927 add_time= 0.000236852
2500 0.000015416 2500 0.000007703 add_time= 0.000047955
2550 0.000039590 2550 0.000007042 add_time= 0.000070992
2550 0.000049038 2550 0.000007388 add_time= 0.000081163
2750 0.000061635 2750 0.000007615 add_time= 0.000095405
2703 0.000529142 2703 0.000006754 add_time= 0.000551412
2860 0.000007263 2860 0.000022924 add_time= 0.000045471
2750 0.000043677 2750 0.000012153 add_time= 0.000071916
2703 0.000043081 2703 0.000007165 add_time= 0.000074748
2500 0.000103424 2500 0.000006798 add_time= 0.000136524
2500 0.000152597 2500 0.000006995 add_time= 0.000174283
2500 0.000032765 2500 0.000013708 add_time= 0.000069252
3025 0.000061183 3025 0.000007190 add_time= 0.000083137
3025 0.000038780 3025 0.000007489 add_time= 0.000062241
2805 0.000054236 2805 0.000006649 add_time= 0.000094082
3025 0.000030740 3025 0.000006905 add_time= 0.000053923
2915 0.000141649 2915 0.000007034 add_time= 0.000164415
2550 0.000107628 2550 0.000012504 add_time= 0.000138695
2550 0.000073513 2550 0.000006056 add_time= 0.000093170
1250 0.000051586 1250 0.000006152 add_time= 0.000071273
2750 0.000035724 2750 0.000006680 add_time= 0.000058276
2550 0.000286315 2550 0.000007330 add_time= 0.000309276
2600 0.000083850 2600 0.000006286 add_time= 0.000105131
3025 0.000142740 3025 0.000006692 add_time= 0.000165173
2550 0.000109701 2550 0.000017708 add_time= 0.000146485
2805 0.000034768 2805 0.000006661 add_time= 0.000057082
2750 0.000136624 2750 0.000006951 add_time= 0.000158947
2750 0.000060634 2750 0.000012096 add_time= 0.000088827
2860 0.000066324 2860 0.000006724 add_time= 0.000088807
2805 0.000052590 2805 0.000007011 add_time= 0.000075372
2500 0.000079991 2500 0.000006345 add_time= 0.000099525
2500 0.000135266 2500 0.000006258 add_time= 0.000155357
2500 0.000324096 2500 0.000006883 add_time= 0.000346210
3025 0.000017369 3025 0.000014628 add_time= 0.000048250
2500 0.000071715 2500 0.000006489 add_time= 0.000093586
2550 0.000047847 2550 0.000006292 add_time= 0.000069265
2970 0.000097327 2970 0.000006617 add_time= 0.000118461
2650 0.000181009 2650 0.000007369 add_time= 0.000203464
2500 0.000088798 2500 0.000006250 add_time= 0.000110453
1250 0.000040308 1250 0.000005276 add_time= 0.000057637
2550 0.000040260 2550 0.000005957 add_time= 0.000066541
2750 0.000149820 2750 0.000005978 add_time= 0.000168621
1325 0.000178782 1325 0.000005696 add_time= 0.000197064
2750 0.000022111 2750 0.000013572 add_time= 0.000050132
2600 0.000069821 2600 0.000006149 add_time= 0.000099899
2550 0.000047305 2550 0.000006023 add_time= 0.000066599
2700 0.000075361 2700 0.000005848 add_time= 0.000099248
1375 0.000025322 1375 0.000005323 add_time= 0.000041710
2500 0.000408887 2500 0.000008144 add_time= 0.000439017
2500 0.000018210 2500 0.000013703 add_time= 0.000048080
2750 0.000065980 2750 0.000006550 add_time= 0.000089640
2805 0.000075097 2805 0.000005889 add_time= 0.000097039
2550 0.000081240 2550 0.000006424 add_time= 0.000104144
2805 0.000175724 2805 0.000007433 add_time= 0.000200846
2650 0.000089133 2650 0.000006942 add_time= 0.000113488
2808 0.000006978 2808 0.000023949 add_time= 0.000045957
2500 0.000036815 2500 0.000006305 add_time= 0.000064538
2550 0.000088385 2550 0.000006727 add_time= 0.000111938
2601 0.000136424 2601 0.000006971 add_time= 0.000167038
2750 0.000058054 2750 0.000006964 add_time= 0.000093355
2703 0.000104114 2703 0.000006032 add_time= 0.000148056
2750 0.000006632 2750 0.000013719 add_time= 0.000036765
2600 0.000055969 2600 0.000006680 add_time= 0.000078753
2500 0.000083213 2500 0.000006030 add_time= 0.000103707
2550 0.000060656 2550 0.000010734 add_time= 0.000085675
2500 0.000182788 2500 0.000005887 add_time= 0.000201951
2756 0.000088117 2756 0.000007354 add_time= 0.000122231
2750 0.000013661 2750 0.000021622 add_time= 0.000050542
2500 0.000052848 2500 0.000005948 add_time= 0.000073543
2500 0.000107374 2500 0.000026159 add_time= 0.000147400
2500 0.000105365 2500 0.000005651 add_time= 0.000124680
1250 0.000040971 1250 0.000005058 add_time= 0.000057373
2915 0.000170031 2915 0.000006448 add_time= 0.000204692
2750 0.000006634 2750 0.000013660 add_time= 0.000045464
2500 0.000106320 2500 0.000006317 add_time= 0.000128779
2700 0.000039234 2700 0.000006699 add_time= 0.000062152
2754 0.000030173 2754 0.000007021 add_time= 0.000054157
1375 0.000027371 1375 0.000006749 add_time= 0.000053175
2500 0.000242790 2500 0.000007522 add_time= 0.000283459
2600 0.000036955 2600 0.000006125 add_time= 0.000065598
2700 0.000282482 2700 0.000010286 add_time= 0.000313921
2652 0.000077855 2652 0.000006402 add_time= 0.000100265
2600 0.000158907 2600 0.000022726 add_time= 0.000201886
2500 0.000041943 2500 0.000006316 add_time= 0.000067487
2703 0.000178084 2703 0.000006618 add_time= 0.000207839
2750 0.000006640 2750 0.000013864 add_time= 0.000040565
2500 0.000333458 2500 0.000007158 add_time= 0.000367632
2500 0.000075997 2500 0.000006632 add_time= 0.000097020
2805 0.000062717 2805 0.000005718 add_time= 0.000083517
2500 0.000139302 2500 0.000006419 add_time= 0.000161175
1250 0.000090768 1250 0.000008108 add_time= 0.000119697
2703 0.000194419 2703 0.000015266 add_time= 0.000239252
2860 0.000016174 2860 0.000026661 add_time= 0.000058858
2600 0.000086240 2600 0.000006934 add_time= 0.000106876
2550 0.000148024 2550 0.000008015 add_time= 0.000170938
2750 0.000118131 2750 0.000007774 add_time= 0.000141053
1300 0.000364222 1300 0.000005454 add_time= 0.000381739
2756 0.000099570 2756 0.000015233 add_time= 0.000196882
2750 0.000027588 2750 0.000008880 add_time= 0.000075985
2805 0.000054207 2805 0.000009640 add_time= 0.000095457
2601 0.000035914 2601 0.000007375 add_time= 0.000069547
2550 0.000042144 2550 0.000019677 add_time= 0.000084972
2600 0.000267619 2600 0.000036444 add_time= 0.000352918
2600 0.000008905 2600 0.000032802 add_time= 0.000069280
2650 0.000213972 2650 0.000007629 add_time= 0.000268396
2550 0.000035399 2550 0.000007862 add_time= 0.000077500
2500 0.000086552 2500 0.000008385 add_time= 0.000127217
2500 0.000171942 2500 0.000008171 add_time= 0.000209702
2550 0.000299009 2550 0.000012890 add_time= 0.000328762
2600 0.000015080 2600 0.000013031 add_time= 0.000043107
3025 0.000083136 3025 0.000007121 add_time= 0.000106474
2550 0.000043841 2550 0.000007325 add_time= 0.000066571
2700 0.000057695 2700 0.000006748 add_time= 0.000079558
1375 0.000036287 1375 0.000006625 add_time= 0.000055596
2756 0.000231794 2756 0.000008737 add_time= 0.000256387
2600 0.000014361 2600 0.000012808 add_time= 0.000049043
2650 0.000076511 2650 0.000006875 add_time= 0.000098479
2500 0.000091363 2500 0.000007617 add_time= 0.000113992
2500 0.000177840 2500 0.000006561 add_time= 0.000199697
2500 0.000029538 2500 0.000007058 add_time= 0.000050024
2650 0.000274460 2650 0.000008156 add_time= 0.000298359
2860 0.000024184 2860 0.000019559 add_time= 0.000059184
2550 0.000065040 2550 0.000006626 add_time= 0.000094055
2500 0.000085364 2500 0.000006861 add_time= 0.000106905
2754 0.000098400 2754 0.000011972 add_time= 0.000125388
2860 0.000209087 2860 0.000007522 add_time= 0.000231066
2500 0.000550276 2500 0.000007639 add_time= 0.000572961
2750 0.000016150 2750 0.000015244 add_time= 0.000046799
1250 0.000091895 1250 0.000005762 add_time= 0.000108620
2750 0.000047784 2750 0.000006117 add_time= 0.000067106
2550 0.000120967 2550 0.000007067 add_time= 0.000143308
2700 0.000051403 2700 0.000006989 add_time= 0.000074112
1375 0.000049768 1375 0.000006795 add_time= 0.000069868
2600 0.000118174 2600 0.000006975 add_time= 0.000140943
2750 0.000014875 2750 0.000013857 add_time= 0.000043740
2550 0.000049298 2550 0.000006823 add_time= 0.000070856
2550 0.000053710 2550 0.000006866 add_time= 0.000075354
2650 0.000048478 2650 0.000006740 add_time= 0.000069997
2700 0.000202028 2700 0.000006671 add_time= 0.000224190
2650 0.000193133 2650 0.000006709 add_time= 0.000214676
2915 0.000015515 2915 0.000014244 add_time= 0.000043306
2500 0.000057722 2500 0.000006707 add_time= 0.000079546
2805 0.000050520 2805 0.000006400 add_time= 0.000070734
2650 0.000037962 2650 0.000006837 add_time= 0.000060128
2700 0.000097608 2700 0.000006242 add_time= 0.000117565
2500 0.000052890 2500 0.000006002 add_time= 0.000071743
2600 0.000129567 2600 0.000007183 add_time= 0.000152811
2805 0.000124558 2805 0.000006892 add_time= 0.000147431
2550 0.000134418 2550 0.000008344 add_time= 0.000158228
2862 0.000087613 2862 0.000006945 add_time= 0.000110192
2500 0.000072916 2500 0.000006672 add_time= 0.000093235
2500 0.000169159 2500 0.000006833 add_time= 0.000191199
2550 0.000016273 2550 0.000014655 add_time= 0.000046272
2500 0.000054374 2500 0.000006750 add_time= 0.000076655
2805 0.000080605 2805 0.000007177 add_time= 0.000103643
2550 0.000022685 2550 0.000006324 add_time= 0.000042451
2500 0.000092838 2500 0.000006946 add_time= 0.000115147
2750 0.000100518 2750 0.000006639 add_time= 0.000126260
2500 0.000038260 2500 0.000009633 add_time= 0.000081656
1300 0.000021683 1300 0.000006634 add_time= 0.000042702
2860 0.000248452 2860 0.000022293 add_time= 0.000306257
2652 0.000378742 2652 0.000007639 add_time= 0.000403134
2805 0.000074982 2805 0.000010000 add_time= 0.000109070
2550 0.000063595 2550 0.000007362 add_time= 0.000087744
1250 0.000130149 1250 0.000008755 add_time= 0.000164177
2550 0.000224464 2550 0.000014103 add_time= 0.000255260
2750 0.000006584 2750 0.000023775 add_time= 0.000045838
2500 0.000107713 2500 0.000006961 add_time= 0.000131627
2700 0.000088517 2700 0.000006665 add_time= 0.000112135
2500 0.000088640 2500 0.000006814 add_time= 0.000112227
2704 0.000252858 2704 0.000009702 add_time= 0.000279050
2860 0.000015624 2860 0.000024437 add_time= 0.000056910
2750 0.000096879 2750 0.000007210 add_time= 0.000120797
2601 0.000082879 2601 0.000007121 add_time= 0.000106668
2550 0.000183726 2550 0.000006933 add_time= 0.000215353
2650 0.000258831 2650 0.000007350 add_time= 0.000283273
2500 0.000176445 2500 0.000008141 add_time= 0.000217951
2500 0.000123540 2500 0.000005915 add_time= 0.000155282
2652 0.000070181 2652 0.000006895 add_time= 0.000093627
2550 0.000347726 2550 0.000007545 add_time= 0.000373871
1250 0.000078741 1250 0.000008744 add_time= 0.000101064
2703 0.000133198 2703 0.000007122 add_time= 0.000176261
3025 0.000103833 3025 0.000006587 add_time= 0.000127319
2700 0.000116629 2700 0.000008133 add_time= 0.000142464
2805 0.000126430 2805 0.000007968 add_time= 0.000151898
2550 0.000044023 2550 0.000006785 add_time= 0.000068420
1275 0.000057441 1275 0.000010197 add_time= 0.000081839
2703 0.000207707 2703 0.000007510 add_time= 0.000246235
1375 0.000067039 1375 0.000005889 add_time= 0.000087377
1250 0.000161121 1250 0.000006056 add_time= 0.000180411
2652 0.000037952 2652 0.000006779 add_time= 0.000060422
2750 0.000053656 2750 0.000010043 add_time= 0.000079929
2915 0.000124813 2915 0.000006693 add_time= 0.000149475
2600 0.000006527 2600 0.000013725 add_time= 0.000034870
2750 0.000056511 2750 0.000010705 add_time= 0.000082868
2860 0.000024370 2860 0.000006873 add_time= 0.000050742
2805 0.000142517 2805 0.000009605 add_time= 0.000166723
2550 0.000051552 2550 0.000007079 add_time= 0.000074527
2600 0.000245412 2600 0.000006730 add_time= 0.000267854
1275 0.000058575 1275 0.000005640 add_time= 0.000075957
2500 0.000058631 2500 0.000007329 add_time= 0.000088937
2600 0.000007292 2600 0.000022706 add_time= 0.000057016
1375 0.000041789 1375 0.000005943 add_time= 0.000069080
2500 0.000079680 2500 0.000006296 add_time= 0.000099746
2915 0.000101728 2915 0.000007083 add_time= 0.000126123
2500 0.000099956 2500 0.000009124 add_time= 0.000146757
2750 0.000050014 2750 0.000008042 add_time= 0.000089598
2550 0.000033253 2550 0.000019029 add_time= 0.000075736
2550 0.000130362 2550 0.000014159 add_time= 0.000183935
2550 0.000026666 2550 0.000007853 add_time= 0.000058694
2600 0.000005851 2600 0.000008288 add_time= 0.000049211
2500 0.000097458 2500 0.000006878 add_time= 0.000121085
2500 0.000068740 2500 0.000006741 add_time= 0.000091053
2860 0.000055696 2860 0.000006558 add_time= 0.000078280
1275 0.000101608 1275 0.000005905 add_time= 0.000129665
2650 0.000036336 2650 0.000007658 add_time= 0.000060675
1375 0.000048136 1375 0.000006106 add_time= 0.000066015
2750 0.000071888 2750 0.000006961 add_time= 0.000093862
2550 0.000021323 2550 0.000012552 add_time= 0.000047057
2500 0.000027027 2500 0.000008963 add_time= 0.000062293
2601 0.000050734 2601 0.000006869 add_time= 0.000070774
2500 0.000102665 2500 0.000006434 add_time= 0.000123549
1275 0.000056880 1275 0.000013447 add_time= 0.000082880
2650 0.000175600 2650 0.000007046 add_time= 0.000198178
2500 0.000035083 2500 0.000013596 add_time= 0.000064041
2500 0.000052029 2500 0.000006376 add_time= 0.000073538
2754 0.000059641 2754 0.000006893 add_time= 0.000081515
2500 0.000096242 2500 0.000007633 add_time= 0.000119420
2860 0.000077033 2860 0.000006834 add_time= 0.000098165
1275 0.000111671 1275 0.000006429 add_time= 0.000131249
2500 0.000275865 2500 0.000006744 add_time= 0.000298013
2750 0.000025430 2750 0.000013971 add_time= 0.000055197
2500 0.000047661 2500 0.000006389 add_time= 0.000086212
2550 0.000059424 2550 0.000006455 add_time= 0.000080460
2750 0.000068722 2750 0.000006899 add_time= 0.000090965
2500 0.000141515 2500 0.000006639 add_time= 0.000163055
2970 0.000041983 2970 0.000008731 add_time= 0.000077787
2750 0.000081476 2750 0.000007751 add_time= 0.000108035
2550 0.000120948 2550 0.000007236 add_time= 0.000145958
2601 0.000071435 2601 0.000019005 add_time= 0.000116334
2500 0.000087896 2500 0.000019106 add_time= 0.000124798
1250 0.000064484 1250 0.000018365 add_time= 0.000101387
2700 0.000202005 2700 0.000007959 add_time= 0.000232462
2860 0.000019210 2860 0.000017101 add_time= 0.000054691
2750 0.000042581 2750 0.000007415 add_time= 0.000077969
2805 0.000139302 2805 0.000007764 add_time= 0.000165023
2750 0.000086211 2750 0.000015907 add_time= 0.000131590
2650 0.000048307 2650 0.000007821 add_time= 0.000072926
1375 0.000076695 1375 0.000006081 add_time= 0.000096207
2750 0.000166956 2750 0.000008135 add_time= 0.000195808
2600 0.000024718 2600 0.000015466 add_time= 0.000056428
2860 0.000135057 2860 0.000007836 add_time= 0.000159457
3025 0.000079480 3025 0.000008422 add_time= 0.000107701
2550 0.000086697 2550 0.000007366 add_time= 0.000109757
2700 0.000088575 2700 0.000014190 add_time= 0.000118495
2860 0.000198772 2860 0.000017503 add_time= 0.000248960
2750 0.000114916 2750 0.000008295 add_time= 0.000140448
2805 0.000063289 2805 0.000007069 add_time= 0.000088341
2550 0.000045401 2550 0.000006823 add_time= 0.000069460
2700 0.000076016 2700 0.000017418 add_time= 0.000109423
3025 0.000065380 3025 0.000006375 add_time= 0.000089399
2860 0.000191746 2860 0.000008454 add_time= 0.000221821
2600 0.000107470 2600 0.000007135 add_time= 0.000131878
2550 0.000066175 2550 0.000026901 add_time= 0.000109081
2500 0.000049787 2500 0.000006573 add_time= 0.000072260
2500 0.000091420 2500 0.000016012 add_time= 0.000124615
2704 0.000196934 2704 0.000007718 add_time= 0.000226534
2500 0.000113199 2500 0.000007468 add_time= 0.000137979
2750 0.000093570 2750 0.000016007 add_time= 0.000127356
2601 0.000111109 2601 0.000006250 add_time= 0.000133643
2700 0.000039715 2700 0.000007228 add_time= 0.000065221
1250 0.000052271 1250 0.000006557 add_time= 0.000094199
2862 0.000329524 2862 0.000009617 add_time= 0.000369109
2970 0.000092480 2970 0.000007205 add_time= 0.000117819
2500 0.000105083 2500 0.000006529 add_time= 0.000127518
1375 0.000132490 1375 0.000006951 add_time= 0.000155999
2550 0.000070735 2550 0.000007568 add_time= 0.000106139
2700 0.000043818 2700 0.000006762 add_time= 0.000068922
2500 0.000130744 2500 0.000011035 add_time= 0.000159337
2500 0.000118774 2500 0.000010542 add_time= 0.000157581
2805 0.000035328 2805 0.000006650 add_time= 0.000059338
2500 0.000066425 2500 0.000006558 add_time= 0.000089564
2550 0.000137675 2550 0.000007577 add_time= 0.000162373
2754 0.000084001 2754 0.000006640 add_time= 0.000105802
2805 0.000072600 2805 0.000006705 add_time= 0.000094014
2500 0.000198127 2500 0.000007049 add_time= 0.000222019
2500 0.000145284 2500 0.000006917 add_time= 0.000167586
2750 0.000031628 2750 0.000006572 add_time= 0.000054085
2805 0.000233563 2805 0.000006691 add_time= 0.000256659
2500 0.000081720 2500 0.000006787 add_time= 0.000105114
2805 0.000048372 2805 0.000007258 add_time= 0.000072941
2600 0.000242827 2600 0.000007035 add_time= 0.000266879
2970 0.000104787 2970 0.000007266 add_time= 0.000129551
2750 0.000159571 2750 0.000006520 add_time= 0.000193162
2550 0.000041350 2550 0.000006883 add_time= 0.000064857
2500 0.000047311 2500 0.000006013 add_time= 0.000067528
2750 0.000067441 2750 0.000009375 add_time= 0.000105508
2500 0.000080695 2500 0.000007702 add_time= 0.000109845
2600 0.000006968 2600 0.000014367 add_time= 0.000035121
2500 0.000036106 2500 0.000006962 add_time= 0.000059129
2550 0.000103230 2550 0.000006792 add_time= 0.000125913
2500 0.000063319 2500 0.000010078 add_time= 0.000089727
2550 0.000082859 2550 0.000006606 add_time= 0.000111976
2500 0.000080813 2500 0.000008405 add_time= 0.000119328
2500 0.000014072 2500 0.000022020 add_time= 0.000064000
2550 0.000084102 2550 0.000007174 add_time= 0.000123621
2500 0.000097315 2500 0.000007042 add_time= 0.000118549
2970 0.000049759 2970 0.000008174 add_time= 0.000075365
2500 0.000383104 2500 0.000007272 add_time= 0.000415467
3025 0.000043909 3025 0.000007768 add_time= 0.000071861
2970 0.000157434 2970 0.000006781 add_time= 0.000181376
2550 0.000047681 2550 0.000006955 add_time= 0.000070858
2805 0.000051629 2805 0.000006656 add_time= 0.000078943
2652 0.000306961 2652 0.000006962 add_time= 0.000347478
2500 0.000036942 2500 0.000006294 add_time= 0.000059095
3025 0.000080749 3025 0.000006855 add_time= 0.000103418
2601 0.000075475 2601 0.000006582 add_time= 0.000096084
2750 0.000039999 2750 0.000005578 add_time= 0.000066484
1250 0.000087318 1250 0.000005941 add_time= 0.000105005
2750 0.000069182 2750 0.000017676 add_time= 0.000166271
2500 0.000040324 2500 0.000024093 add_time= 0.000087265
2550 0.000041934 2550 0.000007880 add_time= 0.000074916
2601 0.000104761 2601 0.000008787 add_time= 0.000142196
2750 0.000045933 2750 0.000009191 add_time= 0.000087685
2756 0.000329023 2756 0.000007494 add_time= 0.000365244
2500 0.000020342 2500 0.000104158 add_time= 0.000140983
2650 0.000115508 2650 0.000006898 add_time= 0.000139627
2652 0.000201030 2652 0.000013288 add_time= 0.000231424
2860 0.000070072 2860 0.000007318 add_time= 0.000094939
2915 0.000351223 2915 0.000007931 add_time= 0.000381906
2750 0.000107268 2750 0.000007342 add_time= 0.000130998
2550 0.000112735 2550 0.000007949 add_time= 0.000137800
2805 0.000167756 2805 0.000024600 add_time= 0.000220281
2550 0.000070517 2550 0.000015838 add_time= 0.000100556
2750 0.000092504 2750 0.000007046 add_time= 0.000115943
1250 0.000075702 1250 0.000006102 add_time= 0.000094175
2703 0.000200382 2703 0.000007710 add_time= 0.000227881
2500 0.000110427 2500 0.000007566 add_time= 0.000134376
2500 0.000102177 2500 0.000007663 add_time= 0.000132233
2650 0.000076531 2650 0.000007300 add_time= 0.000106615
2700 0.000059030 2700 0.000007076 add_time= 0.000082686
1250 0.000078666 1250 0.000014634 add_time= 0.000107779
2756 0.000204047 2756 0.000007344 add_time= 0.000232531
2750 0.000017286 2750 0.000026148 add_time= 0.000059807
1250 0.000086962 1250 0.000006822 add_time= 0.000117992
2805 0.000091233 2805 0.000017568 add_time= 0.000141568
2500 0.000096848 2500 0.000012346 add_time= 0.000125912
2500 0.000071936 2500 0.000007661 add_time= 0.000095903
2650 0.000195871 2650 0.000007922 add_time= 0.000224381
2500 0.000015897 2500 0.000026130 add_time= 0.000059083
2550 0.000136403 2550 0.000007124 add_time= 0.000160396
2550 0.000209819 2550 0.000006522 add_time= 0.000239804
2600 0.000059046 2600 0.000017248 add_time= 0.000105521
2550 0.000165720 2550 0.000007065 add_time= 0.000190365
1325 0.000170327 1325 0.000006922 add_time= 0.000201914
2650 0.000017506 2650 0.000015527 add_time= 0.000050562
2805 0.000157279 2805 0.000007009 add_time= 0.000181212
2550 0.000374214 2550 0.000018800 add_time= 0.000417604
2550 0.000060732 2550 0.000007148 add_time= 0.000084396
1275 0.000081421 1275 0.000006972 add_time= 0.000113547
2756 0.000206314 2756 0.000007747 add_time= 0.000236015
2500 0.000182482 2500 0.000006875 add_time= 0.000205872
3025 0.000122963 3025 0.000008807 add_time= 0.000177652
2500 0.000091718 2500 0.000007830 add_time= 0.000116498
2700 0.000077376 2700 0.000013903 add_time= 0.000108577
2500 0.000135959 2500 0.000007871 add_time= 0.000159416
1250 0.000407951 1250 0.000007218 add_time= 0.000431242
2500 0.000081857 2500 0.000006972 add_time= 0.000115984
2700 0.000090232 2700 0.000015888 add_time= 0.000122565
2805 0.000088329 2805 0.000006733 add_time= 0.000110547
2652 0.000246799 2652 0.000013998 add_time= 0.000276139
2860 0.000106018 2860 0.000006542 add_time= 0.000127544
1250 0.000110379 1250 0.000006818 add_time= 0.000131430
1325 0.000268129 1325 0.000007255 add_time= 0.000293011
2500 0.000117146 2500 0.000007225 add_time= 0.000142207
2550 0.000127088 2550 0.000013590 add_time= 0.000155861
2805 0.000064716 2805 0.000006978 add_time= 0.000109240
2700 0.000570877 2700 0.000007494 add_time= 0.000601300
2750 0.000087846 2750 0.000007029 add_time= 0.000118018
2500 0.000194409 2500 0.000008427 add_time= 0.000221849
2550 0.000104462 2550 0.000007414 add_time= 0.000128076
2750 0.000128259 2750 0.000008363 add_time= 0.000190169
2700 0.000081170 2700 0.000007260 add_time= 0.000104674
2650 0.000218462 2650 0.000006936 add_time= 0.000240612
2500 0.000099719 2500 0.000006553 add_time= 0.000120975
2500 0.000084488 2500 0.000007634 add_time= 0.000106782
2650 0.000173318 2650 0.000006974 add_time= 0.000199220
2704 0.000101379 2704 0.000006634 add_time= 0.000135949
2915 0.000149082 2915 0.000007417 add_time= 0.000186174
3025 0.000094554 3025 0.000006589 add_time= 0.000125559
2550 0.000089696 2550 0.000006944 add_time= 0.000111711
2700 0.000269666 2700 0.000006476 add_time= 0.000294621
2500 0.000052390 2500 0.000006482 add_time= 0.000073706
2500 0.000166193 2500 0.000007545 add_time= 0.000195322
2500 0.000035520 2500 0.000021577 add_time= 0.000074739
2500 0.000115753 2500 0.000007119 add_time= 0.000139776
2600 0.000046677 2600 0.000006933 add_time= 0.000070542
2805 0.000063351 2805 0.000006154 add_time= 0.000090876
2750 0.000115095 2750 0.000007000 add_time= 0.000137215
1375 0.000084905 1375 0.000009715 add_time= 0.000117594
2915 0.000364294 2915 0.000007086 add_time= 0.000389526
2500 0.000007221 2500 0.000022790 add_time= 0.000063648
3025 0.000046255 3025 0.000014684 add_time= 0.000086185
2500 0.000075951 2500 0.000006423 add_time= 0.000097916
2550 0.000074235 2550 0.000015800 add_time= 0.000107258
2750 0.000048775 2750 0.000007060 add_time= 0.000078035
2500 0.000081097 2500 0.000007723 add_time= 0.000106046
2600 0.000079282 2600 0.000006484 add_time= 0.000109522
1375 0.000060543 1375 0.000005211 add_time= 0.000078516
2750 0.000121069 2750 0.000009104 add_time= 0.000147102
2703 0.000106416 2703 0.000006908 add_time= 0.000129522
2500 0.000041861 2500 0.000006763 add_time= 0.000064963
2600 0.000195254 2600 0.000006844 add_time= 0.000243996
2805 0.000022694 2805 0.000006559 add_time= 0.000054471
2550 0.000293384 2550 0.000006481 add_time= 0.000316275
2700 0.000160710 2700 0.000006894 add_time= 0.000183858
1250 0.000043189 1250 0.000009090 add_time= 0.000065818
2750 0.000602659 2750 0.000006659 add_time= 0.000626654
2750 0.000060409 2750 0.000006598 add_time= 0.000083950
2750 0.000069146 2750 0.000006556 add_time= 0.000092316
2652 0.000043466 2652 0.000006446 add_time= 0.000079303
2970 0.000056614 2970 0.000006663 add_time= 0.000080850
2500 0.000391883 2500 0.000008456 add_time= 0.000431936
2860 0.000018855 2860 0.000021046 add_time= 0.000057186
2750 0.000060602 2750 0.000010710 add_time= 0.000087922
2550 0.000226119 2550 0.000007178 add_time= 0.000249061
2805 0.000164154 2805 0.000006945 add_time= 0.000186293
2600 0.000103619 2600 0.000007478 add_time= 0.000127214
625 0.000050842 625 0.000009594 add_time= 0.000072322
2650 0.000044017 2650 0.000007534 add_time= 0.000068709
2600 0.000387421 2600 0.000006988 add_time= 0.000409012
2750 0.000032126 2750 0.000006681 add_time= 0.000054162
2500 0.000063606 2500 0.000012783 add_time= 0.000099739
2550 0.000109680 2550 0.000018884 add_time= 0.000144648
1350 0.000247487 1350 0.000006052 add_time= 0.000276266
1250 0.000028987 1250 0.000010052 add_time= 0.000053084
2915 0.000174830 2915 0.000007179 add_time= 0.000200438
2500 0.000005653 2500 0.000023763 add_time= 0.000045161
2550 0.000123732 2550 0.000006197 add_time= 0.000144904
2600 0.000053503 2600 0.000014077 add_time= 0.000093625
2970 0.000046345 2970 0.000006142 add_time= 0.000067673
2750 0.000085934 2750 0.000007428 add_time= 0.000116614
2756 0.000179371 2756 0.000008724 add_time= 0.000246871
2500 0.000037761 2500 0.000007617 add_time= 0.000071775
2550 0.000005156 2550 0.000008355 add_time= 0.000044794
2500 0.000049128 2500 0.000007324 add_time= 0.000081319
2915 0.000031936 2915 0.000016472 add_time= 0.000090570
2550 0.000049331 2550 0.000006385 add_time= 0.000072763
2600 0.000030039 2600 0.000006163 add_time= 0.000051898
2700 0.000040644 2700 0.000006371 add_time= 0.000063323
2550 0.000094335 2550 0.000006296 add_time= 0.000116347
2500 0.000126726 2500 0.000006750 add_time= 0.000149025
2750 0.000057902 2750 0.000006806 add_time= 0.000081018
1325 0.000078523 1325 0.000005434 add_time= 0.000095953
2915 0.000239400 2915 0.000006588 add_time= 0.000261605
1250 0.000011107 1250 0.000008814 add_time= 0.000032259
2750 0.000083911 2750 0.000006942 add_time= 0.000106690
2550 0.000055935 2550 0.000006111 add_time= 0.000075012
2601 0.000060540 2601 0.000006422 add_time= 0.000079951
2916 0.000085794 2916 0.000006098 add_time= 0.000106800
2970 0.000041381 2970 0.000006104 add_time= 0.000061213
2915 0.000195400 2915 0.000007090 add_time= 0.000219086
2500 0.000015454 2500 0.000012516 add_time= 0.000042548
2500 0.000058901 2500 0.000006267 add_time= 0.000078394
2750 0.000035501 2750 0.000006380 add_time= 0.000057150
2550 0.000023964 2550 0.000022043 add_time= 0.000061555
2500 0.000140499 2500 0.000006453 add_time= 0.000161277
2600 0.000225005 2600 0.000006985 add_time= 0.000247113
2550 0.000057690 2550 0.000006971 add_time= 0.000080094
3025 0.000097337 3025 0.000007429 add_time= 0.000130874
2700 0.000050673 2700 0.000006569 add_time= 0.000073021
1375 0.000265481 1375 0.000007885 add_time= 0.000287008
2650 0.000406185 2650 0.000006852 add_time= 0.000427960
2750 0.000015519 2750 0.000023523 add_time= 0.000065806
1250 0.000031391 1250 0.000006825 add_time= 0.000049370
2805 0.000069617 2805 0.000006006 add_time= 0.000097056
2500 0.000135038 2500 0.000005766 add_time= 0.000154043
2550 0.000103365 2550 0.000006868 add_time= 0.000125450
2756 0.000101015 2756 0.000007346 add_time= 0.000124567
2750 0.000015873 2750 0.000013711 add_time= 0.000045252
2500 0.000057193 2500 0.000006193 add_time= 0.000077175
1250 0.000045446 1250 0.000006113 add_time= 0.000064591
2550 0.000068999 2550 0.000005970 add_time= 0.000088822
2550 0.000121099 2550 0.000005681 add_time= 0.000150978
3025 0.000053863 3025 0.000007047 add_time= 0.000076846
2650 0.000246023 2650 0.000007707 add_time= 0.000269775
2750 0.000046552 2750 0.000006623 add_time= 0.000074074
2550 0.000054280 2550 0.000006780 add_time= 0.000076100
2550 0.000077019 2550 0.000006146 add_time= 0.000096784
2860 0.000170298 2860 0.000007043 add_time= 0.000193204
2704 0.000298033 2704 0.000006807 add_time= 0.000320492
2750 0.000068742 2750 0.000006626 add_time= 0.000090443
2805 0.000066540 2805 0.000005783 add_time= 0.000086353
2750 0.000056750 2750 0.000005654 add_time= 0.000075606
2550 0.000147697 2550 0.000006772 add_time= 0.000169655
3025 0.000049135 3025 0.000006918 add_time= 0.000071558
1250 0.000134204 1250 0.000006059 add_time= 0.000152987
2500 0.000077602 2500 0.000006424 add_time= 0.000099345
2750 0.000018162 2750 0.000014242 add_time= 0.000048820
2500 0.000048885 2500 0.000006645 add_time= 0.000071081
2550 0.000085252 2550 0.000006836 add_time= 0.000107856
2500 0.000126055 2500 0.000007174 add_time= 0.000148844
2500 0.000212888 2500 0.000007466 add_time= 0.000235560
2805 0.000052649 2805 0.000008029 add_time= 0.000091637
2860 0.000047025 2860 0.000006793 add_time= 0.000069722
2601 0.000205974 2601 0.000006659 add_time= 0.000227457
2500 0.000057521 2500 0.000006842 add_time= 0.000079514
1375 0.000458134 1375 0.000005811 add_time= 0.000480282
2600 0.000421120 2600 0.000006940 add_time= 0.000443970
3025 0.000041251 3025 0.000006785 add_time= 0.000066028
2860 0.000052306 2860 0.000006772 add_time= 0.000086131
2652 0.000070318 2652 0.000006706 add_time= 0.000092664
2700 0.000059759 2700 0.000006183 add_time= 0.000079667
1250 0.000338867 1250 0.000017424 add_time= 0.000369152
2600 0.000173423 2600 0.000007247 add_time= 0.000207941
2860 0.000008059 2860 0.000037369 add_time= 0.000066569
2550 0.000077989 2550 0.000007040 add_time= 0.000102063
1275 0.000049601 1275 0.000006265 add_time= 0.000072479
2550 0.000324672 2550 0.000026022 add_time= 0.000368690
2500 0.000073278 2500 0.000009135 add_time= 0.000109271
2750 0.000154830 2750 0.000007169 add_time= 0.000177884
1300 0.000014527 1300 0.000016018 add_time= 0.000048931
2750 0.000058395 2750 0.000007324 add_time= 0.000086093
2500 0.000047691 2500 0.000006315 add_time= 0.000068460
2550 0.000213030 2550 0.000006477 add_time= 0.000235578
2805 0.000197079 2805 0.000006636 add_time= 0.000217732
2750 0.000081145 2750 0.000007318 add_time= 0.000106840
2650 0.000212178 2650 0.000006829 add_time= 0.000236514
2550 0.000006779 2550 0.000013101 add_time= 0.000043009
1250 0.000056456 1250 0.000012938 add_time= 0.000083077
2703 0.000205481 2703 0.000007371 add_time= 0.000230054
2754 0.000042757 2754 0.000006847 add_time= 0.000063843
1250 0.000036647 1250 0.000008068 add_time= 0.000058805
2704 0.000154826 2704 0.000006590 add_time= 0.000177614
2750 0.000044343 2750 0.000007050 add_time= 0.000068177
2550 0.000052011 2550 0.000006496 add_time= 0.000074635
2550 0.000106527 2550 0.000006525 add_time= 0.000128741
2550 0.000094313 2550 0.000006630 add_time= 0.000127386
2650 0.000174029 2650 0.000006444 add_time= 0.000197498
3025 0.000083358 3025 0.000007407 add_time= 0.000108579
2500 0.000098136 2500 0.000006230 add_time= 0.000119891
2500 0.000083115 2500 0.000006710 add_time= 0.000106152
2601 0.000070294 2601 0.000009561 add_time= 0.000093472
2750 0.000035562 2750 0.000007029 add_time= 0.000058847
2500 0.000266247 2500 0.000006791 add_time= 0.000300845
2600 0.000133686 2600 0.000007440 add_time= 0.000165151
2500 0.000059707 2500 0.000005938 add_time= 0.000079541
2550 0.000037905 2550 0.000006041 add_time= 0.000057720
2550 0.000155855 2550 0.000005932 add_time= 0.000175704
2750 0.000045863 2750 0.000007349 add_time= 0.000070034
2915 0.000205847 2915 0.000007356 add_time= 0.000231796
2500 0.000006812 2500 0.000013383 add_time= 0.000039419
2600 0.000073790 2600 0.000006304 add_time= 0.000096362
2550 0.000063974 2550 0.000006772 add_time= 0.000086741
2750 0.000047424 2750 0.000007441 add_time= 0.000071551
2550 0.000117937 2550 0.000007274 add_time= 0.000145071
2750 0.000006580 2750 0.000013836 add_time= 0.000037028
2600 0.000102169 2600 0.000006314 add_time= 0.000123771
2750 0.000046939 2750 0.000006015 add_time= 0.000068161
2750 0.000033011 2750 0.000006251 add_time= 0.000053823
1275 0.000036918 1275 0.000005668 add_time= 0.000054749
2550 0.000031819 2550 0.000008677 add_time= 0.000087674
2756 0.000023671 2756 0.000007571 add_time= 0.000061957
2750 0.000069320 2750 0.000007628 add_time= 0.000102763
2500 0.000024972 2500 0.000012905 add_time= 0.000081957
2500 0.000037015 2500 0.000008765 add_time= 0.000076695
2754 0.000025805 2754 0.000009040 add_time= 0.000071206
2915 0.000164030 2915 0.000006064 add_time= 0.000188510
2750 0.000054739 2750 0.000014858 add_time= 0.000086021
2500 0.000064644 2500 0.000006327 add_time= 0.000086370
2750 0.000067958 2750 0.000006428 add_time= 0.000090708
1350 0.000060584 1350 0.000005937 add_time= 0.000079984
2703 0.000190013 2703 0.000007487 add_time= 0.000225773
2808 0.000142052 2808 0.000006266 add_time= 0.000163924
2750 0.000283035 2750 0.000006344 add_time= 0.000304296
2550 0.000041011 2550 0.000006317 add_time= 0.000062234
2750 0.000068325 2750 0.000006694 add_time= 0.000104991
2500 0.000031759 2500 0.000006653 add_time= 0.000060596
2756 0.000161738 2756 0.000006766 add_time= 0.000185488
2500 0.000007205 2500 0.000012720 add_time= 0.000034972
2500 0.000036947 2500 0.000018625 add_time= 0.000078849
2600 0.000041521 2600 0.000006363 add_time= 0.000061568
2754 0.000072336 2754 0.000007028 add_time= 0.000095264
2805 0.000024589 2805 0.000006184 add_time= 0.000044528
1250 0.000051679 1250 0.000006141 add_time= 0.000068974
2500 0.000257467 2500 0.000007911 add_time= 0.000282198
2750 0.000007607 2750 0.000014064 add_time= 0.000037675
2700 0.000032897 2700 0.000006424 add_time= 0.000054921
2601 0.000026242 2601 0.000006403 add_time= 0.000048024
2750 0.000034065 2750 0.000006858 add_time= 0.000092316
2500 0.000157925 2500 0.000008115 add_time= 0.000183475
2750 0.000284959 2750 0.000006684 add_time= 0.000307905
2500 0.000094376 2500 0.000005714 add_time= 0.000113676
2650 0.000054853 2650 0.000006596 add_time= 0.000077126
2550 0.000042690 2550 0.000011130 add_time= 0.000069286
2756 0.000133080 2756 0.000008653 add_time= 0.000165835
2500 0.000257479 2500 0.000007258 add_time= 0.000286553
2750 0.000041685 2750 0.000006886 add_time= 0.000064427
2750 0.000097505 2750 0.000006637 add_time= 0.000118947
2500 0.000033670 2500 0.000006274 add_time= 0.000053402
2750 0.000048826 2750 0.000006137 add_time= 0.000068794
1250 0.000459640 1250 0.000006841 add_time= 0.000479326
2915 0.000018646 2915 0.000015557 add_time= 0.000050835
2500 0.000040372 2500 0.000006049 add_time= 0.000061293
2601 0.000080055 2601 0.000006470 add_time= 0.000102082
2700 0.000052346 2700 0.000006242 add_time= 0.000072919
1300 0.000056339 1300 0.000005397 add_time= 0.000072742
1325 0.000539086 1325 0.000008177 add_time= 0.000571088
2500 0.000025712 2500 0.000014301 add_time= 0.000057714
2750 0.000078762 2750 0.000006604 add_time= 0.000102052
2703 0.000033754 2703 0.000006328 add_time= 0.000056010
2700 0.000057954 2700 0.000006377 add_time= 0.000087628
2750 0.000047476 2750 0.000006209 add_time= 0.000068403
2915 0.000339622 2915 0.000006954 add_time= 0.000365048
2750 0.000015533 2750 0.000130001 add_time= 0.000160775
2750 0.000048741 2750 0.000006255 add_time= 0.000074648
2550 0.000059233 2550 0.000005615 add_time= 0.000079012
2550 0.000032924 2550 0.000005687 add_time= 0.000052863
2750 0.000079936 2750 0.000006024 add_time= 0.000100286
2600 0.000064772 2600 0.000006865 add_time= 0.000088483
1300 0.000011682 1300 0.000011438 add_time= 0.000035897
2805 0.000029038 2805 0.000006063 add_time= 0.000049960
2550 0.000061851 2550 0.000006029 add_time= 0.000082391
2550 0.000052913 2550 0.000005405 add_time= 0.000072873
2750 0.000097463 2750 0.000006273 add_time= 0.000118846
2500 0.000162002 2500 0.000006428 add_time= 0.000185409
3025 0.000041780 3025 0.000006209 add_time= 0.000064302
2500 0.000055539 2500 0.000006152 add_time= 0.000076272
2500 0.000032718 2500 0.000005678 add_time= 0.000052324
2500 0.000060541 2500 0.000005821 add_time= 0.000080863
2750 0.000058686 2750 0.000010547 add_time= 0.000083513
2915 0.000698415 2915 0.000008899 add_time= 0.000729721
1250 0.000006122 1250 0.000026292 add_time= 0.000047536
1375 0.000028892 1375 0.000006354 add_time= 0.000048515
2750 0.000188553 2750 0.000006001 add_time= 0.000209138
2550 0.000136301 2550 0.000005847 add_time= 0.000156949
2700 0.000051192 2700 0.000006878 add_time= 0.000074998
2700 0.000087465 2700 0.000010554 add_time= 0.000114534
2860 0.000305151 2860 0.000007666 add_time= 0.000330694
3025 0.000007953 3025 0.000017018 add_time= 0.000043400
2860 0.000232899 2860 0.000007321 add_time= 0.000256039
2805 0.000346309 2805 0.000006998 add_time= 0.000378086
2550 0.000214315 2550 0.000014375 add_time= 0.000243521
2805 0.000055308 2805 0.000007785 add_time= 0.000080157
2550 0.000203646 2550 0.000014514 add_time= 0.000245010
2750 0.000191669 2750 0.000006665 add_time= 0.000215176
2550 0.000214918 2550 0.000007298 add_time= 0.000238154
2500 0.000157451 2500 0.000006725 add_time= 0.000180395
1250 0.000027651 1250 0.000006505 add_time= 0.000048401
2650 0.000113920 2650 0.000007332 add_time= 0.000140248
2500 0.000007004 2500 0.000079953 add_time= 0.000110627
2970 0.000043326 2970 0.000007342 add_time= 0.000077613
2915 0.000083763 2915 0.000006848 add_time= 0.000104576
2550 0.000100238 2550 0.000005491 add_time= 0.000117851
2700 0.000055919 2700 0.000007049 add_time= 0.000079911
1325 0.000027102 1325 0.000005642 add_time= 0.000045843
