2862 0.000180268 2862 0.000016594 add_time= 0.001623818
2750 0.000033486 2750 0.000008091 add_time= 0.000057914
2550 0.000052722 2550 0.000008351 add_time= 0.000077737
2750 0.000084496 2750 0.000008877 add_time= 0.000120153
2500 0.000036844 2500 0.000045586 add_time= 0.000099402
2750 0.000096653 2750 0.000007433 add_time= 0.000121381
2500 0.000720742 2500 0.000009392 add_time= 0.000775543
2805 0.000460017 2805 0.000021836 add_time= 0.000501708
2500 0.000796006 2500 0.000006613 add_time= 0.000824153
2750 0.000062828 2750 0.000007287 add_time= 0.000087390
2500 0.000184741 2500 0.000006564 add_time= 0.000207570
1250 0.000156675 1250 0.000008767 add_time= 0.000201472
2750 0.000376407 2750 0.000009411 add_time= 0.000409324
2970 0.000179906 2970 0.000011160 add_time= 0.000209459
2550 0.000427073 2550 0.000007263 add_time= 0.000451410
2500 0.000769041 2500 0.000008198 add_time= 0.000804579
2805 0.000240078 2805 0.000007131 add_time= 0.000264295
2970 0.000028479 2970 0.000006535 add_time= 0.000069520
2500 0.000088572 2500 0.000014209 add_time= 0.000138132
2500 0.000042048 2500 0.000006468 add_time= 0.000064633
2600 0.000081871 2600 0.000011815 add_time= 0.000112322
2650 0.000179316 2650 0.000010248 add_time= 0.000338298
2652 0.000069860 2652 0.000009159 add_time= 0.000109766
2860 0.000302691 2860 0.000014430 add_time= 0.001897250
2600 0.000029236 2600 0.000021734 add_time= 0.000072651
2754 0.000068937 2754 0.000008652 add_time= 0.000093538
2650 0.000127660 2650 0.000008888 add_time= 0.000165530
2550 0.000170773 2550 0.000006996 add_time= 0.000212645
2600 0.000173480 2600 0.000009942 add_time= 0.000218961
2500 0.000007224 2500 0.000035130 add_time= 0.000058178
2970 0.000246912 2970 0.000007265 add_time= 0.000274294
2750 0.000149646 2750 0.000007935 add_time= 0.000178532
2601 0.000213797 2601 0.000007935 add_time= 0.000256291
2650 0.000134387 2650 0.000011919 add_time= 0.000181319
2750 0.000130587 2750 0.000006788 add_time= 0.000167917
2750 0.000099905 2750 0.000006618 add_time= 0.000120947
1375 0.000065029 1375 0.000006495 add_time= 0.000085305
2809 0.000287269 2809 0.000009916 add_time= 0.000323702
2500 0.000091332 2500 0.000039400 add_time= 0.000152802
2600 0.000007319 2600 0.000013963 add_time= 0.000054127
3025 0.000105327 3025 0.000006887 add_time= 0.000127309
2700 0.000198225 2700 0.000006787 add_time= 0.000221354
2750 0.000491604 2750 0.000016293 add_time= 0.000553240
2750 0.000063182 2750 0.000007037 add_time= 0.000107145
2970 0.000073168 2970 0.000007368 add_time= 0.000105390
2750 0.000230906 2750 0.000010357 add_time= 0.000358730
2805 0.000047838 2805 0.000012878 add_time= 0.000130261
2500 0.000227757 2500 0.000012456 add_time= 0.001362012
2500 0.000066952 2500 0.000015752 add_time= 0.000097639
2550 0.000098046 2550 0.000005620 add_time= 0.000124399
2550 0.000141756 2550 0.000005734 add_time= 0.000161374
2550 0.000035252 2550 0.000006082 add_time= 0.000055428
3025 0.000043967 3025 0.000006949 add_time= 0.000068519
1350 0.000046011 1350 0.000004969 add_time= 0.000063247
2500 0.000220638 2500 0.000007114 add_time= 0.000244464
2750 0.000082921 2750 0.000005865 add_time= 0.000103300
2500 0.000160349 2500 0.000006364 add_time= 0.000180162
2750 0.000050890 2750 0.000006325 add_time= 0.000073228
2550 0.000032591 2550 0.000006402 add_time= 0.000054998
2750 0.000030711 2750 0.000006561 add_time= 0.000056412
2600 0.000046853 2600 0.000012650 add_time= 0.000096351
2652 0.000096702 2652 0.000008511 add_time= 0.000123967
2860 0.000139198 2860 0.000006694 add_time= 0.000164050
2703 0.000111247 2703 0.000010122 add_time= 0.000137422
2550 0.000019840 2550 0.000009698 add_time= 0.000045956
2700 0.000006419 2700 0.000023773 add_time= 0.000045061
2700 0.000036008 2700 0.000006561 add_time= 0.000061562
2600 0.000049550 2600 0.000007176 add_time= 0.000078183
3025 0.000072292 3025 0.000006897 add_time= 0.000112100
2750 0.000058365 2750 0.000011339 add_time= 0.000084135
2600 0.000042695 2600 0.000008771 add_time= 0.000065367
2550 0.000051181 2550 0.000006070 add_time= 0.000071332
2970 0.000005545 2970 0.000033154 add_time= 0.000053555
1250 0.000026070 1250 0.000005278 add_time= 0.000056267
2550 0.000086213 2550 0.000009146 add_time= 0.000136285
2600 0.000037419 2600 0.000005814 add_time= 0.000059809
2750 0.000226284 2750 0.000006833 add_time= 0.000249862
2915 0.000082972 2915 0.000006048 add_time= 0.000104737
2500 0.000044460 2500 0.000005590 add_time= 0.000073356
1275 0.000052874 1275 0.000009680 add_time= 0.000077050
2750 0.000049224 2750 0.000007226 add_time= 0.000081589
2500 0.000111404 2500 0.000010633 add_time= 0.000138850
2500 0.000237987 2500 0.000006332 add_time= 0.000258645
2550 0.000117206 2550 0.000006350 add_time= 0.000147071
2754 0.000313497 2754 0.000009487 add_time= 0.000337278
2750 0.000099383 2750 0.000006540 add_time= 0.000122674
2500 0.000068103 2500 0.000006746 add_time= 0.000090795
2600 0.000094076 2600 0.000017587 add_time= 0.000129589
3025 0.000050006 3025 0.000007473 add_time= 0.000074478
2650 0.001426395 2650 0.000006184 add_time= 0.001447516
2700 0.000040816 2700 0.000010926 add_time= 0.000078657
2700 0.000077032 2700 0.000006197 add_time= 0.000098037
2704 0.000026495 2704 0.000015101 add_time= 0.000155484
2500 0.000029016 2500 0.000008091 add_time= 0.000071288
2500 0.000044336 2500 0.000008334 add_time= 0.000078899
2550 0.000045645 2550 0.000007417 add_time= 0.000095893
2600 0.000036070 2600 0.000012208 add_time= 0.000086613
2750 0.000032927 2750 0.000009002 add_time= 0.000074206
2600 0.000238534 2600 0.000008053 add_time= 0.000291316
2500 0.000196796 2500 0.000006925 add_time= 0.000240182
2650 0.000385661 2650 0.000007061 add_time= 0.000413459
2600 0.000046685 2600 0.000005797 add_time= 0.000066913
2500 0.000222429 2500 0.000005750 add_time= 0.000242314
2750 0.000111784 2750 0.000006117 add_time= 0.000133099
2500 0.000075360 2500 0.000006923 add_time= 0.000099745
2600 0.000034246 2600 0.000006351 add_time= 0.000057672
2970 0.000035318 2970 0.000006451 add_time= 0.000067246
2500 0.000163240 2500 0.000007250 add_time= 0.000187855
2500 0.000065555 2500 0.000006559 add_time= 0.000087054
2550 0.000026491 2550 0.000005729 add_time= 0.000050778
2650 0.000006019 2650 0.000044351 add_time= 0.000064814
2750 0.000034994 2750 0.000006777 add_time= 0.000056938
2600 0.000187488 2600 0.000006460 add_time= 0.000211292
2500 0.000283798 2500 0.000006412 add_time= 0.000315511
2500 0.000223285 2500 0.000006674 add_time= 0.000245905
2500 0.000159940 2500 0.000006241 add_time= 0.000183682
2808 0.000362708 2808 0.000006312 add_time= 0.000393697
1250 0.000098533 1250 0.000004998 add_time= 0.000116166
2500 0.000192193 2500 0.000006512 add_time= 0.000215978
2600 0.000044115 2600 0.000005834 add_time= 0.000065073
2915 0.000330286 2915 0.000006466 add_time= 0.000363477
2652 0.000131951 2652 0.000006476 add_time= 0.000155164
2550 0.000103249 2550 0.000014787 add_time= 0.000132306
2750 0.000091569 2750 0.000005640 add_time= 0.000112150
2750 0.000041188 2750 0.000005862 add_time= 0.000061189
2500 0.000069116 2500 0.000013344 add_time= 0.000099440
2650 0.000036956 2650 0.000006289 add_time= 0.000059891
2500 0.000145454 2500 0.000006464 add_time= 0.000173169
2550 0.000293073 2550 0.000006560 add_time= 0.000316088
2550 0.000081232 2550 0.000017914 add_time= 0.000116493
2750 0.000018662 2750 0.000014986 add_time= 0.000048976
2652 0.000208566 2652 0.000007651 add_time= 0.000240088
2750 0.000080543 2750 0.000007790 add_time= 0.000104653
2500 0.000114189 2500 0.000007258 add_time= 0.000157587
2500 0.000122488 2500 0.000006313 add_time= 0.000143362
2750 0.000172294 2750 0.000005779 add_time= 0.000192436
2550 0.000107710 2550 0.000006959 add_time= 0.000143362
2750 0.000276555 2750 0.000006967 add_time= 0.000320965
3025 0.000141431 3025 0.000011112 add_time= 0.000176262
2500 0.000241685 2500 0.000006222 add_time= 0.000262960
2805 0.000063176 2805 0.000018566 add_time= 0.000098071
2970 0.000006500 2970 0.000014326 add_time= 0.000036253
2750 0.000044727 2750 0.000008007 add_time= 0.000070793
2500 0.000075240 2500 0.000007976 add_time= 0.000107460
2600 0.000094181 2600 0.000006476 add_time= 0.000119275
2750 0.000083064 2750 0.000006736 add_time= 0.000106337
2500 0.000032108 2500 0.000007195 add_time= 0.000055843
2601 0.000045526 2601 0.000007226 add_time= 0.000068169
2500 0.000006004 2500 0.000081383 add_time= 0.000102591
2652 0.000074050 2652 0.000008651 add_time= 0.000128060
2750 0.000007087 2750 0.000008879 add_time= 0.000056007
2750 0.000031648 2750 0.000007978 add_time= 0.000081714
2750 0.000042082 2750 0.000008584 add_time= 0.000080100
2500 0.000053478 2500 0.000007150 add_time= 0.000084819
1300 0.000099831 1300 0.000008546 add_time= 0.000141074
2704 0.000145708 2704 0.000007318 add_time= 0.000187372
2750 0.000096941 2750 0.000006588 add_time= 0.000127873
1375 0.000036220 1375 0.000004990 add_time= 0.000054984
2550 0.000033599 2550 0.000006802 add_time= 0.000057406
2754 0.000007437 2754 0.000025297 add_time= 0.000048192
1250 0.000132351 1250 0.000006242 add_time= 0.000152744
2550 0.000077776 2550 0.000006785 add_time= 0.000101961
2600 0.000046410 2600 0.000013971 add_time= 0.000077371
1375 0.000108449 1375 0.000005953 add_time= 0.000129436
2500 0.000053074 2500 0.000016999 add_time= 0.000094904
2970 0.000025440 2970 0.000014817 add_time= 0.000066711
2500 0.000021908 2500 0.000013745 add_time= 0.000049812
2500 0.000085281 2500 0.000006625 add_time= 0.000113981
2600 0.000474338 2600 0.000007443 add_time= 0.000532935
3025 0.000096885 3025 0.000006876 add_time= 0.000123025
2550 0.000099488 2550 0.000006239 add_time= 0.000121718
2550 0.000287677 2550 0.000007160 add_time= 0.000310996
2500 0.000200280 2500 0.000006453 add_time= 0.000222389
1250 0.000034463 1250 0.000005904 add_time= 0.000053001
2750 0.000064855 2750 0.000006966 add_time= 0.000089669
2650 0.000115258 2650 0.000006867 add_time= 0.000138769
2750 0.000058401 2750 0.000006674 add_time= 0.000080835
2703 0.000087223 2703 0.000006749 add_time= 0.000110318
2550 0.000118514 2550 0.000006015 add_time= 0.000140054
2750 0.000006877 2750 0.000032745 add_time= 0.000055028
2600 0.000295149 2600 0.000006342 add_time= 0.000318417
2750 0.000136841 2750 0.000009594 add_time= 0.000169234
1250 0.000047914 1250 0.000006167 add_time= 0.000068502
2550 0.000149505 2550 0.000008811 add_time= 0.000172491
2500 0.000006403 2500 0.000023719 add_time= 0.000057448
1250 0.000096885 1250 0.000006744 add_time= 0.000122775
2550 0.000154120 2550 0.000008739 add_time= 0.000179848
2500 0.000090611 2500 0.000006448 add_time= 0.000112823
2550 0.000066261 2550 0.000007142 add_time= 0.000089393
2805 0.000056974 2805 0.000006761 add_time= 0.000080311
2700 0.000007068 2700 0.000023404 add_time= 0.000046774
1300 0.000088613 1300 0.000005867 add_time= 0.000116762
2550 0.000165411 2550 0.000006420 add_time= 0.000188951
2500 0.000085541 2500 0.000005604 add_time= 0.000114339
2500 0.000072437 2500 0.000006114 add_time= 0.000093827
2860 0.000041001 2860 0.000005483 add_time= 0.000060977
2550 0.000081164 2550 0.000006219 add_time= 0.000102755
2550 0.000110173 2550 0.000005426 add_time= 0.000129188
2805 0.000066272 2805 0.000006691 add_time= 0.000097025
2500 0.000035425 2500 0.000009314 add_time= 0.000101374
2600 0.000026363 2600 0.000017800 add_time= 0.000065639
2500 0.000131766 2500 0.000006755 add_time= 0.000162781
1250 0.000044490 1250 0.000009449 add_time= 0.000075223
2805 0.000193436 2805 0.000006379 add_time= 0.000218126
2550 0.000202896 2550 0.000005529 add_time= 0.000226927
2750 0.000063019 2750 0.000006830 add_time= 0.000097902
2500 0.000195430 2500 0.000007337 add_time= 0.000219246
2600 0.000034028 2600 0.000006159 add_time= 0.000062939
2750 0.000096876 2750 0.000006359 add_time= 0.000119067
2805 0.000070574 2805 0.000007420 add_time= 0.000094450
2750 0.000060669 2750 0.000006575 add_time= 0.000083740
2860 0.000193903 2860 0.000006907 add_time= 0.000220163
1300 0.000067861 1300 0.000006359 add_time= 0.000087729
1375 0.000293757 1375 0.000005530 add_time= 0.000310550
2550 0.000095581 2550 0.000006219 add_time= 0.000114338
2500 0.000100867 2500 0.000006461 add_time= 0.000120180
2550 0.000116623 2550 0.000006053 add_time= 0.000143716
2700 0.000006214 2700 0.000136268 add_time= 0.000155129
3025 0.000136137 3025 0.000006778 add_time= 0.000156667
1375 0.000602319 1375 0.000005931 add_time= 0.000619198
2700 0.000225105 2700 0.000007794 add_time= 0.000284002
2500 0.000035386 2500 0.000015194 add_time= 0.000073091
2600 0.000091652 2600 0.000006759 add_time= 0.000123273
2550 0.000048159 2550 0.000007354 add_time= 0.000076484
2550 0.000198734 2550 0.000008032 add_time= 0.000231144
1250 0.000062909 1250 0.000005821 add_time= 0.000081755
2600 0.000057625 2600 0.000006209 add_time= 0.000078915
2805 0.000124626 2805 0.000007496 add_time= 0.000158014
1250 0.000024457 1250 0.000005138 add_time= 0.000041057
2550 0.000127857 2550 0.000005572 add_time= 0.000146895
1250 0.000006260 1250 0.000020635 add_time= 0.000039622
2600 0.000110774 2600 0.000006280 add_time= 0.000131748
2600 0.000061167 2600 0.000005396 add_time= 0.000090396
2970 0.000032036 2970 0.000006539 add_time= 0.000053421
2500 0.000032812 2500 0.000005607 add_time= 0.000051360
2805 0.000170443 2805 0.000006269 add_time= 0.000190015
2754 0.000007765 2754 0.000072871 add_time= 0.000095908
1250 0.000173492 1250 0.000005965 add_time= 0.000196557
2915 0.000363886 2915 0.000007059 add_time= 0.000386145
2652 0.000186713 2652 0.000006511 add_time= 0.000206638
2700 0.000084641 2700 0.000006352 add_time= 0.000103897
2860 0.000079540 2860 0.000006017 add_time= 0.000098603
2601 0.000040469 2601 0.000007313 add_time= 0.000062764
2550 0.000170134 2550 0.000006328 add_time= 0.000189616
1375 0.000126424 1375 0.000005969 add_time= 0.000145142
2860 0.000096089 2860 0.000008847 add_time= 0.000128576
2500 0.000137124 2500 0.000007685 add_time= 0.000162578
2805 0.000063460 2805 0.000011717 add_time= 0.000092356
2500 0.000073984 2500 0.000011953 add_time= 0.000100967
2600 0.000018953 2600 0.000033657 add_time= 0.000069269
2600 0.000040248 2600 0.000007481 add_time= 0.000065741
2600 0.000032891 2600 0.000006282 add_time= 0.000054836
2750 0.000282472 2750 0.000005961 add_time= 0.000303240
2550 0.000149866 2550 0.000005535 add_time= 0.000169855
2750 0.000087593 2750 0.000005681 add_time= 0.000126445
2550 0.000063695 2550 0.000005396 add_time= 0.000083280
2550 0.000007483 2550 0.000023947 add_time= 0.000055302
2750 0.000104531 2750 0.000006637 add_time= 0.000127977
2700 0.000226131 2700 0.000006688 add_time= 0.000248908
2750 0.000072997 2750 0.000006874 add_time= 0.000106312
2700 0.000026000 2700 0.000005604 add_time= 0.000045521
2601 0.000070071 2601 0.000006019 add_time= 0.000090397
2805 0.000056518 2805 0.000005484 add_time= 0.000075942
2500 0.000006064 2500 0.000022114 add_time= 0.000042335
2550 0.000155138 2550 0.000006573 add_time= 0.000178479
2750 0.000042474 2750 0.000013255 add_time= 0.000072478
3025 0.000100119 3025 0.000006366 add_time= 0.000133294
2500 0.000028025 2500 0.000006054 add_time= 0.000048986
2550 0.000094270 2550 0.000006578 add_time= 0.000121141
2500 0.000236111 2500 0.000006483 add_time= 0.000259000
2550 0.000006607 2550 0.000021904 add_time= 0.000053394
2500 0.000046488 2500 0.000006121 add_time= 0.000066770
2750 0.000208096 2750 0.000006127 add_time= 0.000238943
2750 0.000128934 2750 0.000006010 add_time= 0.000151023
2650 0.000240890 2650 0.000007522 add_time= 0.000275645
2550 0.000028418 2550 0.000006890 add_time= 0.000059594
2750 0.000005987 2750 0.000082229 add_time= 0.000103528
2500 0.000220653 2500 0.000008982 add_time= 0.000259508
2805 0.000054348 2805 0.000006642 add_time= 0.000086572
3025 0.000072037 3025 0.000006647 add_time= 0.000096542
2703 0.000856193 2703 0.000007813 add_time= 0.000881836
2500 0.000103593 2500 0.000006620 add_time= 0.000124845
2915 0.000270865 2915 0.000006869 add_time= 0.000297034
1300 0.000223590 1300 0.000008997 add_time= 0.000257339
2750 0.000235005 2750 0.000005783 add_time= 0.000255849
2750 0.000120520 2750 0.000006213 add_time= 0.000143930
2550 0.000091527 2550 0.000007008 add_time= 0.000115405
2750 0.000041190 2750 0.000006924 add_time= 0.000065824
2550 0.000162166 2550 0.000006971 add_time= 0.000187161
2750 0.000035413 2750 0.000009757 add_time= 0.000061703
2550 0.000085162 2550 0.000006588 add_time= 0.000116309
2750 0.000083171 2750 0.000006774 add_time= 0.000109981
2550 0.000007421 2550 0.000025653 add_time= 0.000048765
2500 0.000046801 2500 0.000009721 add_time= 0.000122375
1300 0.000110559 1300 0.000006544 add_time= 0.000152527
2700 0.000007842 2700 0.000007956 add_time= 0.000063195
2550 0.000068405 2550 0.000008129 add_time= 0.000101776
2500 0.000046163 2500 0.000022249 add_time= 0.000094181
2500 0.000082418 2500 0.000006437 add_time= 0.000104175
2600 0.000108696 2600 0.000014546 add_time= 0.000139383
2750 0.000085561 2750 0.000006292 add_time= 0.000107471
2550 0.000143101 2550 0.000006284 add_time= 0.000164578
2500 0.000091326 2500 0.000013795 add_time= 0.000120813
1375 0.000087911 1375 0.000005963 add_time= 0.000124157
2600 0.000177319 2600 0.000006656 add_time= 0.000200636
3025 0.000099635 3025 0.000012936 add_time= 0.000128879
2750 0.000067471 2750 0.000006185 add_time= 0.000087654
3025 0.000058022 3025 0.000006446 add_time= 0.000078644
2750 0.000046167 2750 0.000005723 add_time= 0.000064978
2700 0.000061662 2700 0.000010278 add_time= 0.000087306
2600 0.000080272 2600 0.000007676 add_time= 0.000103177
2750 0.000068854 2750 0.000007092 add_time= 0.000094398
2750 0.000040630 2750 0.000006966 add_time= 0.000063884
2750 0.000121516 2750 0.000006213 add_time= 0.000142020
2500 0.000154165 2500 0.000005437 add_time= 0.000174454
2652 0.000136205 2652 0.000005474 add_time= 0.000159385
2500 0.000059210 2500 0.000006794 add_time= 0.000081357
2500 0.000085195 2500 0.000006491 add_time= 0.000116973
1250 0.000041072 1250 0.000005620 add_time= 0.000059221
2500 0.000158021 2500 0.000007433 add_time= 0.000181636
2750 0.000055923 2750 0.000006483 add_time= 0.000078527
2600 0.000135810 2600 0.000006658 add_time= 0.000158655
1250 0.000070980 1250 0.000005295 add_time= 0.000088601
2700 0.000026753 2700 0.000015601 add_time= 0.000058630
1250 0.000088028 1250 0.000006621 add_time= 0.000107207
2600 0.000237758 2600 0.000007450 add_time= 0.000265676
2500 0.000060770 2500 0.000013879 add_time= 0.000093634
2550 0.000166612 2550 0.000006233 add_time= 0.000188181
2500 0.001038497 2500 0.000007368 add_time= 0.001064128
2601 0.000200156 2601 0.000006058 add_time= 0.000223494
2500 0.000015298 2500 0.000022177 add_time= 0.000054761
2860 0.000171085 2860 0.000006661 add_time= 0.000195723
2550 0.000032008 2550 0.000006963 add_time= 0.000061079
2750 0.000139202 2750 0.000006022 add_time= 0.000160062
2805 0.000055995 2805 0.000005638 add_time= 0.000076260
2750 0.000088404 2750 0.000010902 add_time= 0.000114096
2700 0.000007621 2700 0.000023734 add_time= 0.000050862
1375 0.000024308 1375 0.000005783 add_time= 0.000054157
2860 0.000072995 2860 0.000007581 add_time= 0.000098414
2500 0.000032148 2500 0.000006778 add_time= 0.000054901
2860 0.000399479 2860 0.000006309 add_time= 0.000421215
2500 0.000116294 2500 0.000006624 add_time= 0.000139211
2700 0.000158683 2700 0.000006453 add_time= 0.000181563
3025 0.000034385 3025 0.000006526 add_time= 0.000056015
2860 0.000074978 2860 0.000007234 add_time= 0.000099680
2550 0.000075270 2550 0.000006142 add_time= 0.000097162
2750 0.000110571 2750 0.000006391 add_time= 0.000132125
2550 0.000072307 2550 0.000007197 add_time= 0.000096008
2500 0.000122142 2500 0.000007092 add_time= 0.000145804
2805 0.000086799 2805 0.000007400 add_time= 0.000122079
2750 0.000358981 2750 0.000007004 add_time= 0.000393876
2600 0.000076695 2600 0.000010560 add_time= 0.000103333
2915 0.000224667 2915 0.000007502 add_time= 0.000248922
2600 0.000058864 2600 0.000005605 add_time= 0.000078967
1250 0.000088149 1250 0.000005931 add_time= 0.000111456
2754 0.000018923 2754 0.000018753 add_time= 0.000053808
2550 0.000055611 2550 0.000005891 add_time= 0.000075658
2860 0.000120370 2860 0.000009455 add_time= 0.000166856
2808 0.000046628 2808 0.000009392 add_time= 0.000072783
2500 0.000198123 2500 0.000005913 add_time= 0.000219674
2652 0.000075418 2652 0.000006224 add_time= 0.000097978
2700 0.000018061 2700 0.000014988 add_time= 0.000050660
1250 0.000060440 1250 0.000006367 add_time= 0.000082536
2600 0.000163923 2600 0.000006961 add_time= 0.000188899
2860 0.000051395 2860 0.000005982 add_time= 0.000072805
3025 0.000307354 3025 0.000018993 add_time= 0.000359761
1275 0.000033607 1275 0.000005749 add_time= 0.000053267
2600 0.000172114 2600 0.000006303 add_time= 0.000195092
2750 0.000022834 2750 0.000009532 add_time= 0.000047462
2600 0.000212647 2600 0.000007004 add_time= 0.000271065
2700 0.000118561 2700 0.000007112 add_time= 0.000167592
2550 0.000071676 2550 0.000006277 add_time= 0.000116300
2550 0.000093427 2550 0.000007278 add_time= 0.000135597
2750 0.000010003 2750 0.000026214 add_time= 0.000067850
2600 0.000066155 2600 0.000008761 add_time= 0.000155398
2750 0.000062338 2750 0.000019348 add_time= 0.000145190
2750 0.000046987 2750 0.000008492 add_time= 0.000111306
2500 0.000054439 2500 0.000008774 add_time= 0.000117369
2500 0.000126668 2500 0.000008427 add_time= 0.000183944
2650 0.000047863 2650 0.000008192 add_time= 0.000111471
1375 0.000329184 1375 0.000007083 add_time= 0.000390048
2750 0.000281033 2750 0.000006667 add_time= 0.000314610
2860 0.000068416 2860 0.000006617 add_time= 0.000116884
2750 0.000150361 2750 0.000017848 add_time= 0.000200383
2860 0.000058910 2860 0.000007192 add_time= 0.000097054
2550 0.000052984 2550 0.000006904 add_time= 0.000086495
2750 0.000103977 2750 0.000007095 add_time= 0.000140660
2500 0.000124487 2500 0.000014810 add_time= 0.000155589
2500 0.000039654 2500 0.000006233 add_time= 0.000071946
2500 0.000092238 2500 0.000006587 add_time= 0.000114111
2601 0.000148634 2601 0.000006809 add_time= 0.000172780
2916 0.000025745 2916 0.000016591 add_time= 0.000057778
1250 0.000090734 1250 0.000009847 add_time= 0.000121938
2860 0.000228233 2860 0.000006434 add_time= 0.000251182
2750 0.000091657 2750 0.000006030 add_time= 0.000111341
2500 0.000094365 2500 0.000006538 add_time= 0.000121833
2601 0.000153921 2601 0.000006794 add_time= 0.000177290
2750 0.000016571 2750 0.000015437 add_time= 0.000047772
1375 0.000191162 1375 0.000006580 add_time= 0.000209711
2860 0.000152416 2860 0.000007020 add_time= 0.000185563
2500 0.000081010 2500 0.000006385 add_time= 0.000101022
2550 0.000096045 2550 0.000006500 add_time= 0.000115793
2805 0.000070674 2805 0.000021595 add_time= 0.000108000
2805 0.000041167 2805 0.000006782 add_time= 0.000063905
2600 0.000088034 2600 0.000006743 add_time= 0.000110404
2550 0.000517826 2550 0.000007167 add_time= 0.000541566
2860 0.000083576 2860 0.000006551 add_time= 0.000106449
2915 0.000077940 2915 0.000006089 add_time= 0.000112110
2970 0.000071288 2970 0.000006400 add_time= 0.000093930
2601 0.000064868 2601 0.000006034 add_time= 0.000084462
2750 0.000090458 2750 0.000006659 add_time= 0.000112975
2756 0.000091170 2756 0.000007307 add_time= 0.000120999
2550 0.000136356 2550 0.000006967 add_time= 0.000159795
2500 0.000125350 2500 0.000010172 add_time= 0.000152677
2750 0.000035091 2750 0.000007209 add_time= 0.000059065
2500 0.000015753 2500 0.000020045 add_time= 0.000051336
1375 0.000034643 1375 0.000005960 add_time= 0.000052777
2652 0.000068346 2652 0.000006396 add_time= 0.000091818
1250 0.000238162 1250 0.000006111 add_time= 0.000258278
2750 0.000120934 2750 0.000006695 add_time= 0.000153059
2805 0.000050241 2805 0.000006709 add_time= 0.000089368
2500 0.000007305 2500 0.000021790 add_time= 0.000054565
2756 0.000120207 2756 0.000008861 add_time= 0.000157288
2500 0.000225548 2500 0.000007344 add_time= 0.000249774
2500 0.000083224 2500 0.000005976 add_time= 0.000103278
2750 0.000037240 2750 0.000005962 add_time= 0.000058007
2601 0.000039330 2601 0.000007544 add_time= 0.000073850
2750 0.000007635 2750 0.000097434 add_time= 0.000122263
2500 0.000060289 2500 0.000007341 add_time= 0.000094202
2550 0.000039683 2550 0.000008753 add_time= 0.000065810
2860 0.000041968 2860 0.000014544 add_time= 0.000073108
2750 0.000115680 2750 0.000006530 add_time= 0.000138440
2550 0.000061084 2550 0.000006699 add_time= 0.000082623
2550 0.000041920 2550 0.000006492 add_time= 0.000065147
2500 0.000013916 2500 0.000085748 add_time= 0.000116032
2704 0.000156243 2704 0.000027698 add_time= 0.000238038
2600 0.000029738 2600 0.000005812 add_time= 0.000070788
2860 0.000069945 2860 0.000006444 add_time= 0.000104340
2500 0.000070791 2500 0.000005947 add_time= 0.000129006
2550 0.000088888 2550 0.000007746 add_time= 0.000125629
2700 0.000010700 2700 0.000027482 add_time= 0.000088337
2650 0.001363519 2650 0.000006686 add_time= 0.001396398
2860 0.000187857 2860 0.000007980 add_time= 0.000236548
2700 0.000088251 2700 0.000013245 add_time= 0.000116141
2860 0.000294575 2860 0.000005819 add_time= 0.000314294
3025 0.000030307 3025 0.000006592 add_time= 0.000053952
2601 0.000094698 2601 0.000006156 add_time= 0.000116162
2500 0.000006763 2500 0.000013772 add_time= 0.000037751
2650 0.000094478 2650 0.000006787 add_time= 0.000118940
2600 0.000033410 2600 0.000005788 add_time= 0.000053794
3025 0.000090387 3025 0.000005871 add_time= 0.000111488
2500 0.000161789 2500 0.000009556 add_time= 0.000185337
2750 0.000129693 2750 0.000005578 add_time= 0.000149824
2750 0.000121853 2750 0.000005613 add_time= 0.000152826
2500 0.000014915 2500 0.000013172 add_time= 0.000044252
2500 0.000273524 2500 0.000007939 add_time= 0.000328042
2652 0.000042549 2652 0.000006686 add_time= 0.000098297
2600 0.000030473 2600 0.000006489 add_time= 0.000079943
2550 0.000043090 2550 0.000006027 add_time= 0.000074740
2600 0.000050575 2600 0.000006678 add_time= 0.000092150
2750 0.000098596 2750 0.000007027 add_time= 0.000137356
2550 0.000039762 2550 0.000009897 add_time= 0.000124647
2860 0.000009826 2860 0.000009166 add_time= 0.000086403
2750 0.000066871 2750 0.000008615 add_time= 0.000135224
2550 0.000077711 2550 0.000008427 add_time= 0.000134468
2500 0.000029936 2500 0.000024526 add_time= 0.000109213
2500 0.000277857 2500 0.000006527 add_time= 0.000319254
2970 0.000084497 2970 0.000006715 add_time= 0.000122347
2860 0.000050882 2860 0.000006620 add_time= 0.000082094
2550 0.000080013 2550 0.000007087 add_time= 0.000127923
2500 0.000007307 2500 0.000024180 add_time= 0.000059729
2600 0.000141905 2600 0.000007521 add_time= 0.000169860
2600 0.000079986 2600 0.000005605 add_time= 0.000098916
2550 0.000157661 2550 0.000006515 add_time= 0.000177355
2652 0.000099077 2652 0.000007249 add_time= 0.000129770
2703 0.000066968 2703 0.000005774 add_time= 0.000086345
2600 0.000016238 2600 0.000015786 add_time= 0.000045821
1375 0.000142471 1375 0.000008616 add_time= 0.000163111
2500 0.000193984 2500 0.000007013 add_time= 0.000217856
2500 0.000103216 2500 0.000015210 add_time= 0.000134340
2750 0.000044508 2750 0.000015930 add_time= 0.000077565
2750 0.000083362 2750 0.000005863 add_time= 0.000103114
2805 0.000095914 2805 0.000006008 add_time= 0.000121612
2700 0.000027959 2700 0.000015575 add_time= 0.000057752
2500 0.000075344 2500 0.000006428 add_time= 0.000095867
2600 0.000239283 2600 0.000007885 add_time= 0.000273087
2750 0.000082048 2750 0.000006859 add_time= 0.000113509
2652 0.000079945 2652 0.000007909 add_time= 0.000103905
2550 0.000100510 2550 0.000006504 add_time= 0.000121994
2550 0.000064211 2550 0.000006672 add_time= 0.000087084
2700 0.000017226 2700 0.000016123 add_time= 0.000049190
2860 0.000165006 2860 0.000007456 add_time= 0.000191552
2652 0.000091256 2652 0.000005949 add_time= 0.000120819
1375 0.000096611 1375 0.000006804 add_time= 0.000117830
2750 0.000056393 2750 0.000006762 add_time= 0.000096390
2652 0.000064272 2652 0.000006413 add_time= 0.000084863
2808 0.000053262 2808 0.000006611 add_time= 0.000075379
2700 0.000054829 2700 0.000007105 add_time= 0.000077744
2860 0.000111934 2860 0.000015358 add_time= 0.000149316
2550 0.000077851 2550 0.000006494 add_time= 0.000099816
2550 0.000163195 2550 0.000007017 add_time= 0.000193219
2700 0.000083132 2700 0.000005646 add_time= 0.000110361
2550 0.000016754 2550 0.000016224 add_time= 0.000060233
2500 0.000180065 2500 0.000007905 add_time= 0.000210967
2600 0.000096003 2600 0.000018168 add_time= 0.000131967
2805 0.000027677 2805 0.000005725 add_time= 0.000048079
1275 0.000094631 1275 0.000005893 add_time= 0.000114691
2550 0.000230122 2550 0.000008696 add_time= 0.000253310
2700 0.000016001 2700 0.000023355 add_time= 0.000054297
1250 0.000079049 1250 0.000005945 add_time= 0.000099837
2756 0.000094045 2756 0.000010333 add_time= 0.000122739
2600 0.000083222 2600 0.000006270 add_time= 0.000104694
2750 0.000164471 2750 0.000008103 add_time= 0.000199390
3025 0.000102598 3025 0.000006204 add_time= 0.000124693
2750 0.000160135 2750 0.000005567 add_time= 0.000180278
2862 0.000100128 2862 0.000014616 add_time= 0.000131218
2750 0.000093007 2750 0.000021742 add_time= 0.000131645
2500 0.000208600 2500 0.000009427 add_time= 0.000235613
2808 0.000096069 2808 0.000006674 add_time= 0.000124646
2750 0.000361199 2750 0.000005997 add_time= 0.000382278
2805 0.000191148 2805 0.000006512 add_time= 0.000213680
2550 0.000198368 2550 0.000009347 add_time= 0.000234384
2750 0.000006986 2750 0.000022443 add_time= 0.000044928
1250 0.000114382 1250 0.000012607 add_time= 0.000139187
2600 0.000238090 2600 0.000006645 add_time= 0.000260656
2750 0.000154318 2750 0.000005826 add_time= 0.000176951
2805 0.000131292 2805 0.000006103 add_time= 0.000151788
2750 0.000081217 2750 0.000005318 add_time= 0.000108484
1275 0.000072820 1275 0.000006062 add_time= 0.000092340
2750 0.000040705 2750 0.000006761 add_time= 0.000063914
2756 0.000105814 2756 0.000006689 add_time= 0.000129758
1300 0.000040530 1300 0.000005919 add_time= 0.000059540
2750 0.000052151 2750 0.000007545 add_time= 0.000078242
2500 0.000043232 2500 0.000007499 add_time= 0.000064353
2750 0.000063988 2750 0.000017624 add_time= 0.000098039
2550 0.000047198 2550 0.000009318 add_time= 0.000070781
2750 0.000006916 2750 0.000014469 add_time= 0.000037568
2650 0.000157794 2650 0.000007330 add_time= 0.000202109
2750 0.000252058 2750 0.000006879 add_time= 0.000274402
2750 0.000035201 2750 0.000006750 add_time= 0.000058786
2550 0.000196736 2550 0.000006237 add_time= 0.000219422
2500 0.000215739 2500 0.000007571 add_time= 0.000247411
2750 0.000070704 2750 0.000007156 add_time= 0.000116479
2600 0.000067610 2600 0.000009530 add_time= 0.000094264
2860 0.000130970 2860 0.000008202 add_time= 0.000154402
2750 0.000233882 2750 0.000012184 add_time= 0.000262376
2750 0.000169494 2750 0.000006303 add_time= 0.000190800
2550 0.000188738 2550 0.000005089 add_time= 0.000207562
2500 0.000006293 2500 0.000013435 add_time= 0.000034413
1375 0.000077560 1375 0.000006136 add_time= 0.000099667
2860 0.000180008 2860 0.000009604 add_time= 0.000219770
1250 0.000053879 1250 0.000006094 add_time= 0.000076007
2500 0.000125193 2500 0.000005481 add_time= 0.000143559
2500 0.000151799 2500 0.000006168 add_time= 0.000173327
2550 0.000093107 2550 0.000006764 add_time= 0.000117431
2500 0.000015880 2500 0.000024081 add_time= 0.000056608
2600 0.000561381 2600 0.000006752 add_time= 0.000583872
2600 0.000050179 2600 0.000009224 add_time= 0.000128224
2860 0.000028257 2860 0.000007288 add_time= 0.000076515
2500 0.000035232 2500 0.000008101 add_time= 0.000072235
2550 0.000025523 2550 0.000007826 add_time= 0.000060559
2550 0.000006162 2550 0.000007956 add_time= 0.000045716
2500 0.000064928 2500 0.000024084 add_time= 0.000120923
2500 0.000058333 2500 0.000006691 add_time= 0.000091365
3025 0.000069677 3025 0.000006019 add_time= 0.000098080
2500 0.000138419 2500 0.000019292 add_time= 0.000175996
2754 0.000209367 2754 0.000006733 add_time= 0.000232325
2650 0.000089079 2650 0.000005698 add_time= 0.000116862
2650 0.000007167 2650 0.000025920 add_time= 0.000059179
2756 0.000052121 2756 0.000007678 add_time= 0.000079214
2860 0.000076337 2860 0.000007362 add_time= 0.000099944
2750 0.000074105 2750 0.000006261 add_time= 0.000096244
2650 0.000029157 2650 0.000006654 add_time= 0.000051400
2970 0.000027110 2970 0.000016171 add_time= 0.000071732
2860 0.000031612 2860 0.000043343 add_time= 0.000090009
2550 0.000169305 2550 0.000006306 add_time= 0.000189311
2860 0.000104139 2860 0.000006980 add_time= 0.000128689
2750 0.000131736 2750 0.000018914 add_time= 0.000167237
2500 0.000077803 2500 0.000016853 add_time= 0.000119154
2805 0.000059345 2805 0.000005688 add_time= 0.000079009
2500 0.000089903 2500 0.000006577 add_time= 0.000112350
3025 0.000160980 3025 0.000006085 add_time= 0.000181756
2700 0.000039482 2700 0.000007078 add_time= 0.000065307
2860 0.000062493 2860 0.000005669 add_time= 0.000082437
1250 0.000029997 1250 0.000011325 add_time= 0.000054869
2750 0.000034024 2750 0.000006217 add_time= 0.000054223
2601 0.000046710 2601 0.000006348 add_time= 0.000068655
2500 0.000197389 2500 0.000007549 add_time= 0.000221096
2860 0.000168048 2860 0.000006781 add_time= 0.000191990
2600 0.000053881 2600 0.000005538 add_time= 0.000073760
2550 0.000100180 2550 0.000005623 add_time= 0.000119810
3025 0.000075075 3025 0.000007817 add_time= 0.000099833
2550 0.000054414 2550 0.000006454 add_time= 0.000084771
3025 0.000024447 3025 0.000006103 add_time= 0.000045164
2862 0.000196178 2862 0.000014837 add_time= 0.000240090
2650 0.000234038 2650 0.000006373 add_time= 0.000256394
2750 0.000036612 2750 0.000012232 add_time= 0.000067310
1275 0.000030098 1275 0.000006063 add_time= 0.000050344
2500 0.000042243 2500 0.000006904 add_time= 0.000065736
2500 0.000106963 2500 0.000007413 add_time= 0.000130761
2500 0.000046740 2500 0.000007084 add_time= 0.000070892
2652 0.000061785 2652 0.000006443 add_time= 0.000083410
2600 0.000049820 2600 0.000007210 add_time= 0.000081222
2500 0.000177150 2500 0.000022933 add_time= 0.000214454
2805 0.000066130 2805 0.000006342 add_time= 0.000088292
2970 0.000038418 2970 0.000006011 add_time= 0.000059436
2756 0.000180907 2756 0.000008443 add_time= 0.000219823
2500 0.000413827 2500 0.000007952 add_time= 0.000453173
2500 0.000308736 2500 0.000006707 add_time= 0.000332773
1375 0.000514158 1375 0.000005529 add_time= 0.000534735
2550 0.000045292 2550 0.000006068 add_time= 0.000067945
2700 0.000028938 2700 0.000022011 add_time= 0.000067815
1250 0.000049685 1250 0.000005373 add_time= 0.000069637
2500 0.000411697 2500 0.000007075 add_time= 0.000439609
2550 0.000216831 2550 0.000006787 add_time= 0.000243311
2550 0.000065098 2550 0.000005854 add_time= 0.000085474
2652 0.000030213 2652 0.000013126 add_time= 0.000060958
2750 0.000007502 2750 0.000033601 add_time= 0.000071094
1250 0.000087480 1250 0.000005984 add_time= 0.000118373
2500 0.000263696 2500 0.000008051 add_time= 0.000291769
2750 0.000245668 2750 0.000007182 add_time= 0.000274477
2500 0.000237911 2500 0.000015632 add_time= 0.000279209
2750 0.000050460 2750 0.000006984 add_time= 0.000096804
2750 0.000006492 2750 0.000024882 add_time= 0.000050825
2600 0.000109394 2600 0.000007800 add_time= 0.000146022
2750 0.000225388 2750 0.000007114 add_time= 0.000260871
2700 0.000122127 2700 0.000006582 add_time= 0.000145112
2805 0.000081199 2805 0.000005718 add_time= 0.000101586
2754 0.000055696 2754 0.000005575 add_time= 0.000075243
2750 0.000044782 2750 0.000006586 add_time= 0.000066948
1300 0.000061586 1300 0.000005123 add_time= 0.000079273
2500 0.000229203 2500 0.000006268 add_time= 0.000259237
2750 0.000081047 2750 0.000006637 add_time= 0.000105257
2500 0.000070401 2500 0.000005720 add_time= 0.000090494
2550 0.000033128 2550 0.000006542 add_time= 0.000055541
2500 0.000006985 2500 0.000015058 add_time= 0.000044793
1275 0.000032991 1275 0.000005512 add_time= 0.000054974
2550 0.000093294 2550 0.000008307 add_time= 0.000136170
2600 0.000024910 2600 0.000012319 add_time= 0.000053091
2750 0.000135436 2750 0.000013931 add_time= 0.000164034
2500 0.000203433 2500 0.000007362 add_time= 0.000229238
3025 0.000107506 3025 0.000006870 add_time= 0.000153734
2550 0.000168388 2550 0.000009734 add_time= 0.000194664
2550 0.000071265 2550 0.000005580 add_time= 0.000091264
2600 0.000074359 2600 0.000006422 add_time= 0.000096806
2600 0.000138216 2600 0.000006681 add_time= 0.000162459
2500 0.000124600 2500 0.000011725 add_time= 0.000152470
2500 0.000083135 2500 0.000007153 add_time= 0.000118008
2703 0.000182743 2703 0.000009563 add_time= 0.000207878
2600 0.000034453 2600 0.000009976 add_time= 0.000070329
2970 0.000005946 2970 0.000040631 add_time= 0.000061708
2860 0.000005626 2860 0.000013738 add_time= 0.000033580
2750 0.000130371 2750 0.000006311 add_time= 0.000154381
2600 0.000102382 2600 0.000006636 add_time= 0.000131921
2500 0.000180669 2500 0.000006123 add_time= 0.000209109
2750 0.000074242 2750 0.000007884 add_time= 0.000094950
2550 0.000115039 2550 0.000005147 add_time= 0.000132591
2700 0.000007218 2700 0.000084502 add_time= 0.000106963
1300 0.000129990 1300 0.000005342 add_time= 0.000147290
2500 0.000027980 2500 0.000008003 add_time= 0.000081173
2600 0.000076788 2600 0.000007496 add_time= 0.000107775
2500 0.000062055 2500 0.000007870 add_time= 0.000094785
2915 0.000045209 2915 0.000018046 add_time= 0.000092442
2550 0.000072462 2550 0.000008076 add_time= 0.000110983
1250 0.000040089 1250 0.000016206 add_time= 0.000077566
2600 0.000067688 2600 0.000005911 add_time= 0.000088700
2704 0.000024515 2704 0.000005318 add_time= 0.000043993
2500 0.000099028 2500 0.000005320 add_time= 0.000117696
2750 0.000042557 2750 0.000006073 add_time= 0.000071549
2550 0.000085374 2550 0.000011750 add_time= 0.000110969
2754 0.000008044 2754 0.000116189 add_time= 0.000139578
1250 0.000085148 1250 0.000005744 add_time= 0.000111629
2500 0.000178116 2500 0.000007178 add_time= 0.000204098
2750 0.000131334 2750 0.000014983 add_time= 0.000164611
2500 0.000158401 2500 0.000006535 add_time= 0.000189883
2550 0.000058019 2550 0.000006574 add_time= 0.000090777
2500 0.000027290 2500 0.000015587 add_time= 0.000058736
2600 0.000253036 2600 0.000006979 add_time= 0.000280028
2500 0.000176858 2500 0.000006027 add_time= 0.000203698
1250 0.000073598 1250 0.000006314 add_time= 0.000102488
2652 0.000103558 2652 0.000007262 add_time= 0.000127417
2750 0.000028317 2750 0.000015824 add_time= 0.000060076
2860 0.000065099 2860 0.000007739 add_time= 0.000092527
2500 0.000156749 2500 0.000006682 add_time= 0.000181555
2650 0.000130542 2650 0.000006732 add_time= 0.000153380
1375 0.000073445 1375 0.000005713 add_time= 0.000092235
2750 0.000026910 2750 0.000015810 add_time= 0.000058984
1375 0.000087662 1375 0.000006299 add_time= 0.000108501
2756 0.000130127 2756 0.000006993 add_time= 0.000156623
2750 0.000100473 2750 0.000014970 add_time= 0.000131707
2500 0.000064257 2500 0.000014451 add_time= 0.000094936
2550 0.000140631 2550 0.000007159 add_time= 0.000163648
2500 0.000017052 2500 0.000014758 add_time= 0.000047877
2750 0.000060353 2750 0.000007433 add_time= 0.000087889
2600 0.000143967 2600 0.000006561 add_time= 0.000174680
2750 0.000108222 2750 0.000006902 add_time= 0.000135879
2860 0.000096854 2860 0.000005914 add_time= 0.000117340
3025 0.000118404 3025 0.000006656 add_time= 0.000142463
2805 0.000101981 2805 0.000007024 add_time= 0.000125204
2750 0.000040507 2750 0.000006760 add_time= 0.000063240
2600 0.000045066 2600 0.000006793 add_time= 0.000071044
2600 0.000078868 2600 0.000006156 add_time= 0.000098656
3025 0.000116242 3025 0.000006772 add_time= 0.000140074
2500 0.000106740 2500 0.000006892 add_time= 0.000131265
2700 0.000025820 2700 0.000016121 add_time= 0.000058547
1275 0.000062484 1275 0.000006693 add_time= 0.000083944
2600 0.000087688 2600 0.000013760 add_time= 0.000119544
2750 0.000076655 2750 0.000006726 add_time= 0.000106823
2500 0.000094424 2500 0.000006721 add_time= 0.000115660
2601 0.000080640 2601 0.000006512 add_time= 0.000101489
2500 0.000059444 2500 0.000005400 add_time= 0.000078797
2500 0.000083849 2500 0.000005684 add_time= 0.000106114
2550 0.000087366 2550 0.000009522 add_time= 0.000126370
2860 0.000075366 2860 0.000006971 add_time= 0.000101502
2750 0.000067263 2750 0.000007213 add_time= 0.000091732
1375 0.000040181 1375 0.000005232 add_time= 0.000058823
2500 0.000093127 2500 0.000005861 add_time= 0.000114796
2550 0.000126315 2550 0.000014209 add_time= 0.000179793
2600 0.000095473 2600 0.000007338 add_time= 0.000120266
2500 0.000091594 2500 0.000005603 add_time= 0.000119354
2500 0.000043477 2500 0.000006258 add_time= 0.000065494
2915 0.000033673 2915 0.000006090 add_time= 0.000055232
2550 0.000033587 2550 0.000005511 add_time= 0.000052985
1375 0.000107866 1375 0.000005978 add_time= 0.000128609
2500 0.000136931 2500 0.000011358 add_time= 0.000164767
2650 0.000113298 2650 0.000006045 add_time= 0.000134945
2970 0.000041398 2970 0.000006500 add_time= 0.000072899
2550 0.000091725 2550 0.000006246 add_time= 0.000113489
2650 0.000007455 2650 0.000013169 add_time= 0.000036072
2704 0.000210989 2704 0.000006736 add_time= 0.000243823
1250 0.000141320 1250 0.000018654 add_time= 0.000174922
2500 0.000041695 2500 0.000005891 add_time= 0.000068404
2652 0.000088315 2652 0.000005524 add_time= 0.000107949
2601 0.000063209 2601 0.000006406 add_time= 0.000085515
2500 0.000052825 2500 0.000006507 add_time= 0.000075199
2550 0.000081766 2550 0.000009277 add_time= 0.000108113
1375 0.000041424 1375 0.000005593 add_time= 0.000071083
2500 0.000090648 2500 0.000007517 add_time= 0.000122568
2550 0.000103609 2550 0.000005643 add_time= 0.000123347
2500 0.000036972 2500 0.000006019 add_time= 0.000058602
2500 0.000053427 2500 0.000010274 add_time= 0.000079393
2756 0.000195904 2756 0.000006938 add_time= 0.000224316
2600 0.000061131 2600 0.000006366 add_time= 0.000102849
2750 0.000302742 2750 0.000007162 add_time= 0.000324782
2500 0.000305567 2500 0.000006288 add_time= 0.000334536
2652 0.000430304 2652 0.000011447 add_time= 0.000458796
2700 0.000006225 2700 0.000037767 add_time= 0.000058554
1375 0.000048302 1375 0.000006097 add_time= 0.000070358
2600 0.000212279 2600 0.000007059 add_time= 0.000237419
2500 0.000074902 2500 0.000005654 add_time= 0.000103851
2650 0.000324763 2650 0.000006489 add_time= 0.000355959
2805 0.000101132 2805 0.000006472 add_time= 0.000138364
2500 0.000075314 2500 0.000007524 add_time= 0.000099651
2805 0.000067239 2805 0.000005887 add_time= 0.000089068
1250 0.000213751 1250 0.000007269 add_time= 0.000242355
2500 0.000131586 2500 0.000006640 add_time= 0.000159645
2750 0.000031557 2750 0.000008852 add_time= 0.000059864
2550 0.000053591 2550 0.000006056 add_time= 0.000082118
2860 0.000007028 2860 0.000025067 add_time= 0.000056499
2600 0.000043633 2600 0.000008680 add_time= 0.000105131
2860 0.000006328 2860 0.000008543 add_time= 0.000058341
2805 0.000035964 2805 0.000009093 add_time= 0.000090141
3025 0.000029710 3025 0.000016441 add_time= 0.000087604
1350 0.000032870 1350 0.000015808 add_time= 0.000079146
1375 0.000078074 1375 0.000007412 add_time= 0.000114477
2600 0.000164941 2600 0.000007085 add_time= 0.000190960
2652 0.000093760 2652 0.000007416 add_time= 0.000128774
2750 0.000047199 2750 0.000005789 add_time= 0.000067904
2500 0.000049259 2500 0.000005362 add_time= 0.000074503
2700 0.000062324 2700 0.000006977 add_time= 0.000101696
1300 0.000167969 1300 0.000008088 add_time= 0.000196670
2860 0.000377423 2860 0.000008531 add_time= 0.000409903
2500 0.000218871 2500 0.000011128 add_time= 0.000259223
2500 0.000083828 2500 0.000007121 add_time= 0.000106379
2700 0.000085048 2700 0.000006840 add_time= 0.000117040
2970 0.000016889 2970 0.000017493 add_time= 0.000063051
2500 0.000065771 2500 0.000011314 add_time= 0.000092205
2650 0.000226997 2650 0.000008063 add_time= 0.000258765
2750 0.000108534 2750 0.000007565 add_time= 0.000134234
2500 0.000076989 2500 0.000007203 add_time= 0.000100938
2500 0.000064508 2500 0.000017660 add_time= 0.000097975
2805 0.000042834 2805 0.000006254 add_time= 0.000065196
2700 0.000018456 2700 0.000016717 add_time= 0.000053390
1250 0.000070441 1250 0.000007543 add_time= 0.000095261
2860 0.000286447 2860 0.000008000 add_time= 0.000329781
2600 0.000100097 2600 0.000006363 add_time= 0.000124895
2500 0.000059802 2500 0.000007360 add_time= 0.000084872
2550 0.000055993 2550 0.000007779 add_time= 0.000081800
3025 0.000060150 3025 0.000007688 add_time= 0.000090588
2500 0.000597491 2500 0.000014070 add_time= 0.000635716
2500 0.000139636 2500 0.000007794 add_time= 0.000164935
2550 0.000049702 2550 0.000009907 add_time= 0.000080646
2805 0.000061374 2805 0.000022005 add_time= 0.000119938
2700 0.000018131 2700 0.000113477 add_time= 0.000147041
1250 0.000044396 1250 0.000005984 add_time= 0.000063714
2600 0.000068275 2600 0.000007555 add_time= 0.000102701
2500 0.000090289 2500 0.000017699 add_time= 0.000123825
2500 0.000070592 2500 0.000006519 add_time= 0.000092563
2750 0.000050849 2750 0.000006491 add_time= 0.000073746
2550 0.000128184 2550 0.000007006 add_time= 0.000150673
2750 0.000088611 2750 0.000006394 add_time= 0.000110428
2500 0.000282579 2500 0.000007456 add_time= 0.000312436
2500 0.000086907 2500 0.000008698 add_time= 0.000111772
2750 0.000096388 2750 0.000006385 add_time= 0.000118804
2550 0.000068781 2550 0.000008605 add_time= 0.000092588
2805 0.000114639 2805 0.000014315 add_time= 0.000145609
2650 0.000007648 2650 0.000020079 add_time= 0.000053659
2750 0.000045243 2750 0.000006811 add_time= 0.000073590
2600 0.000132740 2600 0.000009561 add_time= 0.000176420
2750 0.000147080 2750 0.000007217 add_time= 0.000175173
2750 0.000054806 2750 0.000006419 add_time= 0.000078077
2601 0.000155040 2601 0.000007043 add_time= 0.000177966
2650 0.000053641 2650 0.000006728 add_time= 0.000087319
2600 0.000064608 2600 0.000006211 add_time= 0.000086244
2704 0.000200200 2704 0.000007376 add_time= 0.000229020
2500 0.000082103 2500 0.000006139 add_time= 0.000104454
2750 0.000077370 2750 0.000006356 add_time= 0.000099079
2550 0.000065471 2550 0.000007060 add_time= 0.000096049
2700 0.000133985 2700 0.000006029 add_time= 0.000154981
2600 0.000104854 2600 0.000007154 add_time= 0.000126994
2500 0.000537727 2500 0.000009425 add_time= 0.000570301
2600 0.000127050 2600 0.000006808 add_time= 0.000154514
2700 0.000052759 2700 0.000006796 add_time= 0.000078670
2601 0.000155496 2601 0.000007146 add_time= 0.000180359
1350 0.000020809 1350 0.000013358 add_time= 0.000048036
2600 0.000075356 2600 0.000006690 add_time= 0.000099489
2600 0.000248547 2600 0.000006475 add_time= 0.000273714
2750 0.000075379 2750 0.000006389 add_time= 0.000099047
2650 0.000036565 2650 0.000006575 add_time= 0.000061354
2750 0.000080708 2750 0.000009639 add_time= 0.000116955
2550 0.000081103 2550 0.000006958 add_time= 0.000104960
2700 0.000007243 2700 0.000014916 add_time= 0.000043552
2750 0.000173367 2750 0.000006706 add_time= 0.000211480
2600 0.000355332 2600 0.000005791 add_time= 0.000377156
3025 0.000062520 3025 0.000005547 add_time= 0.000083100
2750 0.000125570 2750 0.000007199 add_time= 0.000152389
2652 0.000075032 2652 0.000006565 add_time= 0.000098482
2500 0.000067253 2500 0.000005873 add_time= 0.000088871
2970 0.000061073 2970 0.000007121 add_time= 0.000085799
2500 0.000242650 2500 0.000012133 add_time= 0.000272456
3025 0.000072549 3025 0.000006815 add_time= 0.000096252
2500 0.000134175 2500 0.000008747 add_time= 0.000157011
2601 0.000077390 2601 0.000006536 add_time= 0.000100392
2500 0.000007347 2500 0.000032102 add_time= 0.000054768
1275 0.000047456 1275 0.000009907 add_time= 0.000070747
2860 0.000198953 2860 0.000006693 add_time= 0.000226192
2500 0.000087209 2500 0.000006367 add_time= 0.000110199
2500 0.000110223 2500 0.000009703 add_time= 0.000135686
2703 0.000053579 2703 0.000006573 add_time= 0.000075727
2700 0.000007318 2700 0.000015027 add_time= 0.000053367
2700 0.000052472 2700 0.000006688 add_time= 0.000074707
2500 0.000262647 2500 0.000007430 add_time= 0.000299974
2500 0.000072481 2500 0.000006803 add_time= 0.000106632
2750 0.000092299 2750 0.000015382 add_time= 0.000124903
3025 0.000076876 3025 0.000007307 add_time= 0.000106171
2703 0.000100428 2703 0.000006501 add_time= 0.000138857
2550 0.000018312 2550 0.000013312 add_time= 0.000047132
2600 0.000398373 2600 0.000006400 add_time= 0.000422925
2550 0.000136781 2550 0.000006320 add_time= 0.000159813
2600 0.000060003 2600 0.000006529 add_time= 0.000109216
2750 0.000252081 2750 0.000006751 add_time= 0.000282967
2550 0.000074667 2550 0.000006659 add_time= 0.000098425
2550 0.000044507 2550 0.000007756 add_time= 0.000075445
2600 0.000036615 2600 0.000014340 add_time= 0.000065078
2600 0.000097685 2600 0.000007002 add_time= 0.000128890
2550 0.000082409 2550 0.000007504 add_time= 0.000106294
1275 0.000024976 1275 0.000005262 add_time= 0.000054224
2550 0.000084784 2550 0.000005469 add_time= 0.000104200
2650 0.000005993 2650 0.000033049 add_time= 0.000052502
1250 0.000029957 1250 0.000005300 add_time= 0.000046476
2650 0.000154281 2650 0.000007968 add_time= 0.000203024
3025 0.000022896 3025 0.000008319 add_time= 0.000063806
2500 0.000047169 2500 0.000007074 add_time= 0.000098609
2750 0.000024971 2750 0.000007479 add_time= 0.000061705
2750 0.000029757 2750 0.000007313 add_time= 0.000066339
1375 0.000043070 1375 0.000006759 add_time= 0.000074353
2500 0.000181023 2500 0.000006872 add_time= 0.000212934
2652 0.000097890 2652 0.000007091 add_time= 0.000123858
2750 0.000028185 2750 0.000007035 add_time= 0.000050780
2750 0.000074967 2750 0.000006129 add_time= 0.000095796
2703 0.000065715 2703 0.000005238 add_time= 0.000084967
2550 0.000066145 2550 0.000013537 add_time= 0.000092868
2550 0.000026606 2550 0.000006315 add_time= 0.000048243
2500 0.000168824 2500 0.000008354 add_time= 0.000209502
2600 0.000059097 2600 0.000009339 add_time= 0.000095825
2500 0.000205049 2500 0.000035001 add_time= 0.000254710
2600 0.000062826 2600 0.000008866 add_time= 0.000086708
2600 0.000053602 2600 0.000006514 add_time= 0.000075806
2500 0.000084727 2500 0.000007212 add_time= 0.000124528
2970 0.000036490 2970 0.000007049 add_time= 0.000060353
1375 0.000119454 1375 0.000021791 add_time= 0.000153271
2750 0.000053808 2750 0.000008286 add_time= 0.000084216
2600 0.000034447 2600 0.000006254 add_time= 0.000065150
2860 0.000079503 2860 0.000016010 add_time= 0.000114324
2500 0.000105560 2500 0.000007314 add_time= 0.000140416
2550 0.000088915 2550 0.000007731 add_time= 0.000122759
2970 0.000018531 2970 0.000017758 add_time= 0.000061716
2750 0.000134696 2750 0.000006895 add_time= 0.000161619
2550 0.000089583 2550 0.000007300 add_time= 0.000119410
2600 0.000043833 2600 0.000005977 add_time= 0.000065270
2860 0.000128056 2860 0.000007093 add_time= 0.000152715
2703 0.000078914 2703 0.000008443 add_time= 0.000113885
2500 0.000079052 2500 0.000007655 add_time= 0.000104266
2805 0.000051951 2805 0.000006491 add_time= 0.000073859
2600 0.000269865 2600 0.000008056 add_time= 0.000299450
2750 0.000072264 2750 0.000007273 add_time= 0.000097295
2500 0.000081926 2500 0.000011580 add_time= 0.000110230
2750 0.000149974 2750 0.000020617 add_time= 0.000186407
2700 0.000019566 2700 0.000016743 add_time= 0.000053483
2750 0.000075588 2750 0.000007514 add_time= 0.000100789
2600 0.000278792 2600 0.000007858 add_time= 0.000309638
2805 0.000071398 2805 0.000007799 add_time= 0.000097909
2500 0.000094421 2500 0.000008122 add_time= 0.000128312
2805 0.000081798 2805 0.000006160 add_time= 0.000115243
2500 0.000122703 2500 0.000023546 add_time= 0.000163254
2750 0.000068157 2750 0.000007456 add_time= 0.000092595
2600 0.000303209 2600 0.000007938 add_time= 0.000344714
2750 0.000103219 2750 0.000007915 add_time= 0.000137483
2805 0.000071020 2805 0.000009292 add_time= 0.000098044
2500 0.000069589 2500 0.000006263 add_time= 0.000104633
2750 0.000093194 2750 0.000007350 add_time= 0.000118424
2750 0.000092255 2750 0.000018998 add_time= 0.000126768
2500 0.000180198 2500 0.000007500 add_time= 0.000218991
2860 0.000065406 2860 0.000006287 add_time= 0.000097380
2750 0.000130748 2750 0.000006841 add_time= 0.000155509
2550 0.000168886 2550 0.000007071 add_time= 0.000193435
2805 0.000114790 2805 0.000007026 add_time= 0.000148256
2550 0.000026415 2550 0.000015738 add_time= 0.000057362
2650 0.000201490 2650 0.000007672 add_time= 0.000231717
2750 0.000042434 2750 0.000007180 add_time= 0.000082402
2750 0.000057838 2750 0.000007486 add_time= 0.000083682
2500 0.000101996 2500 0.000006804 add_time= 0.000124374
2700 0.000019899 2700 0.000016676 add_time= 0.000054495
2500 0.000142915 2500 0.000010477 add_time= 0.000170975
2600 0.000059597 2600 0.000010775 add_time= 0.000094144
2756 0.000127665 2756 0.000016947 add_time= 0.000161080
2750 0.000050716 2750 0.000006065 add_time= 0.000072568
2700 0.000070412 2700 0.000006561 add_time= 0.000092637
2750 0.000043939 2750 0.000006040 add_time= 0.000065781
2700 0.000018324 2700 0.000015589 add_time= 0.000048924
2500 0.000051489 2500 0.000008057 add_time= 0.000077382
2750 0.000394362 2750 0.000008575 add_time= 0.000426552
2750 0.000208011 2750 0.000007448 add_time= 0.000234216
2703 0.000082887 2703 0.000006897 add_time= 0.000109096
2550 0.000046671 2550 0.000007224 add_time= 0.000073029
2805 0.000039459 2805 0.000007426 add_time= 0.000068442
2550 0.000451981 2550 0.000008672 add_time= 0.000479125
2750 0.000079436 2750 0.000006482 add_time= 0.000103630
2700 0.000060950 2700 0.000005928 add_time= 0.000083790
2550 0.000154495 2550 0.000008350 add_time= 0.000179147
2750 0.000135786 2750 0.000006877 add_time= 0.000161185
2750 0.000037387 2750 0.000006824 add_time= 0.000083647
1250 0.000107692 1250 0.000006132 add_time= 0.000128910
2600 0.000086679 2600 0.000005810 add_time= 0.000118408
3025 0.000197572 3025 0.000006425 add_time= 0.000218751
2601 0.000236729 2601 0.000014257 add_time= 0.000267220
2916 0.000007095 2916 0.000026009 add_time= 0.000053692
2750 0.000055740 2750 0.000006760 add_time= 0.000078759
2704 0.000200898 2704 0.000007445 add_time= 0.000225436
2500 0.000117610 2500 0.000005547 add_time= 0.000137368
3025 0.000216004 3025 0.000007210 add_time= 0.000240559
2601 0.000232171 2601 0.000006652 add_time= 0.000254943
2601 0.000035356 2601 0.000006517 add_time= 0.000057424
3025 0.000089954 3025 0.000007142 add_time= 0.000114117
2756 0.000253701 2756 0.000007060 add_time= 0.000278724
2550 0.000099762 2550 0.000006489 add_time= 0.000128138
2550 0.000143901 2550 0.000006133 add_time= 0.000166688
2601 0.000130870 2601 0.000005785 add_time= 0.000150508
2750 0.000071087 2750 0.000017013 add_time= 0.000102470
2750 0.000025595 2750 0.000006622 add_time= 0.000048516
2600 0.000281185 2600 0.000006524 add_time= 0.000324516
2860 0.000078985 2860 0.000021430 add_time= 0.000116914
2805 0.000059085 2805 0.000005998 add_time= 0.000079319
3025 0.000081760 3025 0.000006533 add_time= 0.000104054
2500 0.000149140 2500 0.000006317 add_time= 0.000171222
2601 0.000057957 2601 0.000005545 add_time= 0.000084691
3025 0.000096052 3025 0.000006987 add_time= 0.000128296
2700 0.000177182 2700 0.000007159 add_time= 0.000200231
2500 0.000084053 2500 0.000005737 add_time= 0.000104505
2600 0.000047414 2600 0.000005997 add_time= 0.000072499
2754 0.000277527 2754 0.000007195 add_time= 0.000308778
2650 0.000108003 2650 0.000010447 add_time= 0.000134089
2750 0.000065509 2750 0.000011458 add_time= 0.000093033
2704 0.000111376 2704 0.000005981 add_time= 0.000144525
2500 0.000094945 2500 0.000006131 add_time= 0.000115226
2500 0.000037738 2500 0.000007192 add_time= 0.000072217
2601 0.000082449 2601 0.000006081 add_time= 0.000102320
2500 0.000174981 2500 0.000006131 add_time= 0.000194112
2600 0.000111544 2600 0.000005784 add_time= 0.000130457
2550 0.000110110 2550 0.000019620 add_time= 0.000166172
2808 0.000024739 2808 0.000018261 add_time= 0.000070737
2970 0.000006436 2970 0.000008259 add_time= 0.000042879
2860 0.000036997 2860 0.000007177 add_time= 0.000067482
2601 0.000023350 2601 0.000006988 add_time= 0.000052095
2500 0.000029349 2500 0.000022599 add_time= 0.000075625
2650 0.000045086 2650 0.000007589 add_time= 0.000081205
2500 0.000044492 2500 0.000005946 add_time= 0.000067049
2860 0.000094556 2860 0.000006878 add_time= 0.000117950
2750 0.000051758 2750 0.000006475 add_time= 0.000073445
2500 0.000091077 2500 0.000005489 add_time= 0.000109800
2550 0.000142152 2550 0.000006254 add_time= 0.000164797
2750 0.000006916 2750 0.000024725 add_time= 0.000046211
2700 0.000449035 2700 0.000006800 add_time= 0.000473982
2500 0.000144696 2500 0.000006086 add_time= 0.000166404
2750 0.000160321 2750 0.000018283 add_time= 0.000194509
2550 0.000043139 2550 0.000009505 add_time= 0.000075762
2915 0.000018447 2915 0.000016839 add_time= 0.000051661
2860 0.000121612 2860 0.000008668 add_time= 0.000149541
2750 0.000238403 2750 0.000009652 add_time= 0.000275781
2550 0.000073167 2550 0.000006385 add_time= 0.000094937
2550 0.000040498 2550 0.000006390 add_time= 0.000062268
2500 0.000067926 2500 0.000005361 add_time= 0.000086841
2500 0.000254241 2500 0.000006333 add_time= 0.000278659
3025 0.000075316 3025 0.000010868 add_time= 0.000103076
1250 0.000092711 1250 0.000009605 add_time= 0.000123651
2550 0.000116175 2550 0.000015411 add_time= 0.000145571
2805 0.000075294 2805 0.000006659 add_time= 0.000096100
2805 0.000055909 2805 0.000005365 add_time= 0.000074877
2500 0.000081832 2500 0.000005964 add_time= 0.000103905
2650 0.000133597 2650 0.000006570 add_time= 0.000158568
2808 0.000092225 2808 0.000007553 add_time= 0.000136443
2750 0.000124176 2750 0.000007088 add_time= 0.000145463
3025 0.000100969 3025 0.000011365 add_time= 0.000133180
2970 0.000160464 2970 0.000006614 add_time= 0.000183550
2652 0.000066445 2652 0.000006187 add_time= 0.000087067
2750 0.000094512 2750 0.000009079 add_time= 0.000118351
2600 0.000197553 2600 0.000027351 add_time= 0.000242836
2805 0.000083014 2805 0.000006978 add_time= 0.000115193
2970 0.000078044 2970 0.000007340 add_time= 0.000100704
2650 0.000050865 2650 0.000006924 add_time= 0.000072403
2601 0.000074458 2601 0.000014140 add_time= 0.000102521
2650 0.000016502 2650 0.000015231 add_time= 0.000045184
1375 0.000058873 1375 0.000005726 add_time= 0.000075811
2704 0.000225825 2704 0.000007445 add_time= 0.000250710
2750 0.000132323 2750 0.000015508 add_time= 0.000164641
2750 0.000123147 2750 0.000017510 add_time= 0.000155013
2550 0.000133077 2550 0.000007585 add_time= 0.000154370
2550 0.000055195 2550 0.000005886 add_time= 0.000074044
2550 0.001442338 2550 0.000005930 add_time= 0.001462002
2600 0.000168640 2600 0.000006875 add_time= 0.000192820
2550 0.000212361 2550 0.000016014 add_time= 0.000243611
2500 0.000067607 2500 0.000018003 add_time= 0.000099970
2750 0.000107895 2750 0.000006886 add_time= 0.000128919
2500 0.000313262 2500 0.000006278 add_time= 0.000343294
2550 0.000034340 2550 0.000014799 add_time= 0.000062480
1250 0.000145560 1250 0.000005809 add_time= 0.000162143
2500 0.000086511 2500 0.000006280 add_time= 0.000110200
2970 0.000037309 2970 0.000006600 add_time= 0.000068921
2500 0.000082408 2500 0.000007546 add_time= 0.000116677
2700 0.000016060 2700 0.000026896 add_time= 0.000058667
2805 0.000069556 2805 0.000006596 add_time= 0.000089878
2600 0.000286104 2600 0.000006845 add_time= 0.000320041
2750 0.000139417 2750 0.000006346 add_time= 0.000160904
2500 0.000093006 2500 0.000005942 add_time= 0.000113276
2550 0.000170880 2550 0.000005686 add_time= 0.000189943
2500 0.000116318 2500 0.000005950 add_time= 0.000135219
2500 0.000076050 2500 0.000014148 add_time= 0.000107280
2550 0.000143304 2550 0.000006681 add_time= 0.000163993
1250 0.000055135 1250 0.000005291 add_time= 0.000071850
1375 0.000118299 1375 0.000005338 add_time= 0.000135172
2500 0.000054060 2500 0.000006408 add_time= 0.000073719
2700 0.000018257 2700 0.000024461 add_time= 0.000056289
2500 0.000094616 2500 0.000005973 add_time= 0.000114043
2600 0.000171019 2600 0.000008014 add_time= 0.000199102
2600 0.001194176 2600 0.000018261 add_time= 0.001229423
2550 0.000143274 2550 0.000006851 add_time= 0.000166552
2805 0.000073201 2805 0.000007082 add_time= 0.000097233
3025 0.000037224 3025 0.000006799 add_time= 0.000061821
2500 0.000076939 2500 0.000006837 add_time= 0.000099869
2860 0.000425703 2860 0.000006225 add_time= 0.000447082
2750 0.000108448 2750 0.000007739 add_time= 0.000132905
2500 0.000132643 2500 0.000005843 add_time= 0.000152312
2550 0.000047694 2550 0.000006726 add_time= 0.000070110
2750 0.000006558 2750 0.000032089 add_time= 0.000054519
2600 0.000036055 2600 0.000007220 add_time= 0.000061199
2652 0.000305782 2652 0.000006095 add_time= 0.000332107
2500 0.000092901 2500 0.000005428 add_time= 0.000117918
2500 0.000048017 2500 0.000005677 add_time= 0.000074723
2915 0.000034653 2915 0.000006115 add_time= 0.000058486
2805 0.000076219 2805 0.000014274 add_time= 0.000106627
2970 0.000006668 2970 0.000088519 add_time= 0.000122343
1275 0.000049819 1275 0.000006235 add_time= 0.000067291
2600 0.000139439 2600 0.000006822 add_time= 0.000162092
2860 0.000279168 2860 0.000005764 add_time= 0.000304161
2500 0.000076146 2500 0.000005510 add_time= 0.000095153
2750 0.000161740 2750 0.000006203 add_time= 0.000181973
2600 0.000073088 2600 0.000005604 add_time= 0.000092445
2600 0.000006236 2600 0.000022209 add_time= 0.000041655
2805 0.000110868 2805 0.000005897 add_time= 0.000146126
2550 0.000032492 2550 0.000006051 add_time= 0.000056207
2600 0.000027736 2600 0.000018126 add_time= 0.000061915
2700 0.000084582 2700 0.000008433 add_time= 0.000119471
2550 0.000181847 2550 0.000006828 add_time= 0.000206646
2650 0.000115247 2650 0.000007095 add_time= 0.000138894
2916 0.000006578 2916 0.000016871 add_time= 0.000039224
1250 0.000052612 1250 0.000013817 add_time= 0.000079836
2750 0.000077171 2750 0.000008292 add_time= 0.000114530
2600 0.000179577 2600 0.000008760 add_time= 0.000214334
2750 0.000137972 2750 0.000019081 add_time= 0.000173154
2970 0.000139488 2970 0.000007273 add_time= 0.000163665
2805 0.000185407 2805 0.000006753 add_time= 0.000208795
2500 0.000079063 2500 0.000007136 add_time= 0.000102879
2500 0.000208015 2500 0.000006583 add_time= 0.000231808
2750 0.000265045 2750 0.000012487 add_time= 0.000294410
2750 0.000082219 2750 0.000007763 add_time= 0.000106555
2500 0.000197361 2500 0.000006867 add_time= 0.000220510
2550 0.000051072 2550 0.000006700 add_time= 0.000073431
2600 0.000052949 2600 0.000008288 add_time= 0.000092116
2600 0.000048258 2600 0.000006349 add_time= 0.000069983
2805 0.000076186 2805 0.000005955 add_time= 0.000097647
3025 0.000031413 3025 0.000007074 add_time= 0.000055900
2550 0.000089826 2550 0.000005938 add_time= 0.000110626
2650 0.000109756 2650 0.000006816 add_time= 0.000133004
2805 0.000028820 2805 0.000007867 add_time= 0.000053504
2600 0.000108044 2600 0.000008513 add_time= 0.000175732
3025 0.000027973 3025 0.000007863 add_time= 0.000075475
2500 0.000024683 2500 0.000007963 add_time= 0.000062759
2500 0.000026484 2500 0.000008943 add_time= 0.000065439
2750 0.000024827 2750 0.000008079 add_time= 0.000069335
1375 0.000062331 1375 0.000007513 add_time= 0.000094575
2600 0.000222042 2600 0.000007300 add_time= 0.000252301
2750 0.000154561 2750 0.000013451 add_time= 0.000184068
2500 0.000106729 2500 0.000007041 add_time= 0.000129502
2652 0.000075607 2652 0.000005608 add_time= 0.000103189
2700 0.000135161 2700 0.000013954 add_time= 0.000164099
2550 0.000095339 2550 0.000006532 add_time= 0.000118041
2500 0.000084764 2500 0.000018480 add_time= 0.000119109
2550 0.000078760 2550 0.000018497 add_time= 0.000112356
2500 0.000031751 2500 0.000014789 add_time= 0.000061461
2500 0.000104076 2500 0.000015461 add_time= 0.000145867
2808 0.000112400 2808 0.000007051 add_time= 0.000141955
1250 0.000191524 1250 0.000013616 add_time= 0.000218399
1250 0.000057509 1250 0.000006621 add_time= 0.000077706
2808 0.000027545 2808 0.000010994 add_time= 0.000053648
1375 0.000077469 1375 0.000006713 add_time= 0.000106698
2500 0.000094703 2500 0.000006892 add_time= 0.000129255
2808 0.000037645 2808 0.000011523 add_time= 0.000068190
2500 0.000163682 2500 0.000006718 add_time= 0.000185846
2756 0.000159056 2756 0.000006707 add_time= 0.000182935
2500 0.000032224 2500 0.000006192 add_time= 0.000054349
2500 0.000068676 2500 0.000006268 add_time= 0.000090637
1375 0.000055654 1375 0.000005800 add_time= 0.000074803
2500 0.000069523 2500 0.000005364 add_time= 0.000088271
1275 0.000119573 1275 0.000022285 add_time= 0.000152864
2915 0.000017321 2915 0.000027096 add_time= 0.000061786
2500 0.000060160 2500 0.000006900 add_time= 0.000083956
2860 0.000104713 2860 0.000005883 add_time= 0.000125474
2550 0.000058390 2550 0.000006338 add_time= 0.000080262
3025 0.000054778 3025 0.000006630 add_time= 0.000078291
2750 0.000088438 2750 0.000006520 add_time= 0.000110988
2500 0.000016111 2500 0.000013044 add_time= 0.000042966
1375 0.000187151 1375 0.000027361 add_time= 0.000235473
2750 0.000168819 2750 0.000006905 add_time= 0.000193044
2750 0.000056186 2750 0.000005792 add_time= 0.000076487
2805 0.000063165 2805 0.000006204 add_time= 0.000084864
2601 0.000041419 2601 0.000006512 add_time= 0.000063867
2601 0.000045798 2601 0.000007769 add_time= 0.000074318
3025 0.000153666 3025 0.000007463 add_time= 0.000178163
2500 0.000431189 2500 0.000007786 add_time= 0.000455718
2600 0.000079527 2600 0.000007079 add_time= 0.000103379
2700 0.000082943 2700 0.000007534 add_time= 0.000113290
2750 0.000103303 2750 0.000006465 add_time= 0.000124762
2652 0.000040937 2652 0.000005843 add_time= 0.000060974
2915 0.000017607 2915 0.000073852 add_time= 0.000108536
2500 0.000158667 2500 0.000006820 add_time= 0.000181375
2700 0.000094478 2700 0.000008024 add_time= 0.000118939
2500 0.000113676 2500 0.000006852 add_time= 0.000134734
2750 0.000050224 2750 0.000007473 add_time= 0.000071267
2500 0.000063398 2500 0.000006491 add_time= 0.000085278
2700 0.000098809 2700 0.000011628 add_time= 0.000126763
2500 0.000109906 2500 0.000006693 add_time= 0.000140012
2750 0.000211917 2750 0.000006879 add_time= 0.000242888
2750 0.000091453 2750 0.000005717 add_time= 0.000111178
2652 0.000032586 2652 0.000006434 add_time= 0.000052242
2500 0.000080148 2500 0.000005978 add_time= 0.000099545
2500 0.000014613 2500 0.000013082 add_time= 0.000044160
2650 0.000080703 2650 0.000006716 add_time= 0.000104777
2550 0.000037748 2550 0.000006393 add_time= 0.000065751
2500 0.000051909 2500 0.000007115 add_time= 0.000084061
2550 0.000039997 2550 0.000006087 add_time= 0.000059900
2500 0.000047320 2500 0.000006336 add_time= 0.000068231
1250 0.000239557 1250 0.000007465 add_time= 0.000260373
2600 0.000107094 2600 0.000006475 add_time= 0.000129853
2805 0.000063302 2805 0.000006938 add_time= 0.000085975
2970 0.000075183 2970 0.000005985 add_time= 0.000095169
2805 0.000048285 2805 0.000005895 add_time= 0.000073159
2550 0.000139734 2550 0.000005168 add_time= 0.000157361
2500 0.000016588 2500 0.000013798 add_time= 0.000046256
1250 0.000415698 1250 0.000005541 add_time= 0.000439606
2500 0.000662571 2500 0.000009188 add_time= 0.000692753
2500 0.000315495 2500 0.000007317 add_time= 0.000355733
2500 0.000105228 2500 0.000005950 add_time= 0.000126549
2703 0.000250831 2703 0.000007690 add_time= 0.000275315
2550 0.000154015 2550 0.000005837 add_time= 0.000173520
2805 0.000055009 2805 0.000006837 add_time= 0.000076923
2600 0.000328128 2600 0.000007357 add_time= 0.000372134
2750 0.000229793 2750 0.000006657 add_time= 0.000252821
2550 0.000156993 2550 0.000007227 add_time= 0.000180200
2550 0.000103089 2550 0.000005775 add_time= 0.000122464
2700 0.000006019 2700 0.000023370 add_time= 0.000043697
1375 0.000205403 1375 0.000006102 add_time= 0.000225314
2600 0.000320191 2600 0.000006858 add_time= 0.000344511
2700 0.000253828 2700 0.000006355 add_time= 0.000285846
2750 0.000026440 2750 0.000007307 add_time= 0.000050327
2550 0.000055131 2550 0.000005911 add_time= 0.000081001
2700 0.000226266 2700 0.000007357 add_time= 0.000249925
1250 0.000058902 1250 0.000006550 add_time= 0.000078457
2500 0.000136398 2500 0.000017017 add_time= 0.000171084
2750 0.000089252 2750 0.000011916 add_time= 0.000126110
2500 0.000073603 2500 0.000007263 add_time= 0.000103867
2754 0.000238123 2754 0.000007361 add_time= 0.000270404
2860 0.000007271 2860 0.000045400 add_time= 0.000079867
2500 0.000076571 2500 0.000006467 add_time= 0.000096505
2600 0.000217464 2600 0.000006572 add_time= 0.000241463
3025 0.000184211 3025 0.000007083 add_time= 0.000208178
2805 0.000039607 2805 0.000006453 add_time= 0.000062795
2550 0.000059237 2550 0.000007248 add_time= 0.000082427
2650 0.000097647 2650 0.000006062 add_time= 0.000117593
2704 0.000213131 2704 0.000007767 add_time= 0.000252836
2750 0.000126609 2750 0.000007550 add_time= 0.000171000
2550 0.000213170 2550 0.000005560 add_time= 0.000233368
2750 0.000028446 2750 0.000007098 add_time= 0.000061482
2550 0.000147933 2550 0.000006477 add_time= 0.000168558
2750 0.000250896 2750 0.000007414 add_time= 0.000274593
2750 0.000095291 2750 0.000005870 add_time= 0.000115956
2550 0.000160461 2550 0.000009402 add_time= 0.000187646
2860 0.000138059 2860 0.000006545 add_time= 0.000173031
2500 0.000030492 2500 0.000006676 add_time= 0.000053280
2550 0.000156428 2550 0.000007503 add_time= 0.000180234
2805 0.000044036 2805 0.000006722 add_time= 0.000066007
2500 0.000006328 2500 0.000012007 add_time= 0.000043134
3025 0.000077975 3025 0.000018333 add_time= 0.000111442
1250 0.000061930 1250 0.000006657 add_time= 0.000083999
2756 0.000033759 2756 0.000006685 add_time= 0.000058519
2700 0.000052304 2700 0.000006749 add_time= 0.000073761
2750 0.000064594 2750 0.000006078 add_time= 0.000081773
2550 0.000042259 2550 0.000005847 add_time= 0.000059500
2750 0.000044302 2750 0.000007052 add_time= 0.000068194
2500 0.000065731 2500 0.000007208 add_time= 0.000094743
2500 0.000107270 2500 0.000008364 add_time= 0.000156220
1250 0.000035862 1250 0.000006920 add_time= 0.000079051
2500 0.000079329 2500 0.000007275 add_time= 0.000108182
2500 0.000038506 2500 0.000010994 add_time= 0.000074397
1275 0.000040047 1275 0.000006753 add_time= 0.000074921
2500 0.000074191 2500 0.000007101 add_time= 0.000103069
2550 0.000066623 2550 0.000006421 add_time= 0.000091684
2500 0.000059451 2500 0.000006301 add_time= 0.000080574
2600 0.000131201 2600 0.000006483 add_time= 0.000156793
2750 0.000139318 2750 0.000007206 add_time= 0.000169440
2750 0.000079774 2750 0.000006136 add_time= 0.000108616
1250 0.000047737 1250 0.000006626 add_time= 0.000076678
2750 0.000228724 2750 0.000006697 add_time= 0.000252105
2750 0.000041261 2750 0.000007000 add_time= 0.000064216
2750 0.000047263 2750 0.000006471 add_time= 0.000069657
3025 0.000026098 3025 0.000006023 add_time= 0.000045931
2550 0.000068670 2550 0.000006256 add_time= 0.000089766
2700 0.000064822 2700 0.000005659 add_time= 0.000083563
2700 0.000102637 2700 0.000007230 add_time= 0.000126254
2500 0.000292901 2500 0.000012214 add_time= 0.000321124
2500 0.000217989 2500 0.000006681 add_time= 0.000248404
2915 0.000020121 2915 0.000006647 add_time= 0.000058791
2550 0.000044718 2550 0.000005875 add_time= 0.000064048
2970 0.000016464 2970 0.000015295 add_time= 0.000048346
1250 0.000018646 1250 0.000006368 add_time= 0.000044829
2500 0.000201211 2500 0.000013906 add_time= 0.000242233
2805 0.000051439 2805 0.000006302 add_time= 0.000072713
2500 0.000027918 2500 0.000013396 add_time= 0.000052831
2550 0.000022185 2550 0.000009882 add_time= 0.000046306
2750 0.000014894 2750 0.000059194 add_time= 0.000088324
2550 0.000236516 2550 0.000007514 add_time= 0.000262564
2550 0.000107092 2550 0.000005994 add_time= 0.000128277
2500 0.000090899 2500 0.000006551 add_time= 0.000112389
2550 0.000122826 2550 0.000006447 add_time= 0.000142963
2500 0.000053028 2500 0.000005583 add_time= 0.000071563
2500 0.000016624 2500 0.000013797 add_time= 0.000046782
2703 0.000147117 2703 0.000008452 add_time= 0.000180956
2550 0.000139111 2550 0.000007475 add_time= 0.000164201
2500 0.000053634 2500 0.000005696 add_time= 0.000074563
2652 0.000075525 2652 0.000007442 add_time= 0.000100407
2750 0.000016043 2750 0.000015504 add_time= 0.000049447
2600 0.000080214 2600 0.000007602 add_time= 0.000109096
2808 0.000059638 2808 0.000006145 add_time= 0.000082238
2750 0.000147786 2750 0.000006042 add_time= 0.000170739
2805 0.000105936 2805 0.000006745 add_time= 0.000130272
2550 0.000042214 2550 0.000006968 add_time= 0.000075317
2700 0.000017623 2700 0.000094846 add_time= 0.000128228
1250 0.000046506 1250 0.000005967 add_time= 0.000066509
2550 0.000642730 2550 0.000007589 add_time= 0.000671943
2550 0.000132591 2550 0.000018470 add_time= 0.000168397
2700 0.000049727 2700 0.000006207 add_time= 0.000071368
2550 0.000116933 2550 0.000007053 add_time= 0.000140163
2860 0.000015707 2860 0.000017124 add_time= 0.000049724
2500 0.000076434 2500 0.000007378 add_time= 0.000105356
2600 0.000053774 2600 0.000006596 add_time= 0.000076562
3025 0.000156858 3025 0.000012191 add_time= 0.000197753
2550 0.000104929 2550 0.000006653 add_time= 0.000128614
2550 0.000140276 2550 0.000007082 add_time= 0.000174698
2500 0.000015911 2500 0.000014993 add_time= 0.000047051
1250 0.000057608 1250 0.000006259 add_time= 0.000077221
2600 0.000238098 2600 0.000006727 add_time= 0.000266185
2600 0.000125039 2600 0.000005917 add_time= 0.000147525
3025 0.000361546 3025 0.000006994 add_time= 0.000387667
2550 0.000065979 2550 0.000006811 add_time= 0.000088503
2970 0.000026912 2970 0.000017698 add_time= 0.000061493
1250 0.000073357 1250 0.000006036 add_time= 0.000106659
2600 0.000235384 2600 0.000007386 add_time= 0.000264740
2750 0.000128597 2750 0.000006886 add_time= 0.000170694
2750 0.000047588 2750 0.000005759 add_time= 0.000068647
2550 0.000077278 2550 0.000007537 add_time= 0.000099267
2750 0.000041748 2750 0.000006125 add_time= 0.000062650
2500 0.000079293 2500 0.000015781 add_time= 0.000123278
2750 0.000223860 2750 0.000019003 add_time= 0.000292156
2500 0.000114665 2500 0.000009111 add_time= 0.000161629
2500 0.000125943 2500 0.000008348 add_time= 0.000152229
2500 0.000375593 2500 0.000014162 add_time= 0.000406508
2750 0.000071540 2750 0.000007134 add_time= 0.000094947
1250 0.000060438 1250 0.000049165 add_time= 0.000123072
2700 0.000523917 2700 0.000017633 add_time= 0.000560483
2652 0.000088601 2652 0.000014520 add_time= 0.000119514
3025 0.000133321 3025 0.000008271 add_time= 0.000158952
2550 0.000343364 2550 0.000014857 add_time= 0.000374964
2550 0.000068519 2550 0.000006609 add_time= 0.000092579
2750 0.000057362 2750 0.000007193 add_time= 0.000082069
1250 0.000057729 1250 0.000006220 add_time= 0.000079584
2500 0.000093089 2500 0.000016499 add_time= 0.000126776
2500 0.000085470 2500 0.000005804 add_time= 0.000106235
2805 0.000199869 2805 0.000006831 add_time= 0.000224345
1275 0.000213686 1275 0.000007247 add_time= 0.000243737
2750 0.000032676 2750 0.000007896 add_time= 0.000057908
2704 0.000251569 2704 0.000006572 add_time= 0.000289709
2500 0.000227471 2500 0.000006614 add_time= 0.000250821
2750 0.000121975 2750 0.000006805 add_time= 0.000147048
1275 0.000162305 1275 0.000006711 add_time= 0.000183540
2750 0.000007979 2750 0.000016195 add_time= 0.000053390
