2750 0.000857258 2750 0.000022266 add_time= 0.002063230
2550 0.000071713 2550 0.000017406 add_time= 0.000115256
2652 0.000259872 2652 0.000009058 add_time= 0.000305687
2550 0.000081361 2550 0.000007565 add_time= 0.000104195
2600 0.000069462 2600 0.000016396 add_time= 0.000102597
2500 0.000105159 2500 0.000006722 add_time= 0.000127601
2500 0.000083171 2500 0.000011681 add_time= 0.000155409
2750 0.000110325 2750 0.000009748 add_time= 0.000144127
2550 0.000123863 2550 0.000006907 add_time= 0.000146350
2500 0.000182629 2500 0.000039857 add_time= 0.000244743
1250 0.000059372 1250 0.000011295 add_time= 0.000102746
2750 0.000143525 2750 0.000007011 add_time= 0.000170060
1350 0.000144606 1350 0.000009720 add_time= 0.000176405
2550 0.000188339 2550 0.000007581 add_time= 0.000214044
2652 0.000287198 2652 0.000031062 add_time= 0.000355316
2500 0.000330257 2500 0.000008728 add_time= 0.000367159
2970 0.000163076 2970 0.000010053 add_time= 0.000201729
3025 0.000234906 3025 0.000016854 add_time= 0.000272599
2500 0.000150744 2500 0.000053124 add_time= 0.000230080
625 0.000058328 625 0.000038372 add_time= 0.000118617
2500 0.000076001 2500 0.000007713 add_time= 0.000105477
2600 0.000086009 2600 0.000018833 add_time= 0.000129911
2500 0.000070951 2500 0.000006619 add_time= 0.000093730
2550 0.000061503 2550 0.000018128 add_time= 0.000190006
2500 0.000031757 2500 0.000007912 add_time= 0.000066882
2500 0.000173304 2500 0.000014412 add_time= 0.001571264
2500 0.000113473 2500 0.000019409 add_time= 0.000148012
2500 0.000073219 2500 0.000007865 add_time= 0.000096667
2652 0.000313589 2652 0.000008686 add_time= 0.000345391
2805 0.000019130 2805 0.000029519 add_time= 0.000064936
2500 0.000065836 2500 0.000006313 add_time= 0.000087610
1250 0.000129862 1250 0.000005996 add_time= 0.000151267
2600 0.000138640 2600 0.000011674 add_time= 0.000200879
2750 0.000063724 2750 0.000008503 add_time= 0.000087951
2750 0.000205741 2750 0.000008091 add_time= 0.000230195
2600 0.000381280 2600 0.000008490 add_time= 0.000425032
2750 0.000008580 2750 0.000047299 add_time= 0.000080753
3025 0.000063123 3025 0.000007007 add_time= 0.000087066
2500 0.000156340 2500 0.000011263 add_time= 0.000202670
2550 0.000104615 2550 0.000007850 add_time= 0.000128020
2750 0.000221219 2750 0.000019767 add_time= 0.000257347
2652 0.000020589 2652 0.000018067 add_time= 0.000065488
2805 0.000087021 2805 0.000007784 add_time= 0.000122333
2650 0.000282727 2650 0.000009183 add_time= 0.000318300
2500 0.000058615 2500 0.000007749 add_time= 0.000085887
2550 0.000287869 2550 0.000007493 add_time= 0.000331337
2550 0.000016703 2550 0.000021805 add_time= 0.000076787
1250 0.000060838 1250 0.000006577 add_time= 0.000097730
2500 0.000270795 2500 0.000012108 add_time= 0.000420311
2650 0.000052899 2650 0.000015286 add_time= 0.000115223
