2600 0.000215642 2600 0.000017023 add_time= 0.001782607
2650 0.000015840 2650 0.000021831 add_time= 0.000052580
2500 0.000139766 2500 0.000008266 add_time= 0.000163818
2550 0.000147099 2550 0.000013597 add_time= 0.000180579
2500 0.000087710 2500 0.000007547 add_time= 0.000110925
2550 0.000671240 2550 0.000010728 add_time= 0.000728545
2500 0.000008087 2500 0.000030895 add_time= 0.000073633
2500 0.000125658 2500 0.000011339 add_time= 0.000164380
2500 0.000143709 2500 0.000029202 add_time= 0.000203545
2500 0.000016717 2500 0.000022648 add_time= 0.000063573
2805 0.000098868 2805 0.000015738 add_time= 0.000153107
2600 0.000217949 2600 0.000035346 add_time= 0.000282939
3025 0.000233672 3025 0.000007990 add_time= 0.000261312
2750 0.000158910 2750 0.000011066 add_time= 0.000188104
2650 0.000840510 2650 0.000018416 add_time= 0.000891129
2550 0.000073650 2550 0.000007432 add_time= 0.000098542
2500 0.000436025 2500 0.000007778 add_time= 0.000498036
2601 0.000211319 2601 0.000007944 add_time= 0.000250047
2808 0.000140205 2808 0.000016704 add_time= 0.000196561
2703 0.000187442 2703 0.000010064 add_time= 0.000325998
2550 0.000053000 2550 0.000016238 add_time= 0.000113014
2500 0.000279927 2500 0.000014160 add_time= 0.001872882
2500 0.000116667 2500 0.000009584 add_time= 0.000151133
1250 0.000118221 1250 0.000006465 add_time= 0.000138998
2805 0.000107320 2805 0.000009119 add_time= 0.000144485
2500 0.000018742 2500 0.000023890 add_time= 0.000069959
2500 0.000094669 2500 0.000007590 add_time= 0.000131248
1375 0.000096227 1375 0.000005917 add_time= 0.000119768
2500 0.000313766 2500 0.000019038 add_time= 0.000396698
2601 0.000108293 2601 0.000009561 add_time= 0.000135749
2750 0.000369410 2750 0.000008607 add_time= 0.000439668
2650 0.000023274 2650 0.000044065 add_time= 0.000094381
1250 0.000191292 1250 0.000006595 add_time= 0.000231875
2650 0.000299524 2650 0.000010209 add_time= 0.000357431
2600 0.000193188 2600 0.000009647 add_time= 0.000221834
2703 0.000456858 2703 0.000009745 add_time= 0.000489460
2600 0.000195934 2600 0.000010074 add_time= 0.000233100
1300 0.000048679 1300 0.000006865 add_time= 0.000070822
2500 0.000324827 2500 0.000007514 add_time= 0.000355491
2550 0.000038960 2550 0.000010934 add_time= 0.000073082
2500 0.000118331 2500 0.000006858 add_time= 0.000141226
2805 0.000131454 2805 0.000011114 add_time= 0.000240828
2500 0.000071212 2500 0.000039345 add_time= 0.000136434
2754 0.000082071 2754 0.000008506 add_time= 0.000128070
2756 0.000094540 2756 0.000012524 add_time= 0.001259277
2750 0.000055130 2750 0.000006196 add_time= 0.000076694
2500 0.000054268 2500 0.000006635 add_time= 0.000074923
2601 0.000065568 2601 0.000006079 add_time= 0.000085317
2600 0.000076732 2600 0.000005710 add_time= 0.000102928
2650 0.000015538 2650 0.000023059 add_time= 0.000054674
2860 0.000182045 2860 0.000007031 add_time= 0.000207620
2500 0.000125014 2500 0.000006676 add_time= 0.000155478
2805 0.000080369 2805 0.000006019 add_time= 0.000100609
2500 0.000035092 2500 0.000006060 add_time= 0.000065604
2550 0.000015302 2550 0.000020305 add_time= 0.000051149
2500 0.000058581 2500 0.000010349 add_time= 0.000108158
2915 0.000113086 2915 0.000009396 add_time= 0.000143368
2500 0.000069796 2500 0.000006777 add_time= 0.000100265
2550 0.000076649 2550 0.000052738 add_time= 0.000146676
2601 0.000104168 2601 0.000006846 add_time= 0.000126228
2500 0.000066688 2500 0.000007801 add_time= 0.000090945
2500 0.000312394 2500 0.000015612 add_time= 0.000348548
2550 0.000108715 2550 0.000015748 add_time= 0.000141175
2550 0.000068548 2550 0.000007163 add_time= 0.000111009
3025 0.000035055 3025 0.000006888 add_time= 0.000059913
1275 0.000096492 1275 0.000015117 add_time= 0.000127773
1375 0.000006339 1375 0.000018175 add_time= 0.000038911
2860 0.000271126 2860 0.000007587 add_time= 0.000317279
1250 0.000296360 1250 0.000006913 add_time= 0.000328611
2750 0.000110831 2750 0.000007576 add_time= 0.000143819
2750 0.000151031 2750 0.000006994 add_time= 0.000175717
2808 0.000227340 2808 0.000007774 add_time= 0.000257769
1250 0.000021798 1250 0.000011781 add_time= 0.000048413
2860 0.000263683 2860 0.000007496 add_time= 0.000289623
2750 0.000053366 2750 0.000027560 add_time= 0.000098100
2750 0.000139396 2750 0.000019237 add_time= 0.000175291
2652 0.000237191 2652 0.000006872 add_time= 0.000259838
2700 0.000125756 2700 0.000007081 add_time= 0.000160406
1250 0.000005678 1250 0.000009584 add_time= 0.000040384
2600 0.000028548 2600 0.000006084 add_time= 0.000055394
2650 0.000070049 2650 0.000006649 add_time= 0.000093824
2600 0.000448316 2600 0.000007050 add_time= 0.000472156
2805 0.000058655 2805 0.000006291 add_time= 0.000083063
2601 0.000045097 2601 0.000006984 add_time= 0.000069833
2916 0.000059639 2916 0.000006555 add_time= 0.000090823
2600 0.000096213 2600 0.000008740 add_time= 0.000186346
3025 0.000069619 3025 0.000008672 add_time= 0.000123476
2750 0.000049974 2750 0.000007992 add_time= 0.000089425
2500 0.000045697 2500 0.000008830 add_time= 0.000083329
2805 0.000030847 2805 0.000008018 add_time= 0.000068093
1300 0.000060076 1300 0.000073147 add_time= 0.000182702
2500 0.000409187 2500 0.000011564 add_time= 0.000451356
2600 0.000234929 2600 0.000008464 add_time= 0.000263263
2750 0.000216284 2750 0.000008276 add_time= 0.000241442
2550 0.000060741 2550 0.000006908 add_time= 0.000084388
2750 0.000270622 2750 0.000007142 add_time= 0.000305078
1275 0.000015930 1275 0.000014521 add_time= 0.000046094
2600 0.000239206 2600 0.000007880 add_time= 0.000266604
2750 0.000318561 2750 0.000007256 add_time= 0.000343335
2600 0.000254462 2600 0.000006613 add_time= 0.000276546
2550 0.000417691 2550 0.000006923 add_time= 0.000441959
2550 0.000173510 2550 0.000006662 add_time= 0.000197148
2600 0.000121461 2600 0.000006786 add_time= 0.000145399
2750 0.000124447 2750 0.000015570 add_time= 0.000157006
2700 0.000094331 2700 0.000006901 add_time= 0.000117502
2652 0.000143651 2652 0.000015807 add_time= 0.000176605
2700 0.000062376 2700 0.000006549 add_time= 0.000083945
2860 0.000294510 2860 0.000007066 add_time= 0.000319783
2550 0.000100517 2550 0.000006939 add_time= 0.000132483
2500 0.000071910 2500 0.000018220 add_time= 0.000106966
2550 0.000102983 2550 0.000006427 add_time= 0.000133117
2808 0.000106590 2808 0.000006668 add_time= 0.000129896
2860 0.000262257 2860 0.000006191 add_time= 0.000283948
2704 0.000130375 2704 0.000006318 add_time= 0.000162556
2600 0.000087513 2600 0.000006615 add_time= 0.000110457
2805 0.000191323 2805 0.000007476 add_time= 0.000215905
2500 0.000104791 2500 0.000006447 add_time= 0.000126559
2805 0.000055262 2805 0.000006846 add_time= 0.000089062
2970 0.000063779 2970 0.000005736 add_time= 0.000084370
3025 0.000092126 3025 0.000019012 add_time= 0.000128249
1250 0.000005609 1250 0.000015087 add_time= 0.000037625
2550 0.000163421 2550 0.000008656 add_time= 0.000200927
2805 0.000117290 2805 0.000007061 add_time= 0.000158779
2500 0.000215407 2500 0.000005970 add_time= 0.000235536
2601 0.000085087 2601 0.000008388 add_time= 0.000109035
2500 0.000242583 2500 0.000007419 add_time= 0.000266148
2500 0.000016516 2500 0.000014355 add_time= 0.000046065
2600 0.000366920 2600 0.000006904 add_time= 0.000399080
2550 0.000096068 2550 0.000011209 add_time= 0.000123493
3025 0.000082948 3025 0.000006715 add_time= 0.000110894
2550 0.000030218 2550 0.000007161 add_time= 0.000054065
2500 0.000123523 2500 0.000018475 add_time= 0.000158180
2500 0.000005820 2500 0.000014276 add_time= 0.000034786
2600 0.000052674 2600 0.000006954 add_time= 0.000077477
2600 0.000059614 2600 0.000024517 add_time= 0.000099225
1250 0.000101932 1250 0.000005563 add_time= 0.000119614
2754 0.000086739 2754 0.000014743 add_time= 0.000123843
2500 0.000156391 2500 0.000006670 add_time= 0.000178151
2500 0.000056684 2500 0.000008439 add_time= 0.000102508
2550 0.000066707 2550 0.000008344 add_time= 0.000099321
2550 0.000028945 2550 0.000007506 add_time= 0.000067619
2500 0.000095834 2500 0.000007702 add_time= 0.000139334
2652 0.000042009 2652 0.000007874 add_time= 0.000076557
2500 0.000067340 2500 0.000008056 add_time= 0.000111680
1300 0.000029636 1300 0.000015842 add_time= 0.000081321
2500 0.000081238 2500 0.000006832 add_time= 0.000103276
2750 0.000070693 2750 0.000006706 add_time= 0.000092509
2500 0.000064462 2500 0.000006330 add_time= 0.000084189
2805 0.000054436 2805 0.000006974 add_time= 0.000076848
1250 0.000043716 1250 0.000005637 add_time= 0.000060947
2700 0.000087173 2700 0.000006943 add_time= 0.000109832
2500 0.000276395 2500 0.000007079 add_time= 0.000299187
2600 0.000075140 2600 0.000005834 add_time= 0.000095938
2500 0.000073653 2500 0.000006520 add_time= 0.000095590
2500 0.000106933 2500 0.000006684 add_time= 0.000137712
2970 0.000079965 2970 0.000007409 add_time= 0.000104662
1275 0.000011372 1275 0.000009619 add_time= 0.000034673
2703 0.000564164 2703 0.000007638 add_time= 0.000594909
2500 0.000228279 2500 0.000015568 add_time= 0.000267767
1250 0.000085520 1250 0.000006436 add_time= 0.000106359
1275 0.000352417 1275 0.000006004 add_time= 0.000373339
1375 0.000012887 1375 0.000014384 add_time= 0.000041530
2500 0.000142143 2500 0.000006709 add_time= 0.000180175
2750 0.000087236 2750 0.000006465 add_time= 0.000110649
2750 0.000090673 2750 0.000026506 add_time= 0.000132644
2805 0.000190168 2805 0.000006823 add_time= 0.000211570
2970 0.000066526 2970 0.000007771 add_time= 0.000092615
2550 0.000203665 2550 0.000007308 add_time= 0.000227176
2750 0.000200056 2750 0.000006893 add_time= 0.000223387
2500 0.000064908 2500 0.000014587 add_time= 0.000105310
2500 0.000064404 2500 0.000007162 add_time= 0.000086560
2754 0.000086488 2754 0.000006585 add_time= 0.000109143
2970 0.000006552 2970 0.000025030 add_time= 0.000045415
2860 0.000146519 2860 0.000007230 add_time= 0.000170924
2700 0.000268299 2700 0.000006383 add_time= 0.000289849
2750 0.000086464 2750 0.000006799 add_time= 0.000108998
2601 0.000102959 2601 0.000006963 add_time= 0.000136176
2500 0.000014693 2500 0.000022847 add_time= 0.000052688
2700 0.000243333 2700 0.000006262 add_time= 0.000264126
2600 0.000078588 2600 0.000012816 add_time= 0.000117124
2500 0.000080858 2500 0.000006280 add_time= 0.000108880
2600 0.000042527 2600 0.000005668 add_time= 0.000061338
2700 0.000056190 2700 0.000007374 add_time= 0.000078746
2805 0.000075077 2805 0.000006248 add_time= 0.000095192
2750 0.000006646 2750 0.000024477 add_time= 0.000044652
2704 0.000172524 2704 0.000008585 add_time= 0.000206793
3025 0.000181267 3025 0.000027791 add_time= 0.000256331
2500 0.000277224 2500 0.000006555 add_time= 0.000299917
2550 0.000080486 2550 0.000015515 add_time= 0.000113235
2754 0.000252544 2754 0.000007192 add_time= 0.000276995
1250 0.000011644 1250 0.000009776 add_time= 0.000036444
2600 0.000092156 2600 0.000006411 add_time= 0.000114937
2600 0.000046811 2600 0.000005678 add_time= 0.000067411
3025 0.000305152 3025 0.000007306 add_time= 0.000333026
2601 0.000261414 2601 0.000006023 add_time= 0.000288970
2500 0.000196434 2500 0.000006555 add_time= 0.000218574
2550 0.000007812 2550 0.000016569 add_time= 0.000040651
2500 0.000257784 2500 0.000006357 add_time= 0.000283365
3025 0.000132094 3025 0.000007785 add_time= 0.000162133
2750 0.000042498 2750 0.000007091 add_time= 0.000066781
2862 0.001375183 2862 0.000007571 add_time= 0.001400267
2600 0.000098932 2600 0.000008795 add_time= 0.000150491
2750 0.000017909 2750 0.000017136 add_time= 0.000066517
2652 0.000028362 2652 0.000008269 add_time= 0.000064952
2500 0.000045003 2500 0.000008632 add_time= 0.000080092
2600 0.000118623 2600 0.000006584 add_time= 0.000152331
2600 0.000166879 2600 0.000013163 add_time= 0.000197448
2750 0.000034408 2750 0.000006704 add_time= 0.000060827
2652 0.000089645 2652 0.000005744 add_time= 0.000116763
2860 0.000128340 2860 0.000006522 add_time= 0.000151906
2500 0.000063746 2500 0.000007382 add_time= 0.000092070
2860 0.000125157 2860 0.000006632 add_time= 0.000150923
2600 0.000061055 2600 0.000006692 add_time= 0.000085206
2550 0.000085328 2550 0.000007047 add_time= 0.000109030
2550 0.000035744 2550 0.000006849 add_time= 0.000057149
2550 0.000085782 2550 0.000006728 add_time= 0.000108906
2600 0.000085266 2600 0.000006900 add_time= 0.000111431
1375 0.000081490 1375 0.000006198 add_time= 0.000102758
2600 0.000066543 2600 0.000011844 add_time= 0.000093618
2750 0.000027732 2750 0.000007033 add_time= 0.000054464
2550 0.000067391 2550 0.000006044 add_time= 0.000089362
2860 0.000080252 2860 0.000006721 add_time= 0.000116923
2750 0.000550183 2750 0.000009924 add_time= 0.000591490
2600 0.000137613 2600 0.000007846 add_time= 0.000171576
2750 0.000052706 2750 0.000006303 add_time= 0.000074300
2805 0.000083611 2805 0.000033591 add_time= 0.000132464
2550 0.000059748 2550 0.000017303 add_time= 0.000091661
2500 0.000153295 2500 0.000006408 add_time= 0.000176093
2500 0.000465321 2500 0.000007295 add_time= 0.000488829
2805 0.000069192 2805 0.000007343 add_time= 0.000094770
2700 0.000209560 2700 0.000006620 add_time= 0.000233298
2750 0.000052837 2750 0.000007133 add_time= 0.000087509
2916 0.000256935 2916 0.000007517 add_time= 0.000287998
2500 0.000007434 2500 0.000024733 add_time= 0.000047381
2600 0.000139332 2600 0.000009103 add_time= 0.000164775
1300 0.000159832 1300 0.000006288 add_time= 0.000179266
2805 0.000206090 2805 0.000007109 add_time= 0.000229770
2970 0.000069810 2970 0.000026708 add_time= 0.000111298
2550 0.000069786 2550 0.000014805 add_time= 0.000099008
2500 0.000122133 2500 0.000006700 add_time= 0.000142808
2550 0.000260773 2550 0.000006267 add_time= 0.000280839
1375 0.000005462 1375 0.000035685 add_time= 0.000053241
2550 0.000515675 2550 0.000007269 add_time= 0.000538498
2650 0.000093242 2650 0.000006425 add_time= 0.000114245
2805 0.000182987 2805 0.000006191 add_time= 0.000203182
2550 0.000091987 2550 0.000006478 add_time= 0.000113952
2550 0.000178877 2550 0.000006072 add_time= 0.000198651
2500 0.000007863 2500 0.000040527 add_time= 0.000063302
1375 0.000010304 1375 0.000013480 add_time= 0.000036064
2652 0.000110776 2652 0.000006234 add_time= 0.000150767
2970 0.000074455 2970 0.000015664 add_time= 0.000106827
2600 0.000249415 2600 0.000006041 add_time= 0.000269754
2550 0.000085058 2550 0.000006518 add_time= 0.000106696
2650 0.000157070 2650 0.000006699 add_time= 0.000179600
2860 0.000176152 2860 0.000041689 add_time= 0.000250580
2750 0.000216386 2750 0.000009537 add_time= 0.000246894
2500 0.000185488 2500 0.000008661 add_time= 0.000211543
2500 0.000295042 2500 0.000006063 add_time= 0.000316315
2916 0.000099141 2916 0.000007346 add_time= 0.000127433
1250 0.000006115 1250 0.000009911 add_time= 0.000031504
2600 0.000309308 2600 0.000006762 add_time= 0.000333255
2600 0.000052967 2600 0.000024804 add_time= 0.000104611
3025 0.000208972 3025 0.000019258 add_time= 0.000246298
2970 0.000243752 2970 0.000014437 add_time= 0.000273764
2652 0.000071147 2652 0.000006906 add_time= 0.000095462
2915 0.000152471 2915 0.000006677 add_time= 0.000176624
2600 0.000162797 2600 0.000007131 add_time= 0.000188760
2600 0.000081598 2600 0.000006904 add_time= 0.000115107
1375 0.000078931 1375 0.000006022 add_time= 0.000098046
2550 0.000194274 2550 0.000006658 add_time= 0.000214715
2750 0.000080462 2750 0.000007011 add_time= 0.000115292
2500 0.000007710 2500 0.000025371 add_time= 0.000048014
2860 0.000103557 2860 0.000008618 add_time= 0.000152458
2750 0.000139367 2750 0.000007874 add_time= 0.000178280
2805 0.000049647 2805 0.000008292 add_time= 0.000085686
2550 0.000059239 2550 0.000008082 add_time= 0.000103198
2700 0.000041479 2700 0.000007894 add_time= 0.000080581
1275 0.000059053 1275 0.000124490 add_time= 0.000213581
2756 0.000195260 2756 0.000006358 add_time= 0.000236760
2600 0.000073987 2600 0.000006927 add_time= 0.000096658
2860 0.000183815 2860 0.000006721 add_time= 0.000207012
2805 0.000059880 2805 0.000006684 add_time= 0.000082749
2550 0.000222370 2550 0.000007306 add_time= 0.000244795
2700 0.000007306 2700 0.000043063 add_time= 0.000066545
2500 0.000103824 2500 0.000006761 add_time= 0.000126692
2500 0.000089945 2500 0.000007529 add_time= 0.000123372
2550 0.000097089 2550 0.000006498 add_time= 0.000119160
2750 0.000103019 2750 0.000010800 add_time= 0.000134795
2500 0.000016088 2500 0.000014808 add_time= 0.000046679
2600 0.000146312 2600 0.000006877 add_time= 0.000171120
2750 0.000108549 2750 0.000006995 add_time= 0.000132483
2750 0.000101345 2750 0.000007238 add_time= 0.000132924
2805 0.000081625 2805 0.000006888 add_time= 0.000104138
2500 0.000054990 2500 0.000006724 add_time= 0.000077364
2500 0.000104459 2500 0.000006314 add_time= 0.000124846
2600 0.000162220 2600 0.000006612 add_time= 0.000186112
2600 0.000105483 2600 0.000007022 add_time= 0.000127582
2650 0.000166274 2650 0.000007783 add_time= 0.000189714
2652 0.000078825 2652 0.000006086 add_time= 0.000099675
2808 0.000097719 2808 0.000007350 add_time= 0.000124246
1250 0.000011953 1250 0.000008660 add_time= 0.000034759
2704 0.000259724 2704 0.000009545 add_time= 0.000295594
2750 0.000043117 2750 0.000007411 add_time= 0.000069063
2700 0.000051656 2700 0.000006315 add_time= 0.000074063
2600 0.000049134 2600 0.000006667 add_time= 0.000071250
2970 0.000050652 2970 0.000006302 add_time= 0.000072486
2500 0.000016605 2500 0.000041619 add_time= 0.000075533
2500 0.000098874 2500 0.000006952 add_time= 0.000129243
2600 0.000108352 2600 0.000018802 add_time= 0.000144184
2650 0.000222348 2650 0.000007171 add_time= 0.000245945
2750 0.000066743 2750 0.000005591 add_time= 0.000087320
2550 0.000259092 2550 0.000006297 add_time= 0.000280728
2750 0.000007852 2750 0.000027979 add_time= 0.000051986
2500 0.000060384 2500 0.000006546 add_time= 0.000082880
2550 0.000181311 2550 0.000006283 add_time= 0.000203529
1375 0.000072270 1375 0.000006213 add_time= 0.000099442
2750 0.000086591 2750 0.000006343 add_time= 0.000107669
2500 0.000113796 2500 0.000005790 add_time= 0.000133036
2700 0.000112282 2700 0.000007232 add_time= 0.000136247
2500 0.000073475 2500 0.000007050 add_time= 0.000097210
3025 0.000050410 3025 0.000007682 add_time= 0.000075822
2750 0.000183942 2750 0.000007039 add_time= 0.000206591
2805 0.000106864 2805 0.000011206 add_time= 0.000133824
2700 0.000044494 2700 0.000006355 add_time= 0.000075904
3025 0.000007312 3025 0.000025128 add_time= 0.000046889
2550 0.000089451 2550 0.000006797 add_time= 0.000120182
2500 0.000077515 2500 0.000020030 add_time= 0.000113492
2750 0.000076393 2750 0.000006732 add_time= 0.000099271
2600 0.000040477 2600 0.000026255 add_time= 0.000082648
2808 0.000189187 2808 0.000006900 add_time= 0.000212714
625 0.000005338 625 0.000007168 add_time= 0.000031050
2550 0.000117365 2550 0.000007392 add_time= 0.000161568
2860 0.000069008 2860 0.000006741 add_time= 0.000096565
2805 0.000128897 2805 0.000006819 add_time= 0.000162372
2805 0.000071857 2805 0.000007692 add_time= 0.000097551
1250 0.000133126 1250 0.000006653 add_time= 0.000155941
2750 0.000017345 2750 0.000023081 add_time= 0.000059711
2500 0.000352289 2500 0.000007677 add_time= 0.000380590
2805 0.000064792 2805 0.000007298 add_time= 0.000102453
2750 0.000034683 2750 0.000006304 add_time= 0.000057648
2550 0.000072757 2550 0.000012581 add_time= 0.000114315
2550 0.000295587 2550 0.000006748 add_time= 0.000320244
1325 0.000007050 1325 0.000009044 add_time= 0.000032843
2500 0.000079088 2500 0.000006360 add_time= 0.000125920
2500 0.000184000 2500 0.000006400 add_time= 0.000218632
2700 0.000109702 2700 0.000006454 add_time= 0.000143388
2550 0.000040719 2550 0.000005897 add_time= 0.000070944
2550 0.000040762 2550 0.000005442 add_time= 0.000061135
2500 0.000015888 2500 0.000022526 add_time= 0.000055146
2600 0.000147459 2600 0.000014487 add_time= 0.000203167
2600 0.000033826 2600 0.000007442 add_time= 0.000070361
3025 0.000006341 3025 0.000008359 add_time= 0.000048143
2500 0.000023604 2500 0.000008337 add_time= 0.000059852
2970 0.000033896 2970 0.000008328 add_time= 0.000074107
2700 0.000095387 2700 0.000006830 add_time= 0.000132727
2915 0.000062777 2915 0.000006131 add_time= 0.000095883
2600 0.000083203 2600 0.000006614 add_time= 0.000107835
2550 0.000033753 2550 0.000006432 add_time= 0.000058035
2860 0.000064782 2860 0.000006824 add_time= 0.000089398
2750 0.000025109 2750 0.000006315 add_time= 0.000047711
2756 0.000063309 2756 0.000005806 add_time= 0.000082821
2970 0.000068454 2970 0.000006504 add_time= 0.000090823
2600 0.000091829 2600 0.000007232 add_time= 0.000114148
2652 0.000026382 2652 0.000009674 add_time= 0.000050944
2700 0.000026547 2700 0.000015867 add_time= 0.000057667
2500 0.000196852 2500 0.000006779 add_time= 0.000227017
2500 0.000187283 2500 0.000006606 add_time= 0.000208744
2500 0.000038546 2500 0.000006746 add_time= 0.000067168
2550 0.000050404 2550 0.000006570 add_time= 0.000071632
2750 0.000074793 2750 0.000006577 add_time= 0.000095012
2750 0.000014285 2750 0.000040625 add_time= 0.000070022
2600 0.000118879 2600 0.000006927 add_time= 0.000141755
2652 0.000032348 2652 0.000005970 add_time= 0.000051846
2650 0.000094343 2650 0.000006234 add_time= 0.000115670
2970 0.000081069 2970 0.000006084 add_time= 0.000100883
2500 0.000074677 2500 0.000005660 add_time= 0.000092855
2550 0.000034263 2550 0.000011079 add_time= 0.000069482
2805 0.000014466 2805 0.000014814 add_time= 0.000042912
2704 0.000058998 2704 0.000007042 add_time= 0.000081801
2652 0.000039194 2652 0.000006120 add_time= 0.000059560
2805 0.000048696 2805 0.000007151 add_time= 0.000071735
2600 0.000102088 2600 0.000006540 add_time= 0.000127953
2550 0.000095054 2550 0.000013926 add_time= 0.000124330
2550 0.000024509 2550 0.000014018 add_time= 0.000053486
2860 0.000051830 2860 0.000006706 add_time= 0.000081626
2600 0.000175475 2600 0.000006403 add_time= 0.000199217
2805 0.000073570 2805 0.000006760 add_time= 0.000096864
2550 0.000045377 2550 0.000006573 add_time= 0.000076748
2500 0.000231034 2500 0.000006890 add_time= 0.000263285
2500 0.000025974 2500 0.000022951 add_time= 0.000065749
2600 0.000099540 2600 0.000017203 add_time= 0.000141991
2600 0.000043804 2600 0.000005743 add_time= 0.000064049
2750 0.000120817 2750 0.000007131 add_time= 0.000144536
2750 0.000060398 2750 0.000006839 add_time= 0.000095013
2916 0.000156286 2916 0.000007186 add_time= 0.000180102
2500 0.000494377 2500 0.000006537 add_time= 0.000517784
2750 0.000258900 2750 0.000006719 add_time= 0.000281718
2550 0.000111716 2550 0.000006070 add_time= 0.000140583
2652 0.000052646 2652 0.000006647 add_time= 0.000075280
2750 0.000227850 2750 0.000007226 add_time= 0.000252032
2600 0.000208603 2600 0.000006784 add_time= 0.000232275
1375 0.000109383 1375 0.000014122 add_time= 0.000137514
2750 0.000077760 2750 0.000007122 add_time= 0.000101605
2550 0.000128127 2550 0.000006768 add_time= 0.000150606
2970 0.000007866 2970 0.000027430 add_time= 0.000051506
1250 0.000005519 1250 0.000013540 add_time= 0.000038011
2860 0.000077443 2860 0.000012081 add_time= 0.000105952
2600 0.000087683 2600 0.000014194 add_time= 0.000126584
2750 0.000090974 2750 0.000007566 add_time= 0.000115173
2600 0.000063047 2600 0.000006738 add_time= 0.000085645
2970 0.000204839 2970 0.000007018 add_time= 0.000228171
2700 0.000223250 2700 0.000007943 add_time= 0.000260239
1375 0.000174470 1375 0.000006118 add_time= 0.000195679
2500 0.000095837 2500 0.000006354 add_time= 0.000118185
2500 0.000190226 2500 0.000007164 add_time= 0.000213771
2750 0.000026816 2750 0.000015960 add_time= 0.000067802
2550 0.000103682 2550 0.000006649 add_time= 0.000127152
2650 0.000085240 2650 0.000007924 add_time= 0.000112973
2500 0.000198768 2500 0.000006766 add_time= 0.000222221
2750 0.000172491 2750 0.000006457 add_time= 0.000196306
2754 0.000124409 2754 0.000007096 add_time= 0.000148271
1250 0.000004619 1250 0.000009182 add_time= 0.000028855
2550 0.000110841 2550 0.000006727 add_time= 0.000136360
2750 0.000164140 2750 0.000006880 add_time= 0.000198933
2805 0.000137891 2805 0.000006878 add_time= 0.000159909
2550 0.000048326 2550 0.000007150 add_time= 0.000072419
2805 0.000008786 2805 0.000120936 add_time= 0.000146720
1375 0.000005351 1375 0.000013762 add_time= 0.000031987
2704 0.000106471 2704 0.000008649 add_time= 0.000166435
2600 0.000099232 2600 0.000014885 add_time= 0.000147827
2970 0.000049285 2970 0.000019022 add_time= 0.000098336
1250 0.000004952 1250 0.000022499 add_time= 0.000050858
2550 0.000053755 2550 0.000008015 add_time= 0.000086018
2750 0.000053718 2750 0.000008609 add_time= 0.000091689
1250 0.000027197 1250 0.000017297 add_time= 0.000068144
2500 0.000214542 2500 0.000019264 add_time= 0.000251597
2750 0.000108752 2750 0.000007589 add_time= 0.000134346
2500 0.000088374 2500 0.000006640 add_time= 0.000110759
2550 0.000085396 2550 0.000007417 add_time= 0.000109737
1350 0.000057882 1350 0.000006336 add_time= 0.000080097
1250 0.000006285 1250 0.000025269 add_time= 0.000055664
2750 0.000153848 2750 0.000007494 add_time= 0.000181866
2652 0.000090379 2652 0.000012879 add_time= 0.000120348
2750 0.000136079 2750 0.000006313 add_time= 0.000156441
2500 0.000395902 2500 0.000007036 add_time= 0.000419532
2601 0.000114447 2601 0.000007546 add_time= 0.000138094
2500 0.000062304 2500 0.000007137 add_time= 0.000084569
2500 0.000016938 2500 0.000072991 add_time= 0.000105771
2600 0.000111438 2600 0.000007109 add_time= 0.000145993
2860 0.000070727 2860 0.000015603 add_time= 0.000104299
2500 0.000057060 2500 0.000007359 add_time= 0.000080808
2652 0.000138747 2652 0.000006793 add_time= 0.000169782
2650 0.000063797 2650 0.000006311 add_time= 0.000090904
2650 0.000127692 2650 0.000006381 add_time= 0.000148413
2704 0.000146300 2704 0.000007766 add_time= 0.000172885
2750 0.000059063 2750 0.000007165 add_time= 0.000083274
2750 0.000107652 2750 0.000006839 add_time= 0.000131489
2550 0.000051235 2550 0.000007235 add_time= 0.000074898
2550 0.000017725 2550 0.000015114 add_time= 0.000060459
2600 0.000096044 2600 0.000007363 add_time= 0.000121682
2600 0.000104129 2600 0.000007678 add_time= 0.000128572
2500 0.000076315 2500 0.000006875 add_time= 0.000111098
2500 0.000104157 2500 0.000007235 add_time= 0.000128044
2700 0.000064597 2700 0.000007094 add_time= 0.000108447
1375 0.000014347 1375 0.000009970 add_time= 0.000039657
2700 0.000103326 2700 0.000006776 add_time= 0.000148706
2750 0.000062686 2750 0.000018046 add_time= 0.000098688
2750 0.000067176 2750 0.000007127 add_time= 0.000089123
2805 0.000124174 2805 0.000007000 add_time= 0.000148569
2550 0.000048105 2550 0.000006198 add_time= 0.000068778
2500 0.000088080 2500 0.000006306 add_time= 0.000108446
2600 0.000233305 2600 0.000007654 add_time= 0.000263020
2600 0.000061247 2600 0.000007885 add_time= 0.000095660
2805 0.000778060 2805 0.000016286 add_time= 0.000813409
2862 0.000146529 2862 0.000006866 add_time= 0.000177745
1250 0.000006842 1250 0.000019345 add_time= 0.000040709
2860 0.000071756 2860 0.000006963 add_time= 0.000096946
2860 0.000128926 2860 0.000006021 add_time= 0.000150432
2500 0.000059124 2500 0.000008892 add_time= 0.000082840
1375 0.000249968 1375 0.000005429 add_time= 0.000267719
2750 0.000112745 2750 0.000007148 add_time= 0.000136922
1250 0.000006253 1250 0.000008686 add_time= 0.000028561
2652 0.000168991 2652 0.000007243 add_time= 0.000193110
2915 0.000310836 2915 0.000007197 add_time= 0.000334890
2750 0.000145523 2750 0.000005992 add_time= 0.000165644
2750 0.000143595 2750 0.000006552 add_time= 0.000166219
2600 0.000007995 2600 0.000025884 add_time= 0.000057828
2500 0.000155609 2500 0.000007176 add_time= 0.000178476
2600 0.000189821 2600 0.000006382 add_time= 0.000212035
2500 0.000060236 2500 0.000007187 add_time= 0.000087915
2750 0.000062508 2750 0.000006479 add_time= 0.000084186
2550 0.000126990 2550 0.000006361 add_time= 0.000149180
2550 0.000098172 2550 0.000006368 add_time= 0.000118349
3025 0.000008526 3025 0.000016784 add_time= 0.000042182
2500 0.000088887 2500 0.000005983 add_time= 0.000110164
2650 0.000095822 2650 0.000021323 add_time= 0.000133491
2970 0.000064969 2970 0.000006409 add_time= 0.000087861
2915 0.000051548 2915 0.000005945 add_time= 0.000071378
2805 0.000066294 2805 0.000006394 add_time= 0.000088734
3025 0.000007834 3025 0.000029686 add_time= 0.000053646
1300 0.000005248 1300 0.000013402 add_time= 0.000034713
2700 0.000184779 2700 0.000006782 add_time= 0.000221589
2600 0.000196100 2600 0.000006897 add_time= 0.000218489
2650 0.000151880 2650 0.000005923 add_time= 0.000172399
2500 0.000049986 2500 0.000007120 add_time= 0.000072046
2550 0.000314149 2550 0.000007007 add_time= 0.000351260
2750 0.000067447 2750 0.000007727 add_time= 0.000101047
1250 0.000012627 1250 0.000009282 add_time= 0.000035626
2600 0.000100468 2600 0.000006773 add_time= 0.000124132
1300 0.000146232 1300 0.000006098 add_time= 0.000173278
2500 0.000137385 2500 0.000005929 add_time= 0.000159129
2500 0.000065128 2500 0.000006812 add_time= 0.000086885
2550 0.000243537 2550 0.000006839 add_time= 0.000267038
3025 0.000108193 3025 0.000006918 add_time= 0.000136031
2600 0.000194607 2600 0.000009471 add_time= 0.000274670
2550 0.000113357 2550 0.000006396 add_time= 0.000137023
2550 0.000134415 2550 0.000005998 add_time= 0.000156298
2500 0.000026105 2500 0.000013791 add_time= 0.000056928
2500 0.000007584 2500 0.000032790 add_time= 0.000058347
2600 0.000055302 2600 0.000008926 add_time= 0.000112298
2700 0.000038123 2700 0.000008592 add_time= 0.000084420
2750 0.000046630 2750 0.000008526 add_time= 0.000105778
2750 0.000006796 2750 0.000009012 add_time= 0.000062871
3025 0.000013701 3025 0.000026988 add_time= 0.000076618
2600 0.000201209 2600 0.000006710 add_time= 0.000234262
2550 0.000078354 2550 0.000006819 add_time= 0.000104071
2550 0.000060810 2550 0.000005838 add_time= 0.000083597
2700 0.000079132 2700 0.000007207 add_time= 0.000103793
2860 0.000140660 2860 0.000008593 add_time= 0.000171437
2500 0.000264873 2500 0.000007862 add_time= 0.000294717
2500 0.000123651 2500 0.000006767 add_time= 0.000151150
2550 0.000163360 2550 0.000016290 add_time= 0.000195749
3025 0.000020102 3025 0.000017057 add_time= 0.000054223
2500 0.000075039 2500 0.000007575 add_time= 0.000102025
2750 0.000078407 2750 0.000018990 add_time= 0.000115959
3025 0.000072729 3025 0.000015353 add_time= 0.000105849
2750 0.000057915 2750 0.000005984 add_time= 0.000079115
2805 0.000114742 2805 0.000018133 add_time= 0.000149817
2700 0.000076368 2700 0.000006977 add_time= 0.000112107
1275 0.000013752 1275 0.000009602 add_time= 0.000047262
2500 0.000341672 2500 0.000007676 add_time= 0.000368159
2750 0.000103403 2750 0.000007467 add_time= 0.000128314
3025 0.000033134 3025 0.000007566 add_time= 0.000070385
2652 0.000029212 2652 0.000010017 add_time= 0.000054204
2970 0.000026202 2970 0.000020130 add_time= 0.000074654
2700 0.000287772 2700 0.000027432 add_time= 0.000334113
2750 0.000120673 2750 0.000009517 add_time= 0.000147786
2601 0.000127485 2601 0.000007470 add_time= 0.000150536
2700 0.000078699 2700 0.000006449 add_time= 0.000099938
1375 0.000025330 1375 0.000009935 add_time= 0.000051807
2704 0.000138061 2704 0.000007202 add_time= 0.000164084
2652 0.000129298 2652 0.000006352 add_time= 0.000150035
2860 0.000185736 2860 0.000008215 add_time= 0.000220280
2805 0.000080199 2805 0.000008616 add_time= 0.000104260
2550 0.000066523 2550 0.000006898 add_time= 0.000088136
2500 0.000165694 2500 0.000007006 add_time= 0.000186953
1250 0.000011049 1250 0.000009140 add_time= 0.000032473
2600 0.000280978 2600 0.000006612 add_time= 0.000305302
2700 0.000147544 2700 0.000019307 add_time= 0.000184179
2805 0.000073114 2805 0.000006064 add_time= 0.000095931
2550 0.000065067 2550 0.000007112 add_time= 0.000089125
2860 0.000080121 2860 0.000006918 add_time= 0.000104074
2750 0.000518849 2750 0.000010320 add_time= 0.000555727
2550 0.000472549 2550 0.000007562 add_time= 0.000501434
2650 0.000540123 2650 0.000008306 add_time= 0.000568872
2805 0.000156281 2805 0.000007287 add_time= 0.000180524
2650 0.000204157 2650 0.000014574 add_time= 0.000236647
2550 0.000096378 2550 0.000007624 add_time= 0.000123252
2805 0.000060421 2805 0.000006736 add_time= 0.000087391
2550 0.000393218 2550 0.000025808 add_time= 0.000439364
2652 0.000108818 2652 0.000007654 add_time= 0.000134692
2750 0.000008127 2750 0.000050546 add_time= 0.000079067
1375 0.000006276 1375 0.000015723 add_time= 0.000040028
2500 0.000291599 2500 0.000007365 add_time= 0.000319256
2500 0.000253843 2500 0.000006429 add_time= 0.000276142
2500 0.000291377 2500 0.000023081 add_time= 0.000330906
2500 0.000062060 2500 0.000025623 add_time= 0.000103663
2550 0.000126410 2550 0.000024872 add_time= 0.000165806
2600 0.000077597 2600 0.000014000 add_time= 0.000108886
2860 0.000122365 2860 0.000007075 add_time= 0.000149878
2860 0.000263493 2860 0.000006713 add_time= 0.000293374
2750 0.000095992 2750 0.000007541 add_time= 0.000132657
2550 0.000077401 2550 0.000007281 add_time= 0.000101330
2550 0.000007853 2550 0.000080867 add_time= 0.000109015
2500 0.000045678 2500 0.000009274 add_time= 0.000073754
2600 0.000063432 2600 0.000006649 add_time= 0.000086082
2500 0.000096865 2500 0.000007074 add_time= 0.000130988
1250 0.000096975 1250 0.000014216 add_time= 0.000130330
2500 0.000108301 2500 0.000018003 add_time= 0.000140671
2550 0.000007952 2550 0.000015697 add_time= 0.000039412
2550 0.000240132 2550 0.000008683 add_time= 0.000278431
2500 0.000230413 2500 0.000007733 add_time= 0.000255073
2550 0.000215895 2550 0.000006737 add_time= 0.000239440
2650 0.000077830 2650 0.000028305 add_time= 0.000123692
2750 0.000007932 2750 0.000015376 add_time= 0.000048282
2600 0.000262050 2600 0.000006632 add_time= 0.000285350
2700 0.000195505 2700 0.000007556 add_time= 0.000220079
2600 0.000071280 2600 0.000006798 add_time= 0.000099733
2805 0.000231653 2805 0.000006719 add_time= 0.000255218
2500 0.000068614 2500 0.000006473 add_time= 0.000091650
1250 0.000151349 1250 0.000005893 add_time= 0.000175109
2600 0.000122526 2600 0.000005924 add_time= 0.000141548
2500 0.000174693 2500 0.000007386 add_time= 0.000201499
2652 0.000041181 2652 0.000007540 add_time= 0.000077428
2970 0.000082535 2970 0.000018757 add_time= 0.000129537
2600 0.000126259 2600 0.000008648 add_time= 0.000210857
2915 0.000073258 2915 0.000007836 add_time= 0.000110748
2860 0.000071538 2860 0.000008370 add_time= 0.000116394
2600 0.000053913 2600 0.000016444 add_time= 0.000112870
1375 0.000005974 1375 0.000015793 add_time= 0.000057277
2500 0.000102123 2500 0.000006678 add_time= 0.000126316
2750 0.000090391 2750 0.000007261 add_time= 0.000113925
2750 0.000103630 2750 0.000007051 add_time= 0.000140666
2550 0.000118174 2550 0.000007149 add_time= 0.000142368
2915 0.000131071 2915 0.000007884 add_time= 0.000159021
1300 0.000005307 1300 0.000015356 add_time= 0.000035476
2500 0.000299104 2500 0.000013086 add_time= 0.000338249
2500 0.000108566 2500 0.000006394 add_time= 0.000133965
2970 0.000055242 2970 0.000007423 add_time= 0.000089362
2500 0.000074169 2500 0.000006456 add_time= 0.000104660
2600 0.000083123 2600 0.000006279 add_time= 0.000102436
1250 0.000242645 1250 0.000005999 add_time= 0.000261464
2915 0.000146679 2915 0.000021806 add_time= 0.000185207
2600 0.000089456 2600 0.000006887 add_time= 0.000111066
2550 0.000066620 2550 0.000006882 add_time= 0.000098754
2600 0.000058739 2600 0.000005783 add_time= 0.000085699
2650 0.000058186 2650 0.000006156 add_time= 0.000088713
2500 0.000087414 2500 0.000006605 add_time= 0.000109912
1250 0.000083649 1250 0.000006509 add_time= 0.000103239
2550 0.000134899 2550 0.000006579 add_time= 0.000156629
2700 0.000076295 2700 0.000006612 add_time= 0.000105960
2652 0.000274481 2652 0.000010251 add_time= 0.000313234
3025 0.000062200 3025 0.000006897 add_time= 0.000085219
2550 0.000061874 2550 0.000007799 add_time= 0.000085041
2754 0.000066254 2754 0.000006366 add_time= 0.000086513
2750 0.000118984 2750 0.000006713 add_time= 0.000143967
2860 0.000252672 2860 0.000006758 add_time= 0.000275035
2750 0.000104810 2750 0.000023807 add_time= 0.000144723
2550 0.000051077 2550 0.000007072 add_time= 0.000073078
2860 0.000214595 2860 0.000006755 add_time= 0.000236172
2750 0.000058620 2750 0.000007016 add_time= 0.000083943
2600 0.000057317 2600 0.000006415 add_time= 0.000078418
2750 0.000091387 2750 0.000005515 add_time= 0.000110522
2600 0.000133588 2600 0.000007180 add_time= 0.000155807
2805 0.000051830 2805 0.000007114 add_time= 0.000074512
2750 0.000016852 2750 0.000031050 add_time= 0.000063309
1300 0.000018360 1300 0.000009085 add_time= 0.000039068
2756 0.000144659 2756 0.000006521 add_time= 0.000170196
2550 0.000128411 2550 0.000007543 add_time= 0.000159097
2805 0.000099122 2805 0.000019804 add_time= 0.000135597
2550 0.000026335 2550 0.000013512 add_time= 0.000064746
3025 0.000073323 3025 0.000007098 add_time= 0.000107949
2600 0.000102620 2600 0.000006615 add_time= 0.000131315
2750 0.000119928 2750 0.000006864 add_time= 0.000145193
2805 0.000090354 2805 0.000007051 add_time= 0.000114125
2550 0.000200848 2550 0.000016126 add_time= 0.000233693
2500 0.000189032 2500 0.000006645 add_time= 0.000210606
1250 0.000011863 1250 0.000014423 add_time= 0.000038879
2600 0.000084784 2600 0.000006685 add_time= 0.000108691
2500 0.000119939 2500 0.000006263 add_time= 0.000163202
2650 0.000090077 2650 0.000006859 add_time= 0.000113593
2550 0.000131102 2550 0.000006261 add_time= 0.000161741
2500 0.000217773 2500 0.000006671 add_time= 0.000238760
2750 0.000007865 2750 0.000015750 add_time= 0.000045615
2500 0.000162584 2500 0.000006206 add_time= 0.000184595
2600 0.000127101 2600 0.000015230 add_time= 0.000164089
2500 0.000035365 2500 0.000012121 add_time= 0.000063525
2750 0.000113305 2750 0.000006913 add_time= 0.000134677
2550 0.000071575 2550 0.000006415 add_time= 0.000111879
2500 0.000124193 2500 0.000008052 add_time= 0.000168197
2500 0.000007228 2500 0.000024001 add_time= 0.000046262
2750 0.000100128 2750 0.000006581 add_time= 0.000123950
3025 0.000065398 3025 0.000007280 add_time= 0.000089422
2601 0.000069506 2601 0.000006455 add_time= 0.000091823
2500 0.000047131 2500 0.000006275 add_time= 0.000069010
2550 0.000007266 2550 0.000024257 add_time= 0.000047083
2704 0.000121716 2704 0.000006731 add_time= 0.000144874
2750 0.000102851 2750 0.000027511 add_time= 0.000157983
2550 0.000072661 2550 0.000006213 add_time= 0.000094047
2550 0.000063685 2550 0.000006118 add_time= 0.000094967
1375 0.000006256 1375 0.000085687 add_time= 0.000109776
2600 0.000230041 2600 0.000006744 add_time= 0.000261814
2650 0.000104266 2650 0.000006579 add_time= 0.000128373
2500 0.000285723 2500 0.000006911 add_time= 0.000308981
2550 0.000428136 2550 0.000006308 add_time= 0.000450129
1350 0.000129530 1350 0.000006979 add_time= 0.000151574
1275 0.000012735 1275 0.000008448 add_time= 0.000036310
1250 0.000200161 1250 0.000005966 add_time= 0.000221204
3025 0.000187370 3025 0.000006997 add_time= 0.000229841
2750 0.000239063 2750 0.000006029 add_time= 0.000259929
2700 0.000080372 2700 0.000006018 add_time= 0.000103987
2805 0.000068495 2805 0.000006194 add_time= 0.000109261
2550 0.000202522 2550 0.000008195 add_time= 0.000236304
2750 0.000065633 2750 0.000006354 add_time= 0.000087389
2860 0.000217294 2860 0.000006119 add_time= 0.000248242
2500 0.000051907 2500 0.000006594 add_time= 0.000077415
2650 0.000033999 2650 0.000006940 add_time= 0.000070110
2601 0.000056602 2601 0.000006247 add_time= 0.000080667
2754 0.000117791 2754 0.000006379 add_time= 0.000140155
2750 0.000130018 2750 0.000005963 add_time= 0.000151570
2750 0.000006633 2750 0.000034972 add_time= 0.000057006
2703 0.000106798 2703 0.000009593 add_time= 0.000159804
2550 0.000065416 2550 0.000007895 add_time= 0.000109933
2700 0.000027960 2700 0.000015963 add_time= 0.000073186
2500 0.000078031 2500 0.000007015 add_time= 0.000121787
2550 0.000039776 2550 0.000008871 add_time= 0.000077152
2750 0.000044394 2750 0.000014827 add_time= 0.000086587
2550 0.000233750 2550 0.000007385 add_time= 0.000259414
2500 0.000050211 2500 0.000006823 add_time= 0.000074278
2650 0.000154218 2650 0.000006464 add_time= 0.000177502
2500 0.000147619 2500 0.000006821 add_time= 0.000170713
2550 0.000021857 2550 0.000005765 add_time= 0.000042955
2805 0.000007303 2805 0.000035527 add_time= 0.000060221
2500 0.000329771 2500 0.000006926 add_time= 0.000353992
2750 0.000202950 2750 0.000007776 add_time= 0.000227066
2750 0.000068214 2750 0.000006988 add_time= 0.000090772
2500 0.000085378 2500 0.000015268 add_time= 0.000115916
2500 0.000017931 2500 0.000038460 add_time= 0.000084759
2756 0.000087142 2756 0.000006858 add_time= 0.000111906
2500 0.000079877 2500 0.000006408 add_time= 0.000102148
2750 0.000457439 2750 0.000006200 add_time= 0.000478254
2500 0.000129765 2500 0.000006289 add_time= 0.000153457
2550 0.000060902 2550 0.000007663 add_time= 0.000084834
2750 0.000142525 2750 0.000006332 add_time= 0.000163526
2500 0.000107212 2500 0.000007823 add_time= 0.000132851
2500 0.000252040 2500 0.000007246 add_time= 0.000275352
2750 0.000093172 2750 0.000007001 add_time= 0.000116428
2550 0.000063151 2550 0.000007472 add_time= 0.000086451
1250 0.000123814 1250 0.000016905 add_time= 0.000152044
2700 0.000132983 2700 0.000013695 add_time= 0.000160926
2860 0.000171734 2860 0.000007087 add_time= 0.000196844
2652 0.000115510 2652 0.000006281 add_time= 0.000138053
2750 0.000073893 2750 0.000007471 add_time= 0.000097798
2750 0.000144512 2750 0.000007379 add_time= 0.000168169
1275 0.000102102 1275 0.000012094 add_time= 0.000126246
2860 0.000156756 2860 0.000006851 add_time= 0.000177868
2500 0.000575767 2500 0.000007701 add_time= 0.000601392
2750 0.000043854 2750 0.000018296 add_time= 0.000078324
3025 0.000071954 3025 0.000006938 add_time= 0.000096088
2550 0.000056772 2550 0.000006826 add_time= 0.000079378
1375 0.000012596 1375 0.000010760 add_time= 0.000036946
2860 0.000140035 2860 0.000018125 add_time= 0.000176317
2700 0.000235727 2700 0.000007285 add_time= 0.000258897
2550 0.000109832 2550 0.000007530 add_time= 0.000132701
2550 0.000150043 2550 0.000007723 add_time= 0.000173572
2750 0.000079341 2750 0.000007527 add_time= 0.000104559
1300 0.000073684 1300 0.000006199 add_time= 0.000091656
3025 0.000111249 3025 0.000007672 add_time= 0.000148718
2750 0.000043718 2750 0.000006605 add_time= 0.000068272
2500 0.000073691 2500 0.000006475 add_time= 0.000095794
2500 0.000165877 2500 0.000006463 add_time= 0.000193820
2652 0.000256498 2652 0.000007453 add_time= 0.000287290
2500 0.000132368 2500 0.000007555 add_time= 0.000155505
3025 0.000151404 3025 0.000006085 add_time= 0.000180816
2500 0.000227883 2500 0.000007015 add_time= 0.000250271
2500 0.000017268 2500 0.000015550 add_time= 0.000048370
2600 0.000086189 2600 0.000023942 add_time= 0.000133676
2500 0.000118986 2500 0.000006542 add_time= 0.000142336
1375 0.000060042 1375 0.000006048 add_time= 0.000089870
2500 0.000066004 2500 0.000046316 add_time= 0.000128896
2500 0.000329604 2500 0.000006440 add_time= 0.000360390
2750 0.000018527 2750 0.000015886 add_time= 0.000050729
2704 0.000229375 2704 0.000007055 add_time= 0.000255101
2860 0.000034879 2860 0.000005855 add_time= 0.000056432
2750 0.000367698 2750 0.000013819 add_time= 0.000401211
2652 0.000067506 2652 0.000007345 add_time= 0.000092261
2500 0.000175939 2500 0.000033482 add_time= 0.000225656
2500 0.000080146 2500 0.000006131 add_time= 0.000102293
2652 0.000067478 2652 0.000007222 add_time= 0.000092223
2750 0.000236038 2750 0.000006468 add_time= 0.000257777
1375 0.000296730 1375 0.000006142 add_time= 0.000317377
2500 0.000128334 2500 0.000007882 add_time= 0.000153417
2500 0.000007909 2500 0.000023182 add_time= 0.000047042
2860 0.000292620 2860 0.000006897 add_time= 0.000317096
2750 0.000099779 2750 0.000006574 add_time= 0.000122399
2750 0.000110078 2750 0.000007319 add_time= 0.000133746
2550 0.000050539 2550 0.000025144 add_time= 0.000099188
2805 0.000007601 2805 0.000025391 add_time= 0.000049433
2700 0.000287308 2700 0.000006632 add_time= 0.000311172
2500 0.000167998 2500 0.000007189 add_time= 0.000189269
3025 0.000143204 3025 0.000007267 add_time= 0.000179649
2500 0.000108697 2500 0.000037746 add_time= 0.000167171
2500 0.000007260 2500 0.000017073 add_time= 0.000040055
2500 0.000164727 2500 0.000006915 add_time= 0.000208114
2600 0.000077338 2600 0.000006311 add_time= 0.000100528
2805 0.000048145 2805 0.000007452 add_time= 0.000083209
2600 0.000038094 2600 0.000029273 add_time= 0.000082918
2754 0.000077544 2754 0.000007448 add_time= 0.000102503
1375 0.000011905 1375 0.000009934 add_time= 0.000036119
1250 0.000105472 1250 0.000007056 add_time= 0.000127144
2600 0.000071566 2600 0.000013493 add_time= 0.000102084
1375 0.000032857 1375 0.000006559 add_time= 0.000054498
2750 0.000076519 2750 0.000007200 add_time= 0.000101308
2750 0.000183915 2750 0.000006992 add_time= 0.000212874
2600 0.000199511 2600 0.000018250 add_time= 0.000234343
2750 0.000085987 2750 0.000006579 add_time= 0.000117490
2860 0.000102967 2860 0.000006859 add_time= 0.000124679
2805 0.000134067 2805 0.000014016 add_time= 0.000162568
2750 0.000121520 2750 0.000007364 add_time= 0.000144835
3025 0.000006480 3025 0.000026139 add_time= 0.000047382
2600 0.000199113 2600 0.000008646 add_time= 0.000256963
2500 0.000064212 2500 0.000008494 add_time= 0.000102358
2500 0.000057650 2500 0.000008475 add_time= 0.000102543
2550 0.000075614 2550 0.000008201 add_time= 0.000116189
2500 0.000139216 2500 0.000024806 add_time= 0.000190332
2600 0.000220049 2600 0.000006630 add_time= 0.000244527
2860 0.000107382 2860 0.000007073 add_time= 0.000141693
1250 0.000069724 1250 0.000006656 add_time= 0.000100948
2805 0.000163777 2805 0.000007270 add_time= 0.000186971
2550 0.000080815 2550 0.000006529 add_time= 0.000103349
2600 0.000331397 2600 0.000007147 add_time= 0.000356458
2700 0.000189962 2700 0.000014027 add_time= 0.000220575
2970 0.000085967 2970 0.000007353 add_time= 0.000110011
2700 0.000079094 2700 0.000007737 add_time= 0.000102880
2600 0.000182267 2600 0.000007586 add_time= 0.000208463
2750 0.000091876 2750 0.000006705 add_time= 0.000120933
2805 0.000180374 2805 0.000007002 add_time= 0.000203820
2700 0.000046768 2700 0.000007720 add_time= 0.000071052
1375 0.000013142 1375 0.000010393 add_time= 0.000037662
2600 0.000178091 2600 0.000007428 add_time= 0.000203774
1375 0.000060204 1375 0.000005995 add_time= 0.000079652
2805 0.000096316 2805 0.000007498 add_time= 0.000120110
2550 0.000077330 2550 0.000007837 add_time= 0.000112515
2970 0.000007619 2970 0.000017049 add_time= 0.000040028
2750 0.000262603 2750 0.000006651 add_time= 0.000286550
2600 0.000135382 2600 0.000006021 add_time= 0.000155720
2970 0.000075580 2970 0.000014132 add_time= 0.000106088
2550 0.000067654 2550 0.000006832 add_time= 0.000096709
2550 0.000071135 2550 0.000007421 add_time= 0.000094565
2750 0.000152830 2750 0.000007074 add_time= 0.000179122
2500 0.000038330 2500 0.000006868 add_time= 0.000072207
1375 0.000040029 1375 0.000005859 add_time= 0.000057585
3025 0.000082366 3025 0.000007240 add_time= 0.000109513
2500 0.000053652 2500 0.000005955 add_time= 0.000073696
2500 0.000027909 2500 0.000021179 add_time= 0.000063327
2860 0.000301585 2860 0.000006712 add_time= 0.000326397
2700 0.000070353 2700 0.000007608 add_time= 0.000101432
2600 0.000078048 2600 0.000007121 add_time= 0.000107424
2601 0.000084721 2601 0.000006619 add_time= 0.000105630
2750 0.000054275 2750 0.000011510 add_time= 0.000080133
1250 0.000012765 1250 0.000025486 add_time= 0.000050019
2500 0.000089526 2500 0.000006653 add_time= 0.000113792
2860 0.000061914 2860 0.000007024 add_time= 0.000086681
3025 0.000164739 3025 0.000006607 add_time= 0.000192194
2750 0.000052941 2750 0.000015352 add_time= 0.000082630
2652 0.000139467 2652 0.000006274 add_time= 0.000158950
2500 0.000062283 2500 0.000006883 add_time= 0.000083325
2750 0.000016985 2750 0.000015502 add_time= 0.000045562
2600 0.000116593 2600 0.000006331 add_time= 0.000139797
2915 0.000096318 2915 0.000007599 add_time= 0.000120676
2750 0.000100481 2750 0.000006842 add_time= 0.000134773
2500 0.000095028 2500 0.000006505 add_time= 0.000115548
2650 0.000104707 2650 0.000006718 add_time= 0.000124268
2860 0.000177942 2860 0.000007375 add_time= 0.000215419
2652 0.000187962 2652 0.000017924 add_time= 0.000228536
2550 0.000073659 2550 0.000007487 add_time= 0.000097270
2652 0.000092652 2652 0.000006573 add_time= 0.000121982
2750 0.000158007 2750 0.000006566 add_time= 0.000189133
2652 0.000167349 2652 0.000007378 add_time= 0.000198322
2500 0.000158103 2500 0.000007155 add_time= 0.000180941
2750 0.000199292 2750 0.000006713 add_time= 0.000220962
2703 0.000106306 2703 0.000006831 add_time= 0.000132684
2500 0.000314445 2500 0.000007354 add_time= 0.000344647
2600 0.000246292 2600 0.000007030 add_time= 0.000270755
2860 0.000301973 2860 0.000028718 add_time= 0.000347513
2652 0.000271592 2652 0.000006984 add_time= 0.000293290
2550 0.000138660 2550 0.000005681 add_time= 0.000159087
2750 0.000217114 2750 0.000007246 add_time= 0.000239438
2600 0.000305655 2600 0.000006690 add_time= 0.000329855
2750 0.000273410 2750 0.000007772 add_time= 0.000297744
2550 0.000066838 2550 0.000006541 add_time= 0.000087143
2550 0.000069211 2550 0.000006989 add_time= 0.000092476
2750 0.000332755 2750 0.000007021 add_time= 0.000356193
1250 0.000204149 1250 0.000007322 add_time= 0.000225920
2550 0.000132943 2550 0.000006966 add_time= 0.000156112
2550 0.000084245 2550 0.000006208 add_time= 0.000105370
2805 0.000161972 2805 0.000006088 add_time= 0.000181878
2750 0.000109053 2750 0.000006700 add_time= 0.000131435
2500 0.000007021 2500 0.000014657 add_time= 0.000036837
2652 0.000314755 2652 0.000007061 add_time= 0.000341292
2600 0.000122104 2600 0.000007201 add_time= 0.000145888
2500 0.000068902 2500 0.000006982 add_time= 0.000102449
2500 0.000043269 2500 0.000006185 add_time= 0.000073364
2500 0.000129727 2500 0.000025993 add_time= 0.000171698
2500 0.000006495 2500 0.000028217 add_time= 0.000048751
2860 0.000102054 2860 0.000006816 add_time= 0.000139895
2750 0.000111393 2750 0.000006387 add_time= 0.000134616
2500 0.000111075 2500 0.000006523 add_time= 0.000133570
2550 0.000108709 2550 0.000006331 add_time= 0.000130927
2700 0.000223885 2700 0.000006969 add_time= 0.000246987
1325 0.000024163 1325 0.000016517 add_time= 0.000064009
2600 0.000309531 2600 0.000006562 add_time= 0.000332170
2500 0.000086333 2500 0.000017206 add_time= 0.000118645
2550 0.000061606 2550 0.000006040 add_time= 0.000082172
2750 0.000239904 2750 0.000007647 add_time= 0.000264661
2700 0.000283069 2700 0.000007292 add_time= 0.000305202
2750 0.000015816 2750 0.000015386 add_time= 0.000056652
2750 0.000075484 2750 0.000006520 add_time= 0.000102550
2750 0.000054672 2750 0.000006363 add_time= 0.000077784
3025 0.000043437 3025 0.000006013 add_time= 0.000066741
3025 0.000056850 3025 0.000006553 add_time= 0.000079644
2805 0.000110423 2805 0.000007860 add_time= 0.000136670
2500 0.000007065 2500 0.000023940 add_time= 0.000047141
2600 0.000279948 2600 0.000013141 add_time= 0.000334998
2750 0.000041211 2750 0.000007256 add_time= 0.000084109
2550 0.000032383 2550 0.000007377 add_time= 0.000065998
2700 0.000041187 2700 0.000008732 add_time= 0.000090710
1250 0.000005349 1250 0.000006785 add_time= 0.000036539
2500 0.000444733 2500 0.000006723 add_time= 0.000472150
1250 0.000103731 1250 0.000016418 add_time= 0.000142898
2500 0.000036757 2500 0.000006701 add_time= 0.000072025
2500 0.000140142 2500 0.000006223 add_time= 0.000171859
2650 0.000090647 2650 0.000015473 add_time= 0.000124469
2860 0.000114380 2860 0.000006708 add_time= 0.000135933
2860 0.000119704 2860 0.000006631 add_time= 0.000140031
2550 0.000066274 2550 0.000006430 add_time= 0.000087584
2750 0.000061858 2750 0.000014883 add_time= 0.000091978
2550 0.000108420 2550 0.000007566 add_time= 0.000129539
2860 0.000123672 2860 0.000023448 add_time= 0.000162462
1300 0.000010831 1300 0.000009670 add_time= 0.000031188
2750 0.000268224 2750 0.000007468 add_time= 0.000290898
2500 0.000238753 2500 0.000006616 add_time= 0.000260166
2500 0.000091233 2500 0.000006374 add_time= 0.000122778
2703 0.000114683 2703 0.000006437 add_time= 0.000135195
2500 0.000117638 2500 0.000006279 add_time= 0.000136612
2750 0.000075835 2750 0.000005602 add_time= 0.000094594
2652 0.000161988 2652 0.000007765 add_time= 0.000185842
2750 0.000133865 2750 0.000006437 add_time= 0.000155173
2805 0.000117341 2805 0.000017850 add_time= 0.000149309
2550 0.000062659 2550 0.000006088 add_time= 0.000081849
2500 0.000015445 2500 0.000022858 add_time= 0.000050979
1250 0.000009157 1250 0.000009460 add_time= 0.000028289
2860 0.000260333 2860 0.000007057 add_time= 0.000282583
2970 0.000080758 2970 0.000017642 add_time= 0.000111460
2500 0.000068605 2500 0.000006044 add_time= 0.000097851
2550 0.000067445 2550 0.000006201 add_time= 0.000086114
2700 0.000113464 2700 0.000006300 add_time= 0.000132517
2750 0.000109416 2750 0.000006640 add_time= 0.000130560
2500 0.000070302 2500 0.000006646 add_time= 0.000090008
2600 0.000088131 2600 0.000011031 add_time= 0.000122168
1250 0.000071978 1250 0.000005022 add_time= 0.000087216
2805 0.000101443 2805 0.000006121 add_time= 0.000121108
2500 0.000072337 2500 0.000005388 add_time= 0.000090202
3025 0.000016151 3025 0.000016178 add_time= 0.000045085
2550 0.000099185 2550 0.000006220 add_time= 0.000119879
2750 0.000234412 2750 0.000005873 add_time= 0.000253245
2500 0.000094384 2500 0.000006475 add_time= 0.000113690
2550 0.000121398 2550 0.000005786 add_time= 0.000139624
2600 0.000853695 2600 0.000005873 add_time= 0.000872285
2500 0.000015116 2500 0.000014130 add_time= 0.000041774
2750 0.000211137 2750 0.000007185 add_time= 0.000233289
2860 0.000108152 2860 0.000006510 add_time= 0.000128515
2750 0.000171647 2750 0.000006646 add_time= 0.000191594
2500 0.000103414 2500 0.000006846 add_time= 0.000122659
2652 0.000051599 2652 0.000006920 add_time= 0.000071934
2500 0.000138559 2500 0.000015817 add_time= 0.000166971
2704 0.000082871 2704 0.000006084 add_time= 0.000103536
2805 0.000114283 2805 0.000005810 add_time= 0.000144953
2500 0.000085338 2500 0.000006411 add_time= 0.000104077
2601 0.000083198 2601 0.000005491 add_time= 0.000101364
2500 0.000319912 2500 0.000006161 add_time= 0.000338814
2704 0.000222285 2704 0.000006213 add_time= 0.000242753
2600 0.000117501 2600 0.000006125 add_time= 0.000135993
2500 0.000066744 2500 0.000012994 add_time= 0.000092343
2500 0.000129851 2500 0.000005954 add_time= 0.000148315
2550 0.000071523 2550 0.000005789 add_time= 0.000089888
2550 0.000052877 2550 0.000006242 add_time= 0.000073499
2600 0.000057932 2600 0.000006082 add_time= 0.000077037
2750 0.000121496 2750 0.000008955 add_time= 0.000144058
2652 0.000081684 2652 0.000006063 add_time= 0.000100506
2550 0.000129772 2550 0.000014606 add_time= 0.000156573
1250 0.000010244 1250 0.000009904 add_time= 0.000030119
2500 0.000136874 2500 0.000007879 add_time= 0.000168131
1250 0.001742802 1250 0.000005182 add_time= 0.001773446
2805 0.000343123 2805 0.000007613 add_time= 0.000368602
2550 0.000089039 2550 0.000005978 add_time= 0.000113463
1375 0.000016133 1375 0.000014538 add_time= 0.000044748
2704 0.000119219 2704 0.000018554 add_time= 0.000155137
2750 0.000095728 2750 0.000006920 add_time= 0.000119055
1375 0.000057720 1375 0.000006529 add_time= 0.000083526
2700 0.000095315 2700 0.000007005 add_time= 0.000118667
2500 0.000080529 2500 0.000049328 add_time= 0.000145998
2600 0.000308926 2600 0.000022634 add_time= 0.000350423
2750 0.000105137 2750 0.000006618 add_time= 0.000128829
2750 0.000129719 2750 0.000006896 add_time= 0.000155964
2601 0.000114146 2601 0.000007622 add_time= 0.000137852
2600 0.000007572 2600 0.000014665 add_time= 0.000038478
2500 0.000101234 2500 0.000007251 add_time= 0.000127094
2500 0.000211136 2500 0.000006224 add_time= 0.000236430
2805 0.000097194 2805 0.000006752 add_time= 0.000134504
2550 0.000153854 2550 0.000025319 add_time= 0.000197401
2550 0.000067586 2550 0.000007012 add_time= 0.000101947
1250 0.000005575 1250 0.000009152 add_time= 0.000029291
2600 0.000044189 2600 0.000025763 add_time= 0.000099951
2500 0.000069373 2500 0.000006533 add_time= 0.000095285
2601 0.000210949 2601 0.000032409 add_time= 0.000263095
2550 0.000073514 2550 0.000006832 add_time= 0.000105254
2500 0.000122700 2500 0.000006173 add_time= 0.000151409
2860 0.000297754 2860 0.000006843 add_time= 0.000335941
2750 0.000283184 2750 0.000006638 add_time= 0.000306229
2550 0.000065640 2550 0.000006715 add_time= 0.000097296
2750 0.000095575 2750 0.000012814 add_time= 0.000123544
2805 0.000111734 2805 0.000021543 add_time= 0.000150391
2750 0.000384174 2750 0.000006774 add_time= 0.000416991
2652 0.000325494 2652 0.000007293 add_time= 0.000350169
2500 0.000122630 2500 0.000006458 add_time= 0.000144206
2550 0.000079822 2550 0.000006887 add_time= 0.000101898
2500 0.000181712 2500 0.000007500 add_time= 0.000205673
2750 0.000145678 2750 0.000007635 add_time= 0.000181659
2500 0.000158775 2500 0.000006704 add_time= 0.000181755
2750 0.000073624 2750 0.000007409 add_time= 0.000096516
1250 0.000110016 1250 0.000005465 add_time= 0.000127115
2500 0.000077022 2500 0.000005615 add_time= 0.000096153
1250 0.000090448 1250 0.000005061 add_time= 0.000106433
1250 0.000006491 1250 0.000018533 add_time= 0.000038119
2500 0.000106083 2500 0.000007621 add_time= 0.000149728
2860 0.000043960 2860 0.000017095 add_time= 0.000094680
2500 0.000108484 2500 0.000007189 add_time= 0.000137575
2650 0.000040114 2650 0.000014392 add_time= 0.000082396
2970 0.000049340 2970 0.000008601 add_time= 0.000086726
2500 0.000007122 2500 0.000024220 add_time= 0.000056411
2500 0.000067304 2500 0.000006215 add_time= 0.000088995
2500 0.000115110 2500 0.000005648 add_time= 0.000142208
2600 0.000070107 2600 0.000005696 add_time= 0.000088574
2750 0.000069323 2750 0.000006485 add_time= 0.000091556
1275 0.000097703 1275 0.000013156 add_time= 0.000123660
2700 0.000112908 2700 0.000006841 add_time= 0.000135347
2500 0.000045646 2500 0.000007292 add_time= 0.000069830
2600 0.000109467 2600 0.000006834 add_time= 0.000132929
2750 0.000081336 2750 0.000006700 add_time= 0.000111926
2500 0.000117644 2500 0.000007224 add_time= 0.000139849
2550 0.000290047 2550 0.000007404 add_time= 0.000312903
1250 0.000012458 1250 0.000024292 add_time= 0.000048985
2652 0.000147339 2652 0.000006836 add_time= 0.000170764
2750 0.000071519 2750 0.000007220 add_time= 0.000094108
1275 0.000053944 1275 0.000005587 add_time= 0.000072449
2601 0.000104244 2601 0.000005850 add_time= 0.000124156
2500 0.000125299 2500 0.000007186 add_time= 0.000156108
2600 0.000016083 2600 0.000015226 add_time= 0.000046876
2600 0.000224039 2600 0.000014188 add_time= 0.000268915
2500 0.000091623 2500 0.000007794 add_time= 0.000125220
2601 0.000039327 2601 0.000006608 add_time= 0.000072624
2500 0.000078930 2500 0.000006633 add_time= 0.000100534
1250 0.000014073 1250 0.000009412 add_time= 0.000036653
2652 0.000255046 2652 0.000018673 add_time= 0.000290757
1300 0.000082905 1300 0.000009508 add_time= 0.000120943
2500 0.000047149 2500 0.000006865 add_time= 0.000069086
2700 0.000160231 2700 0.000007504 add_time= 0.000183905
2750 0.000114328 2750 0.000006974 add_time= 0.000136725
2652 0.000107549 2652 0.000006881 add_time= 0.000130978
2500 0.000112631 2500 0.000007022 add_time= 0.000145592
2750 0.000057881 2750 0.000007102 add_time= 0.000091643
2750 0.000055322 2750 0.000006880 add_time= 0.000076016
2601 0.000057680 2601 0.000005891 add_time= 0.000077236
2700 0.000081577 2700 0.000007480 add_time= 0.000115809
1250 0.000013433 1250 0.000011076 add_time= 0.000037651
2600 0.000122443 2600 0.000006863 add_time= 0.000147457
2750 0.000058871 2750 0.000006851 add_time= 0.000086062
2805 0.000151355 2805 0.000010696 add_time= 0.000178482
2601 0.000035001 2601 0.000006207 add_time= 0.000056607
2750 0.000077786 2750 0.000014659 add_time= 0.000107526
2500 0.000024594 2500 0.000013556 add_time= 0.000052496
2500 0.000107962 2500 0.000007145 add_time= 0.000137789
2600 0.000142726 2600 0.000007345 add_time= 0.000166543
2550 0.000135317 2550 0.000007130 add_time= 0.000158983
2550 0.000167845 2550 0.000006172 add_time= 0.000188064
2805 0.000016301 2805 0.000015859 add_time= 0.000058632
1250 0.000021689 1250 0.000008780 add_time= 0.000042344
2860 0.000148172 2860 0.000007529 add_time= 0.000173520
2750 0.000050541 2750 0.000011920 add_time= 0.000077237
1375 0.000047071 1375 0.000012280 add_time= 0.000074393
2700 0.000121483 2700 0.000006659 add_time= 0.000142620
2601 0.000113181 2601 0.000006145 add_time= 0.000133128
2750 0.000016211 2750 0.000025241 add_time= 0.000055200
2500 0.000182817 2500 0.000006823 add_time= 0.000205794
2600 0.000051638 2600 0.000005849 add_time= 0.000072228
1250 0.000104742 1250 0.000005263 add_time= 0.000121357
2970 0.000111290 2970 0.000006622 add_time= 0.000132253
2500 0.000101060 2500 0.000006673 add_time= 0.000121524
2700 0.000090281 2700 0.000005900 add_time= 0.000110556
1250 0.000011523 1250 0.000009003 add_time= 0.000032285
1250 0.000114206 1250 0.000005697 add_time= 0.000132976
2500 0.000102950 2500 0.000006238 add_time= 0.000123349
2750 0.000111212 2750 0.000005937 add_time= 0.000131072
2550 0.000075669 2550 0.000006544 add_time= 0.000095994
1275 0.000090956 1275 0.000005348 add_time= 0.000107035
3025 0.000022523 3025 0.000051398 add_time= 0.000104721
2600 0.000174946 2600 0.000017691 add_time= 0.000212730
2860 0.000439005 2860 0.000006524 add_time= 0.000462044
2970 0.000126478 2970 0.000007107 add_time= 0.000151276
2750 0.000203254 2750 0.000006889 add_time= 0.000227516
2600 0.000324982 2600 0.000007627 add_time= 0.000355491
2600 0.000137634 2600 0.000006643 add_time= 0.000159948
3025 0.000344023 3025 0.000007208 add_time= 0.000369476
2550 0.000185678 2550 0.000007225 add_time= 0.000209281
2550 0.000199180 2550 0.000006234 add_time= 0.000219876
2700 0.000180551 2700 0.000007187 add_time= 0.000202804
1250 0.000006400 1250 0.000031629 add_time= 0.000052087
2600 0.000262336 2600 0.000015582 add_time= 0.000294343
2750 0.000121641 2750 0.000007008 add_time= 0.000145511
3025 0.000080442 3025 0.000025669 add_time= 0.000131077
2754 0.000169471 2754 0.000007250 add_time= 0.000203960
2500 0.000007651 2500 0.000040749 add_time= 0.000063867
2600 0.000091437 2600 0.000007993 add_time= 0.000117341
2808 0.000106566 2808 0.000007344 add_time= 0.000129347
2500 0.000079793 2500 0.000006303 add_time= 0.000101627
2700 0.000073857 2700 0.000007401 add_time= 0.000097529
2500 0.000134928 2500 0.000006506 add_time= 0.000157385
2500 0.000145853 2500 0.000008754 add_time= 0.000170609
2600 0.000108853 2600 0.000006087 add_time= 0.000129617
2550 0.000095128 2550 0.000006740 add_time= 0.000128050
2500 0.000103774 2500 0.000006278 add_time= 0.000125740
2500 0.000064357 2500 0.000006667 add_time= 0.000086951
2500 0.000346672 2500 0.000006595 add_time= 0.000377425
2860 0.000058816 2860 0.000006415 add_time= 0.000081967
2500 0.000098423 2500 0.000006592 add_time= 0.000124985
2650 0.000104783 2650 0.000007192 add_time= 0.000134713
2700 0.000054591 2700 0.000007226 add_time= 0.000079185
2805 0.000018039 2805 0.000019709 add_time= 0.000052605
2600 0.000243153 2600 0.000006511 add_time= 0.000265369
2750 0.000189209 2750 0.000006591 add_time= 0.000210046
2805 0.000095394 2805 0.000005575 add_time= 0.000114772
2600 0.000163732 2600 0.000005585 add_time= 0.000183337
2700 0.000452421 2700 0.000005739 add_time= 0.000471365
1250 0.000014815 1250 0.000009378 add_time= 0.000035357
2650 0.000094165 2650 0.000006915 add_time= 0.000117824
2860 0.000037628 2860 0.000006908 add_time= 0.000061576
2750 0.000128015 2750 0.000006387 add_time= 0.000150252
2652 0.000066983 2652 0.000006744 add_time= 0.000089515
2550 0.000043239 2550 0.000006236 add_time= 0.000063083
2750 0.000006374 2750 0.000025703 add_time= 0.000045350
2860 0.000152154 2860 0.000008734 add_time= 0.000206585
2500 0.000038787 2500 0.000006883 add_time= 0.000078220
2700 0.000047973 2700 0.000006611 add_time= 0.000077851
2550 0.000152936 2550 0.000007372 add_time= 0.000184206
2750 0.000006848 2750 0.000008261 add_time= 0.000040609
2756 0.000061127 2756 0.000006513 add_time= 0.000084361
2600 0.000094821 2600 0.000006659 add_time= 0.000126336
3025 0.000113833 3025 0.000007551 add_time= 0.000137782
2601 0.000073244 2601 0.000006468 add_time= 0.000093964
2500 0.000147768 2500 0.000017187 add_time= 0.000179314
2750 0.000125641 2750 0.000006049 add_time= 0.000150239
2750 0.000161362 2750 0.000015411 add_time= 0.000191811
2500 0.000162599 2500 0.000005787 add_time= 0.000181102
2500 0.000099805 2500 0.000006759 add_time= 0.000131748
2500 0.000074258 2500 0.000006673 add_time= 0.000095211
2700 0.000089931 2700 0.000008081 add_time= 0.000113401
1275 0.000011461 1275 0.000009946 add_time= 0.000033578
2500 0.000149895 2500 0.000007000 add_time= 0.000171201
2600 0.000297827 2600 0.000014529 add_time= 0.000325559
2805 0.000071973 2805 0.000006286 add_time= 0.000090961
2750 0.000296005 2750 0.000006434 add_time= 0.000315564
2601 0.000104385 2601 0.000006133 add_time= 0.000123586
2500 0.000066753 2500 0.000006572 add_time= 0.000088274
2650 0.000099819 2650 0.000006762 add_time= 0.000121928
2600 0.000215251 2600 0.000006682 add_time= 0.000235556
3025 0.000383146 3025 0.000007250 add_time= 0.000406316
2500 0.000046305 2500 0.000006291 add_time= 0.000091846
2700 0.000060388 2700 0.000007722 add_time= 0.000083698
2704 0.000169049 2704 0.000006489 add_time= 0.000190426
2600 0.000104166 2600 0.000006644 add_time= 0.000123933
2600 0.000097699 2600 0.000006315 add_time= 0.000118607
2550 0.000089038 2550 0.000006826 add_time= 0.000110420
2550 0.000078570 2550 0.000006173 add_time= 0.000099314
1275 0.000012319 1275 0.000008724 add_time= 0.000031333
2600 0.000121615 2600 0.000005867 add_time= 0.000141304
2805 0.000086745 2805 0.000005691 add_time= 0.000105658
2805 0.000078167 2805 0.000006667 add_time= 0.000098082
2550 0.000083104 2550 0.000006070 add_time= 0.000101550
2550 0.000118110 2550 0.000006082 add_time= 0.000136621
2750 0.000015124 2750 0.000013167 add_time= 0.000041040
2500 0.000370227 2500 0.000006929 add_time= 0.000390585
2860 0.000074100 2860 0.000006156 add_time= 0.000093763
2750 0.000076879 2750 0.000010750 add_time= 0.000099906
2750 0.000055190 2750 0.000006493 add_time= 0.000076533
2550 0.000074305 2550 0.000005615 add_time= 0.000092834
2700 0.000027606 2700 0.000005419 add_time= 0.000045609
2500 0.000064205 2500 0.000005782 add_time= 0.000083500
2805 0.000046744 2805 0.000006666 add_time= 0.000069011
2750 0.000071198 2750 0.000006228 add_time= 0.000090546
2750 0.000043050 2750 0.000006027 add_time= 0.000072853
2500 0.000111759 2500 0.000006673 add_time= 0.000137398
2550 0.000006336 2550 0.000013864 add_time= 0.000032084
2652 0.000104906 2652 0.000006187 add_time= 0.000125103
2750 0.000128678 2750 0.000012094 add_time= 0.000164793
2700 0.000060242 2700 0.000005671 add_time= 0.000078729
2550 0.000162153 2550 0.000006014 add_time= 0.000188289
2550 0.000054629 2550 0.000013071 add_time= 0.000080115
2750 0.000017194 2750 0.000015006 add_time= 0.000044968
1375 0.000009868 1375 0.000009341 add_time= 0.000029368
2500 0.000398631 2500 0.000007047 add_time= 0.000419427
2860 0.000104777 2860 0.000006044 add_time= 0.000124238
2750 0.000302747 2750 0.000011922 add_time= 0.000327567
2750 0.000086531 2750 0.000005787 add_time= 0.000104736
2650 0.000084576 2650 0.000005952 add_time= 0.000102944
2862 0.000062733 2862 0.000005337 add_time= 0.000080837
1275 0.000010222 1275 0.000014702 add_time= 0.000046096
2750 0.000167258 2750 0.000006996 add_time= 0.000187932
2704 0.000085181 2704 0.000005190 add_time= 0.000103022
2500 0.000070154 2500 0.000005985 add_time= 0.000088476
2750 0.000070795 2750 0.000005574 add_time= 0.000088516
2500 0.000111695 2500 0.000006045 add_time= 0.000130024
2600 0.000014198 2600 0.000031267 add_time= 0.000057885
1250 0.000004746 1250 0.000008627 add_time= 0.000023200
2750 0.000048927 2750 0.000009211 add_time= 0.000086023
2500 0.000087244 2500 0.000007668 add_time= 0.000110178
2500 0.000108718 2500 0.000015857 add_time= 0.000139584
2500 0.000185607 2500 0.000006586 add_time= 0.000207452
2500 0.000349743 2500 0.000038704 add_time= 0.000403380
2805 0.000018863 2805 0.000025403 add_time= 0.000068060
625 0.000004550 625 0.000024821 add_time= 0.000039725
2500 0.000176802 2500 0.000007435 add_time= 0.000200208
2860 0.000169705 2860 0.000025879 add_time= 0.000211757
2805 0.000092484 2805 0.000007615 add_time= 0.000114504
2650 0.000086680 2650 0.000006884 add_time= 0.000108796
2754 0.000103851 2754 0.000007232 add_time= 0.000126620
1250 0.000005956 1250 0.000014057 add_time= 0.000032641
2860 0.000187037 2860 0.000007522 add_time= 0.000210580
2915 0.000056999 2915 0.000025371 add_time= 0.000097683
2500 0.000095406 2500 0.000006656 add_time= 0.000117180
2550 0.000217923 2550 0.000007556 add_time= 0.000240734
2805 0.000216185 2805 0.000006931 add_time= 0.000248553
3025 0.000008240 3025 0.000016711 add_time= 0.000040557
2550 0.000152626 2550 0.000025049 add_time= 0.000193751
2805 0.000097293 2805 0.000007482 add_time= 0.000120376
2550 0.000088389 2550 0.000007567 add_time= 0.000121776
2703 0.000160061 2703 0.000006235 add_time= 0.000181729
2700 0.000053393 2700 0.000024673 add_time= 0.000092018
2860 0.000124817 2860 0.000006549 add_time= 0.000145462
