2600 0.000303268 2600 0.000023723 add_time= 0.002187138
2805 0.000047140 2805 0.000009446 add_time= 0.000074906
2750 0.000057499 2750 0.000010188 add_time= 0.000110306
2805 0.000025435 2805 0.000100802 add_time= 0.000149537
2500 0.000086534 2500 0.000009682 add_time= 0.000112254
3025 0.000282037 3025 0.000020396 add_time= 0.000349677
2750 0.000293448 2750 0.000008062 add_time= 0.000317410
2500 0.000165143 2500 0.000008867 add_time= 0.000191168
2750 0.000011487 2750 0.000090740 add_time= 0.000130243
2754 0.000181597 2754 0.000010624 add_time= 0.000208074
1250 0.000294653 1250 0.000007978 add_time= 0.000321633
3025 0.000257464 3025 0.000010156 add_time= 0.000306179
2550 0.000079205 2550 0.000007857 add_time= 0.000102481
2750 0.000008339 2750 0.000031060 add_time= 0.000065022
1275 0.002094584 1275 0.000007138 add_time= 0.002116849
2750 0.000017613 2750 0.000086943 add_time= 0.000133771
2550 0.001273824 2550 0.000028484 add_time= 0.001319808
2750 0.000180382 2750 0.000026639 add_time= 0.000325259
2652 0.000111984 2652 0.000009424 add_time= 0.000164644
1375 0.000037478 1375 0.000009250 add_time= 0.000095767
2652 0.000224159 2652 0.000015345 add_time= 0.001718029
3025 0.000165268 3025 0.000008670 add_time= 0.000190966
2550 0.000081375 2550 0.000014955 add_time= 0.000112225
2600 0.000359564 2600 0.000009019 add_time= 0.000388513
2550 0.000059786 2550 0.000006318 add_time= 0.000079795
2750 0.000119218 2750 0.000007822 add_time= 0.000143717
2500 0.000062771 2500 0.000006557 add_time= 0.000084000
1375 0.000055686 1375 0.000006402 add_time= 0.000093485
2500 0.000736366 2500 0.000010876 add_time= 0.000819599
2550 0.000085910 2550 0.000006692 add_time= 0.000109518
2550 0.000685971 2550 0.000007858 add_time= 0.000726274
2805 0.000159875 2805 0.000007157 add_time= 0.000197518
2860 0.000191226 2860 0.000007754 add_time= 0.000217037
2750 0.000419345 2750 0.000008859 add_time= 0.000488503
3025 0.000018070 3025 0.000015697 add_time= 0.000051886
2500 0.000058237 2500 0.000010871 add_time= 0.000085156
2500 0.000168836 2500 0.000006979 add_time= 0.000192234
2652 0.000239055 2652 0.000010363 add_time= 0.000278996
2500 0.000107380 2500 0.000006981 add_time= 0.000131166
2600 0.000164428 2600 0.000007964 add_time= 0.000198534
2550 0.000147981 2550 0.000006858 add_time= 0.000172988
1250 0.000115455 1250 0.000011631 add_time= 0.000142078
2750 0.000255676 2750 0.000009895 add_time= 0.000411837
2860 0.000077767 2860 0.000009686 add_time= 0.000126475
2500 0.000043754 2500 0.000008985 add_time= 0.000088391
2600 0.000089537 2600 0.000011977 add_time= 0.001184827
2500 0.000043683 2500 0.000007603 add_time= 0.000069506
2970 0.000067293 2970 0.000006148 add_time= 0.000092017
2600 0.000051449 2600 0.000007139 add_time= 0.000074810
2862 0.000015372 2862 0.000033772 add_time= 0.000065651
2550 0.000095685 2550 0.000006616 add_time= 0.000118290
2500 0.000025522 2500 0.000006210 add_time= 0.000047488
2600 0.000025025 2600 0.000006222 add_time= 0.000045859
2860 0.000093342 2860 0.000005710 add_time= 0.000114902
2500 0.000116378 2500 0.000005654 add_time= 0.000136375
2750 0.000134636 2750 0.000005989 add_time= 0.000154772
2600 0.000016022 2600 0.000042405 add_time= 0.000074386
2860 0.000040734 2860 0.000006725 add_time= 0.000062972
2756 0.000037295 2756 0.000010758 add_time= 0.000093542
2500 0.000067050 2500 0.000010356 add_time= 0.000094355
3025 0.000095561 3025 0.000007357 add_time= 0.000123236
3025 0.000050526 3025 0.000007131 add_time= 0.000075887
2550 0.000007518 2550 0.000026100 add_time= 0.000050558
3025 0.000102666 3025 0.000014553 add_time= 0.000134970
2500 0.000330186 2500 0.000006218 add_time= 0.000352691
2500 0.000039236 2500 0.000006319 add_time= 0.000061892
2500 0.000037524 2500 0.000005662 add_time= 0.000057178
2550 0.000035016 2550 0.000013655 add_time= 0.000065179
2750 0.000007114 2750 0.000025951 add_time= 0.000051522
2500 0.000047739 2500 0.000006529 add_time= 0.000070313
2500 0.000227695 2500 0.000006461 add_time= 0.000263131
1300 0.000056251 1300 0.000006526 add_time= 0.000080684
3025 0.000036285 3025 0.000006551 add_time= 0.000083115
2805 0.000188747 2805 0.000010042 add_time= 0.000215588
2550 0.000015102 2550 0.000101288 add_time= 0.000141636
2750 0.000205378 2750 0.000006860 add_time= 0.000229474
2915 0.000388913 2915 0.000018670 add_time= 0.000426857
2500 0.000165744 2500 0.000007409 add_time= 0.000189739
2700 0.000120008 2700 0.000010481 add_time= 0.000147991
3025 0.000119842 3025 0.000006154 add_time= 0.000141542
2600 0.000006659 2600 0.000013708 add_time= 0.000036812
2970 0.000069320 2970 0.000006591 add_time= 0.000091461
1250 0.000043394 1250 0.000005427 add_time= 0.000062412
2500 0.000387411 2500 0.000006668 add_time= 0.000413521
2600 0.000036527 2600 0.000006627 add_time= 0.000058649
2805 0.000061688 2805 0.000005199 add_time= 0.000080764
2750 0.001652639 2750 0.000007849 add_time= 0.001692772
2700 0.000066715 2700 0.000006683 add_time= 0.000089744
2750 0.000128935 2750 0.000009060 add_time= 0.000228434
2750 0.000023765 2750 0.000009138 add_time= 0.000070007
2550 0.000293836 2550 0.000008036 add_time= 0.000328602
2750 0.000030038 2750 0.000026954 add_time= 0.000095865
2750 0.000033674 2750 0.000008268 add_time= 0.000066697
2550 0.000085684 2550 0.000008778 add_time= 0.000118367
2500 0.000270102 2500 0.000007526 add_time= 0.000294006
2750 0.000402339 2750 0.000006991 add_time= 0.000426981
2805 0.000036296 2805 0.000006802 add_time= 0.000068634
2550 0.000015890 2550 0.000022362 add_time= 0.000053864
2550 0.000207168 2550 0.000007041 add_time= 0.000230687
1375 0.000055049 1375 0.000007922 add_time= 0.000080809
2650 0.000331143 2650 0.000006777 add_time= 0.000354905
2600 0.000153982 2600 0.000008939 add_time= 0.000178139
2500 0.000249358 2500 0.000013310 add_time= 0.000277062
2550 0.000177571 2550 0.000006435 add_time= 0.000198674
2750 0.000006139 2750 0.000024139 add_time= 0.000045453
2750 0.000076617 2750 0.000006939 add_time= 0.000104510
2500 0.000096575 2500 0.000007170 add_time= 0.000120164
2500 0.000101080 2500 0.000007750 add_time= 0.000133707
2500 0.000240826 2500 0.000007104 add_time= 0.000271078
2550 0.000317560 2550 0.000007675 add_time= 0.000342833
2600 0.000051433 2600 0.000018065 add_time= 0.000098310
2756 0.000209484 2756 0.000009768 add_time= 0.000246442
2860 0.000158952 2860 0.000007073 add_time= 0.000184590
2500 0.000259877 2500 0.000006162 add_time= 0.000281802
2500 0.000199863 2500 0.000006308 add_time= 0.000231419
2601 0.000142710 2601 0.000014013 add_time= 0.000171342
2601 0.000231668 2601 0.000005364 add_time= 0.000251962
2700 0.000069822 2700 0.000006336 add_time= 0.000101468
2750 0.000257278 2750 0.000005409 add_time= 0.000281040
2860 0.000081570 2860 0.000006445 add_time= 0.000105343
2600 0.000066295 2600 0.000006424 add_time= 0.000089477
2550 0.000175710 2550 0.000014256 add_time= 0.000206875
3025 0.000060989 3025 0.000014449 add_time= 0.000093946
2500 0.000058114 2500 0.000006311 add_time= 0.000086438
2862 0.000007168 2862 0.000016794 add_time= 0.000039316
2500 0.000071845 2500 0.000006815 add_time= 0.000104106
2750 0.000190734 2750 0.000018131 add_time= 0.000247165
2500 0.000153872 2500 0.000007061 add_time= 0.000178531
2915 0.000115890 2915 0.000005771 add_time= 0.000139280
2500 0.000223056 2500 0.000006527 add_time= 0.000244300
2550 0.000295484 2550 0.000006246 add_time= 0.000318501
2600 0.000329970 2600 0.000007212 add_time= 0.000354867
2750 0.000117701 2750 0.000006331 add_time= 0.000149651
2970 0.000090412 2970 0.000009558 add_time= 0.000122529
2808 0.000006848 2808 0.000014501 add_time= 0.000038269
1250 0.000041319 1250 0.000006603 add_time= 0.000067509
2600 0.000108240 2600 0.000006611 add_time= 0.000142305
2600 0.000047400 2600 0.000006206 add_time= 0.000068860
2805 0.000091022 2805 0.000006755 add_time= 0.000126664
2500 0.000125480 2500 0.000005564 add_time= 0.000144459
2550 0.000092214 2550 0.000006080 add_time= 0.000112065
2650 0.000197247 2650 0.000007719 add_time= 0.000221594
1250 0.000110331 1250 0.000006530 add_time= 0.000130956
2500 0.000072390 2500 0.000008957 add_time= 0.000122493
2750 0.000050216 2750 0.000008370 add_time= 0.000086927
2500 0.000050089 2500 0.000007603 add_time= 0.000090851
2500 0.000064195 2500 0.000008431 add_time= 0.000098334
2750 0.000050984 2750 0.000030748 add_time= 0.000124367
2500 0.000073089 2500 0.000008407 add_time= 0.000126953
2704 0.000098861 2704 0.000006788 add_time= 0.000124016
2500 0.000082226 2500 0.000006125 add_time= 0.000115607
2500 0.000100611 2500 0.000007063 add_time= 0.000123431
2805 0.000190255 2805 0.000007153 add_time= 0.000215709
2754 0.000094652 2754 0.000006024 add_time= 0.000115228
2650 0.000234470 2650 0.000015689 add_time= 0.000275321
2652 0.000121500 2652 0.000005624 add_time= 0.000147518
2805 0.000068745 2805 0.000018149 add_time= 0.000105266
2650 0.000102119 2650 0.000007188 add_time= 0.000126184
2600 0.000096390 2600 0.000007787 add_time= 0.000123637
2600 0.000085654 2600 0.000006623 add_time= 0.000107965
2500 0.000064135 2500 0.000008318 add_time= 0.000097929
2600 0.000038378 2600 0.000015654 add_time= 0.000070819
2750 0.000233413 2750 0.000007031 add_time= 0.000259789
2860 0.000080011 2860 0.000006666 add_time= 0.000112336
2550 0.000018846 2550 0.000031153 add_time= 0.000066910
2970 0.000055617 2970 0.000007686 add_time= 0.000081024
1250 0.000066196 1250 0.000005984 add_time= 0.000088219
2500 0.000096570 2500 0.000008369 add_time= 0.000122057
2600 0.000264456 2600 0.000012331 add_time= 0.000293779
2805 0.000056621 2805 0.000007999 add_time= 0.000080256
2805 0.000040539 2805 0.000006620 add_time= 0.000064449
2550 0.000096224 2550 0.000006165 add_time= 0.000129543
2500 0.000050259 2500 0.000006361 add_time= 0.000072877
2600 0.000314533 2600 0.000008417 add_time= 0.000339812
2600 0.000077671 2600 0.000006895 add_time= 0.000100641
2750 0.000029229 2750 0.000006768 add_time= 0.000053904
2500 0.000026847 2500 0.000006760 add_time= 0.000049986
2808 0.000015483 2808 0.000045280 add_time= 0.000077102
2550 0.000270282 2550 0.000010983 add_time= 0.000298209
2600 0.000112934 2600 0.000006553 add_time= 0.000143479
2805 0.000034124 2805 0.000006596 add_time= 0.000065326
2500 0.000046564 2500 0.000009099 add_time= 0.000070043
2550 0.000007283 2550 0.000030289 add_time= 0.000065411
2750 0.000064268 2750 0.000006616 add_time= 0.000087987
2650 0.000042264 2650 0.000006337 add_time= 0.000065111
2860 0.000074871 2860 0.000010509 add_time= 0.000108559
2805 0.000041242 2805 0.000006388 add_time= 0.000063905
2500 0.000040546 2500 0.000006871 add_time= 0.000062808
2750 0.000024619 2750 0.000006605 add_time= 0.000047435
1250 0.000068727 1250 0.000005243 add_time= 0.000086299
2860 0.000162866 2860 0.000007390 add_time= 0.000207698
2500 0.000157082 2500 0.000011391 add_time= 0.000185771
2500 0.000298411 2500 0.000006429 add_time= 0.000328815
2550 0.000183932 2550 0.000005527 add_time= 0.000212417
2550 0.000357676 2550 0.000007081 add_time= 0.000381559
2860 0.000095911 2860 0.000007847 add_time= 0.000122741
2650 0.000057409 2650 0.000006115 add_time= 0.000079892
2500 0.000133316 2500 0.000006891 add_time= 0.000157341
2805 0.000121136 2805 0.000009539 add_time= 0.000146658
2652 0.000252031 2652 0.000006112 add_time= 0.000274053
2916 0.000198121 2916 0.000005910 add_time= 0.000221838
1250 0.000091920 1250 0.000017472 add_time= 0.000133889
2500 0.000079722 2500 0.000006489 add_time= 0.000110836
2750 0.000113588 2750 0.000005811 add_time= 0.000137714
2500 0.000048071 2500 0.000006435 add_time= 0.000069348
2750 0.000090509 2750 0.000006215 add_time= 0.000117200
2754 0.000006763 2754 0.000025452 add_time= 0.000057781
2750 0.000373506 2750 0.000007307 add_time= 0.000397858
2550 0.000006921 2550 0.000008485 add_time= 0.000083189
2600 0.000037207 2600 0.000007327 add_time= 0.000092828
2500 0.000147621 2500 0.000008415 add_time= 0.000183535
2601 0.000054728 2601 0.000007080 add_time= 0.000085521
2500 0.000070831 2500 0.000025200 add_time= 0.000122477
2500 0.000325287 2500 0.000007932 add_time= 0.000357376
2500 0.000113591 2500 0.000006202 add_time= 0.000135964
2600 0.000044454 2600 0.000005064 add_time= 0.000063931
2750 0.000113636 2750 0.000005606 add_time= 0.000134689
2750 0.000032496 2750 0.000006536 add_time= 0.000064344
1275 0.000095192 1275 0.000006278 add_time= 0.000117091
3025 0.000147854 3025 0.000006445 add_time= 0.000172177
1250 0.000047587 1250 0.000006326 add_time= 0.000068256
2808 0.000046859 2808 0.000006281 add_time= 0.000079087
2500 0.000093305 2500 0.000007215 add_time= 0.000116589
3025 0.000117625 3025 0.000007714 add_time= 0.000152531
2550 0.000069585 2550 0.000010185 add_time= 0.000093042
2750 0.000104322 2750 0.000006472 add_time= 0.000135659
2500 0.000043294 2500 0.000006574 add_time= 0.000067717
1300 0.000078511 1300 0.000006116 add_time= 0.000098611
3025 0.000079676 3025 0.000006848 add_time= 0.000114297
2652 0.000108922 2652 0.000012143 add_time= 0.000137438
2500 0.000016186 2500 0.000014516 add_time= 0.000046232
1250 0.000147501 1250 0.000013994 add_time= 0.000175001
2500 0.000041850 2500 0.000010541 add_time= 0.000075881
2500 0.000126482 2500 0.000007000 add_time= 0.000148747
3025 0.000065588 3025 0.000007505 add_time= 0.000091751
2750 0.000042738 2750 0.000006457 add_time= 0.000064419
2650 0.000016904 2650 0.000022196 add_time= 0.000066351
2650 0.000031612 2650 0.000007074 add_time= 0.000054698
2500 0.000454191 2500 0.000006883 add_time= 0.000477363
2860 0.000309402 2860 0.000007176 add_time= 0.000340980
2500 0.000031244 2500 0.000006585 add_time= 0.000053676
2550 0.000081780 2550 0.000006734 add_time= 0.000104228
2805 0.000050495 2805 0.000010060 add_time= 0.000077173
2862 0.000122848 2862 0.000006083 add_time= 0.000145162
2600 0.000069216 2600 0.000006787 add_time= 0.000103024
2750 0.000041722 2750 0.000006367 add_time= 0.000064021
2500 0.003827715 2500 0.000007263 add_time= 0.003850822
2600 0.000053495 2600 0.000006406 add_time= 0.000075288
2652 0.000100756 2652 0.000008260 add_time= 0.000123015
2500 0.000074011 2500 0.000006049 add_time= 0.000095735
3025 0.000046641 3025 0.000006455 add_time= 0.000069927
2550 0.000074738 2550 0.000005539 add_time= 0.000094494
2808 0.000006318 2808 0.000020950 add_time= 0.000050267
2550 0.000045158 2550 0.000006518 add_time= 0.000067702
2550 0.000142951 2550 0.000006270 add_time= 0.000164575
2860 0.000118839 2860 0.000018248 add_time= 0.000162466
1375 0.000076087 1375 0.000005777 add_time= 0.000104336
2500 0.000235653 2500 0.000006177 add_time= 0.000259539
2550 0.000057699 2550 0.000014226 add_time= 0.000088202
2860 0.000128917 2860 0.000006711 add_time= 0.000152530
2600 0.000207426 2600 0.000007004 add_time= 0.000245236
2750 0.000271614 2750 0.000007877 add_time= 0.000314873
2805 0.000137815 2805 0.000006380 add_time= 0.000161352
1275 0.000012979 1275 0.000009171 add_time= 0.000042977
2805 0.000028923 2805 0.000007172 add_time= 0.000061784
2600 0.000279432 2600 0.000007150 add_time= 0.000304260
2970 0.000116433 2970 0.000006885 add_time= 0.000143809
2500 0.000170958 2500 0.000006596 add_time= 0.000193704
2700 0.000086832 2700 0.000008754 add_time= 0.000112711
1250 0.000096472 1250 0.000007441 add_time= 0.000118623
2750 0.000288249 2750 0.000007369 add_time= 0.000318175
2750 0.000059179 2750 0.000006844 add_time= 0.000081537
3025 0.000094593 3025 0.000006164 add_time= 0.000115695
1375 0.000188506 1375 0.000006306 add_time= 0.000208015
2500 0.000006894 2500 0.000115947 add_time= 0.000136290
2915 0.000105053 2915 0.000006079 add_time= 0.000133687
2700 0.000007343 2700 0.000008482 add_time= 0.000068100
2756 0.000088140 2756 0.000007240 add_time= 0.000125478
2750 0.000037717 2750 0.000008400 add_time= 0.000080573
2703 0.000037453 2703 0.000007118 add_time= 0.000071386
2550 0.000053164 2550 0.000026332 add_time= 0.000104933
2808 0.000052182 2808 0.000025388 add_time= 0.000104670
1375 0.000068468 1375 0.000008161 add_time= 0.000111144
2860 0.000123587 2860 0.000006301 add_time= 0.000146909
2600 0.000061827 2600 0.000006281 add_time= 0.000083213
2915 0.000191458 2915 0.000013641 add_time= 0.000221283
2550 0.000155033 2550 0.000006638 add_time= 0.000176834
2550 0.000128508 2550 0.000006197 add_time= 0.000148425
2600 0.000155908 2600 0.000006245 add_time= 0.000179630
2756 0.000039323 2756 0.000007362 add_time= 0.000070025
2500 0.000178838 2500 0.000006317 add_time= 0.000205872
2500 0.000372898 2500 0.000006474 add_time= 0.000405809
2652 0.000026940 2652 0.000014380 add_time= 0.000058379
2700 0.000033975 2700 0.000006593 add_time= 0.000057636
2500 0.000047460 2500 0.000006765 add_time= 0.000069189
2600 0.000153670 2600 0.000018093 add_time= 0.000189052
2750 0.000107891 2750 0.000006292 add_time= 0.000131889
2500 0.000066447 2500 0.000013686 add_time= 0.000096682
2750 0.000058871 2750 0.000005690 add_time= 0.000087982
2500 0.000027576 2500 0.000071582 add_time= 0.000116387
2700 0.000074987 2700 0.000006421 add_time= 0.000097175
2500 0.000078613 2500 0.000006153 add_time= 0.000101933
1300 0.000046252 1300 0.000005173 add_time= 0.000066255
2500 0.000074736 2500 0.000006435 add_time= 0.000107685
2550 0.000038132 2550 0.000006313 add_time= 0.000061039
2754 0.000032123 2754 0.000006139 add_time= 0.000054371
2756 0.000124176 2756 0.000009279 add_time= 0.000163791
2860 0.000109921 2860 0.000009521 add_time= 0.000155133
2550 0.000477492 2550 0.000007724 add_time= 0.000503972
2500 0.000026788 2500 0.000006379 add_time= 0.000048697
2600 0.000017685 2600 0.000029841 add_time= 0.000065197
2750 0.000063072 2750 0.000006984 add_time= 0.000088178
2500 0.000171582 2500 0.000006958 add_time= 0.000195959
2600 0.000085523 2600 0.000006548 add_time= 0.000108696
2500 0.000082202 2500 0.000006961 add_time= 0.000105755
2750 0.000032548 2750 0.000007045 add_time= 0.000058129
2500 0.000112852 2500 0.000006020 add_time= 0.000134506
2700 0.000006547 2700 0.000024695 add_time= 0.000046108
1300 0.000052911 1300 0.000005626 add_time= 0.000072757
2809 0.000420416 2809 0.000009548 add_time= 0.000446974
2600 0.000087239 2600 0.000006998 add_time= 0.000112207
2650 0.000033964 2650 0.000006348 add_time= 0.000065438
2750 0.000367855 2750 0.000006095 add_time= 0.000388779
2550 0.000006735 2550 0.000022015 add_time= 0.000044886
1250 0.000100064 1250 0.000005882 add_time= 0.000120180
2500 0.000033441 2500 0.000006536 add_time= 0.000057165
2600 0.000025489 2600 0.000005638 add_time= 0.000046834
2550 0.000187718 2550 0.000008209 add_time= 0.000219222
2550 0.000122199 2550 0.000016244 add_time= 0.000153112
2550 0.000114690 2550 0.000006062 add_time= 0.000135602
2500 0.000061651 2500 0.000015078 add_time= 0.000103797
1275 0.000072207 1275 0.000005603 add_time= 0.000099326
2600 0.000096498 2600 0.000006790 add_time= 0.000120121
1250 0.000087952 1250 0.000005702 add_time= 0.000122683
2500 0.000073099 2500 0.000006444 add_time= 0.000096277
2500 0.000110629 2500 0.000006686 add_time= 0.000134250
2700 0.000044681 2700 0.000006277 add_time= 0.000075554
1325 0.000138422 1325 0.000005248 add_time= 0.000157339
2750 0.000156895 2750 0.000006406 add_time= 0.000200003
2750 0.000085271 2750 0.000006287 add_time= 0.000114987
2750 0.000116456 2750 0.000014344 add_time= 0.000145574
2750 0.000031160 2750 0.000006427 add_time= 0.000054157
2750 0.000070576 2750 0.000006628 add_time= 0.000094283
2550 0.000006160 2550 0.000012775 add_time= 0.000034798
2750 0.000059279 2750 0.000006712 add_time= 0.000081782
1250 0.000076409 1250 0.000005399 add_time= 0.000108314
1250 0.000141171 1250 0.000006141 add_time= 0.000161783
2600 0.000062209 2600 0.000006085 add_time= 0.000090440
2750 0.000315794 2750 0.000006960 add_time= 0.000340444
2550 0.000123476 2550 0.000006634 add_time= 0.000146164
2601 0.000029002 2601 0.000005487 add_time= 0.000053162
2500 0.000005437 2500 0.000027070 add_time= 0.000046389
2750 0.000383205 2750 0.000006348 add_time= 0.000405256
2500 0.000026812 2500 0.000005944 add_time= 0.000049405
2704 0.000047224 2704 0.000006326 add_time= 0.000077896
2805 0.000038532 2805 0.000013735 add_time= 0.000077209
2600 0.000107446 2600 0.000010220 add_time= 0.000133704
2805 0.000076056 2805 0.000007040 add_time= 0.000099310
2550 0.000096179 2550 0.000005615 add_time= 0.000127590
2500 0.000086470 2500 0.000006698 add_time= 0.000109217
2600 0.000832453 2600 0.000006561 add_time= 0.000854121
2550 0.000005910 2550 0.000008727 add_time= 0.000069011
2860 0.000025936 2860 0.000012127 add_time= 0.000065151
3025 0.000038137 3025 0.000008589 add_time= 0.000077191
3025 0.000098497 3025 0.000007227 add_time= 0.000139375
2550 0.000076591 2550 0.000006896 add_time= 0.000106772
2550 0.000005805 2550 0.000024706 add_time= 0.000054038
2700 0.000023991 2700 0.000007365 add_time= 0.000055784
1250 0.000062959 1250 0.000009609 add_time= 0.000129578
2704 0.000139186 2704 0.000014409 add_time= 0.000183222
2600 0.000069013 2600 0.000007209 add_time= 0.000092978
2805 0.000066142 2805 0.000005938 add_time= 0.000090757
2750 0.000057444 2750 0.000006647 add_time= 0.000080765
2500 0.000049829 2500 0.000006480 add_time= 0.000070567
2700 0.000051252 2700 0.000006812 add_time= 0.000086501
1375 0.000078897 1375 0.000006696 add_time= 0.000102606
2550 0.000027279 2550 0.000006916 add_time= 0.000052100
2600 0.000062794 2600 0.000005906 add_time= 0.000083601
2650 0.000072373 2650 0.000006870 add_time= 0.000095248
2500 0.000071559 2500 0.000006707 add_time= 0.000103459
2500 0.000046903 2500 0.000007090 add_time= 0.000078481
2550 0.000037576 2550 0.000006583 add_time= 0.000060641
2860 0.000036718 2860 0.000005689 add_time= 0.000059402
2500 0.000038760 2500 0.000005484 add_time= 0.000058166
2750 0.000088705 2750 0.000006551 add_time= 0.000112193
2805 0.000068389 2805 0.000006194 add_time= 0.000089462
2805 0.000065962 2805 0.000005557 add_time= 0.000085538
2750 0.000039995 2750 0.000005512 add_time= 0.000059806
2700 0.000219497 2700 0.000006296 add_time= 0.000242733
2750 0.000082542 2750 0.000005852 add_time= 0.000119767
2500 0.000054856 2500 0.000006190 add_time= 0.000076625
2750 0.000065985 2750 0.000006455 add_time= 0.000093271
2550 0.000022771 2550 0.000012754 add_time= 0.000050039
2700 0.000013906 2700 0.000013466 add_time= 0.000041620
2750 0.000025959 2750 0.000005483 add_time= 0.000045357
1350 0.000237467 1350 0.000016718 add_time= 0.000267786
2860 0.000054874 2860 0.000013752 add_time= 0.000085710
2600 0.000030437 2600 0.000005474 add_time= 0.000060328
2750 0.000081602 2750 0.000006287 add_time= 0.000104006
2754 0.000055896 2754 0.000006663 add_time= 0.000078645
2750 0.000026237 2750 0.000015165 add_time= 0.000057866
2750 0.000057619 2750 0.000006428 add_time= 0.000080032
2862 0.000692682 2862 0.000013977 add_time= 0.000730865
2500 0.000154677 2500 0.000022913 add_time= 0.000207052
2750 0.000107183 2750 0.000005499 add_time= 0.000127302
2500 0.000034633 2500 0.000014942 add_time= 0.000064986
2700 0.000177162 2700 0.000006759 add_time= 0.000200647
2500 0.000055645 2500 0.000005871 add_time= 0.000076144
2500 0.000107481 2500 0.000006151 add_time= 0.000129320
2600 0.000113879 2600 0.000006589 add_time= 0.000156130
2750 0.000052591 2750 0.000006548 add_time= 0.000074940
2600 0.000053154 2600 0.000013832 add_time= 0.000082418
2754 0.000149146 2754 0.000007260 add_time= 0.000172542
1250 0.000137523 1250 0.000005926 add_time= 0.000158130
2700 0.000079430 2700 0.000005949 add_time= 0.000100866
2860 0.000225069 2860 0.000009241 add_time= 0.000250839
2650 0.000165752 2650 0.000005866 add_time= 0.000185583
2750 0.000041732 2750 0.000006687 add_time= 0.000069631
2754 0.000119659 2754 0.000006170 add_time= 0.000141282
2756 0.000088362 2756 0.000006198 add_time= 0.000122251
2750 0.000091065 2750 0.000006562 add_time= 0.000119813
2500 0.000047069 2500 0.000009638 add_time= 0.000072169
2500 0.000037764 2500 0.000006730 add_time= 0.000063451
2550 0.000006029 2550 0.000022107 add_time= 0.000041892
2600 0.000037800 2600 0.000006420 add_time= 0.000058917
2550 0.000398620 2550 0.000005820 add_time= 0.000419146
2600 0.000070976 2600 0.000009823 add_time= 0.000095933
2970 0.000034401 2970 0.000005823 add_time= 0.000055908
2750 0.000079608 2750 0.000006594 add_time= 0.000102379
2601 0.000007203 2601 0.000072329 add_time= 0.000095029
2970 0.000785678 2970 0.000006726 add_time= 0.000809686
2550 0.000122977 2550 0.000007968 add_time= 0.000161883
2600 0.000061417 2600 0.000014594 add_time= 0.000091917
2600 0.000035404 2600 0.000009940 add_time= 0.000062509
2750 0.000069977 2750 0.000005890 add_time= 0.000107021
2805 0.000119491 2805 0.000006757 add_time= 0.000143103
2550 0.000273759 2550 0.000010280 add_time= 0.000324423
2600 0.000078138 2600 0.000006886 add_time= 0.000103369
2860 0.000046959 2860 0.000005600 add_time= 0.000077097
3025 0.000394088 3025 0.000006697 add_time= 0.000423277
2754 0.000112359 2754 0.000006626 add_time= 0.000140546
2970 0.000099771 2970 0.000006622 add_time= 0.000128491
1250 0.000027689 1250 0.000006086 add_time= 0.000068154
2704 0.000164137 2704 0.000006948 add_time= 0.000192404
2700 0.000089148 2700 0.000018211 add_time= 0.000123973
2500 0.000076265 2500 0.000006441 add_time= 0.000117272
2703 0.000111179 2703 0.000005866 add_time= 0.000138121
2970 0.000049481 2970 0.000014220 add_time= 0.000082018
3025 0.000061587 3025 0.000006043 add_time= 0.000091765
2500 0.000106902 2500 0.000014546 add_time= 0.000216386
2750 0.000055453 2750 0.000008594 add_time= 0.000097358
2500 0.000044393 2500 0.000016823 add_time= 0.000149107
2750 0.000094197 2750 0.000009919 add_time= 0.000166273
2652 0.000044394 2652 0.000083044 add_time= 0.000184658
2750 0.000059274 2750 0.000011011 add_time= 0.000118378
2500 0.000123166 2500 0.000006398 add_time= 0.000165785
2500 0.000091163 2500 0.000014079 add_time= 0.000143688
2750 0.000120917 2750 0.000006957 add_time= 0.000158288
2600 0.000053992 2600 0.000007019 add_time= 0.000089005
2700 0.000077826 2700 0.000012247 add_time= 0.000118786
2500 0.000035713 2500 0.000006548 add_time= 0.000069380
2700 0.000237035 2700 0.000007149 add_time= 0.000260386
2750 0.000052029 2750 0.000006225 add_time= 0.000074397
2500 0.000124202 2500 0.000006696 add_time= 0.000146768
2550 0.000017485 2550 0.000013637 add_time= 0.000046429
2500 0.000101867 2500 0.000015759 add_time= 0.000133911
2500 0.000189135 2500 0.000006401 add_time= 0.000211717
2750 0.000056706 2750 0.000006266 add_time= 0.000079461
2750 0.000052505 2750 0.000018669 add_time= 0.000087783
2805 0.000032028 2805 0.000007283 add_time= 0.000064141
2550 0.000016921 2550 0.000013720 add_time= 0.000046992
2750 0.000061156 2750 0.000006667 add_time= 0.000084591
2750 0.000100410 2750 0.000006394 add_time= 0.000121454
2860 0.000107373 2860 0.000006902 add_time= 0.000131314
2500 0.000052734 2500 0.000006537 add_time= 0.000075089
2805 0.000073308 2805 0.000005542 add_time= 0.000093081
2550 0.000057644 2550 0.000006739 add_time= 0.000079755
2750 0.000016627 2750 0.000019797 add_time= 0.000051952
2750 0.000067819 2750 0.000010742 add_time= 0.000094767
2500 0.000071700 2500 0.000006889 add_time= 0.000094874
2500 0.000059698 2500 0.000014550 add_time= 0.000087974
2550 0.000172225 2550 0.000006607 add_time= 0.000194146
3025 0.000036152 3025 0.000006177 add_time= 0.000057959
2550 0.000016142 2550 0.000013598 add_time= 0.000064113
2500 0.000088988 2500 0.000006141 add_time= 0.000110224
2500 0.000431051 2500 0.000007697 add_time= 0.000455104
2500 0.000067618 2500 0.000006795 add_time= 0.000102290
2750 0.000060385 2750 0.000009162 add_time= 0.000085670
2500 0.000055706 2500 0.000006689 add_time= 0.000077633
2805 0.000027193 2805 0.000013736 add_time= 0.000062745
2860 0.000036014 2860 0.000023729 add_time= 0.000074703
2500 0.000582786 2500 0.000009402 add_time= 0.000618004
2750 0.000146878 2750 0.000006670 add_time= 0.000172641
2600 0.000024550 2600 0.000006078 add_time= 0.000047149
2601 0.000682489 2601 0.000009899 add_time= 0.000710249
2970 0.000171882 2970 0.000006325 add_time= 0.000195220
2970 0.000063011 2970 0.000006840 add_time= 0.000085655
1275 0.000064898 1275 0.000017091 add_time= 0.000098573
2750 0.000288435 2750 0.000008059 add_time= 0.000313648
2600 0.000064613 2600 0.000006791 add_time= 0.000098739
2915 0.000088427 2915 0.000006479 add_time= 0.000117523
2805 0.000010671 2805 0.000042627 add_time= 0.000070693
2500 0.000239117 2500 0.000006332 add_time= 0.000261651
2500 0.000104098 2500 0.000006020 add_time= 0.000125051
2500 0.000029424 2500 0.000006643 add_time= 0.000052806
2600 0.000022805 2600 0.000005754 add_time= 0.000043471
2805 0.000060130 2805 0.000006575 add_time= 0.000085507
2500 0.000056118 2500 0.000008845 add_time= 0.000085031
2550 0.000204936 2550 0.000006660 add_time= 0.000228722
2750 0.000025704 2750 0.000054520 add_time= 0.000096943
2500 0.000116445 2500 0.000010001 add_time= 0.000147384
2600 0.000529434 2600 0.000006838 add_time= 0.000553556
2500 0.000183423 2500 0.000006013 add_time= 0.000205217
2500 0.000064937 2500 0.000006161 add_time= 0.000094646
2500 0.000106275 2500 0.000007670 add_time= 0.000141885
2750 0.000146281 2750 0.000007085 add_time= 0.000170984
2750 0.000039834 2750 0.000006124 add_time= 0.000077138
2750 0.000220665 2750 0.000006636 add_time= 0.000244273
2600 0.000053774 2600 0.000011358 add_time= 0.000081031
3025 0.000056582 3025 0.000006256 add_time= 0.000078211
2750 0.000042283 2750 0.000006174 add_time= 0.000086740
2754 0.000063624 2754 0.000029170 add_time= 0.000109072
2750 0.000126879 2750 0.000006567 add_time= 0.000150119
1250 0.000057112 1250 0.000005238 add_time= 0.000075238
2550 0.000130318 2550 0.000007278 add_time= 0.000167040
2600 0.000051383 2600 0.000006899 add_time= 0.000083438
2750 0.000368362 2750 0.000020635 add_time= 0.000414616
2750 0.000108881 2750 0.000005981 add_time= 0.000129152
2754 0.000017507 2754 0.000013937 add_time= 0.000049479
2500 0.000087992 2500 0.000006400 add_time= 0.000108957
2500 0.000284287 2500 0.000006420 add_time= 0.000319305
2860 0.000226623 2860 0.000007151 add_time= 0.000251833
2500 0.000087086 2500 0.000005806 add_time= 0.000107723
2550 0.000093072 2550 0.000006661 add_time= 0.000116419
2500 0.000005516 2500 0.000012372 add_time= 0.000032208
2500 0.000022602 2500 0.000006367 add_time= 0.000044324
2862 0.000152533 2862 0.000006194 add_time= 0.000178878
2600 0.000035190 2600 0.000006999 add_time= 0.000059057
2805 0.000140544 2805 0.000014337 add_time= 0.000171800
2600 0.000053575 2600 0.000006691 add_time= 0.000076718
2754 0.000046903 2754 0.000007048 add_time= 0.000071797
1275 0.002089649 1275 0.000006013 add_time= 0.002110040
2700 0.000006720 2700 0.000008187 add_time= 0.000069955
2600 0.000035508 2600 0.000007069 add_time= 0.000067785
2750 0.000030657 2750 0.000007425 add_time= 0.000067526
2703 0.000023431 2703 0.000011559 add_time= 0.000062529
2754 0.000056078 2754 0.000008069 add_time= 0.000092374
1375 0.000035201 1375 0.000007051 add_time= 0.000068808
2600 0.000150139 2600 0.000007201 add_time= 0.000174169
2860 0.000042467 2860 0.000006280 add_time= 0.000064652
2750 0.000146784 2750 0.000006006 add_time= 0.000167261
2550 0.000026884 2550 0.000007190 add_time= 0.000049851
2808 0.000007716 2808 0.000023468 add_time= 0.000047389
3025 0.000037201 3025 0.000007025 add_time= 0.000061081
2703 0.000153808 2703 0.000007005 add_time= 0.000180083
2500 0.000352310 2500 0.000006618 add_time= 0.000374686
2750 0.000048176 2750 0.000006561 add_time= 0.000073469
2500 0.000066655 2500 0.000006989 add_time= 0.000089596
1250 0.000011959 1250 0.000015612 add_time= 0.000052168
2500 0.000058622 2500 0.000006323 add_time= 0.000080956
2500 0.000157905 2500 0.000007811 add_time= 0.000182000
2550 0.000426357 2550 0.000007460 add_time= 0.000453219
2750 0.000074020 2750 0.000006424 add_time= 0.000099703
2500 0.000085263 2500 0.000006653 add_time= 0.000128520
2703 0.000077132 2703 0.000006916 add_time= 0.000100798
1250 0.000096281 1250 0.000006027 add_time= 0.000117612
2650 0.000144982 2650 0.000007266 add_time= 0.000172874
2500 0.000183158 2500 0.000007055 add_time= 0.000207275
2500 0.000047427 2500 0.000006334 add_time= 0.000069010
2805 0.000116564 2805 0.000007161 add_time= 0.000143306
2550 0.000080352 2550 0.000005908 add_time= 0.000100894
2700 0.000116314 2700 0.000007110 add_time= 0.000140247
2756 0.000195953 2756 0.000007489 add_time= 0.000224615
2750 0.000194501 2750 0.000006156 add_time= 0.000216814
2750 0.000099833 2750 0.000006000 add_time= 0.000120572
3025 0.000120190 3025 0.000007642 add_time= 0.000144978
2650 0.000018555 2650 0.000026764 add_time= 0.000063014
2550 0.000116281 2550 0.000007947 add_time= 0.000160121
2704 0.000071229 2704 0.000006971 add_time= 0.000099237
2550 0.000204056 2550 0.000006539 add_time= 0.000226950
2860 0.000059708 2860 0.000006972 add_time= 0.000085536
2805 0.000062561 2805 0.000006671 add_time= 0.000086462
2750 0.000103386 2750 0.000007539 add_time= 0.000128465
2756 0.000148284 2756 0.000007450 add_time= 0.000177291
3025 0.000060070 3025 0.000007175 add_time= 0.000084870
2550 0.000152774 2550 0.000006632 add_time= 0.000177758
2550 0.000015646 2550 0.000015570 add_time= 0.000054651
2500 0.000084597 2500 0.000006691 add_time= 0.000107710
2700 0.000078274 2700 0.000008658 add_time= 0.000112206
2500 0.000186725 2500 0.000006469 add_time= 0.000209866
2550 0.000359070 2550 0.000006696 add_time= 0.000399527
2550 0.000091221 2550 0.000006553 add_time= 0.000118232
2750 0.000310753 2750 0.000007342 add_time= 0.000336726
2750 0.000058179 2750 0.000006482 add_time= 0.000079758
1250 0.000103177 1250 0.000006715 add_time= 0.000125678
2600 0.000038132 2600 0.000006086 add_time= 0.000068544
2500 0.000041077 2500 0.000006609 add_time= 0.000063589
2550 0.000155820 2550 0.000006729 add_time= 0.000186129
2805 0.000007542 2805 0.000035004 add_time= 0.000075320
2805 0.000100003 2805 0.000007121 add_time= 0.000124892
2600 0.000316239 2600 0.000006473 add_time= 0.000339573
2500 0.000075067 2500 0.000006701 add_time= 0.000104602
2750 0.000089664 2750 0.000006195 add_time= 0.000112588
2550 0.000068547 2550 0.000006027 add_time= 0.000088941
2600 0.000012153 2600 0.000022913 add_time= 0.000048500
2550 0.000103318 2550 0.000007375 add_time= 0.000126731
2500 0.000142021 2500 0.000006297 add_time= 0.000164488
2704 0.000065973 2704 0.000006175 add_time= 0.000095347
2700 0.000063520 2700 0.000005891 add_time= 0.000083535
3025 0.000101363 3025 0.000006642 add_time= 0.000124883
2601 0.000013546 2601 0.000020309 add_time= 0.000048654
2808 0.000006669 2808 0.000013616 add_time= 0.000053061
2750 0.000101253 2750 0.000005833 add_time= 0.000120666
2860 0.000036667 2860 0.000006073 add_time= 0.000059913
2600 0.000043489 2600 0.000006648 add_time= 0.000066838
2500 0.000104061 2500 0.000006262 add_time= 0.000132953
2550 0.000141831 2550 0.000006384 add_time= 0.000161835
2700 0.000029844 2700 0.000006372 add_time= 0.000061276
1250 0.000049532 1250 0.000005880 add_time= 0.000068557
2704 0.000174615 2704 0.000006951 add_time= 0.000208411
2600 0.000045656 2600 0.000010844 add_time= 0.000083295
2600 0.000049020 2600 0.000006342 add_time= 0.000072102
2500 0.000081573 2500 0.000006635 add_time= 0.000104069
2550 0.000207895 2550 0.000017923 add_time= 0.000242038
2700 0.000091983 2700 0.000007680 add_time= 0.000116341
3025 0.000065944 3025 0.000006280 add_time= 0.000092761
2600 0.000054694 2600 0.000009750 add_time= 0.000082904
2652 0.000082086 2652 0.000006443 add_time= 0.000104985
2750 0.000187209 2750 0.000005647 add_time= 0.000214304
2805 0.000198229 2805 0.000007104 add_time= 0.000239601
2700 0.000057588 2700 0.000007237 add_time= 0.000080925
2805 0.000059906 2805 0.000006178 add_time= 0.000082272
2600 0.000209144 2600 0.000006990 add_time= 0.000236981
2500 0.000092889 2500 0.000005903 add_time= 0.000113668
2650 0.000093611 2650 0.000007812 add_time= 0.000135764
2550 0.000078361 2550 0.000006132 add_time= 0.000105287
2754 0.000115606 2754 0.000007089 add_time= 0.000140103
2805 0.000027897 2805 0.000006210 add_time= 0.000048708
2650 0.000093342 2650 0.000008864 add_time= 0.000152331
2700 0.000035456 2700 0.000019205 add_time= 0.000092202
2750 0.000034355 2750 0.000007479 add_time= 0.000072908
2860 0.000033207 2860 0.000007989 add_time= 0.000079326
2601 0.000062416 2601 0.000083432 add_time= 0.000170969
2600 0.000114246 2600 0.000007045 add_time= 0.000145352
2550 0.000044024 2550 0.000006020 add_time= 0.000066502
1300 0.000160293 1300 0.000005620 add_time= 0.000187964
3025 0.000171572 3025 0.000007693 add_time= 0.000213217
2750 0.000064283 2750 0.000006999 add_time= 0.000107828
2500 0.000007843 2500 0.000024393 add_time= 0.000048349
2750 0.000035149 2750 0.000006454 add_time= 0.000068332
2550 0.000164624 2550 0.000006999 add_time= 0.000187091
2652 0.000051895 2652 0.000006852 add_time= 0.000073945
3025 0.000092587 3025 0.000011707 add_time= 0.000120719
2805 0.000104763 2805 0.000006636 add_time= 0.000127007
2601 0.000015681 2601 0.000014561 add_time= 0.000045852
2750 0.000066206 2750 0.000009902 add_time= 0.000091462
2600 0.000243937 2600 0.000007163 add_time= 0.000266470
2750 0.000062651 2750 0.000006634 add_time= 0.000095432
2500 0.000078067 2500 0.000008669 add_time= 0.000104820
2754 0.000056036 2754 0.000006599 add_time= 0.000089250
2500 0.000080977 2500 0.000006442 add_time= 0.000102645
2600 0.000062028 2600 0.000006515 add_time= 0.000082049
2650 0.000414338 2650 0.000006665 add_time= 0.000438901
2500 0.000126327 2500 0.000006283 add_time= 0.000147679
2500 0.000093500 2500 0.000005921 add_time= 0.000112682
2500 0.000066007 2500 0.000005707 add_time= 0.000084330
2500 0.000072899 2500 0.000005165 add_time= 0.000090455
2550 0.000014112 2550 0.000014637 add_time= 0.000043992
2860 0.000081257 2860 0.000006488 add_time= 0.000101708
1250 0.000047842 1250 0.000005087 add_time= 0.000063829
2600 0.000156561 2600 0.000006343 add_time= 0.000179577
2500 0.000112314 2500 0.000006055 add_time= 0.000133858
2500 0.000031226 2500 0.000009367 add_time= 0.000055492
2550 0.000024394 2550 0.000006440 add_time= 0.000046090
2970 0.000029907 2970 0.000006949 add_time= 0.000053207
1275 0.000026679 1275 0.000005634 add_time= 0.000045398
2650 0.000343693 2650 0.000006692 add_time= 0.000365865
2750 0.000076725 2750 0.000006479 add_time= 0.000098230
2750 0.000037519 2750 0.000006772 add_time= 0.000059651
2500 0.000059133 2500 0.000006501 add_time= 0.000081125
2650 0.000061689 2650 0.000006661 add_time= 0.000083732
1375 0.000038431 1375 0.000012786 add_time= 0.000064504
2756 0.000114523 2756 0.000006196 add_time= 0.000136042
2600 0.000057396 2600 0.000006495 add_time= 0.000079457
2500 0.000143598 2500 0.000006694 add_time= 0.000173976
2805 0.000083963 2805 0.000009097 add_time= 0.000113195
2500 0.000060477 2500 0.000006482 add_time= 0.000082284
2700 0.000036192 2700 0.000006540 add_time= 0.000067197
1250 0.000058330 1250 0.000005670 add_time= 0.000074926
2500 0.000250523 2500 0.000006111 add_time= 0.000271056
2500 0.000076336 2500 0.000006220 add_time= 0.000095903
1250 0.000053532 1250 0.000005011 add_time= 0.000069670
2652 0.000034515 2652 0.000005403 add_time= 0.000053584
2650 0.000077887 2650 0.000006122 add_time= 0.000097056
2600 0.000050854 2600 0.000007735 add_time= 0.000084619
2652 0.000051156 2652 0.000006257 add_time= 0.000073538
2805 0.000041566 2805 0.000007202 add_time= 0.000067116
1275 0.000070390 1275 0.000005824 add_time= 0.000091540
2500 0.000023384 2500 0.000019927 add_time= 0.000058788
2500 0.000107692 2500 0.000014620 add_time= 0.000138266
2750 0.000099306 2750 0.000010791 add_time= 0.000127227
2750 0.000161142 2750 0.000006032 add_time= 0.000183626
2500 0.000071168 2500 0.000005470 add_time= 0.000090881
2750 0.000041063 2750 0.000006315 add_time= 0.000070514
2500 0.000092227 2500 0.000006628 add_time= 0.000115410
2700 0.000038546 2700 0.000014607 add_time= 0.000069320
2750 0.000027381 2750 0.000006188 add_time= 0.000048580
2860 0.000200559 2860 0.000006924 add_time= 0.000225090
2600 0.000136437 2600 0.000006792 add_time= 0.000159345
2750 0.000064649 2750 0.000012247 add_time= 0.000092578
2750 0.000106882 2750 0.000005888 add_time= 0.000132352
2500 0.000007091 2500 0.000030414 add_time= 0.000053290
2750 0.000221203 2750 0.000006799 add_time= 0.000244994
1250 0.000111174 1250 0.000005926 add_time= 0.000131662
2704 0.000040465 2704 0.000006321 add_time= 0.000063362
2750 0.000042837 2750 0.000005408 add_time= 0.000063565
3025 0.000053643 3025 0.000005450 add_time= 0.000072353
2601 0.000006893 2601 0.000022288 add_time= 0.000041852
3025 0.000197683 3025 0.000006914 add_time= 0.000230192
2860 0.000128956 2860 0.000006303 add_time= 0.000154009
2500 0.000094278 2500 0.000006074 add_time= 0.000115730
2500 0.000052733 2500 0.000006833 add_time= 0.000076571
2500 0.000027426 2500 0.000006825 add_time= 0.000050079
2700 0.000026584 2700 0.000022726 add_time= 0.000065246
2500 0.000034050 2500 0.000014774 add_time= 0.000065236
2500 0.000429298 2500 0.000008774 add_time= 0.000463184
2550 0.000261012 2550 0.000007556 add_time= 0.000290866
1250 0.000315097 1250 0.000013720 add_time= 0.000346215
2500 0.000058406 2500 0.000006745 add_time= 0.000081928
2500 0.000134633 2500 0.000007136 add_time= 0.000160427
2808 0.000016967 2808 0.000014615 add_time= 0.000065052
2750 0.000107769 2750 0.000015158 add_time= 0.000138853
2650 0.000106557 2650 0.000006385 add_time= 0.000129706
2500 0.000124905 2500 0.000005924 add_time= 0.000146588
2600 0.000087846 2600 0.000017738 add_time= 0.000120105
2600 0.000251138 2600 0.000006625 add_time= 0.000274884
2500 0.000102894 2500 0.000006530 add_time= 0.000126143
2500 0.000006260 2500 0.000013082 add_time= 0.000034478
2500 0.000039812 2500 0.000006934 add_time= 0.000063746
2500 0.000150886 2500 0.000007440 add_time= 0.000185588
3025 0.000038554 3025 0.000005957 add_time= 0.000060928
2750 0.000070962 2750 0.000006605 add_time= 0.000094958
2805 0.000007451 2805 0.000092157 add_time= 0.000120246
1375 0.000209222 1375 0.000006931 add_time= 0.000232311
2600 0.000131806 2600 0.000007876 add_time= 0.000175619
2750 0.000039516 2750 0.000007700 add_time= 0.000087584
2500 0.000071010 2500 0.000008047 add_time= 0.000115555
2500 0.000020997 2500 0.000006981 add_time= 0.000050076
2550 0.000006042 2550 0.000007355 add_time= 0.000036000
2500 0.000033943 2500 0.000024693 add_time= 0.000081680
2750 0.000029118 2750 0.000006626 add_time= 0.000062101
2750 0.000180678 2750 0.000006974 add_time= 0.000205667
2500 0.000049368 2500 0.000006691 add_time= 0.000071440
2500 0.000106987 2500 0.000006757 add_time= 0.000129194
2550 0.000066017 2550 0.000005626 add_time= 0.000086072
2700 0.000098497 2700 0.000005805 add_time= 0.000119647
625 0.000185154 625 0.000005862 add_time= 0.000216279
2500 0.000292040 2500 0.000014413 add_time= 0.000321802
2600 0.000071745 2600 0.000006197 add_time= 0.000092533
2805 0.000099378 2805 0.000006820 add_time= 0.000122062
2652 0.000033921 2652 0.000006302 add_time= 0.000055443
2500 0.000015854 2500 0.000013031 add_time= 0.000043577
2750 0.000024012 2750 0.000006478 add_time= 0.000046003
2600 0.000077269 2600 0.000006634 add_time= 0.000099454
2600 0.000037862 2600 0.000005717 add_time= 0.000057464
2750 0.000320885 2750 0.000014824 add_time= 0.000351875
2750 0.000068928 2750 0.000005729 add_time= 0.000096658
2550 0.000016988 2550 0.000014968 add_time= 0.000052087
2750 0.000191717 2750 0.000006549 add_time= 0.000212824
2750 0.000037808 2750 0.000007040 add_time= 0.000061368
2600 0.000023419 2600 0.000005717 add_time= 0.000043348
2750 0.000350428 2750 0.000006357 add_time= 0.000372765
2550 0.000065729 2550 0.000006432 add_time= 0.000087792
2805 0.000033942 2805 0.000006380 add_time= 0.000054743
2750 0.000154820 2750 0.000006592 add_time= 0.000176886
2500 0.000078143 2500 0.000006345 add_time= 0.000099878
2550 0.000067598 2550 0.000006762 add_time= 0.000090184
2750 0.000076948 2750 0.000006592 add_time= 0.000099415
2500 0.000016304 2500 0.000013188 add_time= 0.000053016
2500 0.000038437 2500 0.000006744 add_time= 0.000060780
2750 0.000040780 2750 0.000007063 add_time= 0.000064373
2860 0.000046304 2860 0.000006602 add_time= 0.000069411
2600 0.000077868 2600 0.000006943 add_time= 0.000100727
2750 0.000059340 2750 0.000006551 add_time= 0.000090572
2550 0.000080900 2550 0.000006258 add_time= 0.000102507
2600 0.000085791 2600 0.000006454 add_time= 0.000107740
2600 0.000227643 2600 0.000006544 add_time= 0.000249014
2750 0.000027607 2750 0.000006538 add_time= 0.000049315
2860 0.000089159 2860 0.000006622 add_time= 0.000111540
2550 0.000014699 2550 0.000013958 add_time= 0.000057852
2550 0.000116808 2550 0.000006130 add_time= 0.000136915
2500 0.000191892 2500 0.000006904 add_time= 0.000222028
2500 0.000092548 2500 0.000017670 add_time= 0.000125002
2750 0.000121028 2750 0.000011793 add_time= 0.000147381
2750 0.000039862 2750 0.000006640 add_time= 0.000062020
2500 0.000015853 2500 0.000017011 add_time= 0.000048343
2750 0.000145100 2750 0.000007198 add_time= 0.000168544
2500 0.000051938 2500 0.000006742 add_time= 0.000074982
2860 0.000099705 2860 0.000011045 add_time= 0.000125600
2750 0.000048838 2750 0.000007102 add_time= 0.000071787
2500 0.000033031 2500 0.000014959 add_time= 0.000063261
2808 0.000015367 2808 0.000013816 add_time= 0.000051262
1375 0.000094052 1375 0.000006039 add_time= 0.000111518
2500 0.000505493 2500 0.000007411 add_time= 0.000534364
2600 0.000036946 2600 0.000007021 add_time= 0.000058941
2550 0.000167689 2550 0.000007372 add_time= 0.000191419
1250 0.000086799 1250 0.000005302 add_time= 0.000104614
2500 0.000042220 2500 0.000005410 add_time= 0.000071055
2862 0.000007900 2862 0.000026625 add_time= 0.000072941
2860 0.000222777 2860 0.000006932 add_time= 0.000247057
2915 0.000376762 2915 0.000007121 add_time= 0.000401749
2860 0.000107100 2860 0.000007082 add_time= 0.000131063
3025 0.000092253 3025 0.000006062 add_time= 0.000113294
2805 0.000038095 2805 0.000007206 add_time= 0.000070280
2550 0.000345362 2550 0.000011603 add_time= 0.000372595
2652 0.000005819 2652 0.000032429 add_time= 0.000052249
2750 0.000126349 2750 0.000005920 add_time= 0.000155495
2600 0.000148542 2600 0.000006830 add_time= 0.000172384
2860 0.000046978 2860 0.000007551 add_time= 0.000071104
1250 0.000064400 1250 0.000004938 add_time= 0.000081058
2700 0.000143637 2700 0.000006713 add_time= 0.000164997
2754 0.000248945 2754 0.000006722 add_time= 0.000272166
2500 0.000006901 2500 0.000033661 add_time= 0.000056776
2600 0.000045278 2600 0.000007986 add_time= 0.000092197
2500 0.000428654 2500 0.000006640 add_time= 0.000450749
2704 0.000186822 2704 0.000006487 add_time= 0.000208252
2750 0.000082470 2750 0.000005987 add_time= 0.000102671
2750 0.000097287 2750 0.000005850 add_time= 0.000117451
2500 0.000117590 2500 0.000005461 add_time= 0.000137089
2550 0.000123513 2550 0.000011148 add_time= 0.000148135
2700 0.000006394 2700 0.000023832 add_time= 0.000044031
2750 0.000065625 2750 0.000006744 add_time= 0.000088785
2756 0.000133454 2756 0.000006246 add_time= 0.000157584
2756 0.000055656 2756 0.000007176 add_time= 0.000078513
2500 0.000138706 2500 0.000006810 add_time= 0.000167811
2550 0.000156643 2550 0.000005655 add_time= 0.000181131
2754 0.000138365 2754 0.000007169 add_time= 0.000173102
2750 0.000006465 2750 0.000016516 add_time= 0.000037752
2500 0.000124607 2500 0.000005896 add_time= 0.000143744
2500 0.000088856 2500 0.000006659 add_time= 0.000108667
2860 0.000190528 2860 0.000007075 add_time= 0.000227605
2860 0.000044021 2860 0.000006612 add_time= 0.000067444
2550 0.000168525 2550 0.000006225 add_time= 0.000191152
2500 0.000034172 2500 0.000005970 add_time= 0.000054321
2550 0.000231756 2550 0.000005631 add_time= 0.000251307
2500 0.000015748 2500 0.000022329 add_time= 0.000052803
2970 0.000042119 2970 0.000007464 add_time= 0.000067773
2805 0.000093956 2805 0.000006352 add_time= 0.000115039
2756 0.000143355 2756 0.000006977 add_time= 0.000167326
2860 0.000051940 2860 0.000007033 add_time= 0.000076181
2550 0.000087470 2550 0.000010293 add_time= 0.000114717
2750 0.000057931 2750 0.000006712 add_time= 0.000090105
2652 0.000006603 2652 0.000071508 add_time= 0.000093323
2750 0.000034503 2750 0.000006710 add_time= 0.000056931
1250 0.000055439 1250 0.000006135 add_time= 0.000075127
2704 0.000081569 2704 0.000006743 add_time= 0.000113495
2750 0.000167219 2750 0.000010603 add_time= 0.000191723
3025 0.000063917 3025 0.000011444 add_time= 0.000091433
2652 0.000006308 2652 0.000034816 add_time= 0.000065134
2750 0.000142176 2750 0.000006260 add_time= 0.000172546
2500 0.000042152 2500 0.000008596 add_time= 0.000086978
2500 0.000080111 2500 0.000008170 add_time= 0.000123994
1250 0.000045373 1250 0.000007274 add_time= 0.000084408
2750 0.000023667 2750 0.000007841 add_time= 0.000057702
2700 0.000032858 2700 0.000008947 add_time= 0.000068485
1250 0.000029947 1250 0.000007515 add_time= 0.000071489
2703 0.000400200 2703 0.000006887 add_time= 0.000423898
2860 0.000049108 2860 0.000017788 add_time= 0.000082600
2860 0.000039185 2860 0.000006323 add_time= 0.000061130
1375 0.000078117 1375 0.000005321 add_time= 0.000096347
2550 0.000006976 2550 0.000030999 add_time= 0.000053196
2750 0.000064562 2750 0.000006546 add_time= 0.000086984
2500 0.000087862 2500 0.000006268 add_time= 0.000109783
2704 0.000032352 2704 0.000006784 add_time= 0.000055211
2915 0.000067860 2915 0.000008387 add_time= 0.000091926
2750 0.000093749 2750 0.000006036 add_time= 0.000113230
2600 0.000081559 2600 0.000005654 add_time= 0.000099775
1250 0.000042983 1250 0.000006166 add_time= 0.000061914
1250 0.000024869 1250 0.000005420 add_time= 0.000053916
2500 0.000070744 2500 0.000006265 add_time= 0.000090742
2860 0.000050785 2860 0.000006240 add_time= 0.000071554
1300 0.000021751 1300 0.000004732 add_time= 0.000038264
2500 0.000032081 2500 0.000005469 add_time= 0.000050915
2500 0.000059171 2500 0.000006354 add_time= 0.000080723
2652 0.000071913 2652 0.000006205 add_time= 0.000093790
2500 0.000021467 2500 0.000006282 add_time= 0.000043252
2750 0.000050410 2750 0.000006399 add_time= 0.000072090
2756 0.000066036 2756 0.000006489 add_time= 0.000088504
2600 0.000052817 2600 0.000006480 add_time= 0.000074819
2500 0.000050296 2500 0.000006266 add_time= 0.000077078
1250 0.000035962 1250 0.000011951 add_time= 0.000059043
2650 0.000060921 2650 0.000006641 add_time= 0.000088062
1250 0.000031501 1250 0.000006085 add_time= 0.000050541
2600 0.000194916 2600 0.000006466 add_time= 0.000217051
2750 0.000025290 2750 0.000006105 add_time= 0.000045464
2500 0.000100563 2500 0.000006333 add_time= 0.000122377
2601 0.000053854 2601 0.000006310 add_time= 0.000075252
2500 0.000014961 2500 0.000012738 add_time= 0.000040545
2500 0.000060588 2500 0.000006451 add_time= 0.000082362
2650 0.000069533 2650 0.000006546 add_time= 0.000092377
2500 0.000042221 2500 0.000006297 add_time= 0.000063828
3025 0.000114056 3025 0.000005899 add_time= 0.000134512
2750 0.000041758 2750 0.000006544 add_time= 0.000072786
2652 0.000045569 2652 0.000006435 add_time= 0.000067582
2754 0.000079563 2754 0.000006380 add_time= 0.000102195
2750 0.000048166 2750 0.000015155 add_time= 0.000077274
2915 0.000089154 2915 0.000006461 add_time= 0.000112316
2600 0.000143892 2600 0.000006380 add_time= 0.000165669
2750 0.000126098 2750 0.000014944 add_time= 0.000156447
2805 0.000047868 2805 0.000006810 add_time= 0.000070438
2805 0.000071106 2805 0.000006133 add_time= 0.000091706
2750 0.000058865 2750 0.000006532 add_time= 0.000081283
2500 0.000088832 2500 0.000006111 add_time= 0.000109588
2600 0.000045876 2600 0.000006362 add_time= 0.000067642
2750 0.000038895 2750 0.000005870 add_time= 0.000057904
2860 0.000071882 2860 0.000006548 add_time= 0.000093824
2550 0.000015488 2550 0.000013233 add_time= 0.000044005
2600 0.000076165 2600 0.000006156 add_time= 0.000096323
2809 0.000100778 2809 0.000006008 add_time= 0.000122521
1300 0.000043874 1300 0.000005177 add_time= 0.000060498
2500 0.000035278 2500 0.000005772 add_time= 0.000055409
2750 0.000078454 2750 0.000006823 add_time= 0.000099487
2805 0.000093257 2805 0.000005851 add_time= 0.000112436
2500 0.000057075 2500 0.000005403 add_time= 0.000075097
2862 0.000265395 2862 0.000006428 add_time= 0.000287495
2750 0.000076272 2750 0.000006318 add_time= 0.000098538
2750 0.000056967 2750 0.000005541 add_time= 0.000075903
2652 0.000119623 2652 0.000006172 add_time= 0.000138443
2550 0.000013903 2550 0.000012343 add_time= 0.000038748
2600 0.000057299 2600 0.000022331 add_time= 0.000092940
2550 0.000091844 2550 0.000010100 add_time= 0.000126624
2756 0.000036111 2756 0.000016075 add_time= 0.000081055
2750 0.000429173 2750 0.000013514 add_time= 0.000464904
2805 0.000197663 2805 0.000008100 add_time= 0.000220853
2550 0.000095715 2550 0.000006756 add_time= 0.000118440
2500 0.000104178 2500 0.000012446 add_time= 0.000132947
1275 0.000110246 1275 0.000010107 add_time= 0.000134621
2704 0.000143658 2704 0.000007517 add_time= 0.000170579
2652 0.000055233 2652 0.000006070 add_time= 0.000076146
2915 0.000244722 2915 0.000006198 add_time= 0.000266117
2750 0.000092352 2750 0.000006067 add_time= 0.000112758
2601 0.000147793 2601 0.000007414 add_time= 0.000176783
2550 0.000007461 2550 0.000023121 add_time= 0.000058172
2500 0.000034544 2500 0.000006398 add_time= 0.000055537
2703 0.000093366 2703 0.000008130 add_time= 0.000119807
2600 0.000069524 2600 0.000005857 add_time= 0.000089981
3025 0.000237468 3025 0.000007152 add_time= 0.000261168
2750 0.000037291 2750 0.000006552 add_time= 0.000068064
2550 0.000065739 2550 0.000006298 add_time= 0.000096892
2600 0.000156964 2600 0.000007250 add_time= 0.000187495
2500 0.000185114 2500 0.000008597 add_time= 0.000210604
2805 0.000090707 2805 0.000006540 add_time= 0.000122530
2805 0.000031692 2805 0.000006047 add_time= 0.000052466
2550 0.000261287 2550 0.000012896 add_time= 0.000290219
2500 0.000006965 2500 0.000021936 add_time= 0.000045224
2750 0.000093870 2750 0.000006756 add_time= 0.000121753
2550 0.000455346 2550 0.000006081 add_time= 0.000477234
2550 0.000105435 2550 0.000007577 add_time= 0.000128792
2550 0.000142777 2550 0.000007692 add_time= 0.000166544
2805 0.000167365 2805 0.000015782 add_time= 0.000217329
2600 0.000006437 2600 0.000025157 add_time= 0.000053602
2500 0.000089551 2500 0.000010085 add_time= 0.000115033
2703 0.000198844 2703 0.000008544 add_time= 0.000234711
2600 0.000081548 2600 0.000007780 add_time= 0.000105839
2915 0.000086012 2915 0.000016186 add_time= 0.000120003
2805 0.000163196 2805 0.000007078 add_time= 0.000186580
2652 0.000019610 2652 0.000014204 add_time= 0.000058741
2915 0.000459595 2915 0.000012222 add_time= 0.000496078
2550 0.000147037 2550 0.000006644 add_time= 0.000171936
3025 0.000073203 3025 0.000008598 add_time= 0.000111981
2700 0.000068189 2700 0.000006622 add_time= 0.000099643
2500 0.000185058 2500 0.000009146 add_time= 0.000224925
2700 0.000036462 2700 0.000007674 add_time= 0.000062232
2703 0.000125684 2703 0.000006304 add_time= 0.000150783
2750 0.000073341 2750 0.000006707 add_time= 0.000096404
2650 0.000047905 2650 0.000007221 add_time= 0.000071462
2550 0.000111512 2550 0.000007350 add_time= 0.000134799
2750 0.000016978 2750 0.000034269 add_time= 0.000066275
2750 0.000055498 2750 0.000007550 add_time= 0.000079857
2600 0.000127519 2600 0.000008615 add_time= 0.000175752
2650 0.000033546 2650 0.000008353 add_time= 0.000099600
2805 0.000030745 2805 0.000008467 add_time= 0.000066988
2601 0.000075362 2601 0.000019043 add_time= 0.000119023
2700 0.000076170 2700 0.000007907 add_time= 0.000120640
2600 0.000424154 2600 0.000006743 add_time= 0.000449889
2500 0.000150116 2500 0.000017425 add_time= 0.000184142
2860 0.000076593 2860 0.000008888 add_time= 0.000100550
2550 0.000093991 2550 0.000009439 add_time= 0.000119196
2550 0.000160716 2550 0.000005648 add_time= 0.000188924
2500 0.000025711 2500 0.000006301 add_time= 0.000048060
1350 0.000055452 1350 0.000009442 add_time= 0.000078665
2500 0.000106208 2500 0.000006319 add_time= 0.000127430
2500 0.000032363 2500 0.000006867 add_time= 0.000061945
1375 0.000055316 1375 0.000005616 add_time= 0.000074118
2500 0.000115255 2500 0.000006402 add_time= 0.000136701
2601 0.000064986 2601 0.000006338 add_time= 0.000087070
2500 0.000060446 2500 0.000006488 add_time= 0.000082007
2750 0.000086571 2750 0.000006928 add_time= 0.000110405
2756 0.000087703 2756 0.000007488 add_time= 0.000111870
2500 0.000100724 2500 0.000006162 add_time= 0.000122547
2500 0.000076260 2500 0.000006120 add_time= 0.000097318
2805 0.000145225 2805 0.000006858 add_time= 0.000167356
2550 0.000016797 2550 0.000013084 add_time= 0.000045553
2500 0.000048760 2500 0.000006244 add_time= 0.000070230
2600 0.000178738 2600 0.000006486 add_time= 0.000200925
2750 0.000086491 2750 0.000006749 add_time= 0.000117367
2750 0.000064926 2750 0.000006386 add_time= 0.000097837
2754 0.000110733 2754 0.000005639 add_time= 0.000132079
2500 0.000039202 2500 0.000006523 add_time= 0.000061540
3025 0.000030931 3025 0.000008080 add_time= 0.000054586
1250 0.000043754 1250 0.000005379 add_time= 0.000060185
2703 0.000145644 2703 0.000006520 add_time= 0.000168750
2600 0.000039409 2600 0.000006522 add_time= 0.000061599
2750 0.000109290 2750 0.000005688 add_time= 0.000128657
2750 0.000080603 2750 0.000006715 add_time= 0.000103921
2601 0.000176399 2601 0.000014027 add_time= 0.000204379
2862 0.000036038 2862 0.000071783 add_time= 0.000123843
2915 0.000061646 2915 0.000006340 add_time= 0.000082762
1275 0.000046886 1275 0.000005450 add_time= 0.000063741
2704 0.000102072 2704 0.000013204 add_time= 0.000130999
2600 0.000048605 2600 0.000006402 add_time= 0.000070904
2750 0.000060832 2750 0.000006759 add_time= 0.000084449
2550 0.000016048 2550 0.000018627 add_time= 0.000050008
2700 0.000070121 2700 0.000006765 add_time= 0.000093613
2860 0.000182255 2860 0.000007326 add_time= 0.000216896
2652 0.000027242 2652 0.000018223 add_time= 0.000061683
2750 0.000135426 2750 0.000005743 add_time= 0.000155963
2652 0.000181999 2652 0.000012940 add_time= 0.000218952
2500 0.000016741 2500 0.000014062 add_time= 0.000047337
3025 0.000054064 3025 0.000007493 add_time= 0.000079337
2650 0.000122302 2650 0.000006878 add_time= 0.000146333
2600 0.000026680 2600 0.000006011 add_time= 0.000048265
1375 0.000035181 1375 0.000006251 add_time= 0.000055130
2750 0.000079197 2750 0.000006486 add_time= 0.000101877
2754 0.000016862 2754 0.000013826 add_time= 0.000047153
2915 0.000118376 2915 0.000006684 add_time= 0.000141379
1250 0.000097303 1250 0.000005441 add_time= 0.000115156
2860 0.000247148 2860 0.000007014 add_time= 0.000271433
2500 0.000183011 2500 0.000006430 add_time= 0.000203521
2860 0.000106268 2860 0.000006580 add_time= 0.000129546
2550 0.000097165 2550 0.000005746 add_time= 0.000123590
2700 0.000033574 2700 0.000006778 add_time= 0.000056262
1250 0.000145748 1250 0.000005991 add_time= 0.000163925
2750 0.000096062 2750 0.000007373 add_time= 0.000120868
1300 0.000121050 1300 0.000006129 add_time= 0.000148381
2750 0.000158610 2750 0.000006739 add_time= 0.000182058
2500 0.000086198 2500 0.000009479 add_time= 0.000111371
2700 0.000133688 2700 0.000006782 add_time= 0.000156727
2750 0.000034083 2750 0.000008202 add_time= 0.000057079
2500 0.000071598 2500 0.000006949 add_time= 0.000095320
2652 0.000045829 2652 0.000005933 add_time= 0.000080947
2805 0.000093716 2805 0.000006900 add_time= 0.000116679
2805 0.000074928 2805 0.000006962 add_time= 0.000096296
2500 0.000043128 2500 0.000006214 add_time= 0.000063091
2700 0.000026251 2700 0.000006586 add_time= 0.000056264
1375 0.000093515 1375 0.000006136 add_time= 0.000112987
2756 0.000195965 2756 0.000009218 add_time= 0.000233948
2750 0.001668561 2750 0.000006602 add_time= 0.001691295
2601 0.000254400 2601 0.000007366 add_time= 0.000291029
2500 0.000013752 2500 0.000078561 add_time= 0.000116454
2750 0.000022183 2750 0.000006777 add_time= 0.000045794
2500 0.000227958 2500 0.000008141 add_time= 0.000252413
2600 0.000444043 2600 0.000006395 add_time= 0.000465898
2750 0.000099078 2750 0.000009675 add_time= 0.000124134
2750 0.000062960 2750 0.000006357 add_time= 0.000084767
2750 0.000035987 2750 0.000006394 add_time= 0.000057312
2700 0.000030100 2700 0.000007039 add_time= 0.000054548
1250 0.000039818 1250 0.000009529 add_time= 0.000063913
2750 0.000186898 2750 0.000007276 add_time= 0.000212459
2600 0.000102440 2600 0.000005826 add_time= 0.000122646
1375 0.000102007 1375 0.000006311 add_time= 0.000121918
2550 0.000232556 2550 0.000006099 add_time= 0.000253479
2500 0.000006970 2500 0.000012962 add_time= 0.000046713
2650 0.000064396 2650 0.000009459 add_time= 0.000088183
2500 0.000186135 2500 0.000007436 add_time= 0.000210887
1300 0.000163731 1300 0.000005934 add_time= 0.000184623
2750 0.000126891 2750 0.000007264 add_time= 0.000164291
2750 0.000084920 2750 0.000007043 add_time= 0.000108829
2500 0.000007251 2500 0.000012924 add_time= 0.000036474
2700 0.000071322 2700 0.000006231 add_time= 0.000092261
2750 0.000032556 2750 0.000005776 add_time= 0.000052414
2600 0.000043317 2600 0.000006560 add_time= 0.000072673
2600 0.000094320 2600 0.000017382 add_time= 0.000126582
2500 0.000100301 2500 0.000006683 add_time= 0.000130348
2750 0.000047173 2750 0.000006539 add_time= 0.000069393
2750 0.000111323 2750 0.000005846 add_time= 0.000132352
2750 0.000053751 2750 0.000005741 add_time= 0.000073863
2700 0.000037998 2700 0.000013179 add_time= 0.000067336
2750 0.000043632 2750 0.000005705 add_time= 0.000063901
2500 0.000030477 2500 0.000007060 add_time= 0.000054477
2550 0.000142498 2550 0.000007422 add_time= 0.000182475
2600 0.000110226 2600 0.000007190 add_time= 0.000133638
2860 0.000140118 2860 0.000006362 add_time= 0.000163740
2750 0.000088097 2750 0.000010074 add_time= 0.000126216
1250 0.000106100 1250 0.000006697 add_time= 0.000126655
2600 0.000007071 2600 0.000013990 add_time= 0.000037073
2500 0.000076853 2500 0.000007136 add_time= 0.000100280
2500 0.000247727 2500 0.000006647 add_time= 0.000271883
2860 0.000035079 2860 0.000008263 add_time= 0.000059250
2750 0.000121366 2750 0.000018588 add_time= 0.000156668
2970 0.000086042 2970 0.000006657 add_time= 0.000110231
2700 0.000197715 2700 0.000005681 add_time= 0.000218230
2500 0.000205551 2500 0.000013171 add_time= 0.000240574
1275 0.000093778 1275 0.000005928 add_time= 0.000111703
2652 0.000195594 2652 0.000007257 add_time= 0.000221963
2750 0.000151633 2750 0.000007814 add_time= 0.000176689
2500 0.000057487 2500 0.000006254 add_time= 0.000078605
2550 0.000101796 2550 0.000006340 add_time= 0.000122518
2754 0.000041859 2754 0.000006058 add_time= 0.000062371
1300 0.000044475 1300 0.000006207 add_time= 0.000061865
2704 0.000165837 2704 0.000019914 add_time= 0.000233960
2805 0.000079974 2805 0.000009002 add_time= 0.000120924
2500 0.000072668 2500 0.000008387 add_time= 0.000118809
2500 0.000098564 2500 0.000008400 add_time= 0.000131482
2750 0.000047615 2750 0.000009141 add_time= 0.000084626
1250 0.000097969 1250 0.000006574 add_time= 0.000124261
1300 0.000043481 1300 0.000005716 add_time= 0.000073339
2750 0.000119252 2750 0.000006993 add_time= 0.000153294
2500 0.000056871 2500 0.000007241 add_time= 0.000080005
2550 0.000115445 2550 0.000006239 add_time= 0.000136086
2550 0.000130123 2550 0.000007724 add_time= 0.000169350
2700 0.000181078 2700 0.000015234 add_time= 0.000222465
3025 0.000081983 3025 0.000006812 add_time= 0.000115579
2970 0.000062403 2970 0.000006280 add_time= 0.000093196
2550 0.000066001 2550 0.000006970 add_time= 0.000109112
2550 0.000013840 2550 0.000013327 add_time= 0.000052178
2754 0.000041035 2754 0.000006029 add_time= 0.000074302
1275 0.000249098 1275 0.000005844 add_time= 0.000277882
2750 0.000100598 2750 0.000006738 add_time= 0.000133681
2970 0.000045996 2970 0.000006757 add_time= 0.000089472
2750 0.000050879 2750 0.000006684 add_time= 0.000084777
2652 0.000027577 2652 0.000007042 add_time= 0.000058491
2700 0.000045074 2700 0.000006707 add_time= 0.000075333
1275 0.000335837 1275 0.000006641 add_time= 0.000365685
2500 0.000176687 2500 0.000006288 add_time= 0.000205464
2860 0.000104747 2860 0.000005820 add_time= 0.000125722
2750 0.000046087 2750 0.000006517 add_time= 0.000067848
2750 0.000029994 2750 0.000006455 add_time= 0.000049831
2601 0.000166421 2601 0.000007410 add_time= 0.000188673
2550 0.000072929 2550 0.000006310 add_time= 0.000093621
2500 0.000226867 2500 0.000006141 add_time= 0.000248066
2500 0.000094003 2500 0.000006063 add_time= 0.000114836
2500 0.000041787 2500 0.000006337 add_time= 0.000062482
2550 0.000257842 2550 0.000006874 add_time= 0.000279652
2808 0.000014975 2808 0.000014117 add_time= 0.000042697
1300 0.000174532 1300 0.000005739 add_time= 0.000192899
2756 0.000105018 2756 0.000007309 add_time= 0.000139209
2750 0.000037742 2750 0.000006672 add_time= 0.000059902
2500 0.000122018 2500 0.000006785 add_time= 0.000153330
2550 0.000176439 2550 0.000006782 add_time= 0.000198412
2500 0.000013979 2500 0.000014026 add_time= 0.000041124
2600 0.000133149 2600 0.000006039 add_time= 0.000152374
2500 0.000049282 2500 0.000006417 add_time= 0.000070837
2756 0.000035884 2756 0.000006558 add_time= 0.000057291
2750 0.000073074 2750 0.000006568 add_time= 0.000095031
2500 0.000083851 2500 0.000005759 add_time= 0.000102448
2754 0.000061784 2754 0.000007445 add_time= 0.000084541
2500 0.000112535 2500 0.000017684 add_time= 0.000145293
2652 0.000272854 2652 0.000007178 add_time= 0.000295771
2750 0.000076811 2750 0.000006202 add_time= 0.000097919
2700 0.000027047 2700 0.000006198 add_time= 0.000047730
2750 0.000015045 2750 0.000015588 add_time= 0.000056674
2750 0.000042385 2750 0.000008167 add_time= 0.000071938
2500 0.000145952 2500 0.000006955 add_time= 0.000168190
2650 0.000040725 2650 0.000006331 add_time= 0.000062067
2500 0.000028507 2500 0.000005657 add_time= 0.000047717
2550 0.000169839 2550 0.000006233 add_time= 0.000191025
2650 0.000053879 2650 0.000006578 add_time= 0.000084584
2600 0.000322713 2600 0.000006919 add_time= 0.000344523
2652 0.000025851 2652 0.000005892 add_time= 0.000045430
2750 0.000027065 2750 0.000006292 add_time= 0.000048870
1275 0.000030081 1275 0.000005806 add_time= 0.000048501
2550 0.000181880 2550 0.000005769 add_time= 0.000201115
2500 0.000058163 2500 0.000007609 add_time= 0.000081421
2500 0.000239441 2500 0.000006285 add_time= 0.000270231
2750 0.000122696 2750 0.000006484 add_time= 0.000144364
2600 0.000039257 2600 0.000006775 add_time= 0.000070671
2750 0.000063919 2750 0.000006992 add_time= 0.000086505
2601 0.000015737 2601 0.000013490 add_time= 0.000044758
2915 0.000103748 2915 0.000006957 add_time= 0.000144255
2650 0.000561925 2650 0.000009196 add_time= 0.000595901
2500 0.000194850 2500 0.000007590 add_time= 0.000218761
2500 0.000069752 2500 0.000010231 add_time= 0.000095524
2750 0.000103990 2750 0.000006162 add_time= 0.000132317
2550 0.000006561 2550 0.000014256 add_time= 0.000034994
3025 0.000125356 3025 0.000006290 add_time= 0.000146121
1250 0.000474434 1250 0.000005503 add_time= 0.000491021
2750 0.000199673 2750 0.000007863 add_time= 0.000226219
2600 0.000145512 2600 0.000005995 add_time= 0.000167589
2650 0.000062923 2650 0.000005762 add_time= 0.000082812
2805 0.000187232 2805 0.000006910 add_time= 0.000210576
2550 0.000006263 2550 0.000013286 add_time= 0.000034265
2550 0.000052014 2550 0.000006669 add_time= 0.000074917
2550 0.000140263 2550 0.000013421 add_time= 0.000168093
2500 0.000141894 2500 0.000006928 add_time= 0.000165593
2860 0.000499071 2860 0.000007313 add_time= 0.000522772
2500 0.000150504 2500 0.000009171 add_time= 0.000173677
2750 0.000031353 2750 0.000006180 add_time= 0.000059486
2500 0.000188091 2500 0.000006739 add_time= 0.000210246
2970 0.000057344 2970 0.000007903 add_time= 0.000081846
1350 0.000039847 1350 0.000005946 add_time= 0.000059486
2550 0.000134708 2550 0.000007076 add_time= 0.000158812
2652 0.000087588 2652 0.000005701 add_time= 0.000107197
3025 0.000099878 3025 0.000007536 add_time= 0.000144275
2805 0.000052564 2805 0.000007081 add_time= 0.000076726
2703 0.000118465 2703 0.000006612 add_time= 0.000141044
2750 0.000006861 2750 0.000031346 add_time= 0.000065155
1375 0.000042926 1375 0.000018329 add_time= 0.000074967
2704 0.000230753 2704 0.000006580 add_time= 0.000260734
2700 0.000149064 2700 0.000006213 add_time= 0.000170797
2550 0.000080557 2550 0.000006125 add_time= 0.000102554
2500 0.000006809 2500 0.000014456 add_time= 0.000037304
2750 0.000084559 2750 0.000006479 add_time= 0.000110238
2600 0.000275620 2600 0.000017701 add_time= 0.000322593
2750 0.000043312 2750 0.000006556 add_time= 0.000065955
2550 0.000039571 2550 0.000006607 add_time= 0.000061879
2550 0.000124273 2550 0.000009220 add_time= 0.000152790
2550 0.000015231 2550 0.000013955 add_time= 0.000044961
2500 0.000041961 2500 0.000006584 add_time= 0.000064134
2500 0.000254048 2500 0.000006723 add_time= 0.000277740
2500 0.000057747 2500 0.000006303 add_time= 0.000079769
2550 0.000175684 2550 0.000006166 add_time= 0.000196354
2500 0.000025096 2500 0.000005462 add_time= 0.000044264
2550 0.000322175 2550 0.000007754 add_time= 0.000352736
1350 0.000053973 1350 0.000017400 add_time= 0.000084455
2500 0.000046778 2500 0.000018204 add_time= 0.000079446
2600 0.000095749 2600 0.000006409 add_time= 0.000120927
2500 0.000084996 2500 0.000006750 add_time= 0.000108562
2750 0.000050265 2750 0.000006716 add_time= 0.000072959
2652 0.000056227 2652 0.000006464 add_time= 0.000077617
2805 0.000006921 2805 0.000027736 add_time= 0.000050587
3025 0.000070870 3025 0.000007142 add_time= 0.000094189
2860 0.000040894 2860 0.000009167 add_time= 0.000095497
2500 0.000007181 2500 0.000008878 add_time= 0.000042498
2550 0.000050304 2550 0.000007458 add_time= 0.000081158
2500 0.000089920 2500 0.000007232 add_time= 0.000121018
2550 0.000025430 2550 0.000016362 add_time= 0.000065334
2601 0.000030162 2601 0.000027297 add_time= 0.000096177
1325 0.000019500 1325 0.000008568 add_time= 0.000055668
2600 0.000251146 2600 0.000006670 add_time= 0.000279189
2750 0.000043195 2750 0.000006338 add_time= 0.000066662
2750 0.000093111 2750 0.000007083 add_time= 0.000117226
2550 0.000116467 2550 0.000006337 add_time= 0.000138671
2550 0.000042590 2550 0.000006501 add_time= 0.000065600
2750 0.000049913 2750 0.000010391 add_time= 0.000075447
2550 0.000140254 2550 0.000006493 add_time= 0.000161596
2808 0.000049124 2808 0.000006616 add_time= 0.000071467
2750 0.000185184 2750 0.000006806 add_time= 0.000207295
2860 0.000036681 2860 0.000006603 add_time= 0.000058721
2805 0.000064656 2805 0.000006601 add_time= 0.000092531
2750 0.000006285 2750 0.000013464 add_time= 0.000033443
2970 0.000058849 2970 0.000006515 add_time= 0.000081058
1250 0.000039591 1250 0.000006294 add_time= 0.000058491
2550 0.000199465 2550 0.000006907 add_time= 0.000222595
2860 0.000060417 2860 0.000006567 add_time= 0.000083003
2750 0.000030363 2750 0.000018003 add_time= 0.000064828
2601 0.000066802 2601 0.000006325 add_time= 0.000088830
2600 0.000032307 2600 0.000006631 add_time= 0.000054722
1250 0.000020834 1250 0.000006165 add_time= 0.000059411
2650 0.000064763 2650 0.000007433 add_time= 0.000088263
2652 0.000050999 2652 0.000006596 add_time= 0.000073644
2750 0.000098415 2750 0.000005928 add_time= 0.000118201
2750 0.000172672 2750 0.000005689 add_time= 0.000192129
2600 0.000068425 2600 0.000005484 add_time= 0.000084972
2754 0.000067413 2754 0.000006304 add_time= 0.000090342
2860 0.000181862 2860 0.000007499 add_time= 0.000206194
2650 0.000047851 2650 0.000007091 add_time= 0.000070964
2805 0.000056243 2805 0.000006264 add_time= 0.000078654
2601 0.000050259 2601 0.000007306 add_time= 0.000073316
2550 0.000013978 2550 0.000012712 add_time= 0.000040796
2500 0.000041201 2500 0.000007461 add_time= 0.000065288
2600 0.000127402 2600 0.000007167 add_time= 0.000150186
2600 0.000063010 2600 0.000005974 add_time= 0.000083159
2805 0.000026978 2805 0.000006844 add_time= 0.000049832
1375 0.000056336 1375 0.000005551 add_time= 0.000075042
2754 0.000007277 2754 0.000015077 add_time= 0.000038608
2750 0.000053530 2750 0.000006256 add_time= 0.000075233
2550 0.000427743 2550 0.000007005 add_time= 0.000450273
2750 0.000060916 2750 0.000007390 add_time= 0.000083976
2550 0.000035048 2550 0.000006014 add_time= 0.000055681
2700 0.000028036 2700 0.000021707 add_time= 0.000065560
2500 0.000046856 2500 0.000006031 add_time= 0.000066183
2700 0.000033638 2700 0.000005610 add_time= 0.000052929
2600 0.000529548 2600 0.000006389 add_time= 0.000550948
2860 0.000196074 2860 0.000006445 add_time= 0.000228061
2750 0.000203907 2750 0.000006153 add_time= 0.000224318
2550 0.000030942 2550 0.000006452 add_time= 0.000052885
2750 0.000024699 2750 0.000014462 add_time= 0.000055418
2750 0.000125504 2750 0.000006022 add_time= 0.000145468
2750 0.000049085 2750 0.000006550 add_time= 0.000068861
1375 0.000017941 1375 0.000005520 add_time= 0.000034411
2750 0.000402747 2750 0.000006774 add_time= 0.000425299
2652 0.000134227 2652 0.000006272 add_time= 0.000154366
2500 0.000041901 2500 0.000006682 add_time= 0.000063613
2601 0.000090892 2601 0.000005703 add_time= 0.000110400
2700 0.000015608 2700 0.000070757 add_time= 0.000101891
2550 0.000046940 2550 0.000006284 add_time= 0.000069181
2500 0.000128189 2500 0.000006287 add_time= 0.000149118
2652 0.000040384 2652 0.000006033 add_time= 0.000060741
2600 0.000043827 2600 0.000006380 add_time= 0.000065577
2500 0.000034103 2500 0.000007196 add_time= 0.000056684
2652 0.000014385 2652 0.000013668 add_time= 0.000041996
2500 0.000058127 2500 0.000006233 add_time= 0.000079476
2600 0.000074009 2600 0.000006575 add_time= 0.000096383
2600 0.000037213 2600 0.000006025 add_time= 0.000056326
2500 0.000154707 2500 0.000006730 add_time= 0.000176487
2500 0.000146546 2500 0.000005493 add_time= 0.000165434
2750 0.000092151 2750 0.000005662 add_time= 0.000111141
2550 0.000015000 2550 0.000013323 add_time= 0.000048850
2750 0.000028998 2750 0.000005764 add_time= 0.000056848
2756 0.000047473 2756 0.000010176 add_time= 0.000081356
2500 0.000085791 2500 0.000010226 add_time= 0.000119839
2600 0.000108412 2600 0.000007707 add_time= 0.000132163
2550 0.000084285 2550 0.000006339 add_time= 0.000105394
2500 0.000006505 2500 0.000022424 add_time= 0.000043338
2500 0.000107466 2500 0.000015221 add_time= 0.000144892
2750 0.000465400 2750 0.000008454 add_time= 0.000490083
2750 0.000101837 2750 0.000006406 add_time= 0.000124568
2750 0.000040454 2750 0.000026384 add_time= 0.000084204
2550 0.000393058 2550 0.000006759 add_time= 0.000416102
2600 0.000006282 2600 0.000032980 add_time= 0.000053563
2750 0.000041044 2750 0.000010416 add_time= 0.000075598
2500 0.000165361 2500 0.000007535 add_time= 0.000189329
2860 0.000032169 2860 0.000010945 add_time= 0.000070881
2750 0.000064455 2750 0.000009856 add_time= 0.000088801
2500 0.000026696 2500 0.000006646 add_time= 0.000049318
2500 0.000117642 2500 0.000010191 add_time= 0.000143781
2550 0.000006004 2550 0.000012659 add_time= 0.000032921
2750 0.000068273 2750 0.000017483 add_time= 0.000117401
2750 0.000166812 2750 0.000008621 add_time= 0.000192214
2600 0.000037695 2600 0.000006155 add_time= 0.000059590
2600 0.000132533 2600 0.000007622 add_time= 0.000156833
2652 0.000121175 2652 0.000006347 add_time= 0.000147813
2754 0.000080915 2754 0.000006765 add_time= 0.000104789
1250 0.000023011 1250 0.000005747 add_time= 0.000042047
