2500 0.000073088 2500 0.000014150 add_time= 0.001560560
2750 0.000032047 2750 0.000008422 add_time= 0.000057148
2600 0.000071175 2600 0.000007176 add_time= 0.000094771
2750 0.000316302 2750 0.000007867 add_time= 0.000345660
3025 0.000056103 3025 0.000007215 add_time= 0.000080778
2500 0.000089232 2500 0.000005842 add_time= 0.000115697
2550 0.000118092 2550 0.000006527 add_time= 0.000151305
2600 0.000106544 2600 0.000010185 add_time= 0.000167474
2750 0.000084367 2750 0.000018938 add_time= 0.000120493
2600 0.000083316 2600 0.000008334 add_time= 0.000109770
2652 0.000385265 2652 0.000007387 add_time= 0.000415687
2805 0.000110477 2805 0.000017984 add_time= 0.000148847
1300 0.000247142 1300 0.000006914 add_time= 0.000274092
2750 0.000109630 2750 0.000011537 add_time= 0.000162168
2750 0.000372142 2750 0.000007189 add_time= 0.000407718
2750 0.000056221 2750 0.000007638 add_time= 0.000081364
2704 0.000220264 2704 0.000007383 add_time= 0.000269873
2601 0.000343038 2601 0.000018953 add_time= 0.000378920
2860 0.000288808 2860 0.000009732 add_time= 0.000324606
2500 0.000008281 2500 0.000025369 add_time= 0.000057030
2500 0.000701032 2500 0.000007806 add_time= 0.000726709
2500 0.000259409 2500 0.000012267 add_time= 0.000400929
2703 0.000083800 2703 0.000009452 add_time= 0.000136724
2500 0.000099401 2500 0.000018900 add_time= 0.000146813
2650 0.000400388 2650 0.000013793 add_time= 0.001786360
2500 0.000070302 2500 0.000008084 add_time= 0.000094963
2700 0.000045374 2700 0.000008395 add_time= 0.000069608
2500 0.000121617 2500 0.000006959 add_time= 0.000147832
2805 0.000164579 2805 0.000007348 add_time= 0.000189420
2500 0.000090642 2500 0.000007261 add_time= 0.000114120
2808 0.000497275 2808 0.000118871 add_time= 0.000736908
2754 0.000370680 2754 0.000010425 add_time= 0.000399734
2600 0.000335910 2600 0.000008060 add_time= 0.000375136
2862 0.000277102 2862 0.000007375 add_time= 0.000308035
2600 0.000440909 2600 0.000007663 add_time= 0.000490527
2652 0.000071664 2652 0.000006739 add_time= 0.000096156
2750 0.000058592 2750 0.000033208 add_time= 0.000113054
2750 0.000066900 2750 0.000008025 add_time= 0.000092434
2970 0.000056046 2970 0.000007299 add_time= 0.000085287
2750 0.000261241 2750 0.000008059 add_time= 0.000316966
2550 0.000020753 2550 0.000027346 add_time= 0.000088317
2650 0.000213038 2650 0.000010586 add_time= 0.000401285
2500 0.000029040 2500 0.000008372 add_time= 0.000092580
2500 0.000015700 2500 0.000017816 add_time= 0.000075097
