2750 0.000111311 2750 0.000017254 add_time= 0.001528984
2750 0.000066295 2750 0.000007754 add_time= 0.000090324
2805 0.000109865 2805 0.000016720 add_time= 0.000154124
2600 0.000245556 2600 0.000007773 add_time= 0.000272667
2750 0.000113641 2750 0.000026331 add_time= 0.000166724
1275 0.000085648 1275 0.000005666 add_time= 0.000115157
2500 0.000624012 2500 0.000011315 add_time= 0.000682053
2652 0.000220848 2652 0.000006612 add_time= 0.000251234
2500 0.000099860 2500 0.000007178 add_time= 0.000123486
2500 0.000789760 2500 0.000014512 add_time= 0.000824642
2550 0.000146719 2550 0.000007328 add_time= 0.000169758
1375 0.000274078 1375 0.000007796 add_time= 0.000299947
2700 0.001129898 2700 0.000021668 add_time= 0.001181049
2750 0.000191620 2750 0.000007742 add_time= 0.000215454
1250 0.000359628 1250 0.000010907 add_time= 0.000384964
2703 0.000568395 2703 0.000008822 add_time= 0.000598767
2750 0.000156508 2750 0.000007048 add_time= 0.000179666
2700 0.000097989 2700 0.000007244 add_time= 0.000120784
2704 0.000426980 2704 0.000007067 add_time= 0.000455600
2550 0.001072058 2550 0.000007557 add_time= 0.001096026
2700 0.001290193 2700 0.000012945 add_time= 0.001319382
2704 0.000081914 2704 0.000009770 add_time= 0.000197494
2750 0.000059735 2750 0.000028855 add_time= 0.000121220
2750 0.000047286 2750 0.000008923 add_time= 0.000081881
2500 0.000359926 2500 0.000015476 add_time= 0.001958346
2650 0.000068789 2650 0.000009851 add_time= 0.000094457
2550 0.000073135 2550 0.000008441 add_time= 0.000103835
2550 0.000416537 2550 0.000009787 add_time= 0.000447268
2550 0.000116241 2550 0.000007185 add_time= 0.000162346
1375 0.000124864 1375 0.000006150 add_time= 0.000146709
2650 0.000589246 2650 0.000010485 add_time= 0.000701960
1275 0.000109499 1275 0.000006606 add_time= 0.000131003
1250 0.000223334 1250 0.000006037 add_time= 0.000242679
2805 0.000209776 2805 0.000007883 add_time= 0.000259724
2750 0.000243234 2750 0.000017749 add_time= 0.000276879
2550 0.000169407 2550 0.000015466 add_time= 0.000200102
1300 0.000352704 1300 0.000007539 add_time= 0.000386216
2550 0.000304452 2550 0.000007943 add_time= 0.000336767
2550 0.000636288 2550 0.000008302 add_time= 0.000666097
2750 0.000148039 2750 0.000006540 add_time= 0.000173613
2700 0.000223316 2700 0.000015132 add_time= 0.000321207
2550 0.000118017 2550 0.000011836 add_time= 0.000150999
2500 0.000069304 2500 0.000027210 add_time= 0.000221157
2500 0.000121196 2500 0.000028159 add_time= 0.000176695
2750 0.000091678 2750 0.000018087 add_time= 0.000141977
2650 0.000037312 2650 0.000011988 add_time= 0.001137466
2808 0.000124383 2808 0.000008872 add_time= 0.000148688
2805 0.000018446 2805 0.000024920 add_time= 0.000068902
2601 0.000095579 2601 0.000007029 add_time= 0.000118572
2500 0.000049641 2500 0.000006334 add_time= 0.000071427
2550 0.000191005 2550 0.000007038 add_time= 0.000214766
2500 0.000081170 2500 0.000005963 add_time= 0.000105628
2650 0.000017536 2650 0.000037466 add_time= 0.000071057
2601 0.000062898 2601 0.000015724 add_time= 0.000094531
2500 0.000072265 2500 0.000005856 add_time= 0.000092445
2650 0.000404105 2650 0.000009264 add_time= 0.000463815
2600 0.000048997 2600 0.000008214 add_time= 0.000075429
2750 0.000138287 2750 0.000019495 add_time= 0.000173865
2550 0.000065626 2550 0.000006825 add_time= 0.000089387
2500 0.000027572 2500 0.000006121 add_time= 0.000048571
2600 0.000077303 2600 0.000006938 add_time= 0.000100605
2756 0.000297107 2756 0.000006949 add_time= 0.000327618
2600 0.000101849 2600 0.000006083 add_time= 0.000124480
2650 0.000068419 2650 0.000005696 add_time= 0.000088130
2500 0.000006573 2500 0.000020942 add_time= 0.000047058
2805 0.000041572 2805 0.000007008 add_time= 0.000074414
2500 0.000103505 2500 0.000010007 add_time= 0.000129897
2704 0.000205155 2704 0.000007606 add_time= 0.000259220
2500 0.000107040 2500 0.000006731 add_time= 0.000141646
2550 0.000199645 2550 0.000007626 add_time= 0.000223360
2550 0.000025876 2550 0.000014178 add_time= 0.000054720
2805 0.000222689 2805 0.000006935 add_time= 0.000246294
2600 0.000125365 2600 0.000006443 add_time= 0.000147792
2550 0.000396283 2550 0.000007101 add_time= 0.000421159
2970 0.000083538 2970 0.000009287 add_time= 0.000116981
2750 0.000152102 2750 0.000006950 add_time= 0.000176228
2550 0.000081853 2550 0.000006359 add_time= 0.000104017
2700 0.000111622 2700 0.000010148 add_time= 0.000145904
2750 0.000374142 2750 0.000007238 add_time= 0.000405042
2600 0.000093580 2600 0.000006291 add_time= 0.000115285
2750 0.000134584 2750 0.000006061 add_time= 0.000162596
2601 0.000094325 2601 0.000006541 add_time= 0.000117275
2700 0.000024637 2700 0.000006148 add_time= 0.000045845
2500 0.000015162 2500 0.000009907 add_time= 0.000111826
2600 0.000053366 2600 0.000007640 add_time= 0.000097712
2750 0.000029552 2750 0.000015194 add_time= 0.000069528
2700 0.000038648 2700 0.000008533 add_time= 0.000087745
2601 0.000051529 2601 0.000007890 add_time= 0.000086398
2805 0.000032404 2805 0.000009112 add_time= 0.000069677
2500 0.000053988 2500 0.000008728 add_time= 0.000088328
2808 0.000223418 2808 0.000007380 add_time= 0.000252322
3025 0.000112506 3025 0.000009491 add_time= 0.000137434
2601 0.000248763 2601 0.000006190 add_time= 0.000268251
2700 0.000331753 2700 0.000007893 add_time= 0.000363432
2805 0.000030274 2805 0.000006712 add_time= 0.000050735
2550 0.000406290 2550 0.000006932 add_time= 0.000429394
2750 0.000393277 2750 0.000007054 add_time= 0.000417002
2500 0.000007398 2500 0.000023928 add_time= 0.000047913
2703 0.000279964 2703 0.000007058 add_time= 0.000303809
2500 0.000202415 2500 0.000007461 add_time= 0.000226124
2650 0.000197341 2650 0.000009169 add_time= 0.000224111
2500 0.000202547 2500 0.000006790 add_time= 0.000225164
2500 0.000005359 2500 0.000024777 add_time= 0.000044712
3025 0.000129860 3025 0.000006619 add_time= 0.000171503
2805 0.000059851 2805 0.000006517 add_time= 0.000082902
2500 0.000081944 2500 0.000007030 add_time= 0.000107865
2550 0.000309841 2550 0.000006818 add_time= 0.000333453
2805 0.000044110 2805 0.000006901 add_time= 0.000067218
2500 0.000007098 2500 0.000023560 add_time= 0.000046621
2500 0.000177503 2500 0.000006583 add_time= 0.000199976
2750 0.000263088 2750 0.000007000 add_time= 0.000286121
1250 0.000076735 1250 0.000006360 add_time= 0.000095248
2750 0.000397553 2750 0.000006056 add_time= 0.000420531
2500 0.000060913 2500 0.000006400 add_time= 0.000094615
2860 0.000099402 2860 0.000011014 add_time= 0.000138454
2652 0.000041781 2652 0.000016145 add_time= 0.000074300
2805 0.000075347 2805 0.000007768 add_time= 0.000100553
2550 0.000216424 2550 0.000007646 add_time= 0.000288041
3025 0.000083891 3025 0.000006979 add_time= 0.000117116
2750 0.000018497 2750 0.000014665 add_time= 0.000050115
2550 0.000334304 2550 0.000006378 add_time= 0.000357198
2500 0.000300733 2500 0.000005906 add_time= 0.000321237
2500 0.000068299 2500 0.000005856 add_time= 0.000088507
2704 0.000203541 2704 0.000006368 add_time= 0.000227191
1250 0.000114965 1250 0.000006360 add_time= 0.000135715
2500 0.000167718 2500 0.000006579 add_time= 0.000191017
2754 0.000110996 2754 0.000006418 add_time= 0.000132494
1250 0.000366459 1250 0.000005010 add_time= 0.000383749
2500 0.000043211 2500 0.000006880 add_time= 0.000069511
2808 0.000028335 2808 0.000011075 add_time= 0.000055263
2750 0.000083077 2750 0.000015422 add_time= 0.000112822
2500 0.000013566 2500 0.000020671 add_time= 0.000048177
3025 0.000061051 3025 0.000007420 add_time= 0.000095342
2652 0.000024217 2652 0.000005638 add_time= 0.000042938
2750 0.000037715 2750 0.000007426 add_time= 0.000061698
2750 0.000039363 2750 0.000008498 add_time= 0.000101676
2750 0.000022141 2750 0.000007224 add_time= 0.000060314
2500 0.000027093 2500 0.000023038 add_time= 0.000079703
2500 0.000031809 2500 0.000007424 add_time= 0.000062489
1275 0.000026280 1275 0.000007177 add_time= 0.000058114
1250 0.000049970 1250 0.000007209 add_time= 0.000080537
2500 0.000186600 2500 0.000006333 add_time= 0.000209547
2550 0.000051983 2550 0.000012076 add_time= 0.000080383
2500 0.000006667 2500 0.000023388 add_time= 0.000044510
2500 0.000033812 2500 0.000006921 add_time= 0.000061831
2916 0.000074956 2916 0.000006797 add_time= 0.000099015
1375 0.000066987 1375 0.000006441 add_time= 0.000087856
2756 0.000081472 2756 0.000007184 add_time= 0.000106405
2750 0.000063871 2750 0.000005898 add_time= 0.000085701
2500 0.000034640 2500 0.000006068 add_time= 0.000055357
2805 0.000093259 2805 0.000006786 add_time= 0.000117812
2750 0.000064842 2750 0.000006800 add_time= 0.000092978
1250 0.000089507 1250 0.000006179 add_time= 0.000110058
2750 0.000236037 2750 0.000008852 add_time= 0.000272170
2750 0.000124885 2750 0.000017927 add_time= 0.000159892
2500 0.000025779 2500 0.000021507 add_time= 0.000064165
2601 0.000399110 2601 0.000007651 add_time= 0.000422380
2500 0.000083311 2500 0.000005950 add_time= 0.000103571
1250 0.000058004 1250 0.000005486 add_time= 0.000076871
2600 0.000242387 2600 0.000006777 add_time= 0.000266604
2704 0.000259089 2704 0.000006275 add_time= 0.000280203
2750 0.000147806 2750 0.000005646 add_time= 0.000168574
2550 0.000157374 2550 0.000006889 add_time= 0.000181378
2550 0.000177605 2550 0.000008742 add_time= 0.000201007
2805 0.000059506 2805 0.000006393 add_time= 0.000088605
2750 0.000053667 2750 0.000006635 add_time= 0.000079707
2756 0.000521127 2756 0.000006799 add_time= 0.000545046
2805 0.000007074 2805 0.000027579 add_time= 0.000057092
2550 0.000173309 2550 0.000009025 add_time= 0.000212241
2500 0.000179709 2500 0.000006194 add_time= 0.000201303
2500 0.000208399 2500 0.000008278 add_time= 0.000234819
2750 0.000295374 2750 0.000006834 add_time= 0.000323593
2650 0.000102487 2650 0.000007080 add_time= 0.000142879
2600 0.000096507 2600 0.000005943 add_time= 0.000117484
2600 0.000006840 2600 0.000023763 add_time= 0.000045490
2550 0.000157445 2550 0.000006554 add_time= 0.000181849
2750 0.000109171 2750 0.000007280 add_time= 0.000133425
2600 0.000264517 2600 0.000007360 add_time= 0.000302295
2500 0.000050731 2500 0.000018654 add_time= 0.000086845
3025 0.000055538 3025 0.000006962 add_time= 0.000079801
2500 0.000072608 2500 0.000006945 add_time= 0.000094584
2970 0.000053890 2970 0.000007557 add_time= 0.000079280
2500 0.000081729 2500 0.000006852 add_time= 0.000109931
2550 0.000201930 2550 0.000006765 add_time= 0.000241001
2750 0.000054303 2750 0.000006807 add_time= 0.000089738
2970 0.000030952 2970 0.000035554 add_time= 0.000084868
2550 0.000039453 2550 0.000006642 add_time= 0.000062876
2750 0.000171487 2750 0.000006572 add_time= 0.000194398
2750 0.000070572 2750 0.000007602 add_time= 0.000095065
2750 0.000225028 2750 0.000006629 add_time= 0.000250060
2600 0.000061208 2600 0.000006492 add_time= 0.000083189
2550 0.000005812 2550 0.000012928 add_time= 0.000033347
2700 0.000038893 2700 0.000006679 add_time= 0.000061067
1375 0.000041675 1375 0.000005772 add_time= 0.000060437
2650 0.000145582 2650 0.000007506 add_time= 0.000177158
2750 0.000147250 2750 0.000007403 add_time= 0.000192298
2500 0.000031547 2500 0.000014152 add_time= 0.000062562
2550 0.000127042 2550 0.000013355 add_time= 0.000156076
2700 0.000034671 2700 0.000007452 add_time= 0.000059009
2500 0.000224437 2500 0.000007303 add_time= 0.000246882
2750 0.000039367 2750 0.000008420 add_time= 0.000092906
1300 0.000077164 1300 0.000006834 add_time= 0.000115383
2700 0.000038207 2700 0.000007349 add_time= 0.000098749
2750 0.000006111 2750 0.000008274 add_time= 0.000052014
2500 0.000024525 2500 0.000007919 add_time= 0.000055934
2700 0.000042375 2700 0.000007532 add_time= 0.000076071
2860 0.000032580 2860 0.000014144 add_time= 0.000075794
2750 0.000197334 2750 0.000007017 add_time= 0.000224984
2500 0.000062793 2500 0.000011421 add_time= 0.000090942
2750 0.000007565 2750 0.000025776 add_time= 0.000050213
2750 0.000066445 2750 0.000014283 add_time= 0.000097309
2750 0.000125409 2750 0.000006698 add_time= 0.000168656
2650 0.000107616 2650 0.000007016 add_time= 0.000133708
2860 0.000058426 2860 0.000014520 add_time= 0.000088867
2805 0.000066942 2805 0.000006746 add_time= 0.000090050
2750 0.000040819 2750 0.000006789 add_time= 0.000063706
2805 0.000082038 2805 0.000006364 add_time= 0.000103373
2550 0.000119397 2550 0.000007178 add_time= 0.000142593
2500 0.000034232 2500 0.000006591 add_time= 0.000058559
2808 0.000080706 2808 0.000006321 add_time= 0.000101719
2750 0.000051066 2750 0.000005901 add_time= 0.000071441
2750 0.000059024 2750 0.000007192 add_time= 0.000082481
2601 0.000064013 2601 0.000006661 add_time= 0.000087295
2750 0.000061493 2750 0.000007361 add_time= 0.000092711
2500 0.000536746 2500 0.000009932 add_time= 0.000574242
2860 0.000067919 2860 0.000008311 add_time= 0.000093512
2700 0.000030349 2700 0.000006724 add_time= 0.000051311
2750 0.000075642 2750 0.000008587 add_time= 0.000112529
2550 0.000045314 2550 0.000005880 add_time= 0.000065965
2860 0.000350777 2860 0.000006862 add_time= 0.000374878
2600 0.000083669 2600 0.000006809 add_time= 0.000108043
2860 0.000305732 2860 0.000007545 add_time= 0.000330731
2500 0.000007338 2500 0.000032494 add_time= 0.000056168
2650 0.000120786 2650 0.000007266 add_time= 0.000145143
2500 0.000163542 2500 0.000005973 add_time= 0.000189091
2500 0.000133975 2500 0.000006820 add_time= 0.000158496
2750 0.000069093 2750 0.000006542 add_time= 0.000091828
2550 0.000049863 2550 0.000006976 add_time= 0.000072622
2550 0.000305046 2550 0.000006939 add_time= 0.000328305
1250 0.000171210 1250 0.000006022 add_time= 0.000198606
1250 0.000431342 1250 0.000006894 add_time= 0.000465058
2750 0.000120454 2750 0.000007138 add_time= 0.000144334
2500 0.000006779 2500 0.000023548 add_time= 0.000054314
2550 0.000098511 2550 0.000007040 add_time= 0.000121692
2750 0.000305896 2750 0.000007161 add_time= 0.000329514
2750 0.000134164 2750 0.000006583 add_time= 0.000158378
2915 0.000131817 2915 0.000007590 add_time= 0.000156318
2750 0.000080120 2750 0.000006199 add_time= 0.000102052
2805 0.000107366 2805 0.000006180 add_time= 0.000129021
2500 0.000155919 2500 0.000006014 add_time= 0.000177519
1250 0.000145842 1250 0.000005459 add_time= 0.000173165
2500 0.000047434 2500 0.000006717 add_time= 0.000072781
2750 0.000494525 2750 0.000006069 add_time= 0.000515606
2500 0.000290981 2500 0.000010271 add_time= 0.000317950
2700 0.000097348 2700 0.000007326 add_time= 0.000121535
1375 0.000043843 1375 0.000006616 add_time= 0.000063160
2500 0.000186251 2500 0.000010176 add_time= 0.000213935
2750 0.000063822 2750 0.000006716 add_time= 0.000087323
2750 0.000006079 2750 0.000036242 add_time= 0.000056801
3025 0.000166674 3025 0.000006751 add_time= 0.000189532
2550 0.000164621 2550 0.000006858 add_time= 0.000187456
1375 0.000083073 1375 0.000006516 add_time= 0.000103817
2550 0.000252921 2550 0.000006557 add_time= 0.000279559
2500 0.000091995 2500 0.000011926 add_time= 0.000123717
2500 0.000006061 2500 0.000025835 add_time= 0.000047411
2500 0.000177672 2500 0.000006469 add_time= 0.000208628
2754 0.000106126 2754 0.000006888 add_time= 0.000143369
1300 0.000057453 1300 0.000005787 add_time= 0.000077338
2500 0.000137474 2500 0.000009256 add_time= 0.000196863
2750 0.000052946 2750 0.000008545 add_time= 0.000101441
2550 0.000065860 2550 0.000152491 add_time= 0.000245814
2805 0.000049382 2805 0.000007847 add_time= 0.000087197
2750 0.000066909 2750 0.000008577 add_time= 0.000104961
2500 0.000297917 2500 0.000006528 add_time= 0.000322274
2500 0.000159678 2500 0.000006152 add_time= 0.000182299
2750 0.000097402 2750 0.000007058 add_time= 0.000121142
2500 0.000150774 2500 0.000006361 add_time= 0.000174941
2750 0.000079436 2750 0.000006167 add_time= 0.000101410
2550 0.000058073 2550 0.000007403 add_time= 0.000083741
1300 0.000053621 1300 0.000006542 add_time= 0.000074595
2500 0.000015308 2500 0.000013734 add_time= 0.000044545
2550 0.000087236 2550 0.000006976 add_time= 0.000121362
2500 0.000068378 2500 0.000006886 add_time= 0.000109942
2650 0.000201620 2650 0.000006799 add_time= 0.000225869
2860 0.000044368 2860 0.000006879 add_time= 0.000077174
2805 0.000016770 2805 0.000016115 add_time= 0.000059975
2500 0.000012111 2500 0.000012509 add_time= 0.000039133
2550 0.000056127 2550 0.000006616 add_time= 0.000078563
2750 0.000035741 2750 0.000015361 add_time= 0.000067595
2750 0.000131690 2750 0.000015675 add_time= 0.000164580
2750 0.000058694 2750 0.000018611 add_time= 0.000094155
2860 0.000038718 2860 0.000006038 add_time= 0.000060206
2500 0.000013489 2500 0.000014407 add_time= 0.000041627
2550 0.000098725 2550 0.000012880 add_time= 0.000126196
2805 0.000045684 2805 0.000006127 add_time= 0.000066091
2500 0.000028054 2500 0.000006635 add_time= 0.000057707
2750 0.000231186 2750 0.000009480 add_time= 0.000265016
2550 0.000128716 2550 0.000015369 add_time= 0.000160910
2860 0.000125078 2860 0.000007042 add_time= 0.000147637
2750 0.000025273 2750 0.000006303 add_time= 0.000046805
2601 0.000110572 2601 0.000005600 add_time= 0.000131127
3025 0.000095130 3025 0.000006696 add_time= 0.000119138
1250 0.000193363 1250 0.000006403 add_time= 0.000215378
1300 0.000072149 1300 0.000006037 add_time= 0.000090624
2700 0.000007261 2700 0.000026262 add_time= 0.000051274
2805 0.000080865 2805 0.000006555 add_time= 0.000103082
2550 0.000145318 2550 0.000007360 add_time= 0.000170020
2970 0.000072053 2970 0.000007064 add_time= 0.000104091
1250 0.000070736 1250 0.000005594 add_time= 0.000090107
2600 0.000047591 2600 0.000007067 add_time= 0.000070777
2750 0.000372942 2750 0.000006205 add_time= 0.000393515
2550 0.000116703 2550 0.000007358 add_time= 0.000139860
2860 0.000080627 2860 0.000006677 add_time= 0.000103727
1325 0.000118157 1325 0.000005607 add_time= 0.000145274
1250 0.000040401 1250 0.000005936 add_time= 0.000061040
2860 0.000044670 2860 0.000006703 add_time= 0.000066970
2750 0.000073244 2750 0.000005699 add_time= 0.000092674
2500 0.000014059 2500 0.000020464 add_time= 0.000054103
2500 0.000050419 2500 0.000006146 add_time= 0.000070298
2700 0.000032819 2700 0.000006340 add_time= 0.000053279
1250 0.000046968 1250 0.000006953 add_time= 0.000067182
2650 0.000365287 2650 0.000006255 add_time= 0.000388737
2860 0.000104015 2860 0.000006175 add_time= 0.000126046
2500 0.000007100 2500 0.000013964 add_time= 0.000042236
2805 0.000098937 2805 0.000006191 add_time= 0.000129412
2700 0.000094311 2700 0.000006458 add_time= 0.000116692
2500 0.000042046 2500 0.000006699 add_time= 0.000064531
2550 0.000163778 2550 0.000006812 add_time= 0.000198481
1300 0.000034432 1300 0.000011916 add_time= 0.000061092
2750 0.000180271 2750 0.000006990 add_time= 0.000205813
2550 0.000072484 2550 0.000007517 add_time= 0.000096444
2750 0.000223862 2750 0.000006857 add_time= 0.000247995
1300 0.000118142 1300 0.000006333 add_time= 0.000138449
2500 0.000146798 2500 0.000006942 add_time= 0.000172359
2700 0.000078975 2700 0.000006843 add_time= 0.000103572
2750 0.000125729 2750 0.000007331 add_time= 0.000150750
2805 0.000101410 2805 0.000006614 add_time= 0.000124297
2805 0.000041708 2805 0.000006799 add_time= 0.000065387
2750 0.000493801 2750 0.000006996 add_time= 0.000532977
2500 0.000008685 2500 0.000038706 add_time= 0.000087931
2805 0.000091603 2805 0.000007090 add_time= 0.000132801
2600 0.000096708 2600 0.000007099 add_time= 0.000129012
2500 0.000053584 2500 0.000008938 add_time= 0.000117093
2750 0.000110680 2750 0.000015010 add_time= 0.000170974
2550 0.000049113 2550 0.000008085 add_time= 0.000109636
2550 0.000024183 2550 0.000008166 add_time= 0.000070913
2550 0.000042874 2550 0.000008486 add_time= 0.000114231
2600 0.000227862 2600 0.000026991 add_time= 0.000272662
2500 0.000047754 2500 0.000005986 add_time= 0.000068525
1375 0.000087692 1375 0.000006268 add_time= 0.000109281
2805 0.000055010 2805 0.000006820 add_time= 0.000079008
2500 0.000283566 2500 0.000006776 add_time= 0.000306568
2703 0.000427040 2703 0.000007265 add_time= 0.000454372
2652 0.000117640 2652 0.000006147 add_time= 0.000139114
2500 0.000007436 2500 0.000014747 add_time= 0.000038268
1250 0.000123105 1250 0.000006050 add_time= 0.000141088
2601 0.000065773 2601 0.000006397 add_time= 0.000087221
2805 0.000039103 2805 0.000018773 add_time= 0.000074109
2700 0.000034466 2700 0.000007448 add_time= 0.000058264
2750 0.000035245 2750 0.000008098 add_time= 0.000058627
2704 0.000151950 2704 0.000007064 add_time= 0.000177301
3025 0.000024873 3025 0.000007245 add_time= 0.000049996
2750 0.000017482 2750 0.000013803 add_time= 0.000051386
2700 0.000030297 2700 0.000005982 add_time= 0.000050977
2805 0.000048558 2805 0.000006188 add_time= 0.000069236
2600 0.000065655 2600 0.000005977 add_time= 0.000085150
2700 0.000242229 2700 0.000007105 add_time= 0.000265291
2500 0.000197899 2500 0.000007170 add_time= 0.000221628
2750 0.000092477 2750 0.000019018 add_time= 0.000128465
2750 0.000021781 2750 0.000007110 add_time= 0.000052286
2703 0.000019913 2703 0.000006975 add_time= 0.000051651
2500 0.000099237 2500 0.000007066 add_time= 0.000121848
2915 0.000418831 2915 0.000007281 add_time= 0.000444527
2600 0.000032712 2600 0.000006162 add_time= 0.000053690
2500 0.000080016 2500 0.000025462 add_time= 0.000119668
2550 0.000053086 2550 0.000005529 add_time= 0.000078062
2652 0.000081889 2652 0.000006657 add_time= 0.000104213
2652 0.000044523 2652 0.000005918 add_time= 0.000076015
2650 0.000090323 2650 0.000006685 add_time= 0.000117197
1275 0.000182688 1275 0.000006048 add_time= 0.000202761
2500 0.000089832 2500 0.000007068 add_time= 0.000116961
2750 0.000054314 2750 0.000015203 add_time= 0.000087679
2500 0.000015761 2500 0.000021485 add_time= 0.000053299
2805 0.000075189 2805 0.000007328 add_time= 0.000099237
2500 0.000118701 2500 0.000006880 add_time= 0.000141157
2500 0.000410444 2500 0.000006939 add_time= 0.000434625
2500 0.000221093 2500 0.000006917 add_time= 0.000253128
2550 0.000017318 2550 0.000092709 add_time= 0.000124400
2750 0.000040714 2750 0.000005970 add_time= 0.000061705
2550 0.000097992 2550 0.000006264 add_time= 0.000124526
2500 0.000363874 2500 0.000006735 add_time= 0.000386874
2704 0.000100568 2704 0.000007184 add_time= 0.000127719
2500 0.000179907 2500 0.000006350 add_time= 0.000202484
2750 0.000017731 2750 0.000022438 add_time= 0.000056259
2601 0.000046523 2601 0.000006187 add_time= 0.000071091
2500 0.000247390 2500 0.000015157 add_time= 0.000279475
2750 0.000353319 2750 0.000008649 add_time= 0.000379795
1250 0.000257331 1250 0.000005828 add_time= 0.000277055
2500 0.000007212 2500 0.000024755 add_time= 0.000048236
2550 0.000073364 2550 0.000006724 add_time= 0.000096652
2860 0.000301872 2860 0.000012118 add_time= 0.000330741
2650 0.000355649 2650 0.000006886 add_time= 0.000379846
2550 0.000065447 2550 0.000006605 add_time= 0.000096251
2750 0.000101164 2750 0.000006852 add_time= 0.000123533
2750 0.000184663 2750 0.000007046 add_time= 0.000207318
1275 0.005702353 1275 0.000007105 add_time= 0.005723990
2750 0.000106125 2750 0.000008649 add_time= 0.000139722
1300 0.000025405 1300 0.000005589 add_time= 0.000045144
2500 0.000312806 2500 0.000007673 add_time= 0.000336915
2750 0.000067009 2750 0.000005943 add_time= 0.000087753
2550 0.000097591 2550 0.000016888 add_time= 0.000131322
1375 0.000080961 1375 0.000006612 add_time= 0.000102825
2500 0.000230625 2500 0.000007177 add_time= 0.000257015
2750 0.000152430 2750 0.000013687 add_time= 0.000183553
2550 0.000183818 2550 0.000006765 add_time= 0.000207273
2970 0.000042758 2970 0.000007176 add_time= 0.000076487
2500 0.000103970 2500 0.000019043 add_time= 0.000139778
2500 0.000078271 2500 0.000007021 add_time= 0.000102116
2600 0.000045458 2600 0.000007466 add_time= 0.000088309
2750 0.000013877 2750 0.000029397 add_time= 0.000057833
2500 0.000072404 2500 0.000012119 add_time= 0.000097237
2500 0.000118967 2500 0.000005474 add_time= 0.000136548
2750 0.000100433 2750 0.000006760 add_time= 0.000121890
2862 0.000072611 2862 0.000008625 add_time= 0.000116889
2704 0.000098212 2704 0.000007068 add_time= 0.000129633
2750 0.000062552 2750 0.000007784 add_time= 0.000094948
2750 0.000006987 2750 0.000008563 add_time= 0.000042291
2500 0.000037022 2500 0.000008681 add_time= 0.000069511
2600 0.000155899 2600 0.000010005 add_time= 0.000181050
2750 0.000047946 2750 0.000011164 add_time= 0.000073848
2805 0.000055661 2805 0.000006635 add_time= 0.000077580
2750 0.000108334 2750 0.000006646 add_time= 0.000129581
2500 0.000066061 2500 0.000006235 add_time= 0.000096222
1250 0.000045924 1250 0.000006252 add_time= 0.000063457
2750 0.000213903 2750 0.000006940 add_time= 0.000239053
2500 0.000090358 2500 0.000005562 add_time= 0.000110837
3025 0.000052306 3025 0.000007362 add_time= 0.000075912
3025 0.000120375 3025 0.000006368 add_time= 0.000141720
2550 0.000061626 2550 0.000006524 add_time= 0.000083753
2750 0.000077092 2750 0.000014291 add_time= 0.000114016
1350 0.000036593 1350 0.000005978 add_time= 0.000056219
2500 0.000127156 2500 0.000006800 add_time= 0.000151539
2600 0.000072271 2600 0.000005905 add_time= 0.000098103
2805 0.000058955 2805 0.000007330 add_time= 0.000082170
2805 0.000060893 2805 0.000006153 add_time= 0.000081595
2500 0.000119257 2500 0.000007238 add_time= 0.000141532
2500 0.000124565 2500 0.000006920 add_time= 0.000157500
2550 0.000212895 2550 0.000006409 add_time= 0.000235838
2704 0.000054269 2704 0.000006322 add_time= 0.000074668
2750 0.000096019 2750 0.000005810 add_time= 0.000126698
2750 0.000017345 2750 0.000014169 add_time= 0.000047954
2750 0.000059758 2750 0.000006915 add_time= 0.000086535
2550 0.000068379 2550 0.000006140 add_time= 0.000089281
1375 0.000056421 1375 0.000005972 add_time= 0.000075029
2600 0.000362965 2600 0.000007603 add_time= 0.000397848
2500 0.000048381 2500 0.000006866 add_time= 0.000071493
2750 0.000048519 2750 0.000006853 add_time= 0.000097428
2550 0.000047729 2550 0.000005921 add_time= 0.000074049
2500 0.000066153 2500 0.000018052 add_time= 0.000098657
1250 0.000403609 1250 0.000006093 add_time= 0.000423668
2700 0.000057354 2700 0.000005798 add_time= 0.000077705
2550 0.000015687 2550 0.000013299 add_time= 0.000043218
2600 0.000061714 2600 0.000006419 add_time= 0.000091693
2700 0.000033736 2700 0.000006740 add_time= 0.000056481
1250 0.000063125 1250 0.000006362 add_time= 0.000082846
2750 0.000479344 2750 0.000007176 add_time= 0.000509247
1250 0.000141258 1250 0.000006674 add_time= 0.000163431
2550 0.000022714 2550 0.000030354 add_time= 0.000069089
2500 0.000217423 2500 0.000007072 add_time= 0.000240898
2500 0.000148587 2500 0.000006840 add_time= 0.000169966
2805 0.000026781 2805 0.000007546 add_time= 0.000057220
2500 0.000256016 2500 0.000007316 add_time= 0.000281438
2550 0.000204436 2550 0.000006481 add_time= 0.000226532
2600 0.000007253 2600 0.000023929 add_time= 0.000047140
2500 0.000105675 2500 0.000007278 add_time= 0.000129246
2550 0.000437040 2550 0.000006436 add_time= 0.000457834
2808 0.000092380 2808 0.000007027 add_time= 0.000115759
1250 0.000122719 1250 0.000006839 add_time= 0.000150928
2600 0.000197969 2600 0.000006877 add_time= 0.000221414
2750 0.000060183 2750 0.000007119 add_time= 0.000082891
2750 0.000006786 2750 0.000017568 add_time= 0.000039686
2500 0.000156204 2500 0.000007029 add_time= 0.000179113
2750 0.000138001 2750 0.000015892 add_time= 0.000169996
2862 0.000426541 2862 0.000007426 add_time= 0.000451983
2600 0.000047980 2600 0.000006346 add_time= 0.000073433
2750 0.000007639 2750 0.000026586 add_time= 0.000050720
2500 0.000077099 2500 0.000006695 add_time= 0.000098633
2500 0.000064742 2500 0.000006835 add_time= 0.000097416
1250 0.000065318 1250 0.000006001 add_time= 0.000085055
2750 0.000243787 2750 0.000006818 add_time= 0.000267238
2500 0.000081638 2500 0.000006494 add_time= 0.000104002
2550 0.000007022 2550 0.000014569 add_time= 0.000036993
2550 0.000053847 2550 0.000006809 add_time= 0.000076237
2550 0.000145341 2550 0.000007799 add_time= 0.000169217
1250 0.000098809 1250 0.000022236 add_time= 0.000133507
2600 0.000154111 2600 0.000006437 add_time= 0.000181806
2600 0.000120262 2600 0.000007604 add_time= 0.000162411
2970 0.000008320 2970 0.000015352 add_time= 0.000049629
2750 0.000027662 2750 0.000005983 add_time= 0.000049392
2805 0.000231356 2805 0.000018648 add_time= 0.000267649
2550 0.000094604 2550 0.000005956 add_time= 0.000114903
2600 0.000239476 2600 0.000007171 add_time= 0.000265056
1250 0.000208731 1250 0.000005928 add_time= 0.000229368
2550 0.000007179 2550 0.000013901 add_time= 0.000037358
2805 0.000208202 2805 0.000007937 add_time= 0.000233272
2700 0.000225618 2700 0.000006622 add_time= 0.000247390
2805 0.000064627 2805 0.000012645 add_time= 0.000092098
2500 0.000073818 2500 0.000006396 add_time= 0.000097704
2652 0.000145519 2652 0.000006756 add_time= 0.000166923
1375 0.000005560 1375 0.000018697 add_time= 0.000040639
2550 0.000093132 2550 0.000006406 add_time= 0.000112803
2500 0.000106261 2500 0.000007020 add_time= 0.000128067
1250 0.002024979 1250 0.000007088 add_time= 0.002045080
2500 0.000044399 2500 0.000008309 add_time= 0.000103893
2600 0.000061912 2600 0.000007955 add_time= 0.000096873
2750 0.000054528 2750 0.000025903 add_time= 0.000115507
2750 0.000062164 2750 0.000008614 add_time= 0.000096199
2700 0.000070126 2700 0.000008534 add_time= 0.000102571
3025 0.000040037 3025 0.000007694 add_time= 0.000072826
2550 0.000211577 2550 0.000006625 add_time= 0.000233778
2600 0.000116029 2600 0.000017365 add_time= 0.000148581
2500 0.000007691 2500 0.000024746 add_time= 0.000058866
2601 0.000085615 2601 0.000006752 add_time= 0.000112950
2700 0.000035634 2700 0.000006164 add_time= 0.000064709
2550 0.000053719 2550 0.000006699 add_time= 0.000079198
2915 0.000287740 2915 0.000018518 add_time= 0.000323651
2750 0.000017939 2750 0.000024424 add_time= 0.000059686
1275 0.000047784 1275 0.000006226 add_time= 0.000068527
2750 0.000097219 2750 0.000006964 add_time= 0.000120979
2550 0.000068139 2550 0.000006910 add_time= 0.000093185
2550 0.000089626 2550 0.000006446 add_time= 0.000111827
2500 0.000016389 2500 0.000013804 add_time= 0.000053482
2652 0.000046831 2652 0.000015243 add_time= 0.000078456
2754 0.000058397 2754 0.000006572 add_time= 0.000079667
3025 0.000046982 3025 0.000005972 add_time= 0.000068331
1250 0.000072168 1250 0.000006077 add_time= 0.000091054
2500 0.000179959 2500 0.000006699 add_time= 0.000204965
2860 0.000125708 2860 0.000006642 add_time= 0.000147713
2750 0.000048862 2750 0.000007989 add_time= 0.000087738
2700 0.000063240 2700 0.000009183 add_time= 0.000088282
2550 0.000105434 2550 0.000005821 add_time= 0.000132181
2750 0.000078420 2750 0.000007247 add_time= 0.000110435
2750 0.000125367 2750 0.000006581 add_time= 0.000151273
2500 0.000167030 2500 0.000005918 add_time= 0.000198786
2500 0.000049287 2500 0.000010481 add_time= 0.000073730
2805 0.000029967 2805 0.000006180 add_time= 0.000050629
2500 0.000063059 2500 0.000005776 add_time= 0.000083165
2652 0.000048618 2652 0.000005701 add_time= 0.000068156
2500 0.000077647 2500 0.000005800 add_time= 0.000097463
2750 0.000048367 2750 0.000006151 add_time= 0.000068264
2750 0.000193301 2750 0.000006940 add_time= 0.000218735
2704 0.000040627 2704 0.000005961 add_time= 0.000061132
2750 0.000015482 2750 0.000013848 add_time= 0.000052042
2500 0.000058180 2500 0.000006118 add_time= 0.000078746
2700 0.000075636 2700 0.000006531 add_time= 0.000096868
1375 0.000090814 1375 0.000006161 add_time= 0.000109853
2550 0.000093091 2550 0.000006966 add_time= 0.000118133
2600 0.000112706 2600 0.000006037 add_time= 0.000134055
3025 0.000102794 3025 0.000006239 add_time= 0.000125334
2750 0.000054020 2750 0.000005966 add_time= 0.000074964
2500 0.000088423 2500 0.000006040 add_time= 0.000117263
2600 0.000132578 2600 0.000019534 add_time= 0.000167499
2750 0.000489281 2750 0.000009323 add_time= 0.000522486
2652 0.000053271 2652 0.000007149 add_time= 0.000084647
2500 0.000063921 2500 0.000006438 add_time= 0.000085133
2500 0.000015712 2500 0.000020734 add_time= 0.000057692
2860 0.000234315 2860 0.000006584 add_time= 0.000255443
2550 0.000038300 2550 0.000007025 add_time= 0.000060880
2750 0.000370420 2750 0.000007055 add_time= 0.000401742
2500 0.000080249 2500 0.000007294 add_time= 0.000105428
2750 0.000198363 2750 0.000007025 add_time= 0.000222221
2500 0.000007646 2500 0.000013371 add_time= 0.000037611
2550 0.000073408 2550 0.000007147 add_time= 0.000104677
1250 0.000126570 1250 0.000014725 add_time= 0.000166345
2860 0.000287300 2860 0.000006949 add_time= 0.000313167
2600 0.000119672 2600 0.000005865 add_time= 0.000148885
2550 0.000066673 2550 0.000005905 add_time= 0.000094721
2805 0.000159832 2805 0.000006957 add_time= 0.000181646
2550 0.000047583 2550 0.000006100 add_time= 0.000080024
3025 0.000192974 3025 0.000006112 add_time= 0.000214226
2750 0.000209975 2750 0.000007126 add_time= 0.000234148
2600 0.000034794 2600 0.000005869 add_time= 0.000054876
2915 0.000103163 2915 0.000006622 add_time= 0.000132160
2700 0.000005890 2700 0.000022346 add_time= 0.000043059
2550 0.000067221 2550 0.000006977 add_time= 0.000090912
2550 0.000136673 2550 0.000006551 add_time= 0.000159111
2500 0.000055037 2500 0.000005911 add_time= 0.000074897
2600 0.000091621 2600 0.000007552 add_time= 0.000116722
2805 0.000029189 2805 0.000006039 add_time= 0.000050233
2750 0.000111809 2750 0.000006425 add_time= 0.000133808
2550 0.000118595 2550 0.000006843 add_time= 0.000141139
2500 0.000068018 2500 0.000007798 add_time= 0.000091870
2600 0.000038890 2600 0.000007116 add_time= 0.000073826
2652 0.000195286 2652 0.000005885 add_time= 0.000216765
2750 0.000146809 2750 0.000006353 add_time= 0.000187659
2750 0.000448250 2750 0.000005913 add_time= 0.000468614
2750 0.000051588 2750 0.000006900 add_time= 0.000075467
2500 0.000055755 2500 0.000006977 add_time= 0.000106707
2600 0.000097931 2600 0.000006515 add_time= 0.000119170
2915 0.000160489 2915 0.000007106 add_time= 0.000187203
2700 0.000174715 2700 0.000006912 add_time= 0.000198711
2500 0.000007173 2500 0.000012838 add_time= 0.000036081
2652 0.000233724 2652 0.000006863 add_time= 0.000263180
2650 0.000048475 2650 0.000018933 add_time= 0.000084736
625 0.000026747 625 0.000006360 add_time= 0.000051915
2500 0.000125235 2500 0.000007033 add_time= 0.000152068
2500 0.000044256 2500 0.000006856 add_time= 0.000068102
2500 0.000040490 2500 0.000006495 add_time= 0.000062744
2550 0.000073269 2550 0.000007365 add_time= 0.000097328
2601 0.000052205 2601 0.000006706 add_time= 0.000082047
2750 0.000024920 2750 0.000007080 add_time= 0.000055923
2750 0.000071766 2750 0.000008811 add_time= 0.000121418
2500 0.000025287 2500 0.000008205 add_time= 0.000059995
2500 0.000026876 2500 0.000024980 add_time= 0.000077926
2550 0.000027294 2550 0.000008190 add_time= 0.000062612
2750 0.000022647 2750 0.000007465 add_time= 0.000067213
1250 0.000070737 1250 0.000019474 add_time= 0.000125044
2500 0.000078892 2500 0.000006699 add_time= 0.000103908
2750 0.000107037 2750 0.000006336 add_time= 0.000129905
2600 0.000007099 2600 0.000022926 add_time= 0.000054556
2500 0.000089593 2500 0.000007287 add_time= 0.000132476
1350 0.000068678 1350 0.000016975 add_time= 0.000099909
3025 0.000050540 3025 0.000006142 add_time= 0.000072895
1375 0.000038267 1375 0.000005353 add_time= 0.000055848
2750 0.000270991 2750 0.000007507 add_time= 0.000297331
2808 0.000052378 2808 0.000017210 add_time= 0.000085000
2750 0.000018122 2750 0.000015843 add_time= 0.000050211
2600 0.000052961 2600 0.000016696 add_time= 0.000085772
2970 0.000026518 2970 0.000007110 add_time= 0.000050019
2750 0.000070347 2750 0.000007504 add_time= 0.000093740
2500 0.000116472 2500 0.000007091 add_time= 0.000140874
2750 0.000058085 2750 0.000006638 add_time= 0.000088369
2500 0.000016773 2500 0.000013887 add_time= 0.000046589
2550 0.000054544 2550 0.000007010 add_time= 0.000077608
2750 0.000030932 2750 0.000007282 add_time= 0.000054444
2500 0.000041766 2500 0.000006652 add_time= 0.000065407
2600 0.000022385 2600 0.000005982 add_time= 0.000042693
2500 0.000017168 2500 0.000034871 add_time= 0.000094254
2550 0.000027629 2550 0.000006374 add_time= 0.000048383
2750 0.000088895 2750 0.000006634 add_time= 0.000109622
1325 0.000042189 1325 0.000005841 add_time= 0.000060704
2650 0.000120087 2650 0.000006699 add_time= 0.000143311
2600 0.000079352 2600 0.000006532 add_time= 0.000100417
2805 0.000016780 2805 0.000038797 add_time= 0.000075735
2550 0.000079926 2550 0.000006061 add_time= 0.000099827
2916 0.000076444 2916 0.000006928 add_time= 0.000097806
1350 0.000016677 1350 0.000005251 add_time= 0.000033320
2500 0.000029250 2500 0.000006495 add_time= 0.000052504
2600 0.000026121 2600 0.000006296 add_time= 0.000046440
2500 0.000049484 2500 0.000006257 add_time= 0.000069383
2703 0.000049707 2703 0.000006384 add_time= 0.000069983
2500 0.000044756 2500 0.000006069 add_time= 0.000064244
2500 0.000049017 2500 0.000006093 add_time= 0.000068534
2860 0.000057823 2860 0.000007407 add_time= 0.000082226
2600 0.000054100 2600 0.000005766 add_time= 0.000074404
2750 0.000086553 2750 0.000006219 add_time= 0.000107123
2500 0.000015718 2500 0.000014978 add_time= 0.000044450
3025 0.000057828 3025 0.000006454 add_time= 0.000079392
2650 0.000028282 2650 0.000006068 add_time= 0.000059368
2500 0.000059269 2500 0.000008731 add_time= 0.000081620
2500 0.000273126 2500 0.000006360 add_time= 0.000295408
2915 0.000080631 2915 0.000006413 add_time= 0.000101978
2601 0.000115497 2601 0.000014274 add_time= 0.000143540
2750 0.000059667 2750 0.000006126 add_time= 0.000080248
2750 0.000036510 2750 0.000006218 add_time= 0.000056697
2500 0.000455045 2500 0.000008665 add_time= 0.000489760
2500 0.000047274 2500 0.000008109 add_time= 0.000093511
2700 0.000043248 2700 0.000006842 add_time= 0.000066529
2750 0.000050631 2750 0.000025945 add_time= 0.000093906
1275 0.000114988 1275 0.000005980 add_time= 0.000135986
2500 0.000074753 2500 0.000006589 add_time= 0.000098187
2550 0.000076411 2550 0.000007066 add_time= 0.000100292
2600 0.000138945 2600 0.000006910 add_time= 0.000163204
2860 0.000046405 2860 0.000006913 add_time= 0.000077662
2600 0.000007341 2600 0.000030690 add_time= 0.000054802
2550 0.000113479 2550 0.000006346 add_time= 0.000134106
2650 0.000076300 2650 0.000006349 add_time= 0.000097728
2970 0.000051361 2970 0.000006343 add_time= 0.000073016
2500 0.000190236 2500 0.000006797 add_time= 0.000214324
2704 0.000029232 2704 0.000006579 add_time= 0.000051493
2860 0.000051704 2860 0.000006967 add_time= 0.000074822
2601 0.000111159 2601 0.000006561 add_time= 0.000134233
2550 0.000140224 2550 0.000006734 add_time= 0.000162849
2550 0.000182164 2550 0.000005753 add_time= 0.000210030
2500 0.000105259 2500 0.000006473 add_time= 0.000127486
2600 0.000072459 2600 0.000016724 add_time= 0.000107879
2500 0.000107930 2500 0.000006368 add_time= 0.000134048
2750 0.000017042 2750 0.000023390 add_time= 0.000054305
2860 0.000067230 2860 0.000005877 add_time= 0.000087620
2600 0.000107017 2600 0.000014446 add_time= 0.000136815
2500 0.000108045 2500 0.000005877 add_time= 0.000127695
2500 0.000072778 2500 0.000006230 add_time= 0.000092994
2550 0.000181309 2550 0.000006765 add_time= 0.000204772
2500 0.000170389 2500 0.000007466 add_time= 0.000193825
2650 0.000006164 2650 0.000034670 add_time= 0.000075327
2750 0.000043150 2750 0.000006121 add_time= 0.000071534
2550 0.000070228 2550 0.000012915 add_time= 0.000102846
2750 0.000180057 2750 0.000007394 add_time= 0.000203694
2600 0.000405244 2600 0.000007325 add_time= 0.000440353
2860 0.000054298 2860 0.000006447 add_time= 0.000077503
2500 0.000138123 2500 0.000018394 add_time= 0.000184471
2550 0.000006431 2550 0.000013951 add_time= 0.000048401
2750 0.000129932 2750 0.000006520 add_time= 0.000151506
2700 0.000058529 2700 0.000007405 add_time= 0.000082686
1275 0.000039700 1275 0.000006788 add_time= 0.000068082
2500 0.000088128 2500 0.000007871 add_time= 0.000114440
2500 0.000085626 2500 0.000007060 add_time= 0.000109688
2550 0.000007263 2550 0.000013324 add_time= 0.000036535
2550 0.000051941 2550 0.000006399 add_time= 0.000073774
2600 0.000032921 2600 0.000007034 add_time= 0.000064931
2862 0.000234555 2862 0.000006916 add_time= 0.000271031
2860 0.000114532 2860 0.000006819 add_time= 0.000138291
2750 0.000006607 2750 0.000025357 add_time= 0.000047420
2805 0.000124463 2805 0.000006137 add_time= 0.000145774
1250 0.000121437 1250 0.000006218 add_time= 0.000142486
2500 0.000187748 2500 0.000012823 add_time= 0.000217510
2600 0.000039247 2600 0.000008334 add_time= 0.000083058
2700 0.000035539 2700 0.000008081 add_time= 0.000072765
2500 0.000006760 2500 0.000024032 add_time= 0.000056947
2750 0.000030462 2750 0.000008386 add_time= 0.000077836
2700 0.000030363 2700 0.000007973 add_time= 0.000064938
2600 0.000077466 2600 0.000006790 add_time= 0.000103935
2600 0.000060643 2600 0.000006039 add_time= 0.000091393
2500 0.000040043 2500 0.000006517 add_time= 0.000082149
2970 0.000089144 2970 0.000006817 add_time= 0.000113495
2805 0.000034252 2805 0.000006879 add_time= 0.000056463
1250 0.000072139 1250 0.000005768 add_time= 0.000092392
2500 0.000116124 2500 0.000006000 add_time= 0.000136914
2860 0.000185694 2860 0.000007011 add_time= 0.000208390
2500 0.000015906 2500 0.000024584 add_time= 0.000063346
2500 0.000055113 2500 0.000006303 add_time= 0.000076018
2500 0.000243001 2500 0.000006671 add_time= 0.000264347
625 0.000018940 625 0.000006807 add_time= 0.000043250
2550 0.000025581 2550 0.000006518 add_time= 0.000047140
2808 0.000067227 2808 0.000006815 add_time= 0.000095865
3025 0.000419279 3025 0.000006866 add_time= 0.000441816
2650 0.000030025 2650 0.000006831 add_time= 0.000051793
2700 0.000070530 2700 0.000006689 add_time= 0.000099838
2650 0.000310840 2650 0.000006273 add_time= 0.000332258
2500 0.000122387 2500 0.000006772 add_time= 0.000144065
2750 0.000014592 2750 0.000013913 add_time= 0.000043558
2550 0.000100904 2550 0.000007247 add_time= 0.000123768
2750 0.000097204 2750 0.000006756 add_time= 0.000138423
2500 0.000454294 2500 0.000006617 add_time= 0.000476414
2704 0.000036465 2704 0.000005889 add_time= 0.000056503
3025 0.000185768 3025 0.000006397 add_time= 0.000216099
2601 0.000089560 2601 0.000006686 add_time= 0.000110843
2500 0.000078217 2500 0.000006603 add_time= 0.000099916
2750 0.000098804 2750 0.000006479 add_time= 0.000120401
2550 0.000409045 2550 0.000006699 add_time= 0.000430072
2600 0.000094270 2600 0.000006518 add_time= 0.000115729
2500 0.000014478 2500 0.000012267 add_time= 0.000040046
2550 0.000060168 2550 0.000005881 add_time= 0.000079474
2550 0.000176514 2550 0.000005858 add_time= 0.000195405
2550 0.000047861 2550 0.000005627 add_time= 0.000065691
2500 0.000041274 2500 0.000005948 add_time= 0.000061513
2756 0.000042678 2756 0.000005572 add_time= 0.000068943
2750 0.000239711 2750 0.000015202 add_time= 0.000268449
1375 0.000044907 1375 0.000005371 add_time= 0.000060687
2550 0.000040030 2550 0.000005309 add_time= 0.000057945
2750 0.000037431 2750 0.000006238 add_time= 0.000056944
2809 0.000101172 2809 0.000006794 add_time= 0.000123063
2600 0.000031926 2600 0.000005308 add_time= 0.000050180
2500 0.000140721 2500 0.000006332 add_time= 0.000160175
2550 0.000099093 2550 0.000005528 add_time= 0.000117752
2550 0.000034327 2550 0.000005317 add_time= 0.000052444
3025 0.000073044 3025 0.000006770 add_time= 0.000093624
2915 0.000110336 2915 0.000006463 add_time= 0.000132256
2808 0.000086222 2808 0.000005640 add_time= 0.000105780
2805 0.000479334 2805 0.000016890 add_time= 0.000513285
2601 0.000050919 2601 0.000010614 add_time= 0.000074321
2650 0.000051611 2650 0.000005583 add_time= 0.000070201
2500 0.000111236 2500 0.000005930 add_time= 0.000129908
2862 0.000541683 2862 0.000008525 add_time= 0.000576759
2652 0.000038817 2652 0.000006534 add_time= 0.000063170
2500 0.000191483 2500 0.000006487 add_time= 0.000213906
3025 0.000172962 3025 0.000006726 add_time= 0.000197096
2550 0.000057469 2550 0.000007044 add_time= 0.000080923
2750 0.000070511 2750 0.000006512 add_time= 0.000102111
2500 0.000068299 2500 0.000014000 add_time= 0.000097847
2500 0.000331738 2500 0.000006420 add_time= 0.000354979
2600 0.000063494 2600 0.000005771 add_time= 0.000084088
2750 0.000381891 2750 0.000007759 add_time= 0.000406761
2805 0.000292992 2805 0.000006233 add_time= 0.000314828
2500 0.000450358 2500 0.000006557 add_time= 0.000472521
2550 0.000112802 2550 0.000007387 add_time= 0.000136411
2862 0.000408218 2862 0.000015339 add_time= 0.000443390
2600 0.000042784 2600 0.000007448 add_time= 0.000066629
2805 0.000056900 2805 0.000017334 add_time= 0.000089255
2500 0.000006555 2500 0.000024985 add_time= 0.000055819
2805 0.000153805 2805 0.000006498 add_time= 0.000177326
2600 0.000075573 2600 0.000006619 add_time= 0.000098127
1350 0.000065617 1350 0.000006808 add_time= 0.000097001
2700 0.000200511 2700 0.000007241 add_time= 0.000224376
2808 0.000148746 2808 0.000005977 add_time= 0.000169306
2650 0.000079678 2650 0.000006021 add_time= 0.000099498
1375 0.000192367 1375 0.000006125 add_time= 0.000212302
2805 0.000053928 2805 0.000006129 add_time= 0.000074730
3025 0.000036284 3025 0.000006696 add_time= 0.000058458
1375 0.000055417 1375 0.000005261 add_time= 0.000079325
2750 0.000157792 2750 0.000007210 add_time= 0.000185163
2750 0.000086441 2750 0.000006879 add_time= 0.000110639
2700 0.000068207 2700 0.000009323 add_time= 0.000094368
2805 0.000032325 2805 0.000006969 add_time= 0.000064755
3025 0.000057425 3025 0.000006685 add_time= 0.000085968
2550 0.000245545 2550 0.000009819 add_time= 0.000280739
2750 0.000071932 2750 0.000011144 add_time= 0.000107128
2550 0.000007247 2550 0.000016221 add_time= 0.000038987
1250 0.000060457 1250 0.000006159 add_time= 0.000087794
2700 0.000031962 2700 0.000006749 add_time= 0.000062893
1250 0.000047559 1250 0.000006426 add_time= 0.000067786
2600 0.000219422 2600 0.000007672 add_time= 0.000243973
2500 0.000060897 2500 0.000007289 add_time= 0.000083751
2550 0.000006928 2550 0.000045846 add_time= 0.000068474
2550 0.000024274 2550 0.000007035 add_time= 0.000047407
2750 0.000177817 2750 0.000006362 add_time= 0.000198808
2750 0.000133393 2750 0.000006237 add_time= 0.000153908
2600 0.000156079 2600 0.000007595 add_time= 0.000184722
2600 0.000042984 2600 0.000006830 add_time= 0.000065840
2750 0.000006666 2750 0.000046766 add_time= 0.000068593
2600 0.000030166 2600 0.000006899 add_time= 0.000053279
1350 0.000047574 1350 0.000005229 add_time= 0.000070134
1250 0.000040605 1250 0.000005266 add_time= 0.000056726
2704 0.000040028 2704 0.000007481 add_time= 0.000089647
2600 0.000052584 2600 0.000006914 add_time= 0.000082270
2500 0.000052223 2500 0.000032667 add_time= 0.000109544
2805 0.000032890 2805 0.000007710 add_time= 0.000068460
2500 0.000012377 2500 0.000008387 add_time= 0.000045126
2550 0.000034968 2550 0.000008891 add_time= 0.000070135
2700 0.000459753 2700 0.000006905 add_time= 0.000482776
2750 0.000115147 2750 0.000007388 add_time= 0.000138177
2750 0.000122215 2750 0.000006699 add_time= 0.000156390
2550 0.000080902 2550 0.000006697 add_time= 0.000102562
2500 0.000086786 2500 0.000015670 add_time= 0.000117268
1250 0.000044423 1250 0.000006395 add_time= 0.000063629
2500 0.000281993 2500 0.000006875 add_time= 0.000304786
2600 0.000028509 2600 0.000006391 add_time= 0.000048440
2500 0.000014812 2500 0.000013205 add_time= 0.000042963
2860 0.000063649 2860 0.000013938 add_time= 0.000091613
2754 0.000058341 2754 0.000005822 add_time= 0.000077618
2550 0.000030625 2550 0.000006160 add_time= 0.000051514
2750 0.000124656 2750 0.000006753 add_time= 0.000146825
1250 0.000165080 1250 0.000016955 add_time= 0.000202956
2915 0.000079789 2915 0.000006321 add_time= 0.000101594
1250 0.000103474 1250 0.000005163 add_time= 0.000119301
2750 0.000052475 2750 0.000006218 add_time= 0.000084720
2750 0.000033348 2750 0.000006404 add_time= 0.000055038
2700 0.000032188 2700 0.000006972 add_time= 0.000054656
1250 0.000102271 1250 0.000006622 add_time= 0.000130295
2750 0.000292113 2750 0.000006561 add_time= 0.000314167
1300 0.000113741 1300 0.000005786 add_time= 0.000130484
2750 0.000062348 2750 0.000005550 add_time= 0.000081000
2750 0.000006658 2750 0.000022554 add_time= 0.000044675
2550 0.000032620 2550 0.000006622 add_time= 0.000055093
2915 0.000072285 2915 0.000007252 add_time= 0.000095694
2756 0.000194166 2756 0.000006941 add_time= 0.000216885
2600 0.000135801 2600 0.000006844 add_time= 0.000156158
2500 0.000055514 2500 0.000006155 add_time= 0.000076056
2860 0.000033458 2860 0.000013458 add_time= 0.000062070
2600 0.000035882 2600 0.000006280 add_time= 0.000056724
2500 0.000051285 2500 0.000007121 add_time= 0.000073390
2600 0.000176364 2600 0.000006244 add_time= 0.000197769
2500 0.000029613 2500 0.000006390 add_time= 0.000051362
2750 0.000156318 2750 0.000006272 add_time= 0.000177628
2652 0.000034281 2652 0.000006129 add_time= 0.000054807
1250 0.000027978 1250 0.000006147 add_time= 0.000046571
1250 0.000041048 1250 0.000004844 add_time= 0.000056280
1250 0.000224136 1250 0.000006188 add_time= 0.000242997
2860 0.000041500 2860 0.000006855 add_time= 0.000071950
2750 0.000016259 2750 0.000014531 add_time= 0.000046294
2550 0.000078264 2550 0.000007190 add_time= 0.000100495
2500 0.000063799 2500 0.000007045 add_time= 0.000085864
2500 0.000116238 2500 0.000006699 add_time= 0.000138069
2600 0.000039053 2600 0.000006446 add_time= 0.000059429
2750 0.000027811 2750 0.000005890 add_time= 0.000047307
2500 0.000014071 2500 0.000012853 add_time= 0.000041880
2805 0.000084043 2805 0.000006342 add_time= 0.000103251
2750 0.000042353 2750 0.000005685 add_time= 0.000067689
2750 0.000080953 2750 0.000005977 add_time= 0.000099746
2750 0.000042588 2750 0.000006607 add_time= 0.000064195
2756 0.000032759 2756 0.000006579 add_time= 0.000061243
2860 0.000098020 2860 0.000005854 add_time= 0.000117473
2500 0.000013515 2500 0.000070359 add_time= 0.000096645
2550 0.000054715 2550 0.000005870 add_time= 0.000078428
2550 0.000049406 2550 0.000005214 add_time= 0.000066739
2500 0.000073241 2500 0.000005743 add_time= 0.000091379
2750 0.000281031 2750 0.000006629 add_time= 0.000302315
2600 0.000083462 2600 0.000006299 add_time= 0.000103468
2750 0.000013920 2750 0.000015466 add_time= 0.000042809
2550 0.000020099 2550 0.000016514 add_time= 0.000048777
2550 0.000038012 2550 0.000017053 add_time= 0.000068085
2650 0.000054244 2650 0.000009052 add_time= 0.000087700
2600 0.000389057 2600 0.000009353 add_time= 0.000430742
2860 0.000390637 2860 0.000008454 add_time= 0.000424935
2550 0.000077722 2550 0.000007844 add_time= 0.000102169
2500 0.000058290 2500 0.000006200 add_time= 0.000079208
2500 0.000153639 2500 0.000006978 add_time= 0.000176805
2500 0.000363839 2500 0.000007344 add_time= 0.000389292
2500 0.000198137 2500 0.000006813 add_time= 0.000220976
2970 0.000006412 2970 0.000026629 add_time= 0.000051401
2860 0.000072275 2860 0.000006318 add_time= 0.000092687
2550 0.000123624 2550 0.000006009 add_time= 0.000151439
2750 0.000102960 2750 0.000005753 add_time= 0.000122418
2700 0.000123490 2700 0.000005905 add_time= 0.000143416
2500 0.000036917 2500 0.000006439 add_time= 0.000061997
2756 0.000054109 2756 0.000006458 add_time= 0.000075198
3025 0.000203067 3025 0.000007170 add_time= 0.000226435
2550 0.000080017 2550 0.000006555 add_time= 0.000101992
1250 0.000313653 1250 0.000005116 add_time= 0.000330440
2500 0.000188425 2500 0.000007118 add_time= 0.000212293
2704 0.000253738 2704 0.000016078 add_time= 0.000285746
2500 0.000015074 2500 0.000012857 add_time= 0.000043379
2550 0.000045548 2550 0.000006508 add_time= 0.000068441
1250 0.000068529 1250 0.000005893 add_time= 0.000088077
1350 0.000066332 1350 0.000005804 add_time= 0.000101005
2500 0.000435401 2500 0.000006569 add_time= 0.000458384
2750 0.000123950 2750 0.000007099 add_time= 0.000147233
2750 0.000006387 2750 0.000015691 add_time= 0.000037033
2703 0.000084381 2703 0.000006920 add_time= 0.000107475
2601 0.000020736 2601 0.000006390 add_time= 0.000047821
2970 0.000036294 2970 0.000006053 add_time= 0.000057274
1250 0.000250858 1250 0.000004912 add_time= 0.000272926
2500 0.000114368 2500 0.000008241 add_time= 0.000149540
2860 0.000045717 2860 0.000007526 add_time= 0.000070658
2600 0.000115719 2600 0.000006364 add_time= 0.000136958
2500 0.000005810 2500 0.000014243 add_time= 0.000034679
2500 0.000095873 2500 0.000007673 add_time= 0.000120498
2550 0.000165463 2550 0.000006543 add_time= 0.000187456
1375 0.000062882 1375 0.000006904 add_time= 0.000083839
2650 0.000425761 2650 0.000007437 add_time= 0.000459103
2704 0.000510563 2704 0.000006079 add_time= 0.000531269
2550 0.000006916 2550 0.000012988 add_time= 0.000035801
2550 0.000265022 2550 0.000007463 add_time= 0.000289142
2750 0.000042100 2750 0.000006925 add_time= 0.000065608
2756 0.000108420 2756 0.000007011 add_time= 0.000146531
2750 0.000043042 2750 0.000006859 add_time= 0.000067076
1250 0.000006120 1250 0.000017872 add_time= 0.000037490
2750 0.000045862 2750 0.000006475 add_time= 0.000077362
2500 0.000164434 2500 0.000006906 add_time= 0.000187432
2500 0.000123818 2500 0.000006613 add_time= 0.000156276
2862 0.000169847 2862 0.000007850 add_time= 0.000216530
2600 0.000057046 2600 0.000008340 add_time= 0.000100660
2970 0.000077201 2970 0.000084884 add_time= 0.000190291
2550 0.000111982 2550 0.000008466 add_time= 0.000147884
2750 0.000064134 2750 0.000008018 add_time= 0.000099769
2550 0.000033966 2550 0.000008861 add_time= 0.000071031
2600 0.000181800 2600 0.000006799 add_time= 0.000206169
2550 0.000065824 2550 0.000016766 add_time= 0.000099366
2500 0.000006849 2500 0.000087699 add_time= 0.000121194
2550 0.000073190 2550 0.000006525 add_time= 0.000095885
2750 0.000075407 2750 0.000007231 add_time= 0.000107602
1250 0.000090322 1250 0.000006142 add_time= 0.000110562
2750 0.000411818 2750 0.000006876 add_time= 0.000436785
2652 0.000058256 2652 0.000006668 add_time= 0.000078523
2970 0.000016086 2970 0.000016591 add_time= 0.000048537
1375 0.000262097 1375 0.000006035 add_time= 0.000279429
1250 0.000130242 1250 0.000006651 add_time= 0.000149718
2500 0.000196579 2500 0.000006517 add_time= 0.000219337
2808 0.000051919 2808 0.000006996 add_time= 0.000074066
2750 0.000017783 2750 0.000014205 add_time= 0.000058247
2750 0.000064497 2750 0.000007166 add_time= 0.000087650
2550 0.000036750 2550 0.000007112 add_time= 0.000067815
2500 0.000251637 2500 0.000006715 add_time= 0.000274740
2500 0.000159838 2500 0.000006013 add_time= 0.000179913
2650 0.000083672 2650 0.000006024 add_time= 0.000103248
2750 0.000015947 2750 0.000013934 add_time= 0.000044677
2750 0.000079967 2750 0.000006644 add_time= 0.000102207
2550 0.000035315 2550 0.000007075 add_time= 0.000058453
2500 0.000043096 2500 0.000006817 add_time= 0.000065355
2500 0.000233139 2500 0.000006522 add_time= 0.000255426
2500 0.000136625 2500 0.000006692 add_time= 0.000159205
2750 0.000075463 2750 0.000006397 add_time= 0.000096081
3025 0.000060478 3025 0.000006588 add_time= 0.000083193
2550 0.000083427 2550 0.000006508 add_time= 0.000105587
2500 0.000093246 2500 0.000007051 add_time= 0.000115099
2550 0.000048570 2550 0.000006669 add_time= 0.000070983
2600 0.000050271 2600 0.000006673 add_time= 0.000070830
2750 0.000120954 2750 0.000007065 add_time= 0.000155082
2750 0.000088047 2750 0.000006766 add_time= 0.000110437
2500 0.000066882 2500 0.000006649 add_time= 0.000088810
2750 0.000024845 2750 0.000008181 add_time= 0.000049220
2700 0.000080529 2700 0.000006389 add_time= 0.000101620
2500 0.000095054 2500 0.000006969 add_time= 0.000119039
2600 0.000078473 2600 0.000005962 add_time= 0.000098484
2500 0.000015956 2500 0.000013357 add_time= 0.000048523
2550 0.000069678 2550 0.000006523 add_time= 0.000095238
2970 0.000028834 2970 0.000007228 add_time= 0.000053406
2860 0.000050490 2860 0.000006379 add_time= 0.000070867
1250 0.000106550 1250 0.000005825 add_time= 0.000123339
2550 0.000122224 2550 0.000006695 add_time= 0.000145664
2750 0.000202191 2750 0.000006349 add_time= 0.000223235
2750 0.000017554 2750 0.000049750 add_time= 0.000082921
2500 0.000067193 2500 0.000006834 add_time= 0.000089210
2550 0.000141877 2550 0.000015042 add_time= 0.000176836
2750 0.000050847 2750 0.000006557 add_time= 0.000073377
2550 0.000231814 2550 0.000006819 add_time= 0.000254457
2600 0.000073510 2600 0.000006444 add_time= 0.000100874
2750 0.000094389 2750 0.000006941 add_time= 0.000128388
2650 0.000025400 2650 0.000006871 add_time= 0.000047991
2754 0.000047855 2754 0.000015675 add_time= 0.000081710
1275 0.000106677 1275 0.000005732 add_time= 0.000125264
2500 0.000231856 2500 0.000007006 add_time= 0.000255436
2750 0.000091513 2750 0.000007158 add_time= 0.000114782
2805 0.000094089 2805 0.000006474 add_time= 0.000116016
2754 0.000182778 2754 0.000007305 add_time= 0.000206168
2600 0.000092730 2600 0.000008553 add_time= 0.000117246
2915 0.000163885 2915 0.000007566 add_time= 0.000188965
2550 0.000042818 2550 0.000006396 add_time= 0.000064112
2750 0.000024835 2750 0.000005910 add_time= 0.000047433
2754 0.000072827 2754 0.000005858 add_time= 0.000091748
2500 0.000064218 2500 0.000005645 add_time= 0.000086276
2550 0.000440551 2550 0.000007947 add_time= 0.000470494
2700 0.001792083 2700 0.000007139 add_time= 0.001816676
2550 0.000213851 2550 0.000006498 add_time= 0.000236620
2550 0.000245842 2550 0.000007292 add_time= 0.000269091
1300 0.000138515 1300 0.000006194 add_time= 0.000158482
2750 0.000244517 2750 0.000007643 add_time= 0.000269761
2805 0.000071874 2805 0.000006638 add_time= 0.000103435
2600 0.000006484 2600 0.000025448 add_time= 0.000051243
2550 0.000065998 2550 0.000007217 add_time= 0.000089902
2550 0.000071465 2550 0.000006841 add_time= 0.000105635
2500 0.000333897 2500 0.000007836 add_time= 0.000359971
2600 0.000168117 2600 0.000006329 add_time= 0.000208686
2750 0.000007744 2750 0.000014082 add_time= 0.000038584
2750 0.000039867 2750 0.000006432 add_time= 0.000062559
2805 0.000068553 2805 0.000006141 add_time= 0.000089497
2754 0.000136246 2754 0.000015204 add_time= 0.000167730
1250 0.000043261 1250 0.000006687 add_time= 0.000063519
1325 0.000183907 1325 0.000006289 add_time= 0.000204662
2750 0.000178097 2750 0.000027536 add_time= 0.000223221
1250 0.000014220 1250 0.000018604 add_time= 0.000047864
2500 0.000057294 2500 0.000006740 add_time= 0.000079684
2750 0.000028217 2750 0.000006463 add_time= 0.000051363
2500 0.000458896 2500 0.000007456 add_time= 0.000483543
2600 0.000196976 2600 0.000006578 add_time= 0.000218759
2600 0.000065484 2600 0.000017866 add_time= 0.000097754
2500 0.000005624 2500 0.000012879 add_time= 0.000040061
2500 0.000046181 2500 0.000007073 add_time= 0.000069309
2754 0.000058513 2754 0.000005611 add_time= 0.000086305
2750 0.000067458 2750 0.000006648 add_time= 0.000090069
2862 0.000400177 2862 0.000006961 add_time= 0.000436400
2750 0.000237254 2750 0.000006844 add_time= 0.000280628
2500 0.000007284 2500 0.000013038 add_time= 0.000036646
2652 0.000185797 2652 0.000006239 add_time= 0.000207149
2805 0.000109327 2805 0.000006747 add_time= 0.000139521
2500 0.000267027 2500 0.000006837 add_time= 0.000289565
1250 0.000121585 1250 0.000006713 add_time= 0.000139936
2750 0.000216948 2750 0.000006883 add_time= 0.000242396
2600 0.000147049 2600 0.000006728 add_time= 0.000179691
2500 0.000006561 2500 0.000012825 add_time= 0.000034386
2750 0.000125927 2750 0.000006345 add_time= 0.000147532
2970 0.000036086 2970 0.000006206 add_time= 0.000057434
2860 0.000315472 2860 0.000005868 add_time= 0.000346068
2750 0.000110526 2750 0.000006846 add_time= 0.000135854
2860 0.000124853 2860 0.000007016 add_time= 0.000148546
2750 0.000015782 2750 0.000026957 add_time= 0.000058765
2600 0.000047750 2600 0.000018885 add_time= 0.000083100
2700 0.000024873 2700 0.000005802 add_time= 0.000042966
1275 0.000073738 1275 0.000006241 add_time= 0.000092049
2500 0.000061627 2500 0.000009320 add_time= 0.000124460
2750 0.000055493 2750 0.000008024 add_time= 0.000091776
2500 0.000020040 2500 0.000023505 add_time= 0.000066362
2500 0.000023132 2500 0.000008611 add_time= 0.000070201
2550 0.000048043 2550 0.000007459 add_time= 0.000078053
2750 0.000064537 2750 0.000007791 add_time= 0.000103942
2500 0.000179425 2500 0.000006170 add_time= 0.000203564
2860 0.000096242 2860 0.000006464 add_time= 0.000119901
2500 0.000006264 2500 0.000024104 add_time= 0.000062074
2601 0.000093071 2601 0.000006337 add_time= 0.000114172
2652 0.000048474 2652 0.000005410 add_time= 0.000068046
1250 0.000106360 1250 0.000005426 add_time= 0.000131886
1300 0.000043211 1300 0.000005271 add_time= 0.000059757
2500 0.000232494 2500 0.000006588 add_time= 0.000255511
2600 0.000064353 2600 0.000006605 add_time= 0.000086176
2700 0.000050675 2700 0.000005952 add_time= 0.000070383
2703 0.000039255 2703 0.000007158 add_time= 0.000061797
2862 0.000047429 2862 0.000006927 add_time= 0.000069985
2860 0.000126208 2860 0.000006529 add_time= 0.000147160
2750 0.000208300 2750 0.000006681 add_time= 0.000231186
2600 0.000056103 2600 0.000006474 add_time= 0.000076746
2750 0.000061196 2750 0.000013235 add_time= 0.000089709
2750 0.000039028 2750 0.000006437 add_time= 0.000061241
2700 0.000114893 2700 0.000005760 add_time= 0.000134467
1350 0.000126349 1350 0.000006137 add_time= 0.000145735
2500 0.000068919 2500 0.000006793 add_time= 0.000091299
2808 0.000052779 2808 0.000008715 add_time= 0.000075736
2550 0.000044097 2550 0.000006009 add_time= 0.000063813
2750 0.000079214 2750 0.000006369 add_time= 0.000100894
2550 0.000027678 2550 0.000006144 add_time= 0.000048948
2600 0.000110593 2600 0.000010939 add_time= 0.000135513
2750 0.000065393 2750 0.000006549 add_time= 0.000087331
2915 0.000043197 2915 0.000009536 add_time= 0.000067713
2750 0.000039682 2750 0.000006194 add_time= 0.000059561
2750 0.000086830 2750 0.000006691 add_time= 0.000108964
2500 0.000045000 2500 0.000006554 add_time= 0.000066541
2750 0.000032984 2750 0.000006236 add_time= 0.000053236
2750 0.000068990 2750 0.000006562 add_time= 0.000090731
2860 0.000043217 2860 0.000006196 add_time= 0.000063814
2750 0.000042829 2750 0.000006663 add_time= 0.000065312
2550 0.000032419 2550 0.000006263 add_time= 0.000052446
2754 0.000158202 2754 0.000023665 add_time= 0.000195408
2700 0.000105279 2700 0.000005667 add_time= 0.000123628
2703 0.000421248 2703 0.000006667 add_time= 0.000442734
2600 0.000034393 2600 0.000005647 add_time= 0.000052880
2805 0.000015059 2805 0.000018419 add_time= 0.000047081
2805 0.000053191 2805 0.000008780 add_time= 0.000075798
2703 0.000058977 2703 0.000006162 add_time= 0.000077929
2700 0.000041038 2700 0.000005868 add_time= 0.000074542
2500 0.000122762 2500 0.000017387 add_time= 0.000154531
2756 0.000046831 2756 0.000006069 add_time= 0.000066349
2750 0.000026365 2750 0.000016219 add_time= 0.000056155
2500 0.000011864 2500 0.000013670 add_time= 0.000038034
2550 0.000142611 2550 0.000009009 add_time= 0.000164378
2750 0.000055177 2750 0.000006037 add_time= 0.000074791
1250 0.000225522 1250 0.000005272 add_time= 0.000250180
2915 0.000047670 2915 0.000006686 add_time= 0.000070017
2600 0.000024332 2600 0.000005519 add_time= 0.000043137
2750 0.000080602 2750 0.000005719 add_time= 0.000098997
2650 0.000013853 2650 0.000012444 add_time= 0.000038776
1250 0.000098575 1250 0.000005023 add_time= 0.000113606
2750 0.000085500 2750 0.000005553 add_time= 0.000103645
2500 0.000214258 2500 0.000006784 add_time= 0.000235404
2500 0.000055635 2500 0.000006311 add_time= 0.000075081
2500 0.000014097 2500 0.000013639 add_time= 0.000040329
2500 0.000048127 2500 0.000006176 add_time= 0.000066936
2805 0.000049207 2805 0.000006252 add_time= 0.000068939
2750 0.000044599 2750 0.000006147 add_time= 0.000064385
2750 0.000230099 2750 0.000006279 add_time= 0.000248862
2500 0.000389843 2500 0.000006901 add_time= 0.000411067
2704 0.000063359 2704 0.000005536 add_time= 0.000081880
2500 0.000014428 2500 0.000014140 add_time= 0.000041792
2550 0.000041339 2550 0.000013495 add_time= 0.000067415
2970 0.000056477 2970 0.000009354 add_time= 0.000079974
2750 0.000617560 2750 0.000008330 add_time= 0.000654065
2652 0.000077282 2652 0.000006624 add_time= 0.000100222
2500 0.000230329 2500 0.000007204 add_time= 0.000253490
2500 0.000016493 2500 0.000020736 add_time= 0.000054020
2754 0.000332483 2754 0.000007902 add_time= 0.000365136
2500 0.000124652 2500 0.000006840 add_time= 0.000147253
1300 0.000507950 1300 0.000006408 add_time= 0.000526320
2650 0.000368326 2650 0.000006528 add_time= 0.000391876
2600 0.000130904 2600 0.000005805 add_time= 0.000151093
2750 0.000179648 2750 0.000016215 add_time= 0.000212439
2860 0.000062042 2860 0.000006287 add_time= 0.000083369
2550 0.000174116 2550 0.000006466 add_time= 0.000196565
2860 0.000079983 2860 0.000006447 add_time= 0.000104044
1375 0.000147393 1375 0.000005461 add_time= 0.000164520
2500 0.000154823 2500 0.000006421 add_time= 0.000178104
1300 0.000468304 1300 0.000005800 add_time= 0.000486999
2600 0.000006774 2600 0.000014378 add_time= 0.000035999
2754 0.000111260 2754 0.000014475 add_time= 0.000152591
2700 0.000180471 2700 0.000006948 add_time= 0.000202931
2700 0.000074847 2700 0.000011226 add_time= 0.000102286
2500 0.000144109 2500 0.000006659 add_time= 0.000167561
2600 0.000079965 2600 0.000006738 add_time= 0.000107588
2500 0.000015088 2500 0.000014926 add_time= 0.000044906
2805 0.000205701 2805 0.000006658 add_time= 0.000228471
2500 0.000094526 2500 0.000012389 add_time= 0.000122565
2750 0.000278189 2750 0.000006601 add_time= 0.000302268
2860 0.000123992 2860 0.000006828 add_time= 0.000146592
2650 0.000018451 2650 0.000013793 add_time= 0.000048097
2550 0.000006087 2550 0.000037912 add_time= 0.000057054
2550 0.000039965 2550 0.000007175 add_time= 0.000062628
2550 0.000058771 2550 0.000005651 add_time= 0.000086638
2750 0.000053196 2750 0.000012317 add_time= 0.000081935
2550 0.000163697 2550 0.000007690 add_time= 0.000206356
2500 0.000076800 2500 0.000006725 add_time= 0.000099662
1375 0.000014039 1375 0.000026136 add_time= 0.000054528
2601 0.000168262 2601 0.000006966 add_time= 0.000191546
2750 0.000311430 2750 0.000007049 add_time= 0.000334988
2750 0.000039727 2750 0.000013940 add_time= 0.000074059
2700 0.000120981 2700 0.000006409 add_time= 0.000147195
2600 0.000081318 2600 0.000008718 add_time= 0.000104856
2750 0.000006835 2750 0.000013841 add_time= 0.000047732
2550 0.000006526 2550 0.000015480 add_time= 0.000037960
2550 0.000279822 2550 0.000006234 add_time= 0.000301687
2970 0.000058224 2970 0.000008745 add_time= 0.000091708
2600 0.000069604 2600 0.000007322 add_time= 0.000098483
1300 0.000033099 1300 0.000006521 add_time= 0.000051598
2550 0.000121470 2550 0.000007059 add_time= 0.000143180
2805 0.000089486 2805 0.000007193 add_time= 0.000114261
2550 0.000086160 2550 0.000007980 add_time= 0.000110587
2750 0.000056231 2750 0.000007388 add_time= 0.000078492
2915 0.000057402 2915 0.000007718 add_time= 0.000118367
2600 0.000067338 2600 0.000007570 add_time= 0.000097904
1250 0.000028753 1250 0.000012613 add_time= 0.000073277
2750 0.000042415 2750 0.000008104 add_time= 0.000076428
2754 0.000144234 2754 0.000008161 add_time= 0.000178368
2500 0.000245732 2500 0.000006609 add_time= 0.000271483
2600 0.000100420 2600 0.000016971 add_time= 0.000132015
2805 0.000008096 2805 0.000034001 add_time= 0.000058596
2805 0.000092028 2805 0.000006544 add_time= 0.000121513
2916 0.000055453 2916 0.000007010 add_time= 0.000079891
2809 0.000030880 2809 0.000007381 add_time= 0.000057178
2600 0.000133190 2600 0.000006736 add_time= 0.000155265
2500 0.000142114 2500 0.000006011 add_time= 0.000161934
2750 0.000027988 2750 0.000006488 add_time= 0.000050264
2550 0.000089900 2550 0.000006976 add_time= 0.000129836
2500 0.000047251 2500 0.000006855 add_time= 0.000070093
1250 0.000090667 1250 0.000009754 add_time= 0.000113572
2600 0.000300253 2600 0.000007064 add_time= 0.000323837
2750 0.000064928 2750 0.000007361 add_time= 0.000088754
2550 0.000116375 2550 0.000007014 add_time= 0.000138125
2754 0.000108373 2754 0.000007940 add_time= 0.000156725
2700 0.000025391 2700 0.000006758 add_time= 0.000048328
1250 0.000041010 1250 0.000006456 add_time= 0.000060670
2650 0.000123584 2650 0.000007265 add_time= 0.000147085
2808 0.000074192 2808 0.000006699 add_time= 0.000096978
2750 0.000018255 2750 0.000013344 add_time= 0.000046943
2550 0.000074572 2550 0.000006265 add_time= 0.000096292
2500 0.000042662 2500 0.000006505 add_time= 0.000064310
2750 0.000183782 2750 0.000007622 add_time= 0.000208446
2600 0.000242701 2600 0.000005811 add_time= 0.000262248
2600 0.000016280 2600 0.000013316 add_time= 0.000044452
2750 0.000062773 2750 0.000006476 add_time= 0.000085289
2970 0.000027713 2970 0.000006822 add_time= 0.000050348
1375 0.000017438 1375 0.000012272 add_time= 0.000041744
2750 0.000039459 2750 0.000006658 add_time= 0.000062884
2704 0.000090690 2704 0.000006996 add_time= 0.000111828
2750 0.000270913 2750 0.000006992 add_time= 0.000293826
2500 0.000048439 2500 0.000006508 add_time= 0.000069738
2500 0.000035230 2500 0.000006379 add_time= 0.000055705
2862 0.000370984 2862 0.000006580 add_time= 0.000394993
2860 0.000041652 2860 0.000006435 add_time= 0.000062654
2750 0.000085187 2750 0.000006033 add_time= 0.000109563
2652 0.000045557 2652 0.000006261 add_time= 0.000065410
2750 0.000124286 2750 0.000006010 add_time= 0.000144317
2500 0.000070383 2500 0.000006418 add_time= 0.000092452
2860 0.000132770 2860 0.000005901 add_time= 0.000153154
2750 0.000186591 2750 0.000005973 add_time= 0.000217195
1275 0.000059694 1275 0.000009468 add_time= 0.000080072
2970 0.000059200 2970 0.000006226 add_time= 0.000080022
2750 0.000029292 2750 0.000006210 add_time= 0.000053694
2860 0.000023382 2860 0.000006044 add_time= 0.000043719
2500 0.000110858 2500 0.000006153 add_time= 0.000130317
2500 0.000015755 2500 0.000071910 add_time= 0.000101398
2805 0.000110625 2805 0.000006329 add_time= 0.000141858
2500 0.000035292 2500 0.000005381 add_time= 0.000053165
2500 0.000078648 2500 0.000006444 add_time= 0.000100622
2600 0.000032114 2600 0.000031977 add_time= 0.000078134
2970 0.000016395 2970 0.000126076 add_time= 0.000157335
1275 0.000042024 1275 0.000005887 add_time= 0.000059219
2700 0.000064086 2700 0.000006441 add_time= 0.000084171
1275 0.000037532 1275 0.000006686 add_time= 0.000055347
2550 0.000376550 2550 0.000006864 add_time= 0.000407637
2500 0.000107214 2500 0.000006119 add_time= 0.000126741
2601 0.000097426 2601 0.000005642 add_time= 0.000116369
2750 0.000079375 2750 0.000007383 add_time= 0.000101187
1250 0.000064986 1250 0.000006429 add_time= 0.000102001
2750 0.000742574 2750 0.000010629 add_time= 0.000782905
2805 0.000093929 2805 0.000007640 add_time= 0.000126066
2750 0.000026158 2750 0.000022408 add_time= 0.000062819
2500 0.000110412 2500 0.000018306 add_time= 0.000144474
2550 0.000240093 2550 0.000008141 add_time= 0.000287014
3025 0.000073144 3025 0.000007301 add_time= 0.000096923
2650 0.000408489 2650 0.000006887 add_time= 0.000433150
2860 0.000175065 2860 0.000006994 add_time= 0.000199240
2600 0.000006246 2600 0.000013053 add_time= 0.000033795
2550 0.000148389 2550 0.000007237 add_time= 0.000172106
3025 0.000028484 3025 0.000007391 add_time= 0.000057918
1300 0.000039136 1300 0.000006188 add_time= 0.000057460
2650 0.000248966 2650 0.000007099 add_time= 0.000272747
2805 0.000073878 2805 0.000006974 add_time= 0.000097389
2860 0.000103684 2860 0.000006312 add_time= 0.000138703
2550 0.000315812 2550 0.000006216 add_time= 0.000338164
2805 0.000075064 2805 0.000015760 add_time= 0.000107405
2600 0.000047706 2600 0.000009042 add_time= 0.000074467
1300 0.000323605 1300 0.000005397 add_time= 0.000347497
2650 0.000007590 2650 0.000024046 add_time= 0.000047753
2805 0.000219570 2805 0.000006928 add_time= 0.000243089
2550 0.000046938 2550 0.000006511 add_time= 0.000069561
