2550 0.000104437 2550 0.000014965 add_time= 0.001697748
2500 0.000034037 2500 0.000009130 add_time= 0.000059364
2750 0.000078315 2750 0.000009069 add_time= 0.000112533
2860 0.000300378 2860 0.000007961 add_time= 0.000328858
2500 0.000087376 2500 0.000008218 add_time= 0.000129930
2500 0.000103688 2500 0.000030773 add_time= 0.000174144
2650 0.000076396 2650 0.000007420 add_time= 0.000120499
2805 0.000273590 2805 0.000007802 add_time= 0.000300127
2750 0.000130638 2750 0.000007271 add_time= 0.000153963
1250 0.000194193 1250 0.000006274 add_time= 0.000217930
2500 0.000735434 2500 0.000042283 add_time= 0.000806666
2860 0.000130053 2860 0.000007173 add_time= 0.000156579
2805 0.000045695 2805 0.000010279 add_time= 0.000073991
1375 0.000255453 1375 0.000005363 add_time= 0.000278811
2650 0.001163876 2650 0.000008109 add_time= 0.001199658
2805 0.000174819 2805 0.000016255 add_time= 0.000228242
625 0.000065608 625 0.000035150 add_time= 0.000118124
2750 0.000834918 2750 0.000023891 add_time= 0.000910304
3025 0.000217477 3025 0.000009161 add_time= 0.000258323
2750 0.000078915 2750 0.000025124 add_time= 0.000147540
2600 0.000018028 2600 0.000028120 add_time= 0.000084415
2500 0.000088527 2500 0.000017271 add_time= 0.000123321
2500 0.000067715 2500 0.000007515 add_time= 0.000092089
2600 0.000016364 2600 0.000017487 add_time= 0.000145138
2750 0.000047992 2750 0.000009937 add_time= 0.000090954
2754 0.000057512 2754 0.000018875 add_time= 0.000100750
2750 0.000031809 2750 0.000008913 add_time= 0.000064826
2600 0.000360495 2600 0.000015411 add_time= 0.001886456
1375 0.000123725 1375 0.000007166 add_time= 0.000145981
2600 0.000064801 2600 0.000008852 add_time= 0.000091813
2600 0.000056751 2600 0.000010718 add_time= 0.000096236
2700 0.000053296 2700 0.000007285 add_time= 0.000079417
2808 0.000041347 2808 0.000006752 add_time= 0.000063611
2500 0.000701897 2500 0.000016283 add_time= 0.000802385
2750 0.000133265 2750 0.000007272 add_time= 0.000165636
2500 0.000234624 2500 0.000007971 add_time= 0.000266846
2750 0.000012128 2750 0.000029256 add_time= 0.000069347
3025 0.000206711 3025 0.000027326 add_time= 0.000251819
2700 0.000217906 2700 0.000007496 add_time= 0.000241832
2750 0.000130362 2750 0.000009310 add_time= 0.000177233
2650 0.000182324 2650 0.000026706 add_time= 0.000233787
2650 0.000183315 2650 0.000007502 add_time= 0.000207308
2500 0.000796494 2500 0.000015152 add_time= 0.000831464
2500 0.000153029 2500 0.000006462 add_time= 0.000175620
2754 0.000075081 2754 0.000026975 add_time= 0.000123648
3025 0.000105238 3025 0.000008183 add_time= 0.000131450
2500 0.000212877 2500 0.000008118 add_time= 0.000264538
2500 0.000060302 2500 0.000006956 add_time= 0.000108666
2550 0.000050961 2550 0.000010150 add_time= 0.000089671
3025 0.000144574 3025 0.000038824 add_time= 0.000336791
2970 0.000052152 2970 0.000011725 add_time= 0.000113738
2550 0.000038599 2550 0.000010396 add_time= 0.000103732
2652 0.000095495 2652 0.000012851 add_time= 0.001266474
3025 0.000056249 3025 0.000007360 add_time= 0.000082327
1250 0.000079637 1250 0.000006751 add_time= 0.000101210
2652 0.000037851 2652 0.000006818 add_time= 0.000061596
1250 0.000092857 1250 0.000005809 add_time= 0.000111154
2600 0.000052007 2600 0.000015483 add_time= 0.000084970
2750 0.000053603 2750 0.000006894 add_time= 0.000077721
2550 0.000056953 2550 0.000006451 add_time= 0.000079644
2805 0.000043854 2805 0.000006649 add_time= 0.000067072
2550 0.000133300 2550 0.000007096 add_time= 0.000157390
2500 0.000094087 2500 0.000006229 add_time= 0.000114159
2500 0.000635466 2500 0.000009394 add_time= 0.000685976
2500 0.000090604 2500 0.000008674 add_time= 0.000128598
2750 0.000008342 2750 0.000038466 add_time= 0.000074162
2805 0.000055393 2805 0.000007245 add_time= 0.000100638
2754 0.000105827 2754 0.000006208 add_time= 0.000126879
1350 0.000033052 1350 0.000005594 add_time= 0.000059920
2600 0.000154225 2600 0.000006773 add_time= 0.000178227
2750 0.000072769 2750 0.000007248 add_time= 0.000098219
2750 0.000006250 2750 0.000026390 add_time= 0.000048962
2500 0.000061211 2500 0.000014228 add_time= 0.000102208
2500 0.000088398 2500 0.000006754 add_time= 0.000109477
2500 0.000053532 2500 0.000005991 add_time= 0.000073533
625 0.000061282 625 0.000005685 add_time= 0.000097516
1250 0.000226076 1250 0.000006967 add_time= 0.000271263
1250 0.000178242 1250 0.000006178 add_time= 0.000199632
2550 0.000218147 2550 0.000006365 add_time= 0.000240173
2652 0.000062868 2652 0.000006860 add_time= 0.000100644
2650 0.000072231 2650 0.000006640 add_time= 0.000095480
2704 0.000190231 2704 0.000007428 add_time= 0.000215004
2860 0.000124645 2860 0.000007187 add_time= 0.000152688
2805 0.000436955 2805 0.000007601 add_time= 0.000461826
2550 0.000129969 2550 0.000006428 add_time= 0.000160313
2500 0.000149681 2500 0.000006552 add_time= 0.000172301
2750 0.000130208 2750 0.000006301 add_time= 0.000155049
2750 0.000108330 2750 0.000018170 add_time= 0.000142422
2915 0.000007160 2915 0.000095110 add_time= 0.000125395
2500 0.000092770 2500 0.000006045 add_time= 0.000113080
2601 0.000078495 2601 0.000013841 add_time= 0.000105999
2860 0.000089157 2860 0.000014614 add_time= 0.000118238
2500 0.000328740 2500 0.000021040 add_time= 0.000449262
2750 0.000082370 2750 0.000008908 add_time= 0.000123954
2652 0.000068678 2652 0.000117282 add_time= 0.000212800
2600 0.000092990 2600 0.000019148 add_time= 0.000139746
2500 0.000096643 2500 0.000008480 add_time= 0.000127461
1250 0.000087891 1250 0.000015661 add_time= 0.000136627
2703 0.000607036 2703 0.000009010 add_time= 0.000642928
2550 0.000595178 2550 0.000018706 add_time= 0.000633024
2500 0.000413948 2500 0.000008171 add_time= 0.000448896
2703 0.000155914 2703 0.000014052 add_time= 0.000184282
1250 0.000311424 1250 0.000013886 add_time= 0.000339434
1250 0.000145176 1250 0.000005499 add_time= 0.000161942
2500 0.000079835 2500 0.000015649 add_time= 0.000111044
2860 0.000074035 2860 0.000015039 add_time= 0.000105824
2860 0.000298411 2860 0.000006628 add_time= 0.000318694
2550 0.000010842 2550 0.000043366 add_time= 0.000069081
2500 0.000230834 2500 0.000007105 add_time= 0.000253569
1250 0.000033025 1250 0.000012651 add_time= 0.000070154
1250 0.000380841 1250 0.000024076 add_time= 0.000419515
2915 0.000205433 2915 0.000016282 add_time= 0.000239651
2805 0.000060169 2805 0.000006935 add_time= 0.000094795
2500 0.000198166 2500 0.000006604 add_time= 0.000220310
2500 0.000236889 2500 0.000006378 add_time= 0.000257338
2550 0.000240264 2550 0.000007703 add_time= 0.000264211
2750 0.000260754 2750 0.000007330 add_time= 0.000285306
2600 0.000162072 2600 0.000007208 add_time= 0.000185607
2805 0.000205438 2805 0.000007247 add_time= 0.000229578
2700 0.000199024 2700 0.000005952 add_time= 0.000220059
2550 0.000410436 2550 0.000007584 add_time= 0.000442565
2750 0.000127886 2750 0.000006620 add_time= 0.000150859
2500 0.000138172 2500 0.000006879 add_time= 0.000172805
2601 0.000123127 2601 0.000006496 add_time= 0.000145412
2750 0.000077216 2750 0.000006955 add_time= 0.000100312
1250 0.000051546 1250 0.000005858 add_time= 0.000069772
2756 0.000116381 2756 0.000008199 add_time= 0.000161262
3025 0.000126785 3025 0.000025611 add_time= 0.000173451
2500 0.000245713 2500 0.000006706 add_time= 0.000275899
2601 0.000201340 2601 0.000034268 add_time= 0.000252329
2750 0.000330991 2750 0.000010103 add_time= 0.000358722
1250 0.000074856 1250 0.000005526 add_time= 0.000093475
2500 0.000249443 2500 0.000006874 add_time= 0.000273843
2500 0.000096712 2500 0.000006714 add_time= 0.000124313
2650 0.000202403 2650 0.000006279 add_time= 0.000226239
2550 0.000207723 2550 0.000006768 add_time= 0.000231447
2750 0.000103444 2750 0.000006157 add_time= 0.000125820
2650 0.000460206 2650 0.000006373 add_time= 0.000481661
2750 0.000136689 2750 0.000007044 add_time= 0.000160583
2500 0.000031104 2500 0.000021319 add_time= 0.000065836
2550 0.000064164 2550 0.000006068 add_time= 0.000084970
2750 0.000196457 2750 0.000006822 add_time= 0.000218383
2500 0.000076893 2500 0.000008405 add_time= 0.000120839
2750 0.000061145 2750 0.000008762 add_time= 0.000111964
2500 0.000056651 2500 0.000008544 add_time= 0.000090421
2550 0.000030403 2550 0.000008045 add_time= 0.000074274
2860 0.000067452 2860 0.000007570 add_time= 0.000100219
2650 0.000246122 2650 0.000006795 add_time= 0.000268549
2600 0.000038636 2600 0.000006233 add_time= 0.000060284
2750 0.000077399 2750 0.000007004 add_time= 0.000100883
2754 0.000007893 2754 0.000026955 add_time= 0.000050548
2750 0.000089178 2750 0.000006681 add_time= 0.000111912
2500 0.000132874 2500 0.000006756 add_time= 0.000154671
2756 0.000159311 2756 0.000007708 add_time= 0.000184750
1300 0.000038737 1300 0.000005087 add_time= 0.000056079
2550 0.000084683 2550 0.000006476 add_time= 0.000116164
2805 0.000016168 2805 0.000016213 add_time= 0.000057518
2500 0.000125120 2500 0.000006823 add_time= 0.000166996
2550 0.000049752 2550 0.000006799 add_time= 0.000071644
2500 0.000659728 2500 0.000027635 add_time= 0.000708808
2860 0.000057391 2860 0.000007969 add_time= 0.000083692
2500 0.000433799 2500 0.000006290 add_time= 0.000456067
2970 0.000021682 2970 0.000040687 add_time= 0.000079164
2550 0.000146773 2550 0.000006757 add_time= 0.000176333
2750 0.000100699 2750 0.000007689 add_time= 0.000125583
2600 0.000318448 2600 0.000009153 add_time= 0.000343854
2500 0.000185142 2500 0.000017889 add_time= 0.000219208
2550 0.000007726 2550 0.000023520 add_time= 0.000047416
2500 0.000166629 2500 0.000007979 add_time= 0.000190896
1325 0.000086984 1325 0.000035096 add_time= 0.000136097
2600 0.000085298 2600 0.000008574 add_time= 0.000109616
2600 0.000533400 2600 0.000013533 add_time= 0.000561240
2750 0.000149060 2750 0.000007514 add_time= 0.000180783
2550 0.000018160 2550 0.000031134 add_time= 0.000065083
2550 0.000174527 2550 0.000006947 add_time= 0.000195063
2500 0.000089603 2500 0.000026836 add_time= 0.000132165
2704 0.000070190 2704 0.000006760 add_time= 0.000093617
2750 0.000251798 2750 0.000006503 add_time= 0.000274683
2700 0.000014816 2700 0.000023231 add_time= 0.000053873
1275 0.000126523 1275 0.000006073 add_time= 0.000145836
2805 0.000056285 2805 0.000006959 add_time= 0.000079587
1250 0.000032120 1250 0.000005465 add_time= 0.000048849
2704 0.000282282 2704 0.000007016 add_time= 0.000305661
2750 0.000075928 2750 0.000007171 add_time= 0.000110139
2805 0.000007334 2805 0.000016616 add_time= 0.000039811
2600 0.000098313 2600 0.000014475 add_time= 0.000128018
2500 0.000034375 2500 0.000005961 add_time= 0.000054843
2500 0.000144885 2500 0.000008646 add_time= 0.000178589
2805 0.000093472 2805 0.000029433 add_time= 0.000149867
2750 0.000245508 2750 0.000007386 add_time= 0.000270221
2601 0.000369263 2601 0.000007463 add_time= 0.000401547
2500 0.000257263 2500 0.000034702 add_time= 0.000308173
2700 0.000078328 2700 0.000007850 add_time= 0.000103891
2500 0.000206428 2500 0.000007241 add_time= 0.000230324
3025 0.000008272 3025 0.000016720 add_time= 0.000046141
2601 0.000238394 2601 0.000007205 add_time= 0.000262455
1375 0.000045781 1375 0.000006043 add_time= 0.000066596
2600 0.000231088 2600 0.000007291 add_time= 0.000253205
3025 0.000369824 3025 0.000007177 add_time= 0.000393646
2500 0.000145320 2500 0.000006092 add_time= 0.000164883
2805 0.000098895 2805 0.000005887 add_time= 0.000117472
2808 0.001761542 2808 0.000007329 add_time= 0.001785224
2600 0.000058369 2600 0.000007611 add_time= 0.000101976
2600 0.000093747 2600 0.000006961 add_time= 0.000124725
2500 0.000071869 2500 0.000008699 add_time= 0.000105080
2805 0.000007385 2805 0.000028006 add_time= 0.000061630
2650 0.000059582 2650 0.000008083 add_time= 0.000102747
2500 0.000080854 2500 0.000009115 add_time= 0.000114858
2500 0.000080055 2500 0.000006582 add_time= 0.000101335
2550 0.000105951 2550 0.000006509 add_time= 0.000127545
2750 0.000018284 2750 0.000024994 add_time= 0.000066198
2500 0.000127634 2500 0.000006165 add_time= 0.000148752
2500 0.000092462 2500 0.000006821 add_time= 0.000112833
1275 0.000141455 1275 0.000006222 add_time= 0.000158810
2500 0.000238478 2500 0.000007217 add_time= 0.000261122
2750 0.000101823 2750 0.000006779 add_time= 0.000124398
3025 0.000030228 3025 0.000040519 add_time= 0.000095106
2601 0.000078221 2601 0.000007071 add_time= 0.000100361
2750 0.000304278 2750 0.000006575 add_time= 0.000324903
1375 0.000276124 1375 0.000006191 add_time= 0.000295576
2862 0.000390112 2862 0.000007088 add_time= 0.000414077
2550 0.000239467 2550 0.000005879 add_time= 0.000258811
2860 0.000116905 2860 0.000006281 add_time= 0.000137053
2550 0.000094162 2550 0.000006543 add_time= 0.000115552
2970 0.000055645 2970 0.000006662 add_time= 0.000078586
1250 0.000197516 1250 0.000006930 add_time= 0.000230430
2750 0.000449668 2750 0.000008641 add_time= 0.000480852
3025 0.000367892 3025 0.000007430 add_time= 0.000392339
2805 0.000017851 2805 0.000033726 add_time= 0.000076577
2550 0.000053391 2550 0.000006617 add_time= 0.000076179
2700 0.000408366 2700 0.000015630 add_time= 0.000438971
625 0.000046234 625 0.000005647 add_time= 0.000065506
2550 0.000067427 2550 0.000032826 add_time= 0.000116880
2500 0.000218308 2500 0.000017513 add_time= 0.000250735
2500 0.000257236 2500 0.000006276 add_time= 0.000279148
2805 0.000103515 2805 0.000006805 add_time= 0.000126094
2703 0.000110728 2703 0.000006506 add_time= 0.000131695
2700 0.000048381 2700 0.000035936 add_time= 0.000098520
2750 0.000164518 2750 0.000006649 add_time= 0.000187906
2550 0.000089248 2550 0.000026611 add_time= 0.000131613
2500 0.000153040 2500 0.000006778 add_time= 0.000175269
2550 0.002283065 2550 0.000006874 add_time= 0.002311206
2860 0.000385212 2860 0.000007642 add_time= 0.000418045
2652 0.000173853 2652 0.000007029 add_time= 0.000196470
2500 0.000219044 2500 0.000006993 add_time= 0.000241364
2750 0.001017238 2750 0.000007228 add_time= 0.001040360
2500 0.000227452 2500 0.000007047 add_time= 0.000250001
2750 0.000242716 2750 0.000006589 add_time= 0.000263570
2650 0.000152796 2650 0.000005952 add_time= 0.000174335
2600 0.000139872 2600 0.000006364 add_time= 0.000161507
2750 0.000197592 2750 0.000025854 add_time= 0.000247061
2500 0.000089698 2500 0.000023398 add_time= 0.000126686
2700 0.000071500 2700 0.000006905 add_time= 0.000096215
2805 0.000090711 2805 0.000006975 add_time= 0.000112491
1275 0.000082437 1275 0.000005334 add_time= 0.000100108
2700 0.000119915 2700 0.000007192 add_time= 0.000161215
2500 0.000103508 2500 0.000025998 add_time= 0.000144981
2500 0.000058311 2500 0.000023312 add_time= 0.000095658
2500 0.000138170 2500 0.000005206 add_time= 0.000156550
2550 0.000245348 2550 0.000006696 add_time= 0.000266211
2500 0.000269531 2500 0.000006266 add_time= 0.000291775
2550 0.000264054 2550 0.000007387 add_time= 0.000294792
2860 0.000124389 2860 0.000014342 add_time= 0.000165408
2500 0.000321643 2500 0.000007031 add_time= 0.000345509
2550 0.000093999 2550 0.000006538 add_time= 0.000115918
2500 0.000041193 2500 0.000007135 add_time= 0.000064372
2650 0.000164812 2650 0.000006161 add_time= 0.000185401
2500 0.000160756 2500 0.000006250 add_time= 0.000181756
2750 0.000098744 2750 0.000006250 add_time= 0.000119351
2550 0.000006629 2550 0.000024005 add_time= 0.000043239
2500 0.000088175 2500 0.000006523 add_time= 0.000109155
2500 0.000081182 2500 0.000005705 add_time= 0.000100122
2550 0.000139578 2550 0.000017010 add_time= 0.000200406
1300 0.000039313 1300 0.000006880 add_time= 0.000073367
2915 0.000041425 2915 0.000007750 add_time= 0.000077045
2805 0.000071484 2805 0.000008330 add_time= 0.000106126
2915 0.000087769 2915 0.000013825 add_time= 0.000129734
2550 0.000236900 2550 0.000005942 add_time= 0.000256970
2808 0.000095730 2808 0.000014185 add_time= 0.000125186
2500 0.000161625 2500 0.000006050 add_time= 0.000182222
3025 0.000017616 3025 0.000034451 add_time= 0.000073197
2600 0.000043777 2600 0.000013610 add_time= 0.000070391
2703 0.000167881 2703 0.000006151 add_time= 0.000196224
2808 0.000087122 2808 0.000006412 add_time= 0.000107243
1375 0.000058286 1375 0.000006108 add_time= 0.000082396
2500 0.000263420 2500 0.000006075 add_time= 0.000283541
2500 0.000088687 2500 0.000006885 add_time= 0.000110012
2500 0.000127979 2500 0.000012802 add_time= 0.000155426
2550 0.000108455 2550 0.000007344 add_time= 0.000147020
2550 0.000079319 2550 0.000006652 add_time= 0.000100461
625 0.000041016 625 0.000005658 add_time= 0.000061691
2500 0.000055708 2500 0.000006676 add_time= 0.000077152
2808 0.000066145 2808 0.000017099 add_time= 0.000098463
2500 0.000091766 2500 0.000005885 add_time= 0.000110557
2805 0.000016597 2805 0.000015961 add_time= 0.000047816
2550 0.000060931 2550 0.000006207 add_time= 0.000080113
2500 0.000063038 2500 0.000006344 add_time= 0.000083610
2704 0.000124901 2704 0.000006058 add_time= 0.000145775
2860 0.000122163 2860 0.000006780 add_time= 0.000144652
2500 0.000167738 2500 0.000006655 add_time= 0.000189084
2601 0.000071588 2601 0.000007098 add_time= 0.000100479
2500 0.000095031 2500 0.000006022 add_time= 0.000115247
2750 0.000121395 2750 0.000007418 add_time= 0.000151755
2750 0.000095197 2750 0.000007351 add_time= 0.000118927
2600 0.000318369 2600 0.000006970 add_time= 0.000341617
2550 0.000080535 2550 0.000013975 add_time= 0.000108999
2550 0.000619584 2550 0.000007308 add_time= 0.000643150
2500 0.000175715 2500 0.000007082 add_time= 0.000199355
3025 0.000089700 3025 0.000007765 add_time= 0.000115378
2550 0.000472004 2550 0.000006630 add_time= 0.000494534
2805 0.000063502 2805 0.000007489 add_time= 0.000095264
2754 0.000123274 2754 0.000007092 add_time= 0.000146647
1350 0.000081067 1350 0.000006606 add_time= 0.000101989
2700 0.000484509 2700 0.000009088 add_time= 0.000508419
2600 0.000063778 2600 0.000006781 add_time= 0.000084494
2500 0.000301499 2500 0.000005627 add_time= 0.000320128
2750 0.000007049 2750 0.000026550 add_time= 0.000061080
2550 0.000147676 2550 0.000006360 add_time= 0.000169124
2600 0.000064867 2600 0.000005936 add_time= 0.000084953
1250 0.000141490 1250 0.000005890 add_time= 0.000160311
1325 0.000683201 1325 0.000006178 add_time= 0.000702858
2860 0.000091381 2860 0.000006782 add_time= 0.000114492
2500 0.000191452 2500 0.000007187 add_time= 0.000214470
2550 0.000201401 2550 0.000013396 add_time= 0.000228889
2808 0.000292205 2808 0.000016228 add_time= 0.000323065
1250 0.000071716 1250 0.000005327 add_time= 0.000087575
2700 0.000442514 2700 0.000005918 add_time= 0.000473623
2860 0.000191507 2860 0.000007578 add_time= 0.000216125
2750 0.000006426 2750 0.000014796 add_time= 0.000042885
2550 0.000114873 2550 0.000006941 add_time= 0.000136930
2500 0.000101372 2500 0.000005974 add_time= 0.000120894
2750 0.000059737 2750 0.000005840 add_time= 0.000097671
2500 0.000064640 2500 0.000008826 add_time= 0.000104567
2808 0.000068917 2808 0.000008450 add_time= 0.000096420
3025 0.000175470 3025 0.000028309 add_time= 0.000221227
2750 0.000019759 2750 0.000015048 add_time= 0.000061847
1250 0.000072597 1250 0.000006330 add_time= 0.000091604
2754 0.000146986 2754 0.000007400 add_time= 0.000178749
1300 0.000142742 1300 0.000026422 add_time= 0.000194298
2750 0.000145510 2750 0.000006998 add_time= 0.000180245
2650 0.000090349 2650 0.000006434 add_time= 0.000121858
2550 0.000007587 2550 0.000022286 add_time= 0.000045075
2500 0.000263134 2500 0.000007275 add_time= 0.000297283
2750 0.000054399 2750 0.000007151 add_time= 0.000087301
2500 0.000344033 2500 0.000017464 add_time= 0.000379691
2704 0.000048129 2704 0.000015765 add_time= 0.000077689
2500 0.000209728 2500 0.000005440 add_time= 0.000228016
2550 0.000006336 2550 0.000024484 add_time= 0.000044212
2750 0.000086333 2750 0.000006728 add_time= 0.000108767
2500 0.001136261 2500 0.000006952 add_time= 0.001158351
2550 0.000006589 2550 0.000008025 add_time= 0.000059824
2600 0.000044938 2600 0.000006888 add_time= 0.000076662
2600 0.000097186 2600 0.000007170 add_time= 0.000128437
2500 0.000032092 2500 0.000007135 add_time= 0.000059966
2600 0.000037824 2600 0.000007344 add_time= 0.000069872
2916 0.000146967 2916 0.000008150 add_time= 0.000184104
1375 0.000146021 1375 0.000006986 add_time= 0.000175868
2860 0.000114546 2860 0.000006371 add_time= 0.000137569
2808 0.000110027 2808 0.000006260 add_time= 0.000131795
2805 0.000076746 2805 0.000006867 add_time= 0.000107310
2500 0.000116347 2500 0.000006366 add_time= 0.000136548
2550 0.000123798 2550 0.000006687 add_time= 0.000145840
3025 0.000044020 3025 0.000006859 add_time= 0.000067398
2600 0.000547203 2600 0.000006868 add_time= 0.000578650
2652 0.000053242 2652 0.000025192 add_time= 0.000093861
2750 0.000191624 2750 0.000006934 add_time= 0.000214870
2550 0.000030296 2550 0.000014549 add_time= 0.000060522
2754 0.000089121 2754 0.000007474 add_time= 0.000112441
1325 0.000174227 1325 0.000006016 add_time= 0.000194356
2750 0.000091197 2750 0.000007882 add_time= 0.000115505
2500 0.000024482 2500 0.000014797 add_time= 0.000054733
2805 0.000114618 2805 0.000007693 add_time= 0.000138206
2805 0.000138373 2805 0.000007602 add_time= 0.000161826
1275 0.000235308 1275 0.000006955 add_time= 0.000255314
2500 0.000173629 2500 0.000013609 add_time= 0.000202181
2970 0.000099774 2970 0.000006853 add_time= 0.000131497
2500 0.000016309 2500 0.000013001 add_time= 0.000044498
2550 0.000088239 2550 0.000006426 add_time= 0.000110094
2860 0.000052468 2860 0.000006808 add_time= 0.000075146
2500 0.000055618 2500 0.000006086 add_time= 0.000075590
2500 0.000573617 2500 0.000007952 add_time= 0.000614600
2750 0.000082897 2750 0.000006929 add_time= 0.000105619
2500 0.000127466 2500 0.000006331 add_time= 0.000148887
2754 0.000138276 2754 0.000007547 add_time= 0.000161603
2500 0.000678429 2500 0.000009026 add_time= 0.000708802
2650 0.000061087 2650 0.000006327 add_time= 0.000084097
2750 0.000019178 2750 0.000016972 add_time= 0.000054687
2500 0.000074032 2500 0.000006204 add_time= 0.000095455
2650 0.000064106 2650 0.000007054 add_time= 0.000096107
1375 0.000096028 1375 0.000042340 add_time= 0.000151046
2750 0.000315370 2750 0.000006757 add_time= 0.000339439
2600 0.000098702 2600 0.000007044 add_time= 0.000122585
1250 0.000006182 1250 0.000034719 add_time= 0.000053698
2550 0.000007106 2550 0.000106929 add_time= 0.000128324
2601 0.000108953 2601 0.000006853 add_time= 0.000130206
2550 0.000353877 2550 0.000017864 add_time= 0.000387857
2500 0.000039709 2500 0.000008083 add_time= 0.000063369
2600 0.000037765 2600 0.000012846 add_time= 0.000066408
2750 0.000257162 2750 0.000006640 add_time= 0.000278883
2750 0.000071869 2750 0.000006779 add_time= 0.000101824
2500 0.000117312 2500 0.000006360 add_time= 0.000137436
2550 0.000066419 2550 0.000006987 add_time= 0.000089425
1375 0.000097917 1375 0.000006787 add_time= 0.000118010
1250 0.000311421 1250 0.000006340 add_time= 0.000331431
2500 0.000093212 2500 0.000006852 add_time= 0.000116005
2550 0.000089567 2550 0.000037069 add_time= 0.000142203
2652 0.000083139 2652 0.000006524 add_time= 0.000113446
2754 0.000099823 2754 0.000005814 add_time= 0.000120113
1350 0.000103704 1350 0.000006658 add_time= 0.000123701
2550 0.000076346 2550 0.000006710 add_time= 0.000098363
2650 0.000083417 2650 0.000007787 add_time= 0.000106635
2860 0.000115996 2860 0.000006614 add_time= 0.000137423
2550 0.000007826 2550 0.000015832 add_time= 0.000041790
2750 0.000208148 2750 0.000006732 add_time= 0.000230111
2500 0.001676843 2500 0.000007892 add_time= 0.001700864
2500 0.000141015 2500 0.000007048 add_time= 0.000172462
2600 0.000081706 2600 0.000006531 add_time= 0.000106136
2500 0.000137169 2500 0.000007304 add_time= 0.000160080
2750 0.000078097 2750 0.000006671 add_time= 0.000110771
2700 0.000196173 2700 0.000007963 add_time= 0.000232084
1350 0.000070480 1350 0.000005850 add_time= 0.000091746
2600 0.000069656 2600 0.000006834 add_time= 0.000094005
2600 0.000047014 2600 0.000006503 add_time= 0.000068274
2500 0.000119078 2500 0.000007644 add_time= 0.000144313
2550 0.000508706 2550 0.000006745 add_time= 0.000532289
1375 0.000110968 1375 0.000006096 add_time= 0.000131289
2650 0.000285338 2650 0.000006911 add_time= 0.000308771
2750 0.000069154 2750 0.000006433 add_time= 0.000101852
1250 0.000103396 1250 0.000006242 add_time= 0.000122257
2750 0.000164695 2750 0.000006294 add_time= 0.000184711
2700 0.000062005 2700 0.000018211 add_time= 0.000106621
2500 0.000107657 2500 0.000006267 add_time= 0.000128097
2860 0.000007326 2860 0.000009844 add_time= 0.000066315
2860 0.000051336 2860 0.000007470 add_time= 0.000086476
2750 0.000054102 2750 0.000008820 add_time= 0.000091200
2500 0.000068272 2500 0.000008172 add_time= 0.000102651
2550 0.000095168 2550 0.000007415 add_time= 0.000125831
2500 0.000095415 2500 0.000008366 add_time= 0.000129280
2600 0.000278159 2600 0.000012996 add_time= 0.000307599
2750 0.000135023 2750 0.000007690 add_time= 0.000159960
2750 0.000007954 2750 0.000029445 add_time= 0.000062907
2652 0.000041930 2652 0.000006594 add_time= 0.000068441
2500 0.000065438 2500 0.000007057 add_time= 0.000088164
1375 0.000035086 1375 0.000005872 add_time= 0.000055306
2500 0.000216345 2500 0.000007258 add_time= 0.000248924
2500 0.000040971 2500 0.000006490 add_time= 0.000063135
2500 0.000305498 2500 0.000006979 add_time= 0.000328810
2652 0.000081701 2652 0.000012133 add_time= 0.000109457
2500 0.000076605 2500 0.000006628 add_time= 0.000107491
2700 0.000096763 2700 0.000006887 add_time= 0.000120723
2750 0.000107159 2750 0.000006989 add_time= 0.000131567
2860 0.000115651 2860 0.000006861 add_time= 0.000136579
2805 0.000027658 2805 0.000016300 add_time= 0.000059800
2550 0.000086636 2550 0.000006389 add_time= 0.000106586
2750 0.000125303 2750 0.000006386 add_time= 0.000147620
2500 0.000081475 2500 0.000020485 add_time= 0.000118478
2970 0.000089854 2970 0.000007043 add_time= 0.000125588
2550 0.000025617 2550 0.000025309 add_time= 0.000065483
2500 0.000120478 2500 0.000006631 add_time= 0.000142190
1325 0.000093745 1325 0.000005886 add_time= 0.000112941
2703 0.000386465 2703 0.000007077 add_time= 0.000409334
2860 0.000055119 2860 0.000006757 add_time= 0.000089137
2601 0.000015899 2601 0.000015137 add_time= 0.000044797
2750 0.000097596 2750 0.000013068 add_time= 0.000124086
2600 0.000068546 2600 0.000006596 add_time= 0.000088437
2704 0.000061372 2704 0.000006919 add_time= 0.000084381
2805 0.000072952 2805 0.000007546 add_time= 0.000097124
2750 0.000220436 2750 0.000006422 add_time= 0.000243715
2550 0.000090482 2550 0.000005780 add_time= 0.000119097
3025 0.000080411 3025 0.000006397 add_time= 0.000101705
2500 0.000069922 2500 0.000007827 add_time= 0.000097130
2915 0.000208556 2915 0.000007152 add_time= 0.000243170
2750 0.000101653 2750 0.000007132 add_time= 0.000124815
2550 0.000188865 2550 0.000006643 add_time= 0.000212007
2754 0.000147925 2754 0.000007721 add_time= 0.000172167
2500 0.000076007 2500 0.000007371 add_time= 0.000100068
2600 0.000054458 2600 0.000013061 add_time= 0.000082415
2750 0.000058224 2750 0.000007912 add_time= 0.000094369
2550 0.000007437 2550 0.000043601 add_time= 0.000065367
2550 0.000083996 2550 0.000014886 add_time= 0.000114703
2805 0.000061311 2805 0.000007444 add_time= 0.000093803
2650 0.000193729 2650 0.000007453 add_time= 0.000217471
2500 0.000078716 2500 0.000006635 add_time= 0.000101053
2500 0.000066379 2500 0.000007126 add_time= 0.000106168
2550 0.000200088 2550 0.000006557 add_time= 0.000221930
2600 0.000149315 2600 0.000014757 add_time= 0.000179814
2750 0.000078869 2750 0.000007894 add_time= 0.000104636
2704 0.000288941 2704 0.000027131 add_time= 0.000331199
2750 0.000104766 2750 0.000006768 add_time= 0.000127421
2550 0.000142584 2550 0.000006473 add_time= 0.000165053
2650 0.000135123 2650 0.000009964 add_time= 0.000161301
2600 0.000057290 2600 0.000015957 add_time= 0.000087327
2500 0.000064948 2500 0.000006398 add_time= 0.000086511
2860 0.000055891 2860 0.000006032 add_time= 0.000107061
2500 0.000087370 2500 0.000014619 add_time= 0.000117395
1250 0.000100708 1250 0.000005672 add_time= 0.000120306
2500 0.000115932 2500 0.000006394 add_time= 0.000137646
2750 0.000192394 2750 0.000007944 add_time= 0.000243340
2500 0.000090363 2500 0.000007605 add_time= 0.000113547
2805 0.000019196 2805 0.000041237 add_time= 0.000087984
2700 0.000124686 2700 0.000006891 add_time= 0.000149197
2750 0.000129247 2750 0.000034800 add_time= 0.000182193
1250 0.000127090 1250 0.000006654 add_time= 0.000148536
2550 0.000007866 2550 0.000014658 add_time= 0.000038032
2500 0.000093458 2500 0.000018230 add_time= 0.000128277
2500 0.000088399 2500 0.000006728 add_time= 0.000112240
2500 0.000145093 2500 0.000006408 add_time= 0.000170595
2550 0.000146333 2550 0.000005584 add_time= 0.000165144
2500 0.000156386 2500 0.000006390 add_time= 0.000175726
2500 0.000089065 2500 0.000006298 add_time= 0.000118895
2970 0.000044033 2970 0.000006957 add_time= 0.000067324
2550 0.001027048 2550 0.000006413 add_time= 0.001046600
2500 0.000059904 2500 0.000015621 add_time= 0.000113417
2600 0.000047092 2600 0.000008280 add_time= 0.000081891
2500 0.000036011 2500 0.000008403 add_time= 0.000074610
2750 0.000007138 2750 0.000007433 add_time= 0.000046368
2550 0.000145228 2550 0.000007738 add_time= 0.000177507
2750 0.000069681 2750 0.000007896 add_time= 0.000105487
2750 0.000075362 2750 0.000006953 add_time= 0.000097510
2600 0.000036296 2600 0.000005535 add_time= 0.000055222
2500 0.000153132 2500 0.000005809 add_time= 0.000171452
3025 0.000006926 3025 0.000026564 add_time= 0.000048681
1275 0.000063846 1275 0.000006367 add_time= 0.000082610
2700 0.000072663 2700 0.000006198 add_time= 0.000092249
1250 0.000172218 1250 0.000005548 add_time= 0.000188613
2500 0.000186080 2500 0.000007236 add_time= 0.000209025
2860 0.000075165 2860 0.000006580 add_time= 0.000097373
2600 0.000090402 2600 0.000015491 add_time= 0.000121901
2700 0.000015703 2700 0.000016171 add_time= 0.000045897
2805 0.000014105 2805 0.000023505 add_time= 0.000051078
2805 0.000089815 2805 0.000006823 add_time= 0.000121530
2750 0.000098249 2750 0.000007516 add_time= 0.000127764
2500 0.000152746 2500 0.000006940 add_time= 0.000174909
2650 0.000270711 2650 0.000006696 add_time= 0.000293536
2915 0.000108556 2915 0.000006803 add_time= 0.000131637
2750 0.000144939 2750 0.000006977 add_time= 0.000167527
2652 0.000063113 2652 0.000007069 add_time= 0.000085758
2700 0.000079091 2700 0.000006845 add_time= 0.000100977
1375 0.000130150 1375 0.000006727 add_time= 0.000149847
2915 0.000078670 2915 0.000006368 add_time= 0.000100791
2860 0.000139633 2860 0.000006719 add_time= 0.000162407
2500 0.000075432 2500 0.000006907 add_time= 0.000097759
2600 0.000046703 2600 0.000006931 add_time= 0.000068911
2805 0.000078249 2805 0.000008024 add_time= 0.000102276
2500 0.000164587 2500 0.000007920 add_time= 0.000187963
1250 0.000221004 1250 0.000012535 add_time= 0.000246679
2550 0.000230525 2550 0.000006895 add_time= 0.000252469
3025 0.000078713 3025 0.000014102 add_time= 0.000109615
2550 0.000057025 2550 0.000006993 add_time= 0.000079296
2652 0.000091806 2652 0.000007890 add_time= 0.000115253
2500 0.000079652 2500 0.000009107 add_time= 0.000103076
1350 0.000183027 1350 0.000005472 add_time= 0.000200453
2550 0.000108370 2550 0.000010027 add_time= 0.000144629
2750 0.000149403 2750 0.000007263 add_time= 0.000172871
2500 0.000080424 2500 0.000006213 add_time= 0.000100222
2550 0.000056245 2550 0.000005921 add_time= 0.000075970
2750 0.000091437 2750 0.000005872 add_time= 0.000110945
2500 0.000136631 2500 0.000005779 add_time= 0.000155214
2500 0.000262915 2500 0.000006219 add_time= 0.000303386
2860 0.000092071 2860 0.000006270 add_time= 0.000124637
2860 0.000096517 2860 0.000006326 add_time= 0.000116108
2650 0.000174436 2650 0.000006147 add_time= 0.000193984
2550 0.000080720 2550 0.000005839 add_time= 0.000106247
2970 0.000078016 2970 0.000006900 add_time= 0.000099102
1275 0.000140235 1275 0.000005514 add_time= 0.000156891
2750 0.000097581 2750 0.000009555 add_time= 0.000134851
2756 0.000114798 2756 0.000007990 add_time= 0.000149406
2500 0.000070799 2500 0.000006667 add_time= 0.000105928
2750 0.000445906 2750 0.000013995 add_time= 0.000474665
2500 0.000079904 2500 0.000006129 add_time= 0.000106283
2808 0.000095437 2808 0.000015713 add_time= 0.000128280
1275 0.000079208 1275 0.000006046 add_time= 0.000099232
2756 0.000414982 2756 0.000006709 add_time= 0.000439313
2650 0.000163309 2650 0.000006886 add_time= 0.000186761
1375 0.000072535 1375 0.000005456 add_time= 0.000094321
2500 0.000372897 2500 0.000007914 add_time= 0.000407690
2805 0.000067572 2805 0.000007607 add_time= 0.000091772
2500 0.000153436 2500 0.000006545 add_time= 0.000173928
2750 0.000154791 2750 0.000006597 add_time= 0.000175810
2600 0.000318864 2600 0.000006928 add_time= 0.000350589
2600 0.000155733 2600 0.000007191 add_time= 0.000179021
1250 0.000006532 1250 0.000017686 add_time= 0.000038280
2805 0.000090888 2805 0.000006529 add_time= 0.000112765
2970 0.000153990 2970 0.000008331 add_time= 0.000183452
2500 0.000091501 2500 0.000007209 add_time= 0.000121924
2750 0.000311795 2750 0.000007435 add_time= 0.000336730
2805 0.000007842 2805 0.000018695 add_time= 0.000043225
2805 0.000120325 2805 0.000006835 add_time= 0.000143603
2750 0.000103024 2750 0.000007602 add_time= 0.000127263
2915 0.000242234 2915 0.000006743 add_time= 0.000270559
2550 0.000091705 2550 0.000005386 add_time= 0.000112021
2650 0.000109239 2650 0.000018132 add_time= 0.000153330
2652 0.000040512 2652 0.000015574 add_time= 0.000072717
2750 0.000176745 2750 0.000007051 add_time= 0.000211338
2500 0.000282898 2500 0.000008609 add_time= 0.000315958
2500 0.000204048 2500 0.000007417 add_time= 0.000238970
2750 0.000014920 2750 0.000015395 add_time= 0.000073626
2754 0.000078919 2754 0.000007391 add_time= 0.000115356
2750 0.000124935 2750 0.000006951 add_time= 0.000147172
2500 0.000224922 2500 0.000007003 add_time= 0.000249337
2652 0.000098763 2652 0.000018100 add_time= 0.000133165
2550 0.000058287 2550 0.000007018 add_time= 0.000085226
2601 0.000360949 2601 0.000007103 add_time= 0.000384740
2970 0.000085913 2970 0.000006636 add_time= 0.000112137
2500 0.000150774 2500 0.000006316 add_time= 0.000173045
2600 0.000060497 2600 0.000006950 add_time= 0.000082928
1250 0.000137208 1250 0.000005567 add_time= 0.000154118
3025 0.000007178 3025 0.000029637 add_time= 0.000063223
2805 0.000093840 2805 0.000014329 add_time= 0.000124458
2600 0.000107390 2600 0.000006706 add_time= 0.000135065
2500 0.000075024 2500 0.000006660 add_time= 0.000095231
2915 0.000092584 2915 0.000008847 add_time= 0.000137611
2600 0.000070368 2600 0.000007521 add_time= 0.000101540
3025 0.000120343 3025 0.000008431 add_time= 0.000155984
2750 0.000063169 2750 0.000008031 add_time= 0.000100407
2650 0.000070967 2650 0.000008103 add_time= 0.000104163
2750 0.000588561 2750 0.000006990 add_time= 0.000621142
2600 0.000097167 2600 0.000006557 add_time= 0.000119333
2750 0.000014527 2750 0.000026867 add_time= 0.000056846
2650 0.000091462 2650 0.000007307 add_time= 0.000112959
2500 0.000060657 2500 0.000006242 add_time= 0.000081759
2500 0.000120174 2500 0.000007434 add_time= 0.000144180
2650 0.000046920 2650 0.000006624 add_time= 0.000068830
2600 0.000161766 2600 0.000006634 add_time= 0.000183426
2500 0.000081919 2500 0.000006041 add_time= 0.000103186
2650 0.000148710 2650 0.000007006 add_time= 0.000170824
2500 0.000205152 2500 0.000018994 add_time= 0.000246160
2550 0.000094327 2550 0.000006935 add_time= 0.000126958
3025 0.000018623 3025 0.000016327 add_time= 0.000060364
2500 0.000058493 2500 0.000006288 add_time= 0.000079362
2970 0.000092015 2970 0.000007726 add_time= 0.000115332
1375 0.000053607 1375 0.000006732 add_time= 0.000074215
2600 0.000085288 2600 0.000006920 add_time= 0.000107868
2750 0.000092912 2750 0.000024815 add_time= 0.000134135
2750 0.000136958 2750 0.000007042 add_time= 0.000157508
2500 0.000089749 2500 0.000006913 add_time= 0.000111752
2700 0.000067405 2700 0.000006912 add_time= 0.000089907
1275 0.000063522 1275 0.000005508 add_time= 0.000080468
2550 0.000076061 2550 0.000006636 add_time= 0.000098011
2500 0.000103815 2500 0.000006405 add_time= 0.000125781
2500 0.000071674 2500 0.000007759 add_time= 0.000094064
2500 0.000102460 2500 0.000006862 add_time= 0.000133793
2500 0.000111526 2500 0.000006714 add_time= 0.000133157
2704 0.000168473 2704 0.000007124 add_time= 0.000191725
2805 0.000111299 2805 0.000006792 add_time= 0.000134369
2750 0.000077944 2750 0.000007326 add_time= 0.000101398
2550 0.000047469 2550 0.000006737 add_time= 0.000070290
2700 0.000094633 2700 0.000006800 add_time= 0.000124499
1250 0.000037841 1250 0.000006364 add_time= 0.000058068
2750 0.000299837 2750 0.000008052 add_time= 0.000323800
2750 0.000083940 2750 0.000007108 add_time= 0.000117584
2750 0.000019751 2750 0.000024192 add_time= 0.000058612
2805 0.000117231 2805 0.000013259 add_time= 0.000144654
3025 0.000126223 3025 0.000015419 add_time= 0.000156898
2500 0.000174927 2500 0.000006634 add_time= 0.000205497
2550 0.000108911 2550 0.000006885 add_time= 0.000131133
2750 0.000015724 2750 0.000015243 add_time= 0.000045596
2550 0.000081633 2550 0.000015629 add_time= 0.000111456
2600 0.000068845 2600 0.000005766 add_time= 0.000098623
3025 0.000127380 3025 0.000007274 add_time= 0.000148686
2650 0.000456266 2650 0.000007190 add_time= 0.000482515
2750 0.000122789 2750 0.000006509 add_time= 0.000162765
2500 0.000104045 2500 0.000005875 add_time= 0.000124341
2601 0.000015908 2601 0.000023700 add_time= 0.000079355
2550 0.000137680 2550 0.000007064 add_time= 0.000159281
2500 0.000130470 2500 0.000005601 add_time= 0.000149888
2500 0.000097021 2500 0.000011872 add_time= 0.000126170
2600 0.000069671 2600 0.000006970 add_time= 0.000092186
2805 0.000007931 2805 0.000023671 add_time= 0.000048978
2805 0.000208265 2805 0.000018848 add_time= 0.000252379
2750 0.000034513 2750 0.000007427 add_time= 0.000058460
2550 0.000201532 2550 0.000018656 add_time= 0.000244168
2500 0.000047577 2500 0.000005928 add_time= 0.000067924
2550 0.000008024 2550 0.000033482 add_time= 0.000062652
2500 0.000221355 2500 0.000007030 add_time= 0.000244707
1325 0.000074678 1325 0.000006847 add_time= 0.000105157
2600 0.000115920 2600 0.000007517 add_time= 0.000140622
2500 0.000115596 2500 0.000006543 add_time= 0.000142654
2500 0.000050907 2500 0.000006548 add_time= 0.000084478
2805 0.000087846 2805 0.000007270 add_time= 0.000113416
2750 0.000081688 2750 0.000007849 add_time= 0.000106242
2750 0.000073439 2750 0.000008212 add_time= 0.000105854
2600 0.000058579 2600 0.000005825 add_time= 0.000078954
2500 0.000065536 2500 0.000006644 add_time= 0.000087920
2601 0.000007154 2601 0.000016575 add_time= 0.000038466
2550 0.000127382 2550 0.000007234 add_time= 0.000151430
2750 0.000067725 2750 0.000007359 add_time= 0.000091882
2650 0.000516725 2650 0.000008671 add_time= 0.000545912
3025 0.000142492 3025 0.000007473 add_time= 0.000169434
2750 0.000309302 2750 0.000013108 add_time= 0.000338080
2652 0.000095576 2652 0.000006598 add_time= 0.000116993
1375 0.000096519 1375 0.000005721 add_time= 0.000117255
2750 0.000223912 2750 0.000006462 add_time= 0.000248108
2860 0.000254398 2860 0.000006222 add_time= 0.000275925
2750 0.000160137 2750 0.000007224 add_time= 0.000184364
2754 0.000008545 2754 0.000015380 add_time= 0.000040450
2652 0.000062471 2652 0.000007002 add_time= 0.000084093
3025 0.000103497 3025 0.000014591 add_time= 0.000135716
1250 0.000049654 1250 0.000006322 add_time= 0.000069141
2750 0.000081799 2750 0.000007200 add_time= 0.000108527
1250 0.000138989 1250 0.000016654 add_time= 0.000170234
2500 0.000091039 2500 0.000006491 add_time= 0.000112079
2500 0.000061761 2500 0.000006243 add_time= 0.000092157
2500 0.000146251 2500 0.000006996 add_time= 0.000168537
2650 0.000137637 2650 0.000007832 add_time= 0.000175758
2500 0.000092002 2500 0.000008157 add_time= 0.000124446
2750 0.000050844 2750 0.000007831 add_time= 0.000094471
2750 0.000065979 2750 0.000082696 add_time= 0.000171925
2652 0.000092401 2652 0.000008244 add_time= 0.000127928
2700 0.000052011 2700 0.000007402 add_time= 0.000082319
1375 0.000060183 1375 0.000009131 add_time= 0.000118478
2500 0.000191652 2500 0.000006411 add_time= 0.000212635
3025 0.000119787 3025 0.000006848 add_time= 0.000143578
2805 0.000117310 2805 0.000007480 add_time= 0.000140621
2750 0.000007802 2750 0.000024817 add_time= 0.000047569
2805 0.000092582 2805 0.000008541 add_time= 0.000115520
2970 0.000070981 2970 0.000007016 add_time= 0.000093360
1250 0.000154493 1250 0.000005518 add_time= 0.000171495
2550 0.000114196 2550 0.000006857 add_time= 0.000138395
2500 0.000129456 2500 0.000007839 add_time= 0.000152642
2650 0.000060718 2650 0.000015571 add_time= 0.000091334
2550 0.000110252 2550 0.000007001 add_time= 0.000132290
2500 0.000245006 2500 0.000007130 add_time= 0.000267463
2500 0.000059509 2500 0.000007424 add_time= 0.000084158
2756 0.000058690 2756 0.000006144 add_time= 0.000090804
2550 0.000255516 2550 0.000006798 add_time= 0.000277408
2860 0.000018582 2860 0.000015912 add_time= 0.000060778
2652 0.000094348 2652 0.000006834 add_time= 0.000115072
2550 0.000264528 2550 0.000007466 add_time= 0.000297950
1250 0.000050536 1250 0.000005945 add_time= 0.000067512
2550 0.000316555 2550 0.000007800 add_time= 0.000341581
2550 0.000051596 2550 0.000006312 add_time= 0.000072047
2500 0.000216162 2500 0.000006413 add_time= 0.000235583
2805 0.000016640 2805 0.000016347 add_time= 0.000049302
2500 0.000082519 2500 0.000006967 add_time= 0.000105113
1350 0.000122709 1350 0.000005194 add_time= 0.000145688
2650 0.000110885 2650 0.000006218 add_time= 0.000141508
2704 0.000163770 2704 0.000007299 add_time= 0.000188854
3025 0.000136637 3025 0.000006924 add_time= 0.000158692
2750 0.000017332 2750 0.000015963 add_time= 0.000048156
2550 0.000086677 2550 0.000006644 add_time= 0.000107974
1375 0.000081952 1375 0.000006527 add_time= 0.000101373
2500 0.000426921 2500 0.000007125 add_time= 0.000464801
2750 0.000128474 2750 0.000013460 add_time= 0.000158069
2703 0.000017215 2703 0.000015907 add_time= 0.000048854
2550 0.000128220 2550 0.000006856 add_time= 0.000150482
2750 0.000088846 2750 0.000008223 add_time= 0.000112840
2750 0.000192007 2750 0.000006988 add_time= 0.000215603
2500 0.000122526 2500 0.000015200 add_time= 0.000163319
2500 0.000063546 2500 0.000007140 add_time= 0.000085786
2550 0.000216552 2550 0.000007104 add_time= 0.000243519
2550 0.000071148 2550 0.000006919 add_time= 0.000093636
1250 0.000128896 1250 0.000006332 add_time= 0.000148129
1325 0.000156667 1325 0.000006415 add_time= 0.000177554
3025 0.000094145 3025 0.000006446 add_time= 0.000118978
3025 0.000017478 3025 0.000016996 add_time= 0.000050836
1275 0.000047597 1275 0.000005876 add_time= 0.000064394
2550 0.000104114 2550 0.000006807 add_time= 0.000124771
2750 0.000047926 2750 0.000019760 add_time= 0.000082426
2500 0.000124393 2500 0.000007325 add_time= 0.000147017
2500 0.000111058 2500 0.000006306 add_time= 0.000134276
2500 0.000127906 2500 0.000006636 add_time= 0.000156583
2500 0.000017908 2500 0.000018538 add_time= 0.000051865
2754 0.000043246 2754 0.000014607 add_time= 0.000073936
2550 0.000191863 2550 0.000005753 add_time= 0.000210796
1275 0.000065739 1275 0.000005569 add_time= 0.000084025
2500 0.000126036 2500 0.000006849 add_time= 0.000163583
2600 0.000168029 2600 0.000034744 add_time= 0.000217958
1375 0.000012605 1375 0.000014333 add_time= 0.000039933
2500 0.000117274 2500 0.000006804 add_time= 0.000139145
2750 0.000224404 2750 0.000005981 add_time= 0.000246191
2750 0.000099484 2750 0.000007046 add_time= 0.000130820
2750 0.000336314 2750 0.000006882 add_time= 0.000359860
2750 0.000047701 2750 0.000006422 add_time= 0.000069760
2750 0.000016826 2750 0.000036209 add_time= 0.000068615
2500 0.000213320 2500 0.000033415 add_time= 0.000262155
2750 0.000102733 2750 0.000008651 add_time= 0.000138375
2500 0.000114340 2500 0.000006477 add_time= 0.000136257
2600 0.000040237 2600 0.000007282 add_time= 0.000062691
1250 0.000211815 1250 0.000014556 add_time= 0.000239879
3025 0.000007748 3025 0.000024512 add_time= 0.000046675
1275 0.000107324 1275 0.000005492 add_time= 0.000130699
2750 0.000048747 2750 0.000006471 add_time= 0.000070562
2756 0.000311694 2756 0.000006577 add_time= 0.000334301
2750 0.000098631 2750 0.000006667 add_time= 0.000121266
2805 0.000007969 2805 0.000017931 add_time= 0.000041432
2601 0.000129398 2601 0.000026798 add_time= 0.000171624
2916 0.000139629 2916 0.000006415 add_time= 0.000161187
1250 0.000042091 1250 0.000005322 add_time= 0.000058528
2500 0.000225836 2500 0.000006599 add_time= 0.000266061
2600 0.000205058 2600 0.000006795 add_time= 0.000234053
2550 0.000112466 2550 0.000006692 add_time= 0.000133558
2500 0.000077177 2500 0.000027258 add_time= 0.000119908
2700 0.000046695 2700 0.000006874 add_time= 0.000078619
2750 0.000151935 2750 0.000007637 add_time= 0.000180583
2550 0.000051487 2550 0.000005994 add_time= 0.000080675
2600 0.000059294 2600 0.000013789 add_time= 0.000088912
2550 0.000015977 2550 0.000023750 add_time= 0.000059443
2805 0.000103680 2805 0.000005752 add_time= 0.000124092
2970 0.000051066 2970 0.000007099 add_time= 0.000083590
2500 0.000279237 2500 0.000005897 add_time= 0.000320912
2750 0.000085200 2750 0.000006481 add_time= 0.000115246
2805 0.000008015 2805 0.000014077 add_time= 0.000037878
2500 0.000045437 2500 0.000007092 add_time= 0.000067009
2754 0.000064772 2754 0.000006917 add_time= 0.000087356
2970 0.000061128 2970 0.000007075 add_time= 0.000087406
2500 0.000253053 2500 0.000006575 add_time= 0.000299592
2500 0.000081673 2500 0.000007187 add_time= 0.000103496
2500 0.000069301 2500 0.000005847 add_time= 0.000088574
1250 0.000058800 1250 0.000005238 add_time= 0.000075106
2700 0.000121338 2700 0.000007198 add_time= 0.000144437
1300 0.000092408 1300 0.000006179 add_time= 0.000110075
2500 0.000139398 2500 0.000008837 add_time= 0.000196090
3025 0.000038580 3025 0.000007987 add_time= 0.000077630
2600 0.000038237 2600 0.000007640 add_time= 0.000072315
2500 0.000031216 2500 0.000011929 add_time= 0.000067341
2550 0.000007609 2550 0.000008151 add_time= 0.000040190
1250 0.000057560 1250 0.000007438 add_time= 0.000088935
2550 0.000113036 2550 0.000006581 add_time= 0.000135593
2500 0.000122851 2500 0.000006941 add_time= 0.000147459
2600 0.000081086 2600 0.000006821 add_time= 0.000109352
2805 0.000047328 2805 0.000006814 add_time= 0.000077113
2916 0.000102070 2916 0.000018004 add_time= 0.000135840
2750 0.000059110 2750 0.000006421 add_time= 0.000081345
2650 0.000293805 2650 0.000006988 add_time= 0.000317347
3025 0.000124870 3025 0.000012608 add_time= 0.000153964
2750 0.000017175 2750 0.000016501 add_time= 0.000049287
2601 0.000138265 2601 0.000018322 add_time= 0.000172442
3025 0.000167348 3025 0.000006888 add_time= 0.000195486
1250 0.000057260 1250 0.000005831 add_time= 0.000082976
2700 0.000139390 2700 0.000007036 add_time= 0.000162960
2600 0.000165267 2600 0.000015638 add_time= 0.000194705
2750 0.000062881 2750 0.000006227 add_time= 0.000082387
2750 0.000086915 2750 0.000006247 add_time= 0.000106661
2550 0.000156393 2550 0.000007064 add_time= 0.000186307
2808 0.000137070 2808 0.000006704 add_time= 0.000159650
2500 0.000113444 2500 0.000007229 add_time= 0.000135620
2600 0.000273040 2600 0.000006961 add_time= 0.000294817
2500 0.000038239 2500 0.000007873 add_time= 0.000083673
2750 0.000017466 2750 0.000016009 add_time= 0.000049229
2500 0.000086554 2500 0.000006505 add_time= 0.000111851
2700 0.000034744 2700 0.000006689 add_time= 0.000056809
1250 0.000040483 1250 0.000005848 add_time= 0.000059396
2500 0.000203555 2500 0.000007095 add_time= 0.000227021
2704 0.000122144 2704 0.000005705 add_time= 0.000142028
2860 0.000073355 2860 0.000005862 add_time= 0.000100513
1250 0.000076176 1250 0.000005773 add_time= 0.000093163
2750 0.000026977 2750 0.000015768 add_time= 0.000055845
2500 0.000074534 2500 0.000006661 add_time= 0.000100949
1250 0.000092923 1250 0.000006563 add_time= 0.000112331
2550 0.000217636 2550 0.000006734 add_time= 0.000240380
2750 0.000040278 2750 0.000006803 add_time= 0.000062348
2750 0.000080290 2750 0.000006499 add_time= 0.000109034
2650 0.000059971 2650 0.000006647 add_time= 0.000082209
2500 0.000057763 2500 0.000006828 add_time= 0.000079529
2600 0.000089931 2600 0.000006130 add_time= 0.000110099
2704 0.000250697 2704 0.000007014 add_time= 0.000274384
2750 0.000054766 2750 0.000007626 add_time= 0.000078117
2750 0.000060815 2750 0.000006785 add_time= 0.000093751
2550 0.000087809 2550 0.000006924 add_time= 0.000111080
2750 0.000146780 2750 0.000012194 add_time= 0.000175044
2500 0.000211465 2500 0.000007051 add_time= 0.000234250
2750 0.000077660 2750 0.000006907 add_time= 0.000100296
2700 0.000056854 2700 0.000007376 add_time= 0.000080137
2550 0.000016083 2550 0.000014957 add_time= 0.000044721
2500 0.000039612 2500 0.000006286 add_time= 0.000061203
2700 0.000170008 2700 0.000006671 add_time= 0.000192947
2500 0.000063878 2500 0.000006051 add_time= 0.000084371
2750 0.000054072 2750 0.000007569 add_time= 0.000076991
2550 0.000058412 2550 0.000006461 add_time= 0.000079878
2500 0.000039958 2500 0.000006982 add_time= 0.000062152
2550 0.000075876 2550 0.000006822 add_time= 0.000098282
2500 0.000115440 2500 0.000008822 add_time= 0.000141693
2650 0.000127373 2650 0.000006708 add_time= 0.000148982
2750 0.000051048 2750 0.000006492 add_time= 0.000084299
2600 0.000138357 2600 0.000006203 add_time= 0.000158343
2703 0.000475145 2703 0.000006938 add_time= 0.000502166
2500 0.000148988 2500 0.000006751 add_time= 0.000170846
2550 0.000093089 2550 0.000014658 add_time= 0.000121881
2601 0.000017244 2601 0.000032790 add_time= 0.000080331
1250 0.000077715 1250 0.000005936 add_time= 0.000094709
2600 0.000479260 2600 0.000006346 add_time= 0.000500365
2500 0.000183293 2500 0.000006034 add_time= 0.000202777
1375 0.000026349 1375 0.000008803 add_time= 0.000048404
2650 0.000172700 2650 0.000006716 add_time= 0.000192939
2500 0.000091844 2500 0.000007652 add_time= 0.000114523
2915 0.000142970 2915 0.000007093 add_time= 0.000166105
2915 0.000239382 2915 0.000006892 add_time= 0.000261705
1250 0.000057767 1250 0.000006463 add_time= 0.000076760
2550 0.000094074 2550 0.000007325 add_time= 0.000116259
2550 0.000184234 2550 0.000007007 add_time= 0.000217244
2703 0.000458248 2703 0.000007714 add_time= 0.000481963
2860 0.000312541 2860 0.000007532 add_time= 0.000334421
2750 0.000076893 2750 0.000007035 add_time= 0.000099205
2915 0.000007321 2915 0.000017746 add_time= 0.000053862
2550 0.000071561 2550 0.000006326 add_time= 0.000090514
2500 0.000115118 2500 0.000006949 add_time= 0.000138848
2550 0.000132956 2550 0.000006787 add_time= 0.000154622
2650 0.000095888 2650 0.000007072 add_time= 0.000117989
2550 0.000132731 2550 0.000007067 add_time= 0.000166255
2652 0.000035627 2652 0.000026724 add_time= 0.000084892
2860 0.000238034 2860 0.000015716 add_time= 0.000269714
2703 0.000169868 2703 0.000020023 add_time= 0.000219137
1250 0.000122179 1250 0.000006180 add_time= 0.000141723
1275 0.000112239 1275 0.000017467 add_time= 0.000143012
2970 0.000081934 2970 0.000007925 add_time= 0.000106786
2600 0.000265215 2600 0.000006816 add_time= 0.000287653
2550 0.000135917 2550 0.000006666 add_time= 0.000156720
2500 0.000058910 2500 0.000026036 add_time= 0.000100822
2805 0.000015720 2805 0.000016225 add_time= 0.000046391
2700 0.000066636 2700 0.000006944 add_time= 0.000089204
1375 0.000089381 1375 0.000005871 add_time= 0.000108775
2500 0.000141404 2500 0.000006504 add_time= 0.000166841
2805 0.000025603 2805 0.000006474 add_time= 0.000048369
2750 0.000032677 2750 0.000006157 add_time= 0.000054344
2550 0.000007357 2550 0.000036608 add_time= 0.000063456
2550 0.000174986 2550 0.000007227 add_time= 0.000197132
2500 0.000046737 2500 0.000008744 add_time= 0.000092065
3025 0.000081988 3025 0.000020430 add_time= 0.000131325
2500 0.000080442 2500 0.000007826 add_time= 0.000123160
2550 0.000069034 2550 0.000008926 add_time= 0.000105889
3025 0.000007932 3025 0.000009132 add_time= 0.000046932
2650 0.000374966 2650 0.000006230 add_time= 0.000404131
2704 0.000113983 2704 0.000007523 add_time= 0.000137705
2750 0.000115100 2750 0.000006888 add_time= 0.000137578
2550 0.000180503 2550 0.000018417 add_time= 0.000213807
2750 0.000085906 2750 0.000007451 add_time= 0.000115337
2750 0.000111991 2750 0.000007224 add_time= 0.000152743
2704 0.000120963 2704 0.000013332 add_time= 0.000151244
2600 0.000149450 2600 0.000006441 add_time= 0.000170938
3025 0.000020934 3025 0.000018014 add_time= 0.000054876
2700 0.000071823 2700 0.000006817 add_time= 0.000094254
2500 0.000110027 2500 0.000005681 add_time= 0.000136696
2500 0.000122716 2500 0.000006012 add_time= 0.000153096
2805 0.000079296 2805 0.000006366 add_time= 0.000100562
2500 0.000024912 2500 0.000072051 add_time= 0.000112592
2754 0.000015844 2754 0.000016912 add_time= 0.000046735
2808 0.000062828 2808 0.000006322 add_time= 0.000082818
2500 0.000063043 2500 0.000028009 add_time= 0.000105987
2500 0.000099673 2500 0.000006259 add_time= 0.000121048
2652 0.000116402 2652 0.000006669 add_time= 0.000138378
2750 0.000074542 2750 0.000015202 add_time= 0.000105013
2750 0.000016083 2750 0.000027271 add_time= 0.000065307
2500 0.000084365 2500 0.000006895 add_time= 0.000106225
1350 0.000082150 1350 0.000007661 add_time= 0.000100967
2750 0.000126160 2750 0.000007209 add_time= 0.000147081
2500 0.000233509 2500 0.000006951 add_time= 0.000256307
2500 0.000061974 2500 0.000006160 add_time= 0.000082986
2750 0.000031564 2750 0.000045130 add_time= 0.000092811
2805 0.000118991 2805 0.000007218 add_time= 0.000141296
2970 0.000057160 2970 0.000005963 add_time= 0.000077013
2600 0.000210457 2600 0.000006405 add_time= 0.000232400
2860 0.000101805 2860 0.000007540 add_time= 0.000136432
2750 0.000017278 2750 0.000015862 add_time= 0.000048427
2550 0.000038369 2550 0.000017550 add_time= 0.000080630
2650 0.000113784 2650 0.000006373 add_time= 0.000133653
2500 0.000054985 2500 0.000015752 add_time= 0.000085743
2860 0.000064382 2860 0.000014286 add_time= 0.000110912
2550 0.000092817 2550 0.000006261 add_time= 0.000112695
1375 0.000028483 1375 0.000016638 add_time= 0.000067543
2500 0.001007760 2500 0.000006800 add_time= 0.001027463
2500 0.000090837 2500 0.000006714 add_time= 0.000112104
2860 0.000118869 2860 0.000006295 add_time= 0.000139337
2860 0.000112204 2860 0.000005842 add_time= 0.000131610
2805 0.000099000 2805 0.000007394 add_time= 0.000121931
2750 0.000092541 2750 0.000006433 add_time= 0.000113599
2500 0.000068096 2500 0.000006494 add_time= 0.000089437
2500 0.000196069 2500 0.000006701 add_time= 0.000217595
2500 0.000064244 2500 0.000015530 add_time= 0.000094105
2750 0.000077838 2750 0.000015170 add_time= 0.000108006
2700 0.000077190 2700 0.000007300 add_time= 0.000099876
2500 0.000105951 2500 0.000006315 add_time= 0.000125517
2750 0.000203958 2750 0.000006879 add_time= 0.000225955
2750 0.000106863 2750 0.000006333 add_time= 0.000126706
2750 0.000104324 2750 0.000007749 add_time= 0.000127343
2750 0.000111967 2750 0.000007444 add_time= 0.000134769
2970 0.000091170 2970 0.000005813 add_time= 0.000110460
2750 0.000039614 2750 0.000006305 add_time= 0.000058612
1275 0.000136599 1275 0.000006108 add_time= 0.000152948
2860 0.000181024 2860 0.000006629 add_time= 0.000202467
2750 0.000231661 2750 0.000005969 add_time= 0.000253172
2550 0.000089825 2550 0.000006694 add_time= 0.000111364
2500 0.000069647 2500 0.000006603 add_time= 0.000089647
2970 0.000046342 2970 0.000006922 add_time= 0.000068856
2500 0.000098787 2500 0.000006055 add_time= 0.000119000
2600 0.000363800 2600 0.000008495 add_time= 0.000395604
2500 0.000051833 2500 0.000006634 add_time= 0.000073589
2550 0.000093590 2550 0.000006153 add_time= 0.000113472
2750 0.000006649 2750 0.000025937 add_time= 0.000049871
2703 0.000123750 2703 0.000009233 add_time= 0.000146787
2808 0.000317828 2808 0.000007117 add_time= 0.000339102
1300 0.000157709 1300 0.000006128 add_time= 0.000177043
2652 0.000132271 2652 0.000014413 add_time= 0.000161613
2750 0.001301232 2750 0.000018516 add_time= 0.001336138
2550 0.000010058 2550 0.000033676 add_time= 0.000058476
2700 0.000059736 2700 0.000006492 add_time= 0.000081702
2700 0.000481087 2700 0.000006492 add_time= 0.000503852
2500 0.000107653 2500 0.000015522 add_time= 0.000138097
2500 0.000062168 2500 0.000026188 add_time= 0.000102821
2652 0.000039900 2652 0.000006251 add_time= 0.000060745
2860 0.000105915 2860 0.000007080 add_time= 0.000128391
2550 0.000150265 2550 0.000007046 add_time= 0.000173287
2600 0.000084441 2600 0.000007934 add_time= 0.000107937
2750 0.000044225 2750 0.000006902 add_time= 0.000066675
2750 0.000121582 2750 0.000006793 add_time= 0.000141704
2805 0.000101649 2805 0.000007214 add_time= 0.000124739
2750 0.000119491 2750 0.000007399 add_time= 0.000142510
2750 0.000167124 2750 0.000007063 add_time= 0.000189768
2805 0.000057877 2805 0.000006835 add_time= 0.000079787
2750 0.000007373 2750 0.000017443 add_time= 0.000040146
2703 0.000061194 2703 0.000006755 add_time= 0.000083176
1250 0.000098737 1250 0.000005471 add_time= 0.000115538
2750 0.000076720 2750 0.000032659 add_time= 0.000124629
1250 0.000206527 1250 0.000007351 add_time= 0.000245289
2652 0.000209812 2652 0.000007209 add_time= 0.000233687
3025 0.000079885 3025 0.000008193 add_time= 0.000109675
2750 0.000018523 2750 0.000015418 add_time= 0.000048225
2550 0.000188385 2550 0.000018274 add_time= 0.000233229
2500 0.000174928 2500 0.000027907 add_time= 0.000217007
3025 0.000080290 3025 0.000006885 add_time= 0.000101861
1250 0.000084932 1250 0.000023159 add_time= 0.000119120
2500 0.000234714 2500 0.000006239 add_time= 0.000256326
2805 0.000098020 2805 0.000007365 add_time= 0.000121184
2750 0.000007831 2750 0.000015460 add_time= 0.000039527
2550 0.000112657 2550 0.000007074 add_time= 0.000135161
2750 0.000063065 2750 0.000006931 add_time= 0.000086180
2750 0.000293803 2750 0.000007768 add_time= 0.000345700
2500 0.000049386 2500 0.000008002 add_time= 0.000094628
2860 0.000008986 2860 0.000014676 add_time= 0.000063988
2550 0.000050143 2550 0.000005877 add_time= 0.000086221
2500 0.000050535 2500 0.000006824 add_time= 0.000088308
2500 0.000063384 2500 0.000008343 add_time= 0.000139590
2600 0.000068805 2600 0.000007892 add_time= 0.000122035
2500 0.000044508 2500 0.000029623 add_time= 0.000114015
2805 0.000061029 2805 0.000017401 add_time= 0.000122036
2750 0.000039775 2750 0.000008912 add_time= 0.000099131
2915 0.000247072 2915 0.000007363 add_time= 0.000280340
2750 0.000065481 2750 0.000006530 add_time= 0.000095029
2700 0.000008160 2700 0.000022634 add_time= 0.000055930
2703 0.000069755 2703 0.000007087 add_time= 0.000109088
2750 0.000061874 2750 0.000007078 add_time= 0.000090535
2704 0.000129980 2704 0.000006723 add_time= 0.000153067
2600 0.000118820 2600 0.000006283 add_time= 0.000140037
1275 0.000176753 1275 0.000006594 add_time= 0.000196379
2500 0.000108070 2500 0.000006330 add_time= 0.000127958
2700 0.000196788 2700 0.000007023 add_time= 0.000229733
2550 0.000315267 2550 0.000006862 add_time= 0.000338280
2750 0.000068603 2750 0.000006130 add_time= 0.000105627
1250 0.000021826 1250 0.000010169 add_time= 0.000044819
2550 0.000044364 2550 0.000006699 add_time= 0.000095544
2500 0.000179253 2500 0.000006800 add_time= 0.000201066
2700 0.000158820 2700 0.000006859 add_time= 0.000181800
2750 0.000098475 2750 0.000007008 add_time= 0.000120856
2500 0.000017263 2500 0.000035859 add_time= 0.000068051
2754 0.000103464 2754 0.000006339 add_time= 0.000132935
2700 0.000083892 2700 0.000006416 add_time= 0.000104194
2500 0.000316727 2500 0.000006533 add_time= 0.000339008
2550 0.000099906 2550 0.000007028 add_time= 0.000122289
2500 0.000163031 2500 0.000006639 add_time= 0.000183415
2500 0.000046637 2500 0.000005663 add_time= 0.000065298
2550 0.000093960 2550 0.000007105 add_time= 0.000125639
2500 0.000090565 2500 0.000005818 add_time= 0.000117071
2750 0.000028787 2750 0.000015646 add_time= 0.000058127
2550 0.000145752 2550 0.000005747 add_time= 0.000178312
2862 0.000068909 2862 0.000005479 add_time= 0.000098347
1250 0.000152198 1250 0.000006057 add_time= 0.000169648
2500 0.000101821 2500 0.000006711 add_time= 0.000123482
2500 0.000104394 2500 0.000006774 add_time= 0.000124951
2700 0.000079973 2700 0.000007489 add_time= 0.000102584
2500 0.000184023 2500 0.000006208 add_time= 0.000204264
2754 0.000050782 2754 0.000006430 add_time= 0.000070692
1275 0.000124093 1275 0.000005320 add_time= 0.000140956
2550 0.000207214 2550 0.000006872 add_time= 0.000229254
2750 0.000082377 2750 0.000005920 add_time= 0.000101738
2550 0.000181079 2550 0.000006152 add_time= 0.000206834
2750 0.000027808 2750 0.000014680 add_time= 0.000055083
2750 0.000111244 2750 0.000006252 add_time= 0.000130411
1350 0.000067200 1350 0.000005783 add_time= 0.000084108
2750 0.000162628 2750 0.000006143 add_time= 0.000208726
2600 0.000089926 2600 0.000006181 add_time= 0.000109419
2750 0.000026323 2750 0.000015123 add_time= 0.000055020
2550 0.000091269 2550 0.000026759 add_time= 0.000132138
2700 0.000061638 2700 0.000005924 add_time= 0.000081087
1250 0.000204540 1250 0.000005547 add_time= 0.000220973
1250 0.000227029 1250 0.000006636 add_time= 0.000246659
2550 0.000083868 2550 0.000016749 add_time= 0.000113823
2500 0.000129985 2500 0.000006372 add_time= 0.000150854
2700 0.000089967 2700 0.000017076 add_time= 0.000120556
2750 0.000153998 2750 0.000006604 add_time= 0.000173434
2750 0.000134374 2750 0.000013060 add_time= 0.000164950
2650 0.000094277 2650 0.000005706 add_time= 0.000112922
3025 0.000014838 3025 0.000037659 add_time= 0.000077517
2750 0.000181174 2750 0.000006251 add_time= 0.000200623
2500 0.000305535 2500 0.000006475 add_time= 0.000333027
2703 0.000544159 2703 0.000007450 add_time= 0.000573494
2550 0.000279877 2550 0.000018232 add_time= 0.000311903
2550 0.000092680 2550 0.000007719 add_time= 0.000134559
2601 0.000312808 2601 0.000007742 add_time= 0.000340083
2750 0.000096455 2750 0.000046162 add_time= 0.000159196
2500 0.000286324 2500 0.000006564 add_time= 0.000306568
2750 0.000055895 2750 0.000032884 add_time= 0.000104372
2600 0.000091955 2600 0.000017827 add_time= 0.000124205
2750 0.000206170 2750 0.000006391 add_time= 0.000226165
2500 0.000044989 2500 0.000006077 add_time= 0.000064220
2500 0.000156064 2500 0.000005915 add_time= 0.000174906
2500 0.000111856 2500 0.000006429 add_time= 0.000130703
2704 0.000329057 2704 0.000027301 add_time= 0.000378424
2700 0.000142979 2700 0.000007094 add_time= 0.000172634
2500 0.000045448 2500 0.000028927 add_time= 0.000087636
2550 0.000227129 2550 0.000007011 add_time= 0.000249481
2700 0.000052050 2700 0.000006563 add_time= 0.000073266
2750 0.000036137 2750 0.000005986 add_time= 0.000056160
2700 0.000257795 2700 0.000027645 add_time= 0.000303673
2750 0.000132089 2750 0.000006973 add_time= 0.000161741
2550 0.000011151 2550 0.000014814 add_time= 0.000041540
2808 0.000259713 2808 0.000008021 add_time= 0.000284735
1275 0.000116020 1275 0.000006605 add_time= 0.000135804
2500 0.000164386 2500 0.000018796 add_time= 0.000208951
2600 0.000081035 2600 0.000013861 add_time= 0.000111034
2601 0.000007583 2601 0.000027198 add_time= 0.000050167
2550 0.000137411 2550 0.000013344 add_time= 0.000166286
2805 0.000082414 2805 0.000006606 add_time= 0.000116705
2500 0.000219687 2500 0.000013644 add_time= 0.000261693
2750 0.000234488 2750 0.000028192 add_time= 0.000278697
1375 0.000006358 1375 0.000012399 add_time= 0.000031647
2601 0.000222704 2601 0.000006929 add_time= 0.000243315
2500 0.000079201 2500 0.000007188 add_time= 0.000102156
2500 0.000053671 2500 0.000027269 add_time= 0.000096914
2600 0.000115898 2600 0.000008322 add_time= 0.000147873
2750 0.000259710 2750 0.000007240 add_time= 0.000293785
2805 0.000007883 2805 0.000040130 add_time= 0.000064311
2750 0.000194892 2750 0.000007121 add_time= 0.000217655
2500 0.000102307 2500 0.000006488 add_time= 0.000142215
1250 0.000137432 1250 0.000005775 add_time= 0.000157315
2550 0.000067679 2550 0.000007691 add_time= 0.000091541
2550 0.000067165 2550 0.000006987 add_time= 0.000088802
2750 0.000006581 2750 0.000027265 add_time= 0.000048108
1275 0.000079086 1275 0.000005455 add_time= 0.000095433
2805 0.000088090 2805 0.000006588 add_time= 0.000108328
2550 0.000070264 2550 0.000007837 add_time= 0.000113649
2650 0.000089127 2650 0.000008108 add_time= 0.000123114
2750 0.000075807 2750 0.000007417 add_time= 0.000121281
2500 0.000048927 2500 0.000007633 add_time= 0.000092392
2550 0.000006856 2550 0.000008054 add_time= 0.000039182
2970 0.000120449 2970 0.000008560 add_time= 0.000157049
2500 0.000095291 2500 0.000005814 add_time= 0.000117153
2500 0.000053715 2500 0.000006852 add_time= 0.000090417
3025 0.000064295 3025 0.000023695 add_time= 0.000104850
2550 0.000006937 2550 0.000023366 add_time= 0.000043674
2500 0.000079576 2500 0.000011131 add_time= 0.000106013
2805 0.000059406 2805 0.000006965 add_time= 0.000081084
2500 0.000367179 2500 0.000006444 add_time= 0.000389076
2860 0.000048304 2860 0.000006807 add_time= 0.000071372
2805 0.000045361 2805 0.000006863 add_time= 0.000067742
2550 0.000016424 2550 0.000015107 add_time= 0.000046260
2550 0.000124585 2550 0.000006468 add_time= 0.000144144
2500 0.000075589 2500 0.000005724 add_time= 0.000094549
2500 0.000100379 2500 0.000006952 add_time= 0.000133307
2600 0.000223472 2600 0.000013110 add_time= 0.000252607
2600 0.000252142 2600 0.000007582 add_time= 0.000275561
2500 0.000016013 2500 0.000014608 add_time= 0.000044101
2550 0.000095630 2550 0.000007721 add_time= 0.000118591
3025 0.000062182 3025 0.000007202 add_time= 0.000085805
2550 0.000246717 2550 0.000007259 add_time= 0.000270132
2704 0.000208852 2704 0.000006982 add_time= 0.000229790
2915 0.000237759 2915 0.000006763 add_time= 0.000260723
2754 0.000016668 2754 0.000015738 add_time= 0.000047546
2808 0.000063739 2808 0.000006938 add_time= 0.000086372
2500 0.000163774 2500 0.000007613 add_time= 0.000187168
2750 0.000272341 2750 0.000007143 add_time= 0.000295504
2550 0.000026348 2550 0.000015161 add_time= 0.000056484
2500 0.000050172 2500 0.000006244 add_time= 0.000071526
1325 0.000045786 1325 0.000005896 add_time= 0.000064038
1325 0.000196778 1325 0.000020198 add_time= 0.000238864
2700 0.000203899 2700 0.000006617 add_time= 0.000225988
2754 0.000017314 2754 0.000015302 add_time= 0.000047441
2970 0.000056880 2970 0.000006655 add_time= 0.000088774
2704 0.000220565 2704 0.000007029 add_time= 0.000244010
2750 0.000139216 2750 0.000007222 add_time= 0.000162168
2550 0.000027118 2550 0.000014572 add_time= 0.000056500
2970 0.000148187 2970 0.000007375 add_time= 0.000173768
2600 0.000053033 2600 0.000006747 add_time= 0.000074978
1250 0.000026883 1250 0.000005386 add_time= 0.000043281
2600 0.000159302 2600 0.000007522 add_time= 0.000190395
2550 0.000184200 2550 0.000006345 add_time= 0.000205923
2750 0.000017683 2750 0.000024110 add_time= 0.000055403
2500 0.000072223 2500 0.000006538 add_time= 0.000093688
1250 0.000051383 1250 0.000005483 add_time= 0.000076656
2500 0.000425249 2500 0.000006918 add_time= 0.000447172
2750 0.000387426 2750 0.000007680 add_time= 0.000411310
2550 0.000028157 2550 0.000016170 add_time= 0.000059723
2500 0.000090539 2500 0.000006307 add_time= 0.000111600
2500 0.000051452 2500 0.000007621 add_time= 0.000085481
2600 0.000205890 2600 0.000006989 add_time= 0.000227850
2500 0.000123860 2500 0.000006555 add_time= 0.000153399
2500 0.000122090 2500 0.000006571 add_time= 0.000143988
2754 0.000063017 2754 0.000006372 add_time= 0.000085768
2750 0.000114465 2750 0.000006464 add_time= 0.000137282
2550 0.000128753 2550 0.000006973 add_time= 0.000152015
2600 0.000045149 2600 0.000005702 add_time= 0.000064423
2750 0.000066438 2750 0.000006735 add_time= 0.000088542
2550 0.000088774 2550 0.000006793 add_time= 0.000121406
2700 0.000106963 2700 0.000007002 add_time= 0.000129400
2750 0.000090493 2750 0.000007002 add_time= 0.000112412
2600 0.000160101 2600 0.000009292 add_time= 0.000200347
2500 0.000054242 2500 0.000006977 add_time= 0.000084358
2750 0.000399570 2750 0.000014957 add_time= 0.000428726
2500 0.000384982 2500 0.000006734 add_time= 0.000406923
2700 0.000219544 2700 0.000006432 add_time= 0.000241663
1300 0.000109290 1300 0.000006195 add_time= 0.000128080
2500 0.000421011 2500 0.000007577 add_time= 0.000443921
2805 0.000092707 2805 0.000006775 add_time= 0.000115917
2750 0.000065099 2750 0.000006597 add_time= 0.000086879
2805 0.000076857 2805 0.000007421 add_time= 0.000100292
2750 0.000056413 2750 0.000007197 add_time= 0.000082893
2700 0.000090197 2700 0.000006034 add_time= 0.000111229
2600 0.000106818 2600 0.000006970 add_time= 0.000128903
2860 0.000245201 2860 0.000007276 add_time= 0.000268052
2500 0.000093784 2500 0.000006689 add_time= 0.000130667
2601 0.000007618 2601 0.000015654 add_time= 0.000036161
2550 0.000196742 2550 0.000007886 add_time= 0.000231065
2970 0.000129051 2970 0.000007573 add_time= 0.000152751
2750 0.000192762 2750 0.000008238 add_time= 0.000219443
2750 0.000124691 2750 0.000007157 add_time= 0.000148232
2500 0.000106477 2500 0.000006663 add_time= 0.000135695
2750 0.000016619 2750 0.000023893 add_time= 0.000054597
2805 0.000171201 2805 0.000006699 add_time= 0.000205310
2500 0.000112066 2500 0.000007891 add_time= 0.000136399
