2860 0.000225568 2860 0.000015486 add_time= 0.001991340
1250 0.000014547 1250 0.000017146 add_time= 0.000046799
2550 0.000014698 2550 0.000022225 add_time= 0.000051832
2750 0.000364669 2750 0.000010521 add_time= 0.000396868
2550 0.000019399 2550 0.000023447 add_time= 0.000059415
2550 0.000047883 2550 0.000008476 add_time= 0.000083661
2600 0.000216619 2600 0.000010755 add_time= 0.000282436
2500 0.000008231 2500 0.000025737 add_time= 0.000057767
2600 0.000104643 2600 0.000009692 add_time= 0.000134755
2750 0.000140053 2750 0.000007094 add_time= 0.000163352
2500 0.000121762 2500 0.000006864 add_time= 0.000145257
2750 0.000113948 2750 0.000012735 add_time= 0.000177168
2700 0.000259386 2700 0.000009875 add_time= 0.000301463
2550 0.000279404 2550 0.000009661 add_time= 0.000316035
2754 0.000018758 2754 0.000016546 add_time= 0.000060207
2860 0.000258183 2860 0.000008829 add_time= 0.000308707
2550 0.000009491 2550 0.000015562 add_time= 0.000060704
2700 0.000093058 2700 0.000011738 add_time= 0.000136800
2750 0.000058464 2750 0.000007091 add_time= 0.000083095
2700 0.000041416 2700 0.000007722 add_time= 0.000067135
2750 0.000184344 2750 0.000012059 add_time= 0.000331245
2750 0.000077026 2750 0.000008176 add_time= 0.000113978
2650 0.000038397 2650 0.000009042 add_time= 0.000078605
2500 0.000506764 2500 0.000014194 add_time= 0.002144762
2754 0.000093123 2754 0.000008976 add_time= 0.000119981
1375 0.000040838 1375 0.000007041 add_time= 0.000075104
2860 0.000256600 2860 0.000007685 add_time= 0.000286298
2500 0.000016484 2500 0.000044543 add_time= 0.000077756
2550 0.000079290 2550 0.000006306 add_time= 0.000109850
1300 0.000437202 1300 0.000008809 add_time= 0.000481626
2550 0.000008277 2550 0.000033870 add_time= 0.000084803
2550 0.000051853 2550 0.000008168 add_time= 0.000074061
1275 0.000272940 1275 0.000007548 add_time= 0.000294304
2600 0.000140956 2600 0.000009858 add_time= 0.000178819
2700 0.000065967 2700 0.000048188 add_time= 0.000135701
1350 0.000161721 1350 0.000029100 add_time= 0.000206793
2650 0.000440130 2650 0.000008070 add_time= 0.000485946
2550 0.000026302 2550 0.000015532 add_time= 0.000058216
2550 0.000741643 2550 0.000016068 add_time= 0.000778980
2550 0.000007685 2550 0.000014875 add_time= 0.000038395
1375 0.000145557 1375 0.000007099 add_time= 0.000166758
1325 0.000164805 1325 0.000008273 add_time= 0.000193022
2600 0.000094868 2600 0.000027957 add_time= 0.000141057
1250 0.000105387 1250 0.000006862 add_time= 0.000125953
1300 0.000102264 1300 0.000025127 add_time= 0.000141113
2650 0.000274323 2650 0.000009829 add_time= 0.000413721
2550 0.000125860 2550 0.000009721 add_time= 0.000163213
2500 0.000063761 2500 0.000008778 add_time= 0.000109769
