2652 0.000291562 2652 0.000013607 add_time= 0.001701887
2500 0.000090565 2500 0.000007691 add_time= 0.000113038
2700 0.000076020 2700 0.000006728 add_time= 0.000104039
2805 0.000022176 2805 0.000161879 add_time= 0.000209808
2500 0.000129233 2500 0.000008015 add_time= 0.000152310
2500 0.000412546 2500 0.000012611 add_time= 0.000518813
2805 0.000398488 2805 0.000026295 add_time= 0.000462100
2916 0.000089314 2916 0.000007927 add_time= 0.000129698
2805 0.000009815 2805 0.000090401 add_time= 0.000135106
2600 0.000079567 2600 0.000007048 add_time= 0.000119379
2750 0.000140806 2750 0.000012674 add_time= 0.000182615
2550 0.000250520 2550 0.000015247 add_time= 0.000282222
2750 0.000108214 2750 0.000006712 add_time= 0.000131790
2500 0.000019392 2500 0.000082871 add_time= 0.000163998
2750 0.000019835 2750 0.000015522 add_time= 0.000065852
2550 0.000087623 2550 0.000009077 add_time= 0.000134097
2650 0.000019405 2650 0.000251432 add_time= 0.000305090
2860 0.000028314 2860 0.000049923 add_time= 0.000095721
2754 0.000161298 2754 0.000006797 add_time= 0.000184921
3025 0.000840262 3025 0.000054720 add_time= 0.001056928
1350 0.000131974 1350 0.000008485 add_time= 0.000183936
2756 0.000242938 2756 0.000015389 add_time= 0.001979013
2805 0.000045441 2805 0.000009382 add_time= 0.000082756
2500 0.000582793 2500 0.000010273 add_time= 0.000615905
2601 0.000106383 2601 0.000007288 add_time= 0.000130497
2700 0.000635438 2700 0.000013208 add_time= 0.000711373
2700 0.000090967 2700 0.000007701 add_time= 0.000132213
2805 0.000073523 2805 0.000006403 add_time= 0.000103967
2750 0.000048235 2750 0.000011552 add_time= 0.000076226
2700 0.000704320 2700 0.000007449 add_time= 0.000735023
2750 0.000183592 2750 0.000007365 add_time= 0.000219085
2500 0.000312306 2500 0.000012750 add_time= 0.000342840
2600 0.000268159 2600 0.000021924 add_time= 0.000341877
2601 0.000404143 2601 0.000010708 add_time= 0.000441755
2601 0.000065575 2601 0.000007235 add_time= 0.000103684
2808 0.000304567 2808 0.000010747 add_time= 0.000350354
2550 0.000048081 2550 0.000007788 add_time= 0.000084937
2652 0.000166253 2652 0.000010214 add_time= 0.000199499
2805 0.000135991 2805 0.000007632 add_time= 0.000161907
2500 0.000079741 2500 0.000019673 add_time= 0.000113672
2500 0.000331722 2500 0.000010399 add_time= 0.000467598
3025 0.000055166 3025 0.000009249 add_time= 0.000108538
2750 0.000096644 2750 0.000008346 add_time= 0.000134098
2704 0.000085473 2704 0.000021655 add_time= 0.001125281
2652 0.000057689 2652 0.000006922 add_time= 0.000079550
2805 0.000104189 2805 0.000007351 add_time= 0.000138865
2500 0.000056876 2500 0.000006036 add_time= 0.000080742
2805 0.000136987 2805 0.000007119 add_time= 0.000158648
2750 0.000109417 2750 0.000007705 add_time= 0.000133169
1275 0.000054772 1275 0.000005537 add_time= 0.000072929
2600 0.000231171 2600 0.000006950 add_time= 0.000253547
2750 0.000075108 2750 0.000006637 add_time= 0.000097848
2550 0.000073060 2550 0.000006759 add_time= 0.000102677
2700 0.000018791 2700 0.000024147 add_time= 0.000058714
3025 0.000069814 3025 0.000016160 add_time= 0.000101387
1250 0.000067996 1250 0.000008891 add_time= 0.000105386
2750 0.000105665 2750 0.000016049 add_time= 0.000142920
2700 0.000050081 2700 0.000007975 add_time= 0.000078181
2550 0.000068080 2550 0.000007706 add_time= 0.000093009
2970 0.000074331 2970 0.000007352 add_time= 0.000099988
2500 0.000095664 2500 0.000006320 add_time= 0.000116295
2600 0.000069492 2600 0.000027253 add_time= 0.000112463
1300 0.000045266 1300 0.000006191 add_time= 0.000075073
2700 0.000074863 2700 0.000026319 add_time= 0.000118214
2652 0.000111074 2652 0.000006255 add_time= 0.000132350
2700 0.000134033 2700 0.000006634 add_time= 0.000157154
2500 0.000212326 2500 0.000007226 add_time= 0.000257577
2652 0.000076486 2652 0.000007871 add_time= 0.000112676
2750 0.000073596 2750 0.000007627 add_time= 0.000100323
2750 0.000146646 2750 0.000018723 add_time= 0.000190265
2550 0.000016002 2550 0.000015013 add_time= 0.000052468
2700 0.000014227 2700 0.000015210 add_time= 0.000063678
1300 0.000084179 1300 0.000006058 add_time= 0.000104392
2650 0.000479262 2650 0.000007426 add_time= 0.000503425
2704 0.000226125 2704 0.000006752 add_time= 0.000248122
3025 0.000422307 3025 0.000007349 add_time= 0.000447896
2601 0.000399020 2601 0.000007692 add_time= 0.000423526
2754 0.000007102 2754 0.000015800 add_time= 0.000038636
2805 0.000064344 2805 0.000007536 add_time= 0.000089261
2500 0.000231666 2500 0.000006678 add_time= 0.000268855
2600 0.000090188 2600 0.000007814 add_time= 0.000115623
2750 0.000058078 2750 0.000006662 add_time= 0.000084519
2700 0.000029303 2700 0.000006830 add_time= 0.000062017
2500 0.000068436 2500 0.000006704 add_time= 0.000090168
2700 0.000055664 2700 0.000006994 add_time= 0.000080411
1250 0.000056123 1250 0.000006172 add_time= 0.000077383
2500 0.000052702 2500 0.000015584 add_time= 0.000163954
2500 0.000031113 2500 0.000007717 add_time= 0.000064805
2600 0.000032723 2600 0.000007319 add_time= 0.000068269
2600 0.000054339 2600 0.000008807 add_time= 0.000093764
2750 0.000046525 2750 0.000008062 add_time= 0.000090622
2550 0.000036459 2550 0.000025595 add_time= 0.000101880
2500 0.000043040 2500 0.000008587 add_time= 0.000079737
1250 0.000011478 1250 0.000008850 add_time= 0.000055502
2750 0.000120917 2750 0.000008318 add_time= 0.000157846
2750 0.000571756 2750 0.000008266 add_time= 0.000598910
2500 0.000384073 2500 0.000007729 add_time= 0.000406895
2750 0.000064438 2750 0.000007634 add_time= 0.000087860
2862 0.000015159 2862 0.000023207 add_time= 0.000053348
1275 0.000160681 1275 0.000006277 add_time= 0.000181493
2862 0.000394620 2862 0.000007162 add_time= 0.000418585
2750 0.000199339 2750 0.000006718 add_time= 0.000221794
2650 0.000066684 2650 0.000025091 add_time= 0.000107203
2700 0.000079145 2700 0.000022680 add_time= 0.000117660
2805 0.000379725 2805 0.000007192 add_time= 0.000403667
2700 0.000152694 2700 0.000006555 add_time= 0.000173797
1375 0.000064284 1375 0.000006511 add_time= 0.000083604
2700 0.000096143 2700 0.000029724 add_time= 0.000142474
2860 0.000302468 2860 0.000007726 add_time= 0.000338224
2700 0.000155449 2700 0.000006920 add_time= 0.000177338
2805 0.000310704 2805 0.000007126 add_time= 0.000334601
2700 0.000143533 2700 0.000007399 add_time= 0.000166881
1250 0.000100213 1250 0.000006205 add_time= 0.000120859
2650 0.000153635 2650 0.000008828 add_time= 0.000180378
1300 0.000107586 1300 0.000005675 add_time= 0.000126909
2750 0.000351583 2750 0.000010849 add_time= 0.000377350
2550 0.000174729 2550 0.000006890 add_time= 0.000197814
1250 0.000012348 1250 0.000012392 add_time= 0.000041488
2550 0.000259202 2550 0.000007092 add_time= 0.000288425
2652 0.000146015 2652 0.000006677 add_time= 0.000187346
2805 0.000047278 2805 0.000006450 add_time= 0.000070435
2500 0.000161810 2500 0.000007361 add_time= 0.000185078
2550 0.000116403 2550 0.000006720 add_time= 0.000138731
2750 0.000095772 2750 0.000007456 add_time= 0.000119881
2500 0.000189719 2500 0.000046481 add_time= 0.000263798
2750 0.000240606 2750 0.000015726 add_time= 0.000292865
2601 0.000099550 2601 0.000007098 add_time= 0.000123687
2700 0.000007177 2700 0.000015520 add_time= 0.000038963
1300 0.000066451 1300 0.000005749 add_time= 0.000088978
2860 0.000264690 2860 0.000007512 add_time= 0.000290498
2500 0.000102272 2500 0.000006481 add_time= 0.000123640
2600 0.000089892 2600 0.000012036 add_time= 0.000129383
2860 0.000064762 2860 0.000006488 add_time= 0.000086372
2700 0.000007706 2700 0.000013627 add_time= 0.000037870
2500 0.000070010 2500 0.000006920 add_time= 0.000091000
1250 0.000029096 1250 0.000006534 add_time= 0.000049827
2756 0.000039458 2756 0.000006939 add_time= 0.000076961
3025 0.000054042 3025 0.000006984 add_time= 0.000076954
2805 0.000102570 2805 0.000006388 add_time= 0.000125797
2500 0.000006526 2500 0.000032517 add_time= 0.000055346
2750 0.000033251 2750 0.000007094 add_time= 0.000056248
2750 0.000139288 2750 0.000017360 add_time= 0.000200583
2500 0.000118540 2500 0.000008839 add_time= 0.000167040
2600 0.000063743 2600 0.000007944 add_time= 0.000095906
2601 0.000008520 2601 0.000009256 add_time= 0.000044924
2550 0.000064761 2550 0.000026892 add_time= 0.000117870
2600 0.000050855 2600 0.000008688 add_time= 0.000091425
2600 0.000116609 2600 0.000006946 add_time= 0.000140972
2750 0.000147270 2750 0.000007903 add_time= 0.000172299
2750 0.000139192 2750 0.000007092 add_time= 0.000161375
2805 0.000077956 2805 0.000015383 add_time= 0.000109963
2700 0.000076582 2700 0.000006848 add_time= 0.000110893
2862 0.000278534 2862 0.000007916 add_time= 0.000311445
2550 0.000172789 2550 0.000007665 add_time= 0.000196496
2860 0.000082546 2860 0.000006919 add_time= 0.000105068
2500 0.000074191 2500 0.000006877 add_time= 0.000095549
2550 0.000102643 2550 0.000007417 add_time= 0.000124303
2550 0.000022736 2550 0.000015340 add_time= 0.000054369
2500 0.000062526 2500 0.000006285 add_time= 0.000094327
2500 0.000084142 2500 0.000011893 add_time= 0.000124819
2750 0.000218391 2750 0.000007384 add_time= 0.000248012
1375 0.000055175 1375 0.000006304 add_time= 0.000076413
2550 0.000097248 2550 0.000014982 add_time= 0.000127538
2550 0.000342959 2550 0.000006340 add_time= 0.000364209
2700 0.000007430 2700 0.000035288 add_time= 0.000056703
1325 0.000093161 1325 0.000005807 add_time= 0.000111394
2750 0.000147283 2750 0.000007449 add_time= 0.000172789
2500 0.000098844 2500 0.000006392 add_time= 0.000120131
2500 0.000083388 2500 0.000007564 add_time= 0.000113346
2500 0.000178636 2500 0.000006099 add_time= 0.000207404
2550 0.000006831 2550 0.000024907 add_time= 0.000046080
2550 0.000111940 2550 0.000007094 add_time= 0.000135013
2860 0.000238615 2860 0.000006521 add_time= 0.000261904
2550 0.000149050 2550 0.000017876 add_time= 0.000181869
2600 0.000105719 2600 0.000006411 add_time= 0.000126846
2550 0.000103976 2550 0.000007554 add_time= 0.000127417
2750 0.000071740 2750 0.000007264 add_time= 0.000094648
2500 0.000044907 2500 0.000006735 add_time= 0.000076330
2500 0.000435177 2500 0.000007009 add_time= 0.000458428
2652 0.000115863 2652 0.000006052 add_time= 0.000136467
2750 0.000232447 2750 0.000008120 add_time= 0.000256773
2550 0.000070679 2550 0.000006640 add_time= 0.000093773
2500 0.000014187 2500 0.000022192 add_time= 0.000051737
2550 0.000063105 2550 0.000006744 add_time= 0.000084822
2756 0.000079003 2756 0.000007232 add_time= 0.000102965
2600 0.000060983 2600 0.000006547 add_time= 0.000082805
2600 0.000051438 2600 0.000015014 add_time= 0.000082370
2550 0.000067581 2550 0.000006586 add_time= 0.000097675
2700 0.000005339 2700 0.000026190 add_time= 0.000045399
1275 0.000032613 1275 0.000005934 add_time= 0.000052095
2860 0.000157149 2860 0.000008201 add_time= 0.000201327
1375 0.000078471 1375 0.000006625 add_time= 0.000099494
2500 0.000220459 2500 0.000006151 add_time= 0.000240979
2650 0.000141822 2650 0.000006296 add_time= 0.000164201
2750 0.000019477 2750 0.000016048 add_time= 0.000052500
2500 0.000099665 2500 0.000015935 add_time= 0.000132070
2600 0.000146785 2600 0.000042288 add_time= 0.000205971
2915 0.000226605 2915 0.000007538 add_time= 0.000264983
2500 0.000056051 2500 0.000006218 add_time= 0.000076894
2550 0.000271571 2550 0.000007142 add_time= 0.000296734
2754 0.000114405 2754 0.000026622 add_time= 0.000157284
2500 0.000099095 2500 0.000006802 add_time= 0.000122366
2550 0.000170434 2550 0.000015372 add_time= 0.000204466
2970 0.000322720 2970 0.000007311 add_time= 0.000351146
2750 0.000113392 2750 0.000006206 add_time= 0.000134896
2652 0.000007252 2652 0.000084499 add_time= 0.000114849
3025 0.000110794 3025 0.000012942 add_time= 0.000154088
2704 0.000048433 2704 0.000008934 add_time= 0.000104443
3025 0.000040141 3025 0.000008711 add_time= 0.000090084
2700 0.000047893 2700 0.000007537 add_time= 0.000083710
2550 0.000036092 2550 0.000036580 add_time= 0.000099657
2500 0.000079146 2500 0.000008538 add_time= 0.000120640
1250 0.000170358 1250 0.000006435 add_time= 0.000192970
2750 0.000055019 2750 0.000006511 add_time= 0.000088499
1250 0.000187398 1250 0.000005906 add_time= 0.000207753
2550 0.000035209 2550 0.000012406 add_time= 0.000072948
2754 0.000027799 2754 0.000012441 add_time= 0.000058060
2750 0.000125688 2750 0.000006110 add_time= 0.000154677
2600 0.000096137 2600 0.000006913 add_time= 0.000120910
2600 0.000035955 2600 0.000006713 add_time= 0.000066755
2500 0.000032029 2500 0.000006856 add_time= 0.000055180
2700 0.000028561 2700 0.000006870 add_time= 0.000057724
2550 0.000060419 2550 0.000006069 add_time= 0.000081006
2700 0.000039034 2700 0.000007231 add_time= 0.000063029
2600 0.000535589 2600 0.000007621 add_time= 0.000560447
2750 0.000055520 2750 0.000006504 add_time= 0.000078107
2600 0.000079249 2600 0.000006003 add_time= 0.000100300
2652 0.000069174 2652 0.000006583 add_time= 0.000089537
2500 0.000048109 2500 0.000007097 add_time= 0.000071849
2600 0.000067197 2600 0.000010163 add_time= 0.000101770
2750 0.000411178 2750 0.000016601 add_time= 0.000447367
2750 0.000134450 2750 0.000006753 add_time= 0.000167347
2652 0.000050556 2652 0.000015937 add_time= 0.000083953
2750 0.000015896 2750 0.000023994 add_time= 0.000055079
2600 0.000055150 2600 0.000027470 add_time= 0.000107433
1250 0.000449488 1250 0.000006287 add_time= 0.000471710
2550 0.000264953 2550 0.000006749 add_time= 0.000315256
2500 0.000193198 2500 0.000006736 add_time= 0.000215739
2652 0.000074059 2652 0.000006856 add_time= 0.000097828
1250 0.000472501 1250 0.000005798 add_time= 0.000492757
2703 0.000117691 2703 0.000006609 add_time= 0.000141714
2600 0.000119009 2600 0.000006803 add_time= 0.000149916
2750 0.000095309 2750 0.000018850 add_time= 0.000135370
2500 0.003578013 2500 0.000006708 add_time= 0.003600067
1300 0.000167492 1300 0.000006411 add_time= 0.000186874
2600 0.000222514 2600 0.000007683 add_time= 0.000247610
2500 0.000092587 2500 0.000007357 add_time= 0.000116608
1250 0.000040878 1250 0.000005958 add_time= 0.000060745
2500 0.000062966 2500 0.000007065 add_time= 0.000097414
2500 0.000007140 2500 0.000022813 add_time= 0.000050091
3025 0.000089381 3025 0.000007244 add_time= 0.000119500
2750 0.000192576 2750 0.000015129 add_time= 0.000224897
2860 0.000081807 2860 0.000013862 add_time= 0.000112470
2500 0.000157919 2500 0.000007526 add_time= 0.000181612
2652 0.000118383 2652 0.000006565 add_time= 0.000140894
2500 0.000180901 2500 0.000007305 add_time= 0.000214553
625 0.000042331 625 0.000005774 add_time= 0.000097186
2600 0.000059063 2600 0.000010015 add_time= 0.000102607
2704 0.000089832 2704 0.000027448 add_time= 0.000133693
3025 0.000534281 3025 0.000016930 add_time= 0.000570088
1375 0.000160899 1375 0.000005877 add_time= 0.000187888
2601 0.000018635 2601 0.000029964 add_time= 0.000063431
2754 0.000169705 2754 0.000005973 add_time= 0.000189698
2700 0.000251970 2700 0.000017518 add_time= 0.000286689
2750 0.000228701 2750 0.000006444 add_time= 0.000262726
2550 0.000309868 2550 0.000006498 add_time= 0.000330807
2500 0.000046504 2500 0.000006378 add_time= 0.000066890
2550 0.000007594 2550 0.000015218 add_time= 0.000038657
2550 0.000200370 2550 0.000006852 add_time= 0.000221728
2500 0.000308279 2500 0.000007005 add_time= 0.000330820
2500 0.000111340 2500 0.000006664 add_time= 0.000132922
2600 0.000166055 2600 0.000005734 add_time= 0.000186134
2550 0.000131824 2550 0.000006184 add_time= 0.000151229
2754 0.000126758 2754 0.000006418 add_time= 0.000147425
2750 0.000087142 2750 0.000007349 add_time= 0.000110267
1250 0.000030279 1250 0.000007514 add_time= 0.000073387
2500 0.000043537 2500 0.000007229 add_time= 0.000074232
2650 0.000095901 2650 0.000018875 add_time= 0.000145384
2860 0.000077664 2860 0.000008154 add_time= 0.000113807
2550 0.000059915 2550 0.000008139 add_time= 0.000101241
2700 0.000071836 2700 0.000016658 add_time= 0.000115648
2600 0.000144791 2600 0.000006366 add_time= 0.000166174
2500 0.000095358 2500 0.000006906 add_time= 0.000119690
2500 0.000134223 2500 0.000014737 add_time= 0.000163770
2500 0.000060297 2500 0.000006325 add_time= 0.000081605
2750 0.000007825 2750 0.000044959 add_time= 0.000068748
2700 0.000060820 2700 0.000011560 add_time= 0.000087463
1250 0.000030996 1250 0.000007037 add_time= 0.000051825
1300 0.000041101 1300 0.000012482 add_time= 0.000066147
2750 0.000093780 2750 0.000007032 add_time= 0.000116680
2700 0.000029677 2700 0.000006008 add_time= 0.000049643
2601 0.000096993 2601 0.000007471 add_time= 0.000120007
2750 0.000066537 2750 0.000006971 add_time= 0.000087146
2750 0.000087636 2750 0.000006718 add_time= 0.000108051
2600 0.000132286 2600 0.000006404 add_time= 0.000154060
2550 0.000115449 2550 0.000006365 add_time= 0.000135400
2500 0.000061495 2500 0.000006775 add_time= 0.000083050
1250 0.000072820 1250 0.000006797 add_time= 0.000092836
2550 0.000015560 2550 0.000025210 add_time= 0.000054339
2600 0.000079943 2600 0.000006348 add_time= 0.000100624
2600 0.000103189 2600 0.000006849 add_time= 0.000125860
2860 0.000104836 2860 0.000006071 add_time= 0.000125096
2750 0.000094939 2750 0.000006815 add_time= 0.000116582
2500 0.000087740 2500 0.000006404 add_time= 0.000108538
2750 0.000085160 2750 0.000006873 add_time= 0.000107743
2809 0.000107623 2809 0.000009241 add_time= 0.000143559
2600 0.000082060 2600 0.000008110 add_time= 0.000123672
2500 0.000121798 2500 0.000008042 add_time= 0.000144458
3025 0.000302866 3025 0.000007600 add_time= 0.000338308
2652 0.000114236 2652 0.000006187 add_time= 0.000135223
2550 0.000315633 2550 0.000005974 add_time= 0.000335417
2700 0.000118728 2700 0.000006170 add_time= 0.000139163
1250 0.000082883 1250 0.000006001 add_time= 0.000103269
2550 0.000190383 2550 0.000007751 add_time= 0.000215667
2600 0.000091663 2600 0.000006921 add_time= 0.000114649
2600 0.000191541 2600 0.000007430 add_time= 0.000215959
2550 0.000057241 2550 0.000006644 add_time= 0.000080111
2550 0.000006756 2550 0.000024090 add_time= 0.000045480
2500 0.000103415 2500 0.000006852 add_time= 0.000126545
2650 0.000568672 2650 0.000010759 add_time= 0.000596491
2652 0.000072167 2652 0.000006895 add_time= 0.000095449
2750 0.000576960 2750 0.000007199 add_time= 0.000601825
2550 0.000068048 2550 0.000007428 add_time= 0.000099597
2808 0.000007553 2808 0.000024568 add_time= 0.000048170
1250 0.000094632 1250 0.000015323 add_time= 0.000124623
2600 0.000064010 2600 0.000007246 add_time= 0.000099009
2600 0.000084342 2600 0.000007469 add_time= 0.000108060
2750 0.000177885 2750 0.000007531 add_time= 0.000201971
2700 0.000228981 2700 0.000006692 add_time= 0.000252620
2700 0.000051290 2700 0.000007132 add_time= 0.000075109
2750 0.000102526 2750 0.000007404 add_time= 0.000130093
1250 0.000085342 1250 0.000005659 add_time= 0.000104336
2750 0.000095390 2750 0.000007202 add_time= 0.000140201
2805 0.000053788 2805 0.000015378 add_time= 0.000084181
2601 0.000133088 2601 0.000007715 add_time= 0.000167861
2600 0.000007305 2600 0.000016580 add_time= 0.000038939
3025 0.000084739 3025 0.000007432 add_time= 0.000108909
2704 0.000193253 2704 0.000008627 add_time= 0.000226712
2805 0.000065132 2805 0.000036317 add_time= 0.000119801
2550 0.000314376 2550 0.000006533 add_time= 0.000341041
2750 0.000110827 2750 0.000008295 add_time= 0.000135704
2916 0.000198539 2916 0.000006664 add_time= 0.000221965
2500 0.000183121 2500 0.000007388 add_time= 0.000207710
2600 0.000212195 2600 0.000006545 add_time= 0.000236897
2500 0.000189503 2500 0.000005906 add_time= 0.000210488
2805 0.000097145 2805 0.000006644 add_time= 0.000118814
2700 0.000008268 2700 0.000023672 add_time= 0.000048504
3025 0.000477437 3025 0.000007815 add_time= 0.000510348
2700 0.000056073 2700 0.000006749 add_time= 0.000079510
2500 0.000147089 2500 0.000006629 add_time= 0.000179978
2550 0.000122898 2550 0.000007466 add_time= 0.000156678
2550 0.000065266 2550 0.000006235 add_time= 0.000085248
2600 0.000007659 2600 0.000027092 add_time= 0.000062775
2750 0.000215264 2750 0.000008400 add_time= 0.000240356
2500 0.000006143 2500 0.000008755 add_time= 0.000061915
2808 0.000007858 2808 0.000008226 add_time= 0.000047466
2500 0.000073463 2500 0.000016812 add_time= 0.000112821
2970 0.000054003 2970 0.000008321 add_time= 0.000089951
2550 0.000038181 2550 0.000007324 add_time= 0.000066966
2808 0.000037812 2808 0.000027272 add_time= 0.000094392
1250 0.000045312 1250 0.000007870 add_time= 0.000092832
1250 0.000067965 1250 0.000006743 add_time= 0.000094076
2750 0.000091457 2750 0.000006660 add_time= 0.000116335
2550 0.000055277 2550 0.000007866 add_time= 0.000109164
2700 0.000091848 2700 0.000007221 add_time= 0.000115741
2600 0.000067448 2600 0.000006891 add_time= 0.000090726
2970 0.000139687 2970 0.000007474 add_time= 0.000162587
2550 0.000045105 2550 0.000008034 add_time= 0.000076555
2600 0.000092177 2600 0.000007282 add_time= 0.000125139
2500 0.000089134 2500 0.000007785 add_time= 0.000131876
2805 0.000095883 2805 0.000007430 add_time= 0.000140097
2600 0.000017191 2600 0.000034659 add_time= 0.000067142
2500 0.000084296 2500 0.000014989 add_time= 0.000113552
2550 0.000080546 2550 0.000007492 add_time= 0.000106636
2550 0.000124364 2550 0.000006962 add_time= 0.000147110
2750 0.000102122 2750 0.000007400 add_time= 0.000127243
2750 0.000102430 2750 0.000007553 add_time= 0.000130940
2550 0.000018014 2550 0.000015059 add_time= 0.000049879
2500 0.000153625 2500 0.000007105 add_time= 0.000176963
2500 0.000228708 2500 0.000007153 add_time= 0.000259710
2750 0.000131693 2750 0.000007896 add_time= 0.000159554
3025 0.000144915 3025 0.000007664 add_time= 0.000174216
2550 0.000015927 2550 0.000015716 add_time= 0.000066494
2500 0.000104751 2500 0.000006605 add_time= 0.000125826
2860 0.000157506 2860 0.000022785 add_time= 0.000200064
2750 0.000056223 2750 0.000006390 add_time= 0.000077964
2550 0.000106395 2550 0.000006784 add_time= 0.000128221
2500 0.000014753 2500 0.000015179 add_time= 0.000044781
2500 0.000188531 2500 0.000007288 add_time= 0.000210065
2915 0.000696435 2915 0.000008820 add_time= 0.000737757
2500 0.000172899 2500 0.000014586 add_time= 0.000204478
2970 0.000143592 2970 0.000007191 add_time= 0.000167872
2550 0.000018286 2550 0.000030749 add_time= 0.000063940
2808 0.000014057 2808 0.000044753 add_time= 0.000074223
1375 0.000083980 1375 0.000005907 add_time= 0.000102761
2750 0.000099857 2750 0.000008027 add_time= 0.000125956
2652 0.000134286 2652 0.000006686 add_time= 0.000157871
2805 0.000099043 2805 0.000006944 add_time= 0.000121010
2805 0.000137002 2805 0.000006864 add_time= 0.000160923
2700 0.000155163 2700 0.000006799 add_time= 0.000186563
2500 0.000091563 2500 0.000006900 add_time= 0.000115128
2750 0.000193762 2750 0.000007692 add_time= 0.000218932
2500 0.000064470 2500 0.000007012 add_time= 0.000095885
1275 0.000062739 1275 0.000006766 add_time= 0.000083536
2652 0.000007579 2652 0.000015922 add_time= 0.000047645
2750 0.000083692 2750 0.000007895 add_time= 0.000108418
1350 0.000080108 1350 0.000005670 add_time= 0.000114226
1250 0.000073690 1250 0.000006807 add_time= 0.000095393
2500 0.000215086 2500 0.000006976 add_time= 0.000249097
2750 0.000063345 2750 0.000007076 add_time= 0.000087283
2750 0.000059647 2750 0.000006741 add_time= 0.000082754
2600 0.000164692 2600 0.000006701 add_time= 0.000187533
1375 0.000062699 1375 0.000006287 add_time= 0.000082800
2500 0.000435134 2500 0.000024001 add_time= 0.000474430
2750 0.000108442 2750 0.000006446 add_time= 0.000131535
2500 0.000072714 2500 0.000007358 add_time= 0.000095088
2754 0.000090427 2754 0.000007051 add_time= 0.000113876
1250 0.000156106 1250 0.000005573 add_time= 0.000175628
2500 0.000149671 2500 0.000008253 add_time= 0.000176637
2500 0.000090025 2500 0.000007946 add_time= 0.000113978
2550 0.000073305 2550 0.000006998 add_time= 0.000096561
2550 0.000097490 2550 0.000006484 add_time= 0.000128830
2700 0.000274775 2700 0.000007696 add_time= 0.000299023
2704 0.000103047 2704 0.000006770 add_time= 0.000126819
2750 0.000098056 2750 0.000008099 add_time= 0.000124962
2500 0.000162708 2500 0.000007117 add_time= 0.000185585
2700 0.000101958 2700 0.000007111 add_time= 0.000125744
2970 0.000120214 2970 0.000007010 add_time= 0.000144582
1275 0.000041593 1275 0.000006706 add_time= 0.000062659
2600 0.000182775 2600 0.000018986 add_time= 0.000221741
2500 0.000074503 2500 0.000007230 add_time= 0.000097248
2750 0.000087703 2750 0.000006764 add_time= 0.000117133
3025 0.000053792 3025 0.000006529 add_time= 0.000075747
2500 0.000007797 2500 0.000025577 add_time= 0.000049017
2700 0.000127535 2700 0.000007492 add_time= 0.000150411
2550 0.000007561 2550 0.000010112 add_time= 0.000065752
2600 0.000065744 2600 0.000008166 add_time= 0.000105216
2750 0.000043302 2750 0.000020176 add_time= 0.000092417
2500 0.000065220 2500 0.000008655 add_time= 0.000099690
2500 0.000100091 2500 0.000036949 add_time= 0.000162720
2750 0.000028408 2750 0.000016642 add_time= 0.000077421
2862 0.000081361 2862 0.000006511 add_time= 0.000105627
2600 0.000059352 2600 0.000006483 add_time= 0.000081318
2860 0.000065248 2860 0.000007136 add_time= 0.000096126
2970 0.000064953 2970 0.000006732 add_time= 0.000098871
2805 0.000007851 2805 0.000037618 add_time= 0.000069916
2750 0.000089948 2750 0.000007625 add_time= 0.000114000
1250 0.000260794 1250 0.000006771 add_time= 0.000299639
2500 0.000052272 2500 0.000006593 add_time= 0.000073188
2750 0.000102974 2750 0.000006397 add_time= 0.000123491
2550 0.000015218 2550 0.000013550 add_time= 0.000043296
2970 0.000080801 2970 0.000007772 add_time= 0.000104166
2750 0.000200835 2750 0.000006934 add_time= 0.000223758
2970 0.000061411 2970 0.000007071 add_time= 0.000084037
2915 0.000075662 2915 0.000006748 add_time= 0.000097165
2805 0.000017748 2805 0.000023095 add_time= 0.000055971
2808 0.000016798 2808 0.000027436 add_time= 0.000058104
625 0.000037329 625 0.000006500 add_time= 0.000059963
2600 0.000143196 2600 0.000007484 add_time= 0.000165574
2860 0.000080295 2860 0.000007236 add_time= 0.000103586
2650 0.000152621 2650 0.000005514 add_time= 0.000170691
2700 0.000105118 2700 0.000006781 add_time= 0.000126224
2750 0.000115427 2750 0.000006668 add_time= 0.000146084
2500 0.000388862 2500 0.000006595 add_time= 0.000420692
2750 0.000108165 2750 0.000007602 add_time= 0.000133399
3025 0.000090824 3025 0.000007332 add_time= 0.000112541
2550 0.000063871 2550 0.000007086 add_time= 0.000085694
2500 0.000007194 2500 0.000015585 add_time= 0.000037492
2805 0.000100866 2805 0.000008352 add_time= 0.000124704
2750 0.000384055 2750 0.000006613 add_time= 0.000405118
2652 0.000043001 2652 0.000006810 add_time= 0.000069307
2500 0.000135495 2500 0.000006515 add_time= 0.000155193
2750 0.000048741 2750 0.000005993 add_time= 0.000068477
2970 0.000129592 2970 0.000006128 add_time= 0.000149741
1375 0.000056399 1375 0.000005913 add_time= 0.000073158
2750 0.000578583 2750 0.000010498 add_time= 0.000613907
2808 0.000116707 2808 0.000008418 add_time= 0.000143926
2500 0.000163620 2500 0.000007056 add_time= 0.000185929
2750 0.000254163 2750 0.000007104 add_time= 0.000286948
2652 0.000020290 2652 0.000022139 add_time= 0.000061200
2550 0.000281494 2550 0.000007336 add_time= 0.000320900
2650 0.000413966 2650 0.000006931 add_time= 0.000438049
2600 0.000160389 2600 0.000024586 add_time= 0.000199453
2750 0.000070619 2750 0.000016180 add_time= 0.000102979
2750 0.000266787 2750 0.000006237 add_time= 0.000288209
2805 0.000218953 2805 0.000006351 add_time= 0.000239787
2550 0.000006747 2550 0.000042255 add_time= 0.000062671
2750 0.000094092 2750 0.000007797 add_time= 0.000128924
2500 0.000126833 2500 0.000020959 add_time= 0.000163957
3025 0.000075328 3025 0.000006885 add_time= 0.000098535
2500 0.000095571 2500 0.000006797 add_time= 0.000116191
2550 0.000191420 2550 0.000025781 add_time= 0.000243068
2500 0.000188752 2500 0.000006574 add_time= 0.000216678
2600 0.000050873 2600 0.000008942 add_time= 0.000075819
2600 0.000192732 2600 0.000007204 add_time= 0.000234604
2805 0.000042991 2805 0.000006421 add_time= 0.000072471
2750 0.000126659 2750 0.000007436 add_time= 0.000157696
2750 0.000095013 2750 0.000006202 add_time= 0.000114963
2550 0.000014341 2550 0.000022602 add_time= 0.000050678
1375 0.000049047 1375 0.000006390 add_time= 0.000066695
2500 0.000242657 2500 0.000006912 add_time= 0.000264341
2915 0.000245773 2915 0.000007574 add_time= 0.000271958
2805 0.000078691 2805 0.000014469 add_time= 0.000107483
2805 0.000008049 2805 0.000033049 add_time= 0.000056774
2500 0.000139459 2500 0.000033025 add_time= 0.000195791
2550 0.000149437 2550 0.000006995 add_time= 0.000201523
2550 0.000150540 2550 0.000007535 add_time= 0.000197177
2700 0.000046808 2700 0.000006319 add_time= 0.000079040
2550 0.000213735 2550 0.000007586 add_time= 0.000244940
2916 0.000103793 2916 0.000007423 add_time= 0.000144339
2500 0.000076907 2500 0.000006612 add_time= 0.000106978
2500 0.000338833 2500 0.000007474 add_time= 0.000373516
2600 0.000183239 2600 0.000006817 add_time= 0.000226637
3025 0.000419794 3025 0.000007689 add_time= 0.000460100
2805 0.000254489 2805 0.000006501 add_time= 0.000285935
2650 0.000010028 2650 0.000019478 add_time= 0.000056551
2500 0.000032166 2500 0.000007417 add_time= 0.000073353
2915 0.000214954 2915 0.000008483 add_time= 0.000246175
3025 0.000082601 3025 0.000007797 add_time= 0.000106014
2500 0.000211946 2500 0.000005715 add_time= 0.000231532
2550 0.000006701 2550 0.000024158 add_time= 0.000050599
2750 0.000185708 2750 0.000006935 add_time= 0.000212534
2500 0.000241690 2500 0.000007794 add_time= 0.000284174
2750 0.000062051 2750 0.000008513 add_time= 0.000096915
2601 0.000093178 2601 0.000007862 add_time= 0.000125392
2500 0.000050961 2500 0.000025501 add_time= 0.000101196
2500 0.000061980 2500 0.000016576 add_time= 0.000103395
2860 0.000153114 2860 0.000018707 add_time= 0.000187759
2860 0.000128497 2860 0.000006450 add_time= 0.000149471
1250 0.000156536 1250 0.000006587 add_time= 0.000175781
2500 0.000059976 2500 0.000005985 add_time= 0.000079386
2860 0.000097342 2860 0.000006965 add_time= 0.000120500
2650 0.000184280 2650 0.000007307 add_time= 0.000208689
2500 0.000286397 2500 0.000006397 add_time= 0.000307564
1250 0.000151207 1250 0.000005923 add_time= 0.000169676
2750 0.000103711 2750 0.000007592 add_time= 0.000128573
2601 0.000018718 2601 0.000015631 add_time= 0.000050010
2860 0.000133957 2860 0.000007234 add_time= 0.000166280
2500 0.000453133 2500 0.000007853 add_time= 0.000477471
2805 0.000087264 2805 0.000008039 add_time= 0.000114126
2805 0.000150566 2805 0.000008080 add_time= 0.000175833
2860 0.000073970 2860 0.000006822 add_time= 0.000095417
2805 0.000037593 2805 0.000006241 add_time= 0.000057920
2700 0.000075848 2700 0.000007049 add_time= 0.000098962
1275 0.000082720 1275 0.000006339 add_time= 0.000103045
2862 0.000254573 2862 0.000008779 add_time= 0.000283271
2750 0.000091895 2750 0.000015927 add_time= 0.000124667
2652 0.000185600 2652 0.000007031 add_time= 0.000212619
2500 0.000015947 2500 0.000014537 add_time= 0.000049409
2750 0.000106774 2750 0.000007473 add_time= 0.000131065
1250 0.000205105 1250 0.000014974 add_time= 0.000237325
3025 0.000177289 3025 0.000017783 add_time= 0.000213217
3025 0.000087484 3025 0.000007679 add_time= 0.000110865
2750 0.000103023 2750 0.000006353 add_time= 0.000123932
2754 0.000070047 2754 0.000007294 add_time= 0.000093368
1250 0.000081763 1250 0.000006796 add_time= 0.000102661
2860 0.000162398 2860 0.000009737 add_time= 0.000191782
2750 0.000118229 2750 0.000007348 add_time= 0.000142378
2500 0.000086426 2500 0.000006450 add_time= 0.000107795
2652 0.000050455 2652 0.000017555 add_time= 0.000085117
2550 0.000093858 2550 0.000006485 add_time= 0.000122788
2809 0.000075940 2809 0.000008547 add_time= 0.000104178
2600 0.000085920 2600 0.000006786 add_time= 0.000121117
2750 0.000064899 2750 0.000006784 add_time= 0.000086407
2652 0.000063037 2652 0.000008159 add_time= 0.000088016
2500 0.000134512 2500 0.000007282 add_time= 0.000157994
2550 0.000065668 2550 0.000007032 add_time= 0.000093195
2600 0.000207282 2600 0.000006272 add_time= 0.000229070
2700 0.000438844 2700 0.000007108 add_time= 0.000473081
2550 0.000147939 2550 0.000006892 add_time= 0.000170813
2916 0.000151861 2916 0.000007457 add_time= 0.000177694
2600 0.000347067 2600 0.000006662 add_time= 0.000372603
2500 0.000205826 2500 0.000015791 add_time= 0.000245340
2750 0.000150245 2750 0.000023700 add_time= 0.000188963
2500 0.000051448 2500 0.000007201 add_time= 0.000074517
2916 0.000042165 2916 0.000007004 add_time= 0.000065529
1275 0.000068488 1275 0.000006733 add_time= 0.000089655
2550 0.000216431 2550 0.000007488 add_time= 0.000240657
2600 0.000125497 2600 0.000006646 add_time= 0.000156027
2500 0.000233091 2500 0.000014293 add_time= 0.000263326
2601 0.000329657 2601 0.000007053 add_time= 0.000358418
2700 0.000049491 2700 0.000006774 add_time= 0.000072285
2750 0.000057535 2750 0.000006999 add_time= 0.000080347
2750 0.000181923 2750 0.000039412 add_time= 0.000246533
2750 0.000087256 2750 0.000032161 add_time= 0.000136120
2600 0.000118726 2600 0.000007350 add_time= 0.000143043
2500 0.000097552 2500 0.000007607 add_time= 0.000121454
2700 0.000008002 2700 0.000055529 add_time= 0.000080854
2500 0.000074290 2500 0.000006891 add_time= 0.000105322
2600 0.000060909 2600 0.000006274 add_time= 0.000083838
2700 0.000101774 2700 0.000005700 add_time= 0.000122026
2500 0.000031437 2500 0.000006480 add_time= 0.000051626
2805 0.000106332 2805 0.000008426 add_time= 0.000132935
2500 0.000064759 2500 0.000006230 add_time= 0.000094152
2805 0.000007968 2805 0.000016548 add_time= 0.000040430
2915 0.000137248 2915 0.000035491 add_time= 0.000188797
2860 0.000240662 2860 0.000008844 add_time= 0.000300921
2600 0.000107420 2600 0.000006813 add_time= 0.000132210
2550 0.000186595 2550 0.000007624 add_time= 0.000210626
2550 0.000234270 2550 0.000007246 add_time= 0.000257902
2601 0.000179689 2601 0.000005755 add_time= 0.000199638
2500 0.000100670 2500 0.000006634 add_time= 0.000123304
2750 0.000079683 2750 0.000007472 add_time= 0.000104205
2750 0.000189186 2750 0.000008259 add_time= 0.000225121
2500 0.000102573 2500 0.000007046 add_time= 0.000126305
1250 0.000208126 1250 0.000006591 add_time= 0.000233782
2500 0.000086694 2500 0.000006468 add_time= 0.000109411
1250 0.000098817 1250 0.000006634 add_time= 0.000129092
2860 0.000253130 2860 0.000007320 add_time= 0.000275842
3025 0.000141060 3025 0.000006808 add_time= 0.000162211
2750 0.000092846 2750 0.000006789 add_time= 0.000113440
2805 0.000167012 2805 0.000014994 add_time= 0.000195751
2550 0.000059722 2550 0.000011591 add_time= 0.000096383
2650 0.000095349 2650 0.000008674 add_time= 0.000152553
1300 0.000048122 1300 0.000007704 add_time= 0.000086407
2805 0.000111912 2805 0.000009223 add_time= 0.000158262
2750 0.000077681 2750 0.000008567 add_time= 0.000114791
2916 0.000110707 2916 0.000008522 add_time= 0.000160694
3025 0.000039257 3025 0.000027494 add_time= 0.000101292
2550 0.000091602 2550 0.000006252 add_time= 0.000113040
2500 0.000137124 2500 0.000011565 add_time= 0.000161578
2750 0.000108730 2750 0.000008126 add_time= 0.000133642
2500 0.000080090 2500 0.000007218 add_time= 0.000102030
2700 0.000061238 2700 0.000007162 add_time= 0.000083625
2550 0.000184682 2550 0.000006600 add_time= 0.000206950
2750 0.000039325 2750 0.000006901 add_time= 0.000065002
2500 0.000115113 2500 0.000007518 add_time= 0.000137916
2805 0.000056896 2805 0.000007305 add_time= 0.000079980
1350 0.000089688 1350 0.000006825 add_time= 0.000109560
1375 0.000121739 1375 0.000017791 add_time= 0.000152930
2500 0.000153716 2500 0.000007206 add_time= 0.000176830
2550 0.000128797 2550 0.000006677 add_time= 0.000149615
2650 0.000090127 2650 0.000007233 add_time= 0.000123778
2550 0.000017739 2550 0.000014930 add_time= 0.000047682
2808 0.000016416 2808 0.000015425 add_time= 0.000046312
2500 0.000069071 2500 0.000007114 add_time= 0.000091470
2915 0.000398023 2915 0.000007299 add_time= 0.000422643
2600 0.000088206 2600 0.000006414 add_time= 0.000108902
2970 0.000046674 2970 0.000007153 add_time= 0.000070192
2500 0.000060699 2500 0.000007183 add_time= 0.000083520
2750 0.000027641 2750 0.000016068 add_time= 0.000058360
2750 0.000107426 2750 0.000022914 add_time= 0.000146532
2750 0.000134786 2750 0.000006878 add_time= 0.000157556
2860 0.000074980 2860 0.000007246 add_time= 0.000098255
2860 0.000110972 2860 0.000007619 add_time= 0.000132946
2915 0.000050983 2915 0.000007041 add_time= 0.000073894
2601 0.000016966 2601 0.000095071 add_time= 0.000127237
2750 0.000092355 2750 0.000007337 add_time= 0.000122627
2862 0.000306531 2862 0.000007801 add_time= 0.000332259
2500 0.000063199 2500 0.000006571 add_time= 0.000102704
3025 0.000088223 3025 0.000006664 add_time= 0.000108565
2500 0.000050207 2500 0.000006491 add_time= 0.000071317
2808 0.000016430 2808 0.000020289 add_time= 0.000063241
2550 0.000128112 2550 0.000007182 add_time= 0.000150488
2703 0.000146815 2703 0.000006981 add_time= 0.000169966
2500 0.000045353 2500 0.000007090 add_time= 0.000067754
2600 0.000149341 2600 0.000016048 add_time= 0.000179523
2754 0.000142623 2754 0.000007497 add_time= 0.000179230
2550 0.000016429 2550 0.000027733 add_time= 0.000073287
2750 0.000076669 2750 0.000007111 add_time= 0.000097495
2500 0.000208930 2500 0.000007465 add_time= 0.000232226
2500 0.000131053 2500 0.000007954 add_time= 0.000154885
2750 0.000116695 2750 0.000006778 add_time= 0.000138727
2805 0.000098872 2805 0.000006675 add_time= 0.000121588
2500 0.000046117 2500 0.000006575 add_time= 0.000067840
2860 0.000080000 2860 0.000007561 add_time= 0.000110929
2700 0.000079117 2700 0.000007371 add_time= 0.000105177
2500 0.000128084 2500 0.000008048 add_time= 0.000153000
2750 0.000122862 2750 0.000006816 add_time= 0.000149736
2916 0.000099891 2916 0.000008591 add_time= 0.000132227
1275 0.000121801 1275 0.000006577 add_time= 0.000142427
1250 0.000171796 1250 0.000006854 add_time= 0.000192608
2600 0.000144889 2600 0.000006231 add_time= 0.000165841
2750 0.000070855 2750 0.000006712 add_time= 0.000092764
2550 0.000078610 2550 0.000006979 add_time= 0.000101494
2805 0.000122926 2805 0.000006929 add_time= 0.000144529
2500 0.000328724 2500 0.000006838 add_time= 0.000351976
2860 0.000254092 2860 0.000007373 add_time= 0.000285053
2750 0.000065267 2750 0.000006970 add_time= 0.000087927
2500 0.000082961 2500 0.000006589 add_time= 0.000104930
2601 0.000007634 2601 0.000015660 add_time= 0.000038620
1250 0.000148394 1250 0.000005533 add_time= 0.000165696
2600 0.000225323 2600 0.000006476 add_time= 0.000247560
2860 0.000083317 2860 0.000007404 add_time= 0.000116910
3025 0.000061443 3025 0.000007296 add_time= 0.000083438
2805 0.000155280 2805 0.000007489 add_time= 0.000179107
2500 0.000007585 2500 0.000023387 add_time= 0.000058881
2750 0.000072020 2750 0.000007318 add_time= 0.000094113
2600 0.000112042 2600 0.000006251 add_time= 0.000133659
2652 0.000052069 2652 0.000006596 add_time= 0.000080450
2750 0.000064409 2750 0.000013766 add_time= 0.000092502
2915 0.000100381 2915 0.000007862 add_time= 0.000123815
2650 0.000043702 2650 0.000006405 add_time= 0.000065751
2750 0.000007006 2750 0.000017742 add_time= 0.000039859
2550 0.000042926 2550 0.000006435 add_time= 0.000064617
2750 0.000462434 2750 0.000007671 add_time= 0.000495833
2500 0.000321127 2500 0.000007900 add_time= 0.000356810
2750 0.000056549 2750 0.000006921 add_time= 0.000080158
2500 0.000018334 2500 0.000093580 add_time= 0.000126187
2600 0.000066665 2600 0.000007124 add_time= 0.000089923
2650 0.000103634 2650 0.000007551 add_time= 0.000127974
2860 0.000104159 2860 0.000006457 add_time= 0.000125600
2500 0.000110034 2500 0.000005803 add_time= 0.000130596
2860 0.000128426 2860 0.000007300 add_time= 0.000173457
2805 0.000252440 2805 0.000007558 add_time= 0.000275259
2970 0.000109757 2970 0.000015468 add_time= 0.000142468
2550 0.000106342 2550 0.000007340 add_time= 0.000144080
2600 0.000092348 2600 0.000006560 add_time= 0.000124639
2500 0.000045922 2500 0.000006464 add_time= 0.000088005
2500 0.000087405 2500 0.000007212 add_time= 0.000119783
2915 0.000091815 2915 0.000007325 add_time= 0.000127816
2750 0.000075032 2750 0.000008687 add_time= 0.000145429
2600 0.000054691 2600 0.000008784 add_time= 0.000114933
2500 0.000041340 2500 0.000007803 add_time= 0.000100379
2750 0.000047477 2750 0.000007646 add_time= 0.000117865
2652 0.000054107 2652 0.000024779 add_time= 0.000131046
2915 0.000070264 2915 0.000008496 add_time= 0.000125303
2550 0.000231549 2550 0.000007931 add_time= 0.000263060
2750 0.000052618 2750 0.000007322 add_time= 0.000086751
2750 0.000094906 2750 0.000007646 add_time= 0.000126423
2754 0.000007618 2754 0.000024244 add_time= 0.000055552
2750 0.000164248 2750 0.000007478 add_time= 0.000196345
1250 0.000336749 1250 0.000006446 add_time= 0.000357221
2750 0.000343357 2750 0.000008118 add_time= 0.000367156
2805 0.000073200 2805 0.000007612 add_time= 0.000097099
2805 0.000050380 2805 0.000007256 add_time= 0.000072994
2750 0.000015839 2750 0.000025097 add_time= 0.000072778
1325 0.000071914 1325 0.000006115 add_time= 0.000091040
2600 0.000162524 2600 0.000013877 add_time= 0.000192247
2500 0.000163011 2500 0.000007828 add_time= 0.000186275
2500 0.000092507 2500 0.000013333 add_time= 0.000121230
2601 0.000047396 2601 0.000006612 add_time= 0.000081638
2500 0.000133875 2500 0.000006479 add_time= 0.000155122
2500 0.000099823 2500 0.000008073 add_time= 0.000124406
2500 0.000165873 2500 0.000016095 add_time= 0.000196948
2550 0.000072801 2550 0.000007313 add_time= 0.000102037
2750 0.000051272 2750 0.000007405 add_time= 0.000073999
2754 0.000137179 2754 0.000007497 add_time= 0.000160220
1250 0.000042560 1250 0.000006366 add_time= 0.000062494
2550 0.000208247 2550 0.000008270 add_time= 0.000232125
2750 0.000081715 2750 0.000016027 add_time= 0.000113036
2805 0.000066578 2805 0.000007301 add_time= 0.000089364
2700 0.000160412 2700 0.000007540 add_time= 0.000185924
2700 0.000168577 2700 0.000007698 add_time= 0.000191225
2550 0.000092052 2550 0.000007004 add_time= 0.000115151
2750 0.000161567 2750 0.000008618 add_time= 0.000185902
2860 0.000070363 2860 0.000006956 add_time= 0.000091783
2550 0.000017686 2550 0.000024487 add_time= 0.000057500
2750 0.000229050 2750 0.000007479 add_time= 0.000252475
2750 0.000114949 2750 0.000007561 add_time= 0.000137806
2704 0.000099035 2704 0.000006733 add_time= 0.000119651
2750 0.000259648 2750 0.000016219 add_time= 0.000291468
2500 0.000127054 2500 0.000007058 add_time= 0.000148871
1350 0.000103322 1350 0.000006749 add_time= 0.000123099
2650 0.000086040 2650 0.000006441 add_time= 0.000106320
2600 0.000182531 2600 0.000008477 add_time= 0.000207890
2650 0.000117499 2650 0.000007508 add_time= 0.000140247
2750 0.000154491 2750 0.000006993 add_time= 0.000180046
2652 0.000064818 2652 0.000006840 add_time= 0.000085949
2500 0.000015472 2500 0.000014176 add_time= 0.000043436
1375 0.000079743 1375 0.000005635 add_time= 0.000095877
2550 0.000075791 2550 0.000006630 add_time= 0.000097383
2750 0.000048429 2750 0.000006526 add_time= 0.000068696
2650 0.000102587 2650 0.000005935 add_time= 0.000122258
2550 0.000015158 2550 0.000014739 add_time= 0.000042869
1250 0.000131820 1250 0.000005704 add_time= 0.000148967
2500 0.000109844 2500 0.000006904 add_time= 0.000129543
2550 0.000606923 2550 0.000007983 add_time= 0.000634232
2650 0.000174303 2650 0.000007458 add_time= 0.000202959
2500 0.000094386 2500 0.000007105 add_time= 0.000115978
2550 0.000066337 2550 0.000007019 add_time= 0.000089363
2600 0.000027477 2600 0.000023695 add_time= 0.000066494
2750 0.000068480 2750 0.000008223 add_time= 0.000093188
1250 0.000102153 1250 0.000006308 add_time= 0.000121843
2650 0.000452771 2650 0.000007440 add_time= 0.000480574
2652 0.000092364 2652 0.000018399 add_time= 0.000127187
2500 0.000344159 2500 0.000006455 add_time= 0.000370782
2750 0.000315208 2750 0.000007334 add_time= 0.000355875
2601 0.000110736 2601 0.000007376 add_time= 0.000133077
2550 0.000166835 2550 0.000007146 add_time= 0.000187855
2860 0.000258085 2860 0.000007361 add_time= 0.000281845
2500 0.000102111 2500 0.000007753 add_time= 0.000125559
2750 0.000130079 2750 0.000007639 add_time= 0.000162542
2550 0.000007393 2550 0.000023914 add_time= 0.000046557
2700 0.000085372 2700 0.000006877 add_time= 0.000115178
2500 0.000070493 2500 0.000007663 add_time= 0.000093599
2550 0.000493477 2550 0.000007382 add_time= 0.000517303
2750 0.000094910 2750 0.000018443 add_time= 0.000129741
1250 0.000150268 1250 0.000006003 add_time= 0.000169313
2703 0.000061460 2703 0.000006841 add_time= 0.000084201
2550 0.000007616 2550 0.000013925 add_time= 0.000036691
2750 0.000253444 2750 0.000007133 add_time= 0.000284802
1250 0.000156720 1250 0.000006970 add_time= 0.000178720
2500 0.000116986 2500 0.000006956 add_time= 0.000139925
2550 0.000075517 2550 0.000007053 add_time= 0.000098092
2500 0.000036461 2500 0.000006315 add_time= 0.000058088
2970 0.000080631 2970 0.000006696 add_time= 0.000103948
2650 0.000058209 2650 0.000006013 add_time= 0.000078018
2860 0.000253441 2860 0.000006744 add_time= 0.000283076
2860 0.000109099 2860 0.000006926 add_time= 0.000130005
2500 0.000087093 2500 0.000007316 add_time= 0.000109259
2500 0.000106359 2500 0.000007249 add_time= 0.000126941
2550 0.000017769 2550 0.000015455 add_time= 0.000045949
2500 0.000098335 2500 0.000007236 add_time= 0.000120492
2650 0.000056818 2650 0.000007229 add_time= 0.000086505
2600 0.000042476 2600 0.000006569 add_time= 0.000062916
2750 0.000064311 2750 0.000024434 add_time= 0.000102549
2750 0.000028057 2750 0.000006743 add_time= 0.000047998
2550 0.000123543 2550 0.000006429 add_time= 0.000142914
2600 0.000009472 2600 0.000014652 add_time= 0.000038587
2500 0.000113786 2500 0.000007069 add_time= 0.000135841
2500 0.000217662 2500 0.000006869 add_time= 0.000241454
2805 0.000054974 2805 0.000017337 add_time= 0.000087845
2500 0.000076047 2500 0.000006310 add_time= 0.000095735
2550 0.000085526 2550 0.000007346 add_time= 0.000123268
2550 0.000138716 2550 0.000006662 add_time= 0.000159307
1375 0.000038836 1375 0.000006837 add_time= 0.000059281
2750 0.000128495 2750 0.000009313 add_time= 0.000178690
2600 0.000072341 2600 0.000007407 add_time= 0.000106588
2805 0.000007492 2805 0.000008666 add_time= 0.000048164
2805 0.000079181 2805 0.000008587 add_time= 0.000114367
2700 0.000081962 2700 0.000007017 add_time= 0.000114825
2754 0.000016235 2754 0.000008367 add_time= 0.000050747
2703 0.000437548 2703 0.000007334 add_time= 0.000463754
2600 0.000173626 2600 0.000006413 add_time= 0.000194191
2500 0.000115752 2500 0.000007310 add_time= 0.000149450
2754 0.000107458 2754 0.000006753 add_time= 0.000129525
1250 0.000006317 1250 0.000015143 add_time= 0.000034891
2550 0.000081090 2550 0.000006685 add_time= 0.000107371
2750 0.000123542 2750 0.000007528 add_time= 0.000148554
1300 0.000081184 1300 0.000005435 add_time= 0.000097844
2750 0.000054496 2750 0.000006996 add_time= 0.000075429
2500 0.000056802 2500 0.000006689 add_time= 0.000078452
2601 0.000052796 2601 0.000006983 add_time= 0.000074524
2915 0.000084304 2915 0.000007079 add_time= 0.000107339
2600 0.000069588 2600 0.000006744 add_time= 0.000092637
2500 0.000100171 2500 0.000005807 add_time= 0.000127751
2805 0.000175040 2805 0.000015432 add_time= 0.000206038
2860 0.000047135 2860 0.000007020 add_time= 0.000067959
2550 0.000082073 2550 0.000005752 add_time= 0.000100907
2500 0.000124147 2500 0.000006989 add_time= 0.000146052
1250 0.000059620 1250 0.000007292 add_time= 0.000080338
2600 0.000066389 2600 0.000006492 add_time= 0.000086545
2750 0.000076124 2750 0.000007531 add_time= 0.000106105
2550 0.000091980 2550 0.000006254 add_time= 0.000113198
2700 0.000059154 2700 0.000006634 add_time= 0.000080852
1250 0.000055928 1250 0.000017900 add_time= 0.000086279
2600 0.000307508 2600 0.000007180 add_time= 0.000329935
2750 0.000126315 2750 0.000013654 add_time= 0.000154682
2750 0.000079759 2750 0.000006194 add_time= 0.000110966
1375 0.000124851 1375 0.000006151 add_time= 0.000141736
1275 0.000019076 1275 0.000013605 add_time= 0.000045484
2600 0.000084833 2600 0.000007178 add_time= 0.000115947
1375 0.000052860 1375 0.000006588 add_time= 0.000083909
2650 0.000059456 2650 0.000007082 add_time= 0.000082744
2600 0.000053323 2600 0.000006071 add_time= 0.000072943
2500 0.000045379 2500 0.000006599 add_time= 0.000066817
1250 0.000047743 1250 0.000006166 add_time= 0.000066094
2805 0.000017162 2805 0.000126449 add_time= 0.000169517
2970 0.000152804 2970 0.000006883 add_time= 0.000174678
2703 0.000078620 2703 0.000007229 add_time= 0.000102087
1300 0.000138331 1300 0.000005815 add_time= 0.000155520
1250 0.000134669 1250 0.000005469 add_time= 0.000150689
2750 0.000064077 2750 0.000005889 add_time= 0.000083321
2805 0.000095504 2805 0.000007470 add_time= 0.000118345
2500 0.000014416 2500 0.000025897 add_time= 0.000055613
2550 0.000095131 2550 0.000006301 add_time= 0.000114766
2500 0.000083500 2500 0.000007052 add_time= 0.000106222
2860 0.000079051 2860 0.000005727 add_time= 0.000099035
2750 0.000157844 2750 0.000006645 add_time= 0.000179579
2805 0.000115779 2805 0.000006638 add_time= 0.000144906
2650 0.000077865 2650 0.000006928 add_time= 0.000100230
1375 0.000124700 1375 0.000006023 add_time= 0.000143388
2756 0.000117164 2756 0.000006687 add_time= 0.000140239
2652 0.000067374 2652 0.000006137 add_time= 0.000088015
1250 0.000068499 1250 0.000006229 add_time= 0.000087341
2750 0.000102106 2750 0.000006531 add_time= 0.000122676
2550 0.000026917 2550 0.000014864 add_time= 0.000057166
2750 0.000129255 2750 0.000006237 add_time= 0.000149248
2703 0.000233792 2703 0.000007316 add_time= 0.000257324
2600 0.000078053 2600 0.000006689 add_time= 0.000098752
1250 0.000086402 1250 0.000013907 add_time= 0.000112899
2550 0.000079981 2550 0.000006476 add_time= 0.000101657
2754 0.000061995 2754 0.000006960 add_time= 0.000094281
2500 0.000025697 2500 0.000014611 add_time= 0.000053888
2750 0.000102222 2750 0.000007745 add_time= 0.000126134
2700 0.000122297 2700 0.000008302 add_time= 0.000150824
1250 0.000124286 1250 0.000006108 add_time= 0.000143032
2600 0.000178506 2600 0.000007415 add_time= 0.000221416
2550 0.000135009 2550 0.000006630 add_time= 0.000155401
2970 0.000086618 2970 0.000008188 add_time= 0.000111523
2750 0.000092074 2750 0.000006796 add_time= 0.000112521
2600 0.000200359 2600 0.000007600 add_time= 0.000231561
2750 0.000201905 2750 0.000007217 add_time= 0.000224911
2550 0.000321401 2550 0.000007433 add_time= 0.000344237
2550 0.000006904 2550 0.000022620 add_time= 0.000043009
2500 0.000089320 2500 0.000006698 add_time= 0.000109584
2862 0.000147966 2862 0.000009236 add_time= 0.000173266
2550 0.000174576 2550 0.000006024 add_time= 0.000195356
2500 0.000105220 2500 0.000007238 add_time= 0.000127465
2750 0.000115737 2750 0.000007193 add_time= 0.000136681
2754 0.000201631 2754 0.000006175 add_time= 0.000229368
2700 0.000007307 2700 0.000015623 add_time= 0.000038442
2750 0.000175569 2750 0.000007086 add_time= 0.000197965
2600 0.000053130 2600 0.000005825 add_time= 0.000084154
2600 0.000112667 2600 0.000006457 add_time= 0.000132210
2805 0.000150679 2805 0.000006977 add_time= 0.000172280
2650 0.000007348 2650 0.000025338 add_time= 0.000058376
2754 0.000105989 2754 0.000006502 add_time= 0.000126604
1275 0.000049802 1275 0.000005937 add_time= 0.000066345
2550 0.000490617 2550 0.000008179 add_time= 0.000515626
2600 0.000036736 2600 0.000005604 add_time= 0.000055749
3025 0.000294048 3025 0.000006263 add_time= 0.000315757
2500 0.000075894 2500 0.000006789 add_time= 0.000097148
2652 0.000006811 2652 0.000016335 add_time= 0.000036987
2750 0.000191093 2750 0.000006289 add_time= 0.000211024
2550 0.000104998 2550 0.000006230 add_time= 0.000132149
2650 0.000187146 2650 0.000008868 add_time= 0.000226760
2600 0.000100388 2600 0.000006030 add_time= 0.000119833
2550 0.000060459 2550 0.000007481 add_time= 0.000083155
2500 0.000052448 2500 0.000006014 add_time= 0.000077883
1275 0.000156057 1275 0.000005789 add_time= 0.000174149
3025 0.000335299 3025 0.000007336 add_time= 0.000358646
2750 0.000124175 2750 0.000007548 add_time= 0.000146785
2500 0.000131015 2500 0.000016438 add_time= 0.000162296
1375 0.000055044 1375 0.000005758 add_time= 0.000072208
2550 0.000083581 2550 0.000006902 add_time= 0.000114736
2601 0.000296392 2601 0.000006780 add_time= 0.000317910
2600 0.000164624 2600 0.000006131 add_time= 0.000184696
2915 0.000132098 2915 0.000006813 add_time= 0.000159330
2500 0.000066691 2500 0.000007511 add_time= 0.000091276
2750 0.000059169 2750 0.000006478 add_time= 0.000082617
2500 0.000039357 2500 0.000006024 add_time= 0.000061765
2700 0.000060908 2700 0.000006014 add_time= 0.000084697
1375 0.000029173 1375 0.000006175 add_time= 0.000051318
2860 0.000128509 2860 0.000009454 add_time= 0.000183201
2860 0.000055259 2860 0.000008414 add_time= 0.000095698
2750 0.000024543 2750 0.000008915 add_time= 0.000079242
2500 0.000079230 2500 0.000008804 add_time= 0.000124300
2862 0.000039859 2862 0.000025437 add_time= 0.000117900
1275 0.000028304 1275 0.000008022 add_time= 0.000065552
2500 0.000427540 2500 0.000006428 add_time= 0.000453526
2500 0.000138256 2500 0.000006951 add_time= 0.000174183
2500 0.000048159 2500 0.000006997 add_time= 0.000072674
2601 0.000082173 2601 0.000007715 add_time= 0.000116576
2750 0.000007698 2750 0.000024410 add_time= 0.000050243
3025 0.000061505 3025 0.000007030 add_time= 0.000087108
2500 0.000103161 2500 0.000006930 add_time= 0.000124649
2600 0.000071956 2600 0.000015891 add_time= 0.000114163
2650 0.000114109 2650 0.000007968 add_time= 0.000137002
1275 0.000031519 1275 0.000007139 add_time= 0.000051042
2550 0.000007469 2550 0.000015352 add_time= 0.000049048
2600 0.000110486 2600 0.000018352 add_time= 0.000143243
2600 0.000103770 2600 0.000017948 add_time= 0.000136557
2750 0.000147652 2750 0.000015325 add_time= 0.000177006
3025 0.000096528 3025 0.000006797 add_time= 0.000117071
2500 0.000083306 2500 0.000006149 add_time= 0.000102160
2601 0.000090796 2601 0.000006333 add_time= 0.000110253
2750 0.000015887 2750 0.000014956 add_time= 0.000043951
2500 0.000082442 2500 0.000006571 add_time= 0.000102080
1250 0.000111155 1250 0.000006201 add_time= 0.000129711
1300 0.000055534 1300 0.000022206 add_time= 0.000088728
2500 0.000117825 2500 0.000006256 add_time= 0.000137455
2805 0.000095775 2805 0.000006683 add_time= 0.000115685
2601 0.000015419 2601 0.000025157 add_time= 0.000053826
2550 0.000061178 2550 0.000005808 add_time= 0.000090493
2650 0.000208645 2650 0.000016847 add_time= 0.000240333
2650 0.000168770 2650 0.000008837 add_time= 0.000191311
2915 0.000052375 2915 0.000007169 add_time= 0.000078131
2550 0.000092704 2550 0.000006617 add_time= 0.000111882
2650 0.000014795 2650 0.000015817 add_time= 0.000043761
2500 0.000102799 2500 0.000035810 add_time= 0.000151391
2500 0.000069829 2500 0.000006773 add_time= 0.000091372
2500 0.000126361 2500 0.000012054 add_time= 0.000151847
2500 0.000086802 2500 0.000005930 add_time= 0.000126702
2500 0.000085362 2500 0.000006698 add_time= 0.000104840
2970 0.000066041 2970 0.000007281 add_time= 0.000086792
1250 0.000053677 1250 0.000017400 add_time= 0.000081370
2652 0.000228232 2652 0.000007209 add_time= 0.000250193
2750 0.000081730 2750 0.000011335 add_time= 0.000107086
2750 0.000045810 2750 0.000022703 add_time= 0.000081592
2550 0.000044538 2550 0.000006130 add_time= 0.000075146
2500 0.000006412 2500 0.000013370 add_time= 0.000032515
2500 0.000053653 2500 0.000006133 add_time= 0.000072324
2650 0.000142315 2650 0.000007411 add_time= 0.000164389
2600 0.000101176 2600 0.000006035 add_time= 0.000120465
2550 0.000100078 2550 0.000006436 add_time= 0.000119351
2750 0.000087976 2750 0.000006794 add_time= 0.000108045
1275 0.000011077 1275 0.000008980 add_time= 0.000041726
1375 0.000129321 1375 0.000006205 add_time= 0.000146475
2860 0.000240378 2860 0.000007160 add_time= 0.000262400
2750 0.000218704 2750 0.000006603 add_time= 0.000239142
2500 0.000177092 2500 0.000006531 add_time= 0.000196631
2700 0.000080085 2700 0.000007290 add_time= 0.000100624
2750 0.000088677 2750 0.000006667 add_time= 0.000108873
2550 0.000006654 2550 0.000014142 add_time= 0.000037012
2805 0.000115603 2805 0.000007268 add_time= 0.000136500
2500 0.000144483 2500 0.000027716 add_time= 0.000186641
2750 0.000138229 2750 0.000006800 add_time= 0.000159075
1250 0.000043573 1250 0.000005076 add_time= 0.000059110
2703 0.000095443 2703 0.000044477 add_time= 0.000153064
2601 0.000014960 2601 0.000015599 add_time= 0.000043275
2750 0.000034257 2750 0.000006123 add_time= 0.000053333
2500 0.000101817 2500 0.000012457 add_time= 0.000128083
2550 0.000195496 2550 0.000014971 add_time= 0.000223550
2970 0.000051788 2970 0.000006958 add_time= 0.000072897
2601 0.000117200 2601 0.000006268 add_time= 0.000136109
2650 0.000014769 2650 0.000015517 add_time= 0.000043470
2550 0.000093198 2550 0.000006264 add_time= 0.000111993
2500 0.000149212 2500 0.000008933 add_time= 0.000184551
2550 0.001833847 2550 0.000007313 add_time= 0.001856994
2805 0.000229128 2805 0.000016338 add_time= 0.000261144
2550 0.000108010 2550 0.000006419 add_time= 0.000127955
2916 0.000126266 2916 0.000007649 add_time= 0.000150400
1250 0.000069328 1250 0.000006535 add_time= 0.000088744
2700 0.000246660 2700 0.000006842 add_time= 0.000269827
2750 0.001103364 2750 0.000018600 add_time= 0.001149669
2750 0.000125598 2750 0.000006566 add_time= 0.000146579
2500 0.000039216 2500 0.000006011 add_time= 0.000058513
2550 0.000006491 2550 0.000024266 add_time= 0.000044558
2500 0.000109170 2500 0.000007268 add_time= 0.000131633
2500 0.000203543 2500 0.000006062 add_time= 0.000224036
2500 0.000114291 2500 0.000005546 add_time= 0.000132993
2500 0.000089447 2500 0.000006853 add_time= 0.000110914
2500 0.000086744 2500 0.000007356 add_time= 0.000118545
2500 0.000006938 2500 0.000021935 add_time= 0.000042059
2500 0.000081326 2500 0.000006477 add_time= 0.000102748
2750 0.000179563 2750 0.000007866 add_time= 0.000202800
2860 0.000094399 2860 0.000007349 add_time= 0.000118078
2750 0.000058388 2750 0.000006659 add_time= 0.000080713
2550 0.000084464 2550 0.000007240 add_time= 0.000107190
2500 0.000006802 2500 0.000024098 add_time= 0.000044056
2500 0.000046366 2500 0.000006482 add_time= 0.000067518
2860 0.000043712 2860 0.000006683 add_time= 0.000065581
2600 0.000127002 2600 0.000006280 add_time= 0.000147805
2805 0.000124929 2805 0.000007036 add_time= 0.000147168
2550 0.000044826 2550 0.000006385 add_time= 0.000066531
2500 0.000007049 2500 0.000015198 add_time= 0.000047284
1300 0.000074327 1300 0.000006605 add_time= 0.000104605
2500 0.000237314 2500 0.000008711 add_time= 0.000281900
2750 0.000116669 2750 0.000018224 add_time= 0.000152215
2650 0.000125795 2650 0.000006711 add_time= 0.000147121
2805 0.000074762 2805 0.000007170 add_time= 0.000107586
2754 0.000229924 2754 0.000006178 add_time= 0.000256416
1250 0.000339964 1250 0.000007331 add_time= 0.000360885
1275 0.000156911 1275 0.000005986 add_time= 0.000175535
2756 0.000329278 2756 0.000006961 add_time= 0.000353146
2915 0.000146635 2915 0.000007540 add_time= 0.000171502
2805 0.000118106 2805 0.000052996 add_time= 0.000187927
2750 0.000007014 2750 0.000016878 add_time= 0.000053405
2500 0.000074795 2500 0.000007554 add_time= 0.000107878
2860 0.000154026 2860 0.000007792 add_time= 0.000180346
2550 0.000062213 2550 0.000014966 add_time= 0.000092517
2750 0.000044569 2750 0.000006793 add_time= 0.000066704
2500 0.000092640 2500 0.000006467 add_time= 0.000113175
2808 0.000007442 2808 0.000027671 add_time= 0.000051034
2550 0.000058602 2550 0.000006455 add_time= 0.000080582
2652 0.000145067 2652 0.000011377 add_time= 0.000236387
2750 0.000057140 2750 0.000009627 add_time= 0.000114367
2500 0.000008499 2500 0.000008278 add_time= 0.000058160
2550 0.000009668 2550 0.000010248 add_time= 0.000072195
2805 0.000051600 2805 0.000010874 add_time= 0.000118281
2704 0.000163237 2704 0.000007297 add_time= 0.000208178
1250 0.000147333 1250 0.000006531 add_time= 0.000177244
2500 0.000084158 2500 0.000006878 add_time= 0.000115206
2550 0.000149894 2550 0.000006741 add_time= 0.000181879
2970 0.000072430 2970 0.000006322 add_time= 0.000124302
2500 0.000270099 2500 0.000019259 add_time= 0.000306611
2860 0.000050711 2860 0.000006607 add_time= 0.000072015
1375 0.000056692 1375 0.000006374 add_time= 0.000088648
2500 0.000115070 2500 0.000006919 add_time= 0.000137361
2700 0.000038916 2700 0.000006780 add_time= 0.000062037
1300 0.000203903 1300 0.000006646 add_time= 0.000223750
2600 0.000119012 2600 0.000007603 add_time= 0.000144798
2500 0.000087562 2500 0.000015619 add_time= 0.000130467
2500 0.000075697 2500 0.000006810 add_time= 0.000098493
2550 0.000028444 2550 0.000014686 add_time= 0.000058588
2750 0.000164426 2750 0.000006794 add_time= 0.000187133
2500 0.000149716 2500 0.000007232 add_time= 0.000174335
1250 0.000082909 1250 0.000006310 add_time= 0.000102076
2500 0.000047157 2500 0.000007555 add_time= 0.000070733
2600 0.000067057 2600 0.000007379 add_time= 0.000097214
2500 0.000017491 2500 0.000026755 add_time= 0.000060107
2500 0.000157175 2500 0.000007023 add_time= 0.000200907
2750 0.000377760 2750 0.000007673 add_time= 0.000404169
2600 0.000142163 2600 0.000006585 add_time= 0.000165748
2970 0.000057933 2970 0.000007650 add_time= 0.000090130
2750 0.000118054 2750 0.000006919 add_time= 0.000148151
2805 0.000111569 2805 0.000006566 add_time= 0.000132601
2750 0.000016294 2750 0.000015948 add_time= 0.000046870
2750 0.000098289 2750 0.000006622 add_time= 0.000125637
2600 0.000148113 2600 0.000014499 add_time= 0.000189792
2500 0.000102587 2500 0.000007758 add_time= 0.000126958
2750 0.000125034 2750 0.000007748 add_time= 0.000169375
2754 0.000126912 2754 0.000007737 add_time= 0.000150755
1250 0.000180264 1250 0.000006871 add_time= 0.000200543
2600 0.000131478 2600 0.000020202 add_time= 0.000170827
2915 0.000074887 2915 0.000006899 add_time= 0.000097224
2750 0.000066178 2750 0.000007506 add_time= 0.000088709
2500 0.000096624 2500 0.000007020 add_time= 0.000131176
2600 0.000075658 2600 0.000007249 add_time= 0.000118111
2600 0.000294696 2600 0.000007343 add_time= 0.000320026
2750 0.000076414 2750 0.000006844 add_time= 0.000099299
2550 0.000107914 2550 0.000007116 add_time= 0.000147126
2805 0.000174767 2805 0.000007343 add_time= 0.000197888
2550 0.000071684 2550 0.000006252 add_time= 0.000094428
2500 0.000197399 2500 0.000007342 add_time= 0.000221088
2704 0.000041851 2704 0.000006935 add_time= 0.000065059
2750 0.000084306 2750 0.000008995 add_time= 0.000110305
1250 0.000044724 1250 0.000006098 add_time= 0.000064022
2601 0.000047878 2601 0.000006269 add_time= 0.000068298
2650 0.000036537 2650 0.000015258 add_time= 0.000067573
3025 0.000103906 3025 0.000007099 add_time= 0.000127128
1300 0.000110024 1300 0.000005650 add_time= 0.000126975
2600 0.000300819 2600 0.000007221 add_time= 0.000337279
2500 0.000074596 2500 0.000006372 add_time= 0.000096558
2805 0.000101763 2805 0.000007162 add_time= 0.000124892
2750 0.000093943 2750 0.000007339 add_time= 0.000134046
2650 0.000078056 2650 0.000006682 add_time= 0.000098312
2750 0.000087735 2750 0.000006722 add_time= 0.000111399
2650 0.000079846 2650 0.000006831 add_time= 0.000110164
1375 0.000045179 1375 0.000005014 add_time= 0.000061450
2750 0.000068374 2750 0.000006940 add_time= 0.000090836
2703 0.000265520 2703 0.000007162 add_time= 0.000288563
2500 0.000130850 2500 0.000006727 add_time= 0.000164165
2862 0.000574618 2862 0.000008426 add_time= 0.000607883
2500 0.000401323 2500 0.000025292 add_time= 0.000451069
2750 0.000142005 2750 0.000007823 add_time= 0.000167641
2550 0.000189889 2550 0.000012550 add_time= 0.000216531
2500 0.000099628 2500 0.000007462 add_time= 0.000123355
2500 0.000168435 2500 0.000023847 add_time= 0.000206564
1250 0.000284465 1250 0.000007047 add_time= 0.000310988
2500 0.000126035 2500 0.000024419 add_time= 0.000167858
2500 0.000075579 2500 0.000007451 add_time= 0.000108445
1275 0.000070334 1275 0.000005760 add_time= 0.000087609
2550 0.000008138 2550 0.000024344 add_time= 0.000048200
1300 0.000151168 1300 0.000006815 add_time= 0.000178337
2500 0.000276545 2500 0.000006438 add_time= 0.000298070
2650 0.000081880 2650 0.000033239 add_time= 0.000149147
2500 0.000063198 2500 0.000007616 add_time= 0.000093171
2750 0.000078077 2750 0.000006519 add_time= 0.000099875
2500 0.000157159 2500 0.000006833 add_time= 0.000178143
1250 0.000026569 1250 0.000009416 add_time= 0.000048719
1375 0.000031634 1375 0.000006841 add_time= 0.000063179
2500 0.000146806 2500 0.000006615 add_time= 0.000168449
2600 0.000104877 2600 0.000006373 add_time= 0.000125184
2750 0.000233889 2750 0.000007271 add_time= 0.000257102
2805 0.000078844 2805 0.000007381 add_time= 0.000101936
2750 0.000007775 2750 0.000015506 add_time= 0.000044399
2500 0.000125467 2500 0.000006737 add_time= 0.000147167
2860 0.000257991 2860 0.000012485 add_time= 0.000287584
2805 0.000245494 2805 0.000006589 add_time= 0.000266162
2550 0.000070721 2550 0.000005834 add_time= 0.000090560
2601 0.000141657 2601 0.000006350 add_time= 0.000161256
2550 0.000006347 2550 0.000015282 add_time= 0.000034684
2600 0.000184020 2600 0.000006157 add_time= 0.000202748
2750 0.000162934 2750 0.000007442 add_time= 0.000198972
2500 0.000066322 2500 0.000006740 add_time= 0.000096036
2860 0.000272957 2860 0.000006156 add_time= 0.000299482
2915 0.000051906 2915 0.000006532 add_time= 0.000072740
2550 0.000018003 2550 0.000014345 add_time= 0.000047647
2700 0.000140840 2700 0.000006406 add_time= 0.000161664
1250 0.000145165 1250 0.000005740 add_time= 0.000164092
2750 0.000269474 2750 0.000007440 add_time= 0.000292863
2550 0.000084433 2550 0.000006067 add_time= 0.000105642
2650 0.000072355 2650 0.000008165 add_time= 0.000107359
2652 0.000008186 2652 0.000015513 add_time= 0.000047228
2750 0.000086404 2750 0.000006855 add_time= 0.000109426
2860 0.000142673 2860 0.000006974 add_time= 0.000165880
2500 0.000052854 2500 0.000006898 add_time= 0.000073894
2500 0.000189734 2500 0.000007498 add_time= 0.000210974
2750 0.000077433 2750 0.000006832 add_time= 0.000097792
2700 0.000071438 2700 0.000006965 add_time= 0.000091992
1250 0.000052944 1250 0.000005373 add_time= 0.000068966
2600 0.000316788 2600 0.000024466 add_time= 0.000378331
3025 0.000084752 3025 0.000007758 add_time= 0.000120374
2550 0.000119695 2550 0.000015158 add_time= 0.000155157
2601 0.000005906 2601 0.000007607 add_time= 0.000033256
2700 0.000050528 2700 0.000007361 add_time= 0.000078521
1250 0.000028412 1250 0.000007411 add_time= 0.000059473
2860 0.000180248 2860 0.000007162 add_time= 0.000202820
2808 0.000059530 2808 0.000005878 add_time= 0.000078266
2750 0.000066495 2750 0.000007624 add_time= 0.000088902
2500 0.000102473 2500 0.000006638 add_time= 0.000123254
2970 0.000044332 2970 0.000006608 add_time= 0.000066114
1300 0.000053705 1300 0.000008714 add_time= 0.000074631
2700 0.000203154 2700 0.000007208 add_time= 0.000226298
2550 0.000087503 2550 0.000007018 add_time= 0.000108810
2600 0.000083929 2600 0.000007761 add_time= 0.000107188
2500 0.000069709 2500 0.000007411 add_time= 0.000091924
2700 0.000079693 2700 0.000007085 add_time= 0.000111098
2500 0.000061795 2500 0.000007789 add_time= 0.000084912
2750 0.000268468 2750 0.000027006 add_time= 0.000311913
2600 0.000236741 2600 0.000007323 add_time= 0.000259557
2550 0.000079777 2550 0.000006835 add_time= 0.000100469
2805 0.000075087 2805 0.000006565 add_time= 0.000095385
2550 0.000115185 2550 0.000006058 add_time= 0.000134303
2805 0.000017025 2805 0.000015507 add_time= 0.000045971
3025 0.000076441 3025 0.000007316 add_time= 0.000111494
2915 0.000109176 2915 0.000016749 add_time= 0.000142135
1250 0.000080256 1250 0.000006776 add_time= 0.000099673
2500 0.000242545 2500 0.000006212 add_time= 0.000262228
2700 0.000064882 2700 0.000006609 add_time= 0.000084653
2500 0.000066969 2500 0.000006955 add_time= 0.000089291
2970 0.000057404 2970 0.000007194 add_time= 0.000081114
2600 0.000217902 2600 0.000007776 add_time= 0.000241906
2750 0.000091104 2750 0.000014350 add_time= 0.000121226
2750 0.000050569 2750 0.000006843 add_time= 0.000072437
2601 0.000014996 2601 0.000024792 add_time= 0.000053933
2700 0.000042922 2700 0.000006369 add_time= 0.000063342
2860 0.000045613 2860 0.000006433 add_time= 0.000066070
2652 0.000233596 2652 0.000007024 add_time= 0.000268180
2550 0.000093175 2550 0.000018596 add_time= 0.000138264
2500 0.000092568 2500 0.000007209 add_time= 0.000113884
2860 0.000074023 2860 0.000006753 add_time= 0.000094848
1275 0.000092398 1275 0.000005121 add_time= 0.000108458
2500 0.000015602 2500 0.000014444 add_time= 0.000042967
1250 0.000048712 1250 0.000005879 add_time= 0.000075334
2750 0.000384137 2750 0.000007492 add_time= 0.000407030
2500 0.000070038 2500 0.000006850 add_time= 0.000090044
2500 0.000074514 2500 0.000006533 add_time= 0.000097997
2601 0.000109867 2601 0.000006873 add_time= 0.000131674
2500 0.000064948 2500 0.000007023 add_time= 0.000086512
2650 0.000483420 2650 0.000007034 add_time= 0.000506268
2600 0.000165886 2600 0.000006289 add_time= 0.000186277
2915 0.000199509 2915 0.000007256 add_time= 0.000230525
1375 0.000063011 1375 0.000006568 add_time= 0.000082655
2500 0.000084677 2500 0.000006396 add_time= 0.000104476
2700 0.000047483 2700 0.000017175 add_time= 0.000079398
2750 0.000067834 2750 0.000007326 add_time= 0.000089681
2550 0.000474733 2550 0.000007182 add_time= 0.000497181
2500 0.000077909 2500 0.000008305 add_time= 0.000101297
2750 0.000048889 2750 0.000007096 add_time= 0.000071521
2601 0.000007461 2601 0.000127671 add_time= 0.000150464
2700 0.000097010 2700 0.000006633 add_time= 0.000116759
2700 0.000074467 2700 0.000006749 add_time= 0.000096639
2550 0.000193078 2550 0.000007004 add_time= 0.000215874
2860 0.000113926 2860 0.000009322 add_time= 0.000139249
2500 0.000084893 2500 0.000006928 add_time= 0.000107126
2550 0.000084923 2550 0.000005996 add_time= 0.000104435
2500 0.000026194 2500 0.000014025 add_time= 0.000053345
2500 0.000079478 2500 0.000006338 add_time= 0.000098746
2550 0.000138097 2550 0.000006743 add_time= 0.000160045
1300 0.000119761 1300 0.000009304 add_time= 0.000142027
2750 0.000125147 2750 0.000007042 add_time= 0.000147854
2750 0.000067768 2750 0.000006691 add_time= 0.000089928
2970 0.000097095 2970 0.000007348 add_time= 0.000120897
1250 0.000043533 1250 0.000007430 add_time= 0.000073410
2550 0.000088548 2550 0.000006368 add_time= 0.000110564
2550 0.000037544 2550 0.000006410 add_time= 0.000070312
2750 0.000136127 2750 0.000017142 add_time= 0.000168609
1275 0.000015947 1275 0.000013363 add_time= 0.000053562
2500 0.000089255 2500 0.000008037 add_time= 0.000120312
2500 0.000460732 2500 0.000007241 add_time= 0.000483791
2500 0.000203579 2500 0.000006123 add_time= 0.000224148
2500 0.000137065 2500 0.000006631 add_time= 0.000159378
2652 0.000122262 2652 0.000006917 add_time= 0.000145034
2700 0.000090861 2700 0.000007494 add_time= 0.000113995
1250 0.000057441 1250 0.000006007 add_time= 0.000075472
2500 0.000232906 2500 0.000006484 add_time= 0.000266484
1300 0.000074877 1300 0.000006485 add_time= 0.000094087
2550 0.000128696 2550 0.000006709 add_time= 0.000148937
1375 0.000205438 1375 0.000005808 add_time= 0.000224153
2550 0.000006874 2550 0.000023809 add_time= 0.000044849
2750 0.000065600 2750 0.000007510 add_time= 0.000088812
2860 0.000241246 2860 0.000006679 add_time= 0.000263952
2970 0.000032758 2970 0.000006437 add_time= 0.000053760
2601 0.000121706 2601 0.000006640 add_time= 0.000142760
2550 0.000016085 2550 0.000014534 add_time= 0.000044763
2550 0.000054163 2550 0.000007547 add_time= 0.000076657
