2808 0.000191586 2808 0.000014388 add_time= 0.001542130
1250 0.000010714 1250 0.000013263 add_time= 0.000038524
1275 0.000101979 1275 0.000006389 add_time= 0.000121330
2600 0.000017865 2600 0.000026049 add_time= 0.000068948
2500 0.000123252 2500 0.000007475 add_time= 0.000146133
2915 0.000118871 2915 0.000008350 add_time= 0.000143530
2500 0.000115580 2500 0.000006903 add_time= 0.000137755
2860 0.000348354 2860 0.000030184 add_time= 0.000425946
2805 0.000065827 2805 0.000017831 add_time= 0.000099807
2700 0.000100484 2700 0.000007262 add_time= 0.000123242
2500 0.000008305 2500 0.000168994 add_time= 0.000199590
3025 0.000082279 3025 0.000007144 add_time= 0.000115119
2754 0.000191614 2754 0.000012056 add_time= 0.000219989
2750 0.000331635 2750 0.000011911 add_time= 0.000371165
2700 0.000112279 2700 0.000007224 add_time= 0.000135638
2970 0.000008362 2970 0.000018646 add_time= 0.000049517
2805 0.000118650 2805 0.000007093 add_time= 0.000141732
2970 0.000093070 2970 0.000007109 add_time= 0.000116775
2750 0.000022144 2750 0.000026980 add_time= 0.000077691
3025 0.000007304 3025 0.000026869 add_time= 0.000060087
2550 0.000116283 2550 0.000007023 add_time= 0.000139091
2970 0.000242263 2970 0.000094205 add_time= 0.000449847
2550 0.000087782 2550 0.000020234 add_time= 0.000150441
2550 0.000061089 2550 0.000008892 add_time= 0.000095955
2500 0.000171153 2500 0.000015169 add_time= 0.001561695
2750 0.000096985 2750 0.000009190 add_time= 0.000123084
2750 0.000123453 2750 0.000007218 add_time= 0.000147553
2500 0.000327914 2500 0.000007805 add_time= 0.000356360
2500 0.000068498 2500 0.000007663 add_time= 0.000092211
2500 0.000119196 2500 0.000007585 add_time= 0.000149622
2500 0.000481219 2500 0.000030686 add_time= 0.000567167
1250 0.000008241 1250 0.000019018 add_time= 0.000059964
2601 0.000115380 2601 0.000007725 add_time= 0.000151752
2500 0.000571018 2500 0.000010999 add_time= 0.000616508
2750 0.000069606 2750 0.000008027 add_time= 0.000114474
2808 0.000304265 2808 0.000021374 add_time= 0.000354651
2600 0.000180651 2600 0.000033408 add_time= 0.000241618
2970 0.000071245 2970 0.000039252 add_time= 0.000126860
2860 0.000162773 2860 0.000009023 add_time= 0.000186436
2500 0.000114472 2500 0.000007963 add_time= 0.000138347
1250 0.000102553 1250 0.000007564 add_time= 0.000151149
2860 0.000109652 2860 0.000009325 add_time= 0.000145979
1250 0.000166468 1250 0.000006112 add_time= 0.000187386
2500 0.000254765 2500 0.000017605 add_time= 0.000288753
2704 0.000177341 2704 0.000007459 add_time= 0.000206778
2500 0.000121591 2500 0.000007353 add_time= 0.000144289
2500 0.000133800 2500 0.000044742 add_time= 0.000195043
2550 0.000044252 2550 0.000015346 add_time= 0.000074989
2750 0.000233135 2750 0.000033433 add_time= 0.000357557
2500 0.000108631 2500 0.000008779 add_time= 0.000147216
2750 0.000072054 2750 0.000008742 add_time= 0.000132248
2650 0.000140256 2650 0.000012190 add_time= 0.001272320
2750 0.000065273 2750 0.000007427 add_time= 0.000093258
2500 0.000024619 2500 0.000006699 add_time= 0.000056329
2500 0.000034350 2500 0.000023006 add_time= 0.000073959
2500 0.000076396 2500 0.000006591 add_time= 0.000099429
2915 0.000085647 2915 0.000011829 add_time= 0.000114470
2500 0.000266420 2500 0.000006180 add_time= 0.000289098
2860 0.000135379 2860 0.000007019 add_time= 0.000158089
2750 0.000092386 2750 0.000006807 add_time= 0.000115262
1375 0.000051382 1375 0.000005789 add_time= 0.000072170
2550 0.000048538 2550 0.000006699 add_time= 0.000070748
2500 0.000036232 2500 0.000006274 add_time= 0.000057628
2500 0.000437848 2500 0.000008281 add_time= 0.000472673
2860 0.000083980 2860 0.000006730 add_time= 0.000110300
1375 0.000082340 1375 0.000006314 add_time= 0.000105867
2805 0.000083939 2805 0.000007736 add_time= 0.000118184
2500 0.000082132 2500 0.000006327 add_time= 0.000107970
2500 0.000070759 2500 0.000007513 add_time= 0.000095690
2500 0.000332071 2500 0.000007169 add_time= 0.000357933
2750 0.000074403 2750 0.000007534 add_time= 0.000109654
2500 0.000048746 2500 0.000015228 add_time= 0.000080969
2652 0.000057930 2652 0.000007477 add_time= 0.000082753
2500 0.000133607 2500 0.000024965 add_time= 0.000182352
1250 0.000089312 1250 0.000005716 add_time= 0.000109981
2500 0.000049234 2500 0.000007196 add_time= 0.000094821
2652 0.000043321 2652 0.000006934 add_time= 0.000067023
2500 0.000160751 2500 0.000007607 add_time= 0.000195757
2550 0.000190527 2550 0.000014808 add_time= 0.000221921
2601 0.000025086 2601 0.000013162 add_time= 0.000052945
3025 0.000041344 3025 0.000007317 add_time= 0.000071932
2650 0.000467276 2650 0.000006537 add_time= 0.000491955
2750 0.000101848 2750 0.000006719 add_time= 0.000125498
1250 0.000217874 1250 0.000009915 add_time= 0.000242298
2601 0.000005967 2601 0.000013976 add_time= 0.000035238
2550 0.000202185 2550 0.000015648 add_time= 0.000246381
1325 0.000436657 1325 0.000006010 add_time= 0.000466081
2750 0.000039685 2750 0.000007607 add_time= 0.000078412
2750 0.000052360 2750 0.000018509 add_time= 0.000086795
2600 0.000013619 2600 0.000032649 add_time= 0.000061696
2550 0.000102035 2550 0.000005743 add_time= 0.000122786
2550 0.000108744 2550 0.000005845 add_time= 0.000135931
2600 0.000117350 2600 0.000008573 add_time= 0.000196386
2750 0.000014023 2750 0.000008549 add_time= 0.000064231
2500 0.000026851 2500 0.000008654 add_time= 0.000063732
2550 0.000022960 2550 0.000008559 add_time= 0.000059137
2750 0.000039497 2750 0.000011383 add_time= 0.000079413
2550 0.000387309 2550 0.000008577 add_time= 0.000424667
2860 0.000555342 2860 0.000007258 add_time= 0.000586393
2600 0.000370309 2600 0.000007301 add_time= 0.000394724
2550 0.000015380 2550 0.000020386 add_time= 0.000050502
2500 0.000271140 2500 0.000010697 add_time= 0.000298979
1250 0.000077109 1250 0.000005884 add_time= 0.000095166
2750 0.000426511 2750 0.000007010 add_time= 0.000451490
2500 0.000103966 2500 0.000007209 add_time= 0.000127884
2750 0.000052803 2750 0.000006601 add_time= 0.000080265
2601 0.000007047 2601 0.000033347 add_time= 0.000057534
2750 0.000160481 2750 0.000006588 add_time= 0.000182634
1250 0.000023433 1250 0.000006134 add_time= 0.000043642
2650 0.000102208 2650 0.000006956 add_time= 0.000127005
2600 0.000066380 2600 0.000006490 add_time= 0.000088935
2750 0.000270365 2750 0.000007405 add_time= 0.000313266
2601 0.000309338 2601 0.000027180 add_time= 0.000363983
2650 0.000092212 2650 0.000008454 add_time= 0.000117424
1250 0.000086719 1250 0.000005349 add_time= 0.000104064
2600 0.000207168 2600 0.000006675 add_time= 0.000230506
2750 0.000143413 2750 0.000006596 add_time= 0.000168425
2500 0.000106746 2500 0.000007533 add_time= 0.000131144
2750 0.000069768 2750 0.000006040 add_time= 0.000098865
2652 0.000016246 2652 0.000031101 add_time= 0.000064185
2916 0.000163341 2916 0.000006362 add_time= 0.000192219
1250 0.000113409 1250 0.000005465 add_time= 0.000131861
2650 0.000104139 2650 0.000007124 add_time= 0.000129771
2600 0.000052956 2600 0.000006300 add_time= 0.000075543
2860 0.000132353 2860 0.000007068 add_time= 0.000174856
2550 0.000111089 2550 0.000006672 add_time= 0.000140230
2601 0.000096793 2601 0.000006694 add_time= 0.000119812
1300 0.000040368 1300 0.000006367 add_time= 0.000064383
2600 0.000199296 2600 0.000008484 add_time= 0.000237120
2500 0.000176746 2500 0.000018845 add_time= 0.000212008
2750 0.000149150 2750 0.000006508 add_time= 0.000216536
2916 0.000134333 2916 0.000007263 add_time= 0.000170986
2500 0.000067106 2500 0.000005882 add_time= 0.000088036
2650 0.000329588 2650 0.000006340 add_time= 0.000352996
2750 0.000218867 2750 0.000007210 add_time= 0.000242752
2550 0.000098498 2550 0.000005894 add_time= 0.000125171
2703 0.000067180 2703 0.000009146 add_time= 0.000091275
2500 0.000269428 2500 0.000006806 add_time= 0.000292862
2500 0.000025711 2500 0.000007079 add_time= 0.000058441
2750 0.000362471 2750 0.000007024 add_time= 0.000387974
2750 0.000043604 2750 0.000018089 add_time= 0.000089008
2750 0.000081942 2750 0.000007464 add_time= 0.000105450
2550 0.000013614 2550 0.000022060 add_time= 0.000051830
2700 0.000060149 2700 0.000006069 add_time= 0.000080654
2500 0.000124500 2500 0.000006468 add_time= 0.000144464
2756 0.000038358 2756 0.000009331 add_time= 0.000105597
2860 0.000019688 2860 0.000007705 add_time= 0.000071960
2750 0.000033338 2750 0.000008882 add_time= 0.000080758
1375 0.000068410 1375 0.000007587 add_time= 0.000107011
2750 0.000072050 2750 0.000008337 add_time= 0.000111588
1325 0.000021920 1325 0.000008446 add_time= 0.000069906
2650 0.000181696 2650 0.000007507 add_time= 0.000213218
2600 0.000040031 2600 0.000005530 add_time= 0.000060001
3025 0.000058440 3025 0.000006208 add_time= 0.000091788
2750 0.000044878 2750 0.000005751 add_time= 0.000064650
2550 0.000119496 2550 0.000006853 add_time= 0.000143925
3025 0.000035894 3025 0.000014361 add_time= 0.000066222
2500 0.000348325 2500 0.000006439 add_time= 0.000371410
1300 0.000058951 1300 0.000006519 add_time= 0.000080387
2550 0.000054078 2550 0.000006481 add_time= 0.000077064
2550 0.000015696 2550 0.000014354 add_time= 0.000046716
2754 0.000028831 2754 0.000007064 add_time= 0.000061788
1300 0.000092090 1300 0.000005318 add_time= 0.000121183
2750 0.000640025 2750 0.000009194 add_time= 0.000678613
2860 0.000150884 2860 0.000015171 add_time= 0.000186089
2500 0.000037212 2500 0.000006220 add_time= 0.000068629
2750 0.000041128 2750 0.000014750 add_time= 0.000071541
2601 0.000079668 2601 0.000006930 add_time= 0.000104470
2750 0.000039211 2750 0.000006726 add_time= 0.000062701
2650 0.000266604 2650 0.000006865 add_time= 0.000291930
2500 0.000110632 2500 0.000006540 add_time= 0.000138940
2500 0.000049225 2500 0.000006859 add_time= 0.000071829
2601 0.000006882 2601 0.000031594 add_time= 0.000055062
2700 0.000042524 2700 0.000013890 add_time= 0.000073514
2500 0.000190475 2500 0.000006908 add_time= 0.000213144
3025 0.000170825 3025 0.000006925 add_time= 0.000207310
2700 0.000056930 2700 0.000007201 add_time= 0.000081389
2703 0.000006727 2703 0.000022262 add_time= 0.000046023
2500 0.000055315 2500 0.000008205 add_time= 0.000080531
2500 0.000456544 2500 0.000006251 add_time= 0.000479322
2750 0.000088880 2750 0.000006661 add_time= 0.000114117
2750 0.000143375 2750 0.000006224 add_time= 0.000165042
2652 0.000117374 2652 0.000006911 add_time= 0.000142328
2805 0.000007555 2805 0.000036825 add_time= 0.000068612
2600 0.000156570 2600 0.000007360 add_time= 0.000192744
625 0.000030979 625 0.000006149 add_time= 0.000065420
2500 0.000157724 2500 0.000007109 add_time= 0.000181720
2750 0.000031790 2750 0.000006482 add_time= 0.000054687
2750 0.000118863 2750 0.000006679 add_time= 0.000150023
2750 0.000056619 2750 0.000006664 add_time= 0.000079457
2601 0.000042927 2601 0.000006315 add_time= 0.000066414
2754 0.000066361 2754 0.000005780 add_time= 0.000086817
1250 0.000032502 1250 0.000006005 add_time= 0.000060966
2862 0.000067275 2862 0.000007689 add_time= 0.000111829
2808 0.000028785 2808 0.000010293 add_time= 0.000067149
2550 0.000130207 2550 0.000028476 add_time= 0.000174135
2650 0.000152464 2650 0.000006391 add_time= 0.000175435
2550 0.000018144 2550 0.000014459 add_time= 0.000049944
2916 0.000137747 2916 0.000006807 add_time= 0.000170203
1375 0.000041952 1375 0.000006322 add_time= 0.000069563
2750 0.000125110 2750 0.000007130 add_time= 0.000150105
2750 0.000038552 2750 0.000007742 add_time= 0.000063833
2750 0.000126443 2750 0.000006004 add_time= 0.000147789
2500 0.000006888 2500 0.000018007 add_time= 0.000052078
2805 0.000144074 2805 0.000006605 add_time= 0.000166691
2700 0.000090502 2700 0.000006405 add_time= 0.000112393
2500 0.000029979 2500 0.000006573 add_time= 0.000051881
2650 0.000037196 2650 0.000006818 add_time= 0.000064168
2600 0.000030696 2600 0.000007456 add_time= 0.000055562
2750 0.000124197 2750 0.000006572 add_time= 0.000158552
2750 0.000073585 2750 0.000006020 add_time= 0.000094099
2500 0.000006617 2500 0.000021259 add_time= 0.000050580
2550 0.000454184 2550 0.000006650 add_time= 0.000483089
2750 0.000125548 2750 0.000013419 add_time= 0.000154326
2756 0.000103033 2756 0.000008552 add_time= 0.000163497
2652 0.000028042 2652 0.000007026 add_time= 0.000060157
2650 0.000044551 2650 0.000007963 add_time= 0.000091081
2860 0.000030458 2860 0.000008130 add_time= 0.000086304
2550 0.000018529 2550 0.000008968 add_time= 0.000056386
1250 0.000028612 1250 0.000008079 add_time= 0.000061712
2650 0.000137079 2650 0.000006450 add_time= 0.000161259
2600 0.000045398 2600 0.000006232 add_time= 0.000075204
2500 0.000122734 2500 0.000018898 add_time= 0.000157626
2750 0.000045445 2750 0.000005553 add_time= 0.000065854
2601 0.000141751 2601 0.000007035 add_time= 0.000176487
3025 0.000046243 3025 0.000006912 add_time= 0.000071189
2650 0.000132554 2650 0.000007062 add_time= 0.000169755
2600 0.000053405 2600 0.000006426 add_time= 0.000076995
2750 0.000101514 2750 0.000019208 add_time= 0.000138261
2750 0.000073145 2750 0.000006560 add_time= 0.000094109
2601 0.000080313 2601 0.000006322 add_time= 0.000113211
2601 0.000016322 2601 0.000014494 add_time= 0.000045616
2500 0.000131213 2500 0.000006321 add_time= 0.000152805
1250 0.000261691 1250 0.000007128 add_time= 0.000292481
2550 0.000452065 2550 0.000007370 add_time= 0.000477747
2805 0.000083707 2805 0.000007448 add_time= 0.000108882
2750 0.000097200 2750 0.000007199 add_time= 0.000131685
2750 0.000069516 2750 0.000005918 add_time= 0.000089948
2550 0.000071470 2550 0.000005832 add_time= 0.000103479
2600 0.000173075 2600 0.000007620 add_time= 0.000197208
2600 0.000065018 2600 0.000006985 add_time= 0.000092336
2750 0.000040637 2750 0.000007660 add_time= 0.000067654
2750 0.000069991 2750 0.000007550 add_time= 0.000113463
2500 0.000014871 2500 0.000020568 add_time= 0.000057675
2970 0.000038198 2970 0.000006804 add_time= 0.000063990
2550 0.000072813 2550 0.000006713 add_time= 0.000096403
2550 0.000442015 2550 0.000006899 add_time= 0.000466736
2500 0.000225287 2500 0.000006519 add_time= 0.000248212
2500 0.000207245 2500 0.000005521 add_time= 0.000227316
2805 0.000107682 2805 0.000007631 add_time= 0.000134049
2550 0.000129471 2550 0.000007749 add_time= 0.000154185
2754 0.000125256 2754 0.000006441 add_time= 0.000148772
1375 0.000050740 1375 0.000005758 add_time= 0.000071024
2600 0.000130483 2600 0.000006812 add_time= 0.000155647
2704 0.000104521 2704 0.000007694 add_time= 0.000141010
2750 0.000276848 2750 0.000005732 add_time= 0.000297403
1250 0.000036273 1250 0.000005861 add_time= 0.000055571
2601 0.000065645 2601 0.000005848 add_time= 0.000085901
2601 0.000005556 2601 0.000023439 add_time= 0.000053680
2550 0.000101931 2550 0.000005739 add_time= 0.000121850
2500 0.000274251 2500 0.000005882 add_time= 0.000293719
1250 0.000037711 1250 0.000014005 add_time= 0.000063446
2500 0.000509846 2500 0.000006290 add_time= 0.000531876
2805 0.000057924 2805 0.000006261 add_time= 0.000080987
2500 0.001070182 2500 0.000006978 add_time= 0.001093895
2652 0.000076757 2652 0.000006976 add_time= 0.000100273
2750 0.000293890 2750 0.000006257 add_time= 0.000317176
1300 0.000079461 1300 0.000005492 add_time= 0.000097241
2756 0.000127383 2756 0.000006771 add_time= 0.000152743
2750 0.000126099 2750 0.000007227 add_time= 0.000150377
2805 0.000077010 2805 0.000006892 add_time= 0.000102016
2750 0.000111691 2750 0.000006533 add_time= 0.000134706
2500 0.000100224 2500 0.000007234 add_time= 0.000124419
1250 0.000165799 1250 0.000006125 add_time= 0.000186029
2550 0.000047041 2550 0.000005850 add_time= 0.000067398
2600 0.000169648 2600 0.000007391 add_time= 0.000211502
1300 0.000023930 1300 0.000006107 add_time= 0.000045676
2550 0.000028589 2550 0.000006068 add_time= 0.000059197
2700 0.000068197 2700 0.000014317 add_time= 0.000100067
2652 0.000025586 2652 0.000014040 add_time= 0.000056273
2750 0.000316141 2750 0.000006297 add_time= 0.000346048
2500 0.000057892 2500 0.000006547 add_time= 0.000079583
2500 0.000253981 2500 0.000007359 add_time= 0.000279874
2650 0.000099732 2650 0.000005705 add_time= 0.000120827
2550 0.000072017 2550 0.000006446 add_time= 0.000095066
2550 0.000007031 2550 0.000014467 add_time= 0.000045381
2601 0.000057774 2601 0.000006377 add_time= 0.000080754
1250 0.000140639 1250 0.000005872 add_time= 0.000160796
2650 0.000139484 2650 0.000006033 add_time= 0.000166322
2600 0.000064046 2600 0.000006239 add_time= 0.000084078
2805 0.000113229 2805 0.000006710 add_time= 0.000138146
2750 0.000007009 2750 0.000030402 add_time= 0.000053993
2970 0.000028564 2970 0.000006753 add_time= 0.000052681
2500 0.000030517 2500 0.000009079 add_time= 0.000087448
2704 0.000036016 2704 0.000007524 add_time= 0.000080679
2750 0.000027753 2750 0.000008336 add_time= 0.000063983
2601 0.000025749 2601 0.000007867 add_time= 0.000059835
2700 0.000045622 2700 0.000007857 add_time= 0.000078778
1250 0.000052836 1250 0.000007923 add_time= 0.000093521
2650 0.000162159 2650 0.000016058 add_time= 0.000196412
2500 0.000027976 2500 0.000006133 add_time= 0.000049205
2750 0.000115321 2750 0.000006656 add_time= 0.000137953
2550 0.000006867 2550 0.000032433 add_time= 0.000053335
2500 0.000040756 2500 0.000007127 add_time= 0.000064717
2500 0.000028308 2500 0.000006197 add_time= 0.000048751
2750 0.000205114 2750 0.000006740 add_time= 0.000229922
2500 0.000153088 2500 0.000006089 add_time= 0.000173993
2750 0.000084748 2750 0.000006540 add_time= 0.000107357
2652 0.000017124 2652 0.000022489 add_time= 0.000056242
2650 0.000044652 2650 0.000006643 add_time= 0.000067216
2750 0.000057506 2750 0.000006084 add_time= 0.000077361
2500 0.000247113 2500 0.000006565 add_time= 0.000269248
2650 0.000030728 2650 0.000005778 add_time= 0.000058920
2970 0.000042851 2970 0.000013914 add_time= 0.000072927
2805 0.000097007 2805 0.000006833 add_time= 0.000119575
2601 0.000034428 2601 0.000013006 add_time= 0.000061800
2970 0.000055750 2970 0.000007428 add_time= 0.000080272
1375 0.000102840 1375 0.000006155 add_time= 0.000122635
2650 0.000141303 2650 0.000007067 add_time= 0.000165038
2750 0.000068711 2750 0.000006687 add_time= 0.000091999
2700 0.000118256 2700 0.000007569 add_time= 0.000152088
2601 0.000119633 2601 0.000007086 add_time= 0.000144119
2550 0.000058954 2550 0.000008112 add_time= 0.000095257
2550 0.000094197 2550 0.000007051 add_time= 0.000128248
2600 0.000239065 2600 0.000008729 add_time= 0.000267711
2750 0.000118360 2750 0.000006309 add_time= 0.000150817
2700 0.000777018 2700 0.000007058 add_time= 0.000800952
2550 0.000015007 2550 0.000030792 add_time= 0.000071132
2550 0.000118208 2550 0.000006802 add_time= 0.000141818
2750 0.000056454 2750 0.000006503 add_time= 0.000088206
1250 0.000208476 1250 0.000006392 add_time= 0.000230207
2860 0.000084457 2860 0.000006936 add_time= 0.000109116
2750 0.000043420 2750 0.000006109 add_time= 0.000064760
2805 0.000089021 2805 0.000005948 add_time= 0.000109516
2500 0.000014548 2500 0.000024051 add_time= 0.000063286
2601 0.000067913 2601 0.000005666 add_time= 0.000087833
2805 0.000054383 2805 0.000006379 add_time= 0.000075916
2500 0.000497407 2500 0.000006403 add_time= 0.000518917
2500 0.000167860 2500 0.000006396 add_time= 0.000191430
2650 0.000175620 2650 0.000005769 add_time= 0.000196178
2500 0.000005905 2500 0.000012296 add_time= 0.000032270
1275 0.000066501 1275 0.000006197 add_time= 0.000086085
2750 0.000076570 2750 0.000017051 add_time= 0.000109350
1250 0.000718747 1250 0.000006026 add_time= 0.000738738
2860 0.000066374 2860 0.000005865 add_time= 0.000087395
2500 0.000096440 2500 0.000006222 add_time= 0.000133475
1275 0.000005564 1275 0.000022812 add_time= 0.000040283
2500 0.000168999 2500 0.000006315 add_time= 0.000194920
2600 0.000059102 2600 0.000006477 add_time= 0.000081231
2600 0.000070589 2600 0.000006342 add_time= 0.000094085
2860 0.000043313 2860 0.000006759 add_time= 0.000067904
2805 0.000050009 2805 0.000006491 add_time= 0.000072403
2550 0.000201190 2550 0.000007243 add_time= 0.000235786
2970 0.000060488 2970 0.000014751 add_time= 0.000092740
2750 0.000162410 2750 0.000005691 add_time= 0.000182812
2703 0.000085738 2703 0.000007679 add_time= 0.000122290
2550 0.000078863 2550 0.000006940 add_time= 0.000120462
2750 0.000319135 2750 0.000007140 add_time= 0.000352610
2550 0.000015875 2550 0.000013437 add_time= 0.000045510
2750 0.000241443 2750 0.000006522 add_time= 0.000263516
2600 0.000062463 2600 0.000010700 add_time= 0.000090231
2500 0.000188689 2500 0.000006649 add_time= 0.000212985
1300 0.000033042 1300 0.000005274 add_time= 0.000064551
2860 0.000134383 2860 0.000007271 add_time= 0.000168177
2652 0.000073795 2652 0.000005863 add_time= 0.000094838
2703 0.000005410 2703 0.000013250 add_time= 0.000033538
2550 0.000098376 2550 0.000005499 add_time= 0.000127212
2750 0.000038665 2750 0.000006821 add_time= 0.000062221
2650 0.000294849 2650 0.000008037 add_time= 0.000322611
2652 0.000045746 2652 0.000007451 add_time= 0.000079871
2750 0.000205064 2750 0.000007038 add_time= 0.000229026
2550 0.000104912 2550 0.000007163 add_time= 0.000134316
2550 0.000014352 2550 0.000025926 add_time= 0.000054330
2750 0.000054916 2750 0.000009562 add_time= 0.000078522
2600 0.000138969 2600 0.000008384 add_time= 0.000188088
2750 0.000104175 2750 0.000012380 add_time= 0.000154506
2550 0.000064718 2550 0.000009107 add_time= 0.000100200
2750 0.000085390 2750 0.000009103 add_time= 0.000124067
2500 0.000396730 2500 0.000007644 add_time= 0.000429058
2500 0.000198736 2500 0.000007322 add_time= 0.000228697
2500 0.000085265 2500 0.000006217 add_time= 0.000107024
2600 0.000083493 2600 0.000007279 add_time= 0.000116192
2750 0.000007714 2750 0.000026897 add_time= 0.000050304
2700 0.000062564 2700 0.000007797 add_time= 0.000088689
2750 0.000097608 2750 0.000006386 add_time= 0.000118519
2600 0.000147991 2600 0.000006944 add_time= 0.000170187
2860 0.000101358 2860 0.000007115 add_time= 0.000134736
2750 0.000065748 2750 0.000006423 add_time= 0.000085778
2550 0.000094906 2550 0.000018689 add_time= 0.000146507
2550 0.000027285 2550 0.000015885 add_time= 0.000057932
2750 0.000152530 2750 0.000007100 add_time= 0.000175532
2500 0.000187932 2500 0.000018517 add_time= 0.000221734
2860 0.000150889 2860 0.000006665 add_time= 0.000171417
1250 0.000055934 1250 0.000005833 add_time= 0.000072759
3025 0.000078350 3025 0.000007630 add_time= 0.000101819
2550 0.000061147 2550 0.000006733 add_time= 0.000083053
2650 0.000151001 2650 0.000010184 add_time= 0.000176566
2650 0.000142921 2650 0.000007055 add_time= 0.000165130
2860 0.000091451 2860 0.000006733 add_time= 0.000112400
2915 0.000053059 2915 0.000005729 add_time= 0.000078713
2550 0.000035831 2550 0.000006950 add_time= 0.000057526
2600 0.000134391 2600 0.000006726 add_time= 0.000156590
2750 0.000195708 2750 0.000007196 add_time= 0.000218504
2862 0.000440921 2862 0.000007340 add_time= 0.000463750
2600 0.000047441 2600 0.000008895 add_time= 0.000070295
2500 0.000128736 2500 0.000006211 add_time= 0.000148420
2700 0.000026938 2700 0.000023719 add_time= 0.000066237
2754 0.000072003 2754 0.000016162 add_time= 0.000103408
2805 0.000087517 2805 0.000009268 add_time= 0.000121273
2600 0.000714367 2600 0.000008907 add_time= 0.000747536
1300 0.000040792 1300 0.000006314 add_time= 0.000062180
3025 0.000142031 3025 0.000006899 add_time= 0.000167167
2550 0.000095867 2550 0.000006392 add_time= 0.000116455
2652 0.000068936 2652 0.000006971 add_time= 0.000092906
2500 0.000253190 2500 0.000007755 add_time= 0.000277020
2650 0.000397171 2650 0.000007353 add_time= 0.000422224
2808 0.000113752 2808 0.000007064 add_time= 0.000136555
2915 0.000189149 2915 0.000048511 add_time= 0.000252883
2750 0.000051886 2750 0.000007136 add_time= 0.000075439
2805 0.000008388 2805 0.000026411 add_time= 0.000052034
2700 0.000070500 2700 0.000006809 add_time= 0.000092496
3025 0.000590249 3025 0.000006033 add_time= 0.000612411
2650 0.000505372 2650 0.000025969 add_time= 0.000547821
2805 0.000050206 2805 0.000006364 add_time= 0.000072044
2750 0.000210336 2750 0.000008037 add_time= 0.000235101
2550 0.000007974 2550 0.000024197 add_time= 0.000048309
1350 0.000246334 1350 0.000006149 add_time= 0.000265835
1250 0.000083086 1250 0.000043530 add_time= 0.000140342
2650 0.000337307 2650 0.000010137 add_time= 0.000373422
2750 0.000103776 2750 0.000006885 add_time= 0.000151309
2500 0.000077592 2500 0.000006502 add_time= 0.000102026
2500 0.000010093 2500 0.000022843 add_time= 0.000058617
2750 0.000301317 2750 0.000006701 add_time= 0.000325259
2915 0.000343833 2915 0.000006613 add_time= 0.000369280
2600 0.000058712 2600 0.000007159 add_time= 0.000081960
2500 0.000090150 2500 0.000006058 add_time= 0.000119009
2550 0.000082688 2550 0.000006085 add_time= 0.000102708
2500 0.000006715 2500 0.000014677 add_time= 0.000037628
2700 0.000178720 2700 0.000010437 add_time= 0.000206955
1275 0.005500618 1275 0.000006554 add_time= 0.005521955
2600 0.000198236 2600 0.000006359 add_time= 0.000232887
2600 0.000137464 2600 0.000006026 add_time= 0.000158633
2652 0.000039496 2652 0.000012315 add_time= 0.000068130
2600 0.000181211 2600 0.000007059 add_time= 0.000204859
2500 0.000089338 2500 0.000006024 add_time= 0.000109844
2650 0.000069746 2650 0.000006450 add_time= 0.000093498
1300 0.000038870 1300 0.000008472 add_time= 0.000059836
2860 0.000091195 2860 0.000006156 add_time= 0.000121192
2915 0.000164724 2915 0.000006376 add_time= 0.000196493
2750 0.000168184 2750 0.000005521 add_time= 0.000187680
2601 0.000086393 2601 0.000006780 add_time= 0.000110035
1350 0.000087738 1350 0.000006096 add_time= 0.000106185
1250 0.000096395 1250 0.000005120 add_time= 0.000114349
2600 0.000031868 2600 0.000006788 add_time= 0.000057130
2756 0.000050603 2756 0.000010084 add_time= 0.000077331
2500 0.000043061 2500 0.000006270 add_time= 0.000064370
2750 0.000104242 2750 0.000006719 add_time= 0.000126938
2550 0.000007141 2550 0.000023133 add_time= 0.000046440
2700 0.000084040 2700 0.000006487 add_time= 0.000113720
2650 0.000036599 2650 0.000008290 add_time= 0.000107779
2600 0.000026896 2600 0.000008426 add_time= 0.000091377
2500 0.000032258 2500 0.000007702 add_time= 0.000065710
2601 0.000057738 2601 0.000007558 add_time= 0.000109561
2805 0.000049659 2805 0.000026931 add_time= 0.000102659
2500 0.000033561 2500 0.000007234 add_time= 0.000066020
1250 0.000030988 1250 0.000007640 add_time= 0.000073872
2650 0.000051370 2650 0.000006186 add_time= 0.000073974
2652 0.000040585 2652 0.000006937 add_time= 0.000071730
2500 0.000080888 2500 0.000006516 add_time= 0.000102882
2500 0.000053235 2500 0.000005530 add_time= 0.000076859
2550 0.000007666 2550 0.000021656 add_time= 0.000051142
2600 0.000046628 2600 0.000006396 add_time= 0.000067341
2970 0.000128468 2970 0.000007117 add_time= 0.000152779
2500 0.000211964 2500 0.000007229 add_time= 0.000236079
1300 0.000076750 1300 0.000005410 add_time= 0.000095178
2860 0.000023999 2860 0.000005724 add_time= 0.000044945
2750 0.000354595 2750 0.000011740 add_time= 0.000382504
2805 0.000014961 2805 0.000015040 add_time= 0.000044331
2550 0.000074902 2550 0.000009444 add_time= 0.000098954
2550 0.000146794 2550 0.000005934 add_time= 0.000165853
2750 0.000098142 2750 0.000006134 add_time= 0.000118913
2915 0.000160875 2915 0.000008448 add_time= 0.000188527
2750 0.000100376 2750 0.000006898 add_time= 0.000124181
3025 0.000037301 3025 0.000006509 add_time= 0.000066536
1375 0.000084707 1375 0.000005768 add_time= 0.000104858
2700 0.000029227 2700 0.000037499 add_time= 0.000082178
2862 0.000052219 2862 0.000006854 add_time= 0.000077532
2750 0.000055419 2750 0.000006170 add_time= 0.000076143
2500 0.000246650 2500 0.000006658 add_time= 0.000271008
3025 0.000027356 3025 0.000008068 add_time= 0.000061355
3025 0.000038509 3025 0.000007524 add_time= 0.000061612
2550 0.000054091 2550 0.000007036 add_time= 0.000077461
2550 0.000017363 2550 0.000014553 add_time= 0.000046545
1250 0.000052929 1250 0.000006873 add_time= 0.000074239
2500 0.000062600 2500 0.000006957 add_time= 0.000085644
2550 0.000356388 2550 0.000006306 add_time= 0.000380256
2500 0.000061276 2500 0.000006249 add_time= 0.000083284
2500 0.000170496 2500 0.000007433 add_time= 0.000193711
2550 0.000017987 2550 0.000014087 add_time= 0.000048408
2916 0.000050788 2916 0.000007141 add_time= 0.000086368
1250 0.000029677 1250 0.000006036 add_time= 0.000049748
2915 0.000315624 2915 0.000007198 add_time= 0.000340902
2650 0.000028599 2650 0.000006150 add_time= 0.000049664
2500 0.000081225 2500 0.000006621 add_time= 0.000103646
2652 0.000104544 2652 0.000005855 add_time= 0.000124632
2601 0.000091571 2601 0.000005830 add_time= 0.000111987
2750 0.000045193 2750 0.000006492 add_time= 0.000066654
2650 0.000505464 2650 0.000009684 add_time= 0.000537329
2750 0.000072545 2750 0.000005800 add_time= 0.000104642
1375 0.000034986 1375 0.000013887 add_time= 0.000071423
2750 0.000045309 2750 0.000008086 add_time= 0.000082298
2550 0.000056027 2550 0.000010782 add_time= 0.000084506
2500 0.000202814 2500 0.000006838 add_time= 0.000224742
1250 0.000051358 1250 0.000005544 add_time= 0.000068765
2650 0.000431979 2650 0.000006701 add_time= 0.000456733
1300 0.000029730 1300 0.000005488 add_time= 0.000047699
2970 0.000043970 2970 0.000006154 add_time= 0.000066630
2500 0.000044990 2500 0.000005704 add_time= 0.000064535
2805 0.000196519 2805 0.000006849 add_time= 0.000218389
2550 0.000006422 2550 0.000013890 add_time= 0.000033991
2700 0.000082864 2700 0.000005775 add_time= 0.000103124
2750 0.000180033 2750 0.000006847 add_time= 0.000204964
2600 0.000060430 2600 0.000005847 add_time= 0.000081257
2550 0.000037972 2550 0.000006726 add_time= 0.000060577
2601 0.000218805 2601 0.000006790 add_time= 0.000241838
2550 0.000055154 2550 0.000014799 add_time= 0.000085956
2750 0.000104273 2750 0.000009872 add_time= 0.000134150
2600 0.000261441 2600 0.000011828 add_time= 0.000290781
2750 0.000037262 2750 0.000018918 add_time= 0.000081362
2750 0.000070685 2750 0.000007079 add_time= 0.000094210
2500 0.000009922 2500 0.000021940 add_time= 0.000047458
2500 0.000098770 2500 0.000006527 add_time= 0.000129871
2600 0.000141185 2600 0.000006273 add_time= 0.000165284
2600 0.000029520 2600 0.000006859 add_time= 0.000068490
2915 0.000070228 2915 0.000005873 add_time= 0.000100203
2600 0.000062170 2600 0.000014780 add_time= 0.000097834
2550 0.000007535 2550 0.000023485 add_time= 0.000047913
2750 0.000193665 2750 0.000007028 add_time= 0.000217209
2750 0.000179870 2750 0.000006615 add_time= 0.000223849
2750 0.000173789 2750 0.000006889 add_time= 0.000197871
2860 0.000109248 2860 0.000010074 add_time= 0.000145237
2500 0.000015615 2500 0.000013189 add_time= 0.000044350
2808 0.000419361 2808 0.000006467 add_time= 0.000441653
2650 0.000233687 2650 0.000007239 add_time= 0.000259529
2600 0.000111366 2600 0.000007483 add_time= 0.000135807
2750 0.000229314 2750 0.000008044 add_time= 0.000254966
2500 0.000125738 2500 0.000007018 add_time= 0.000147485
2550 0.000075060 2550 0.000015250 add_time= 0.000117821
3025 0.000032035 3025 0.000006517 add_time= 0.000054475
1250 0.000089193 1250 0.000005020 add_time= 0.000106744
2500 0.000195773 2500 0.000006179 add_time= 0.000217754
2860 0.000040261 2860 0.000006875 add_time= 0.000063535
2700 0.000113506 2700 0.000007186 add_time= 0.000147936
2805 0.000153652 2805 0.000006632 add_time= 0.000176841
2805 0.000006008 2805 0.000025949 add_time= 0.000046372
2500 0.000078147 2500 0.000007733 add_time= 0.000101962
2915 0.000034465 2915 0.000009584 add_time= 0.000087431
2550 0.000028307 2550 0.000008052 add_time= 0.000064165
2750 0.000072478 2750 0.000027494 add_time= 0.000126621
2805 0.000028269 2805 0.000008116 add_time= 0.000067736
2970 0.000031192 2970 0.000007569 add_time= 0.000071116
1275 0.000021868 1275 0.000007596 add_time= 0.000053841
2650 0.000267088 2650 0.000007276 add_time= 0.000298541
2704 0.000120837 2704 0.000006208 add_time= 0.000143037
1375 0.000035496 1375 0.000006562 add_time= 0.000056424
2601 0.000077463 2601 0.000005928 add_time= 0.000098447
2601 0.000058936 2601 0.000006789 add_time= 0.000082151
2805 0.000067645 2805 0.000005714 add_time= 0.000089298
2500 0.000312844 2500 0.000007001 add_time= 0.000336492
2860 0.000269870 2860 0.000022332 add_time= 0.000307604
2750 0.000064064 2750 0.000006635 add_time= 0.000094789
2500 0.000055411 2500 0.000006614 add_time= 0.000085515
2550 0.000148728 2550 0.000018935 add_time= 0.000183674
2703 0.000241174 2703 0.000006458 add_time= 0.000263734
2600 0.000050548 2600 0.000005763 add_time= 0.000070294
2550 0.000085589 2550 0.000005968 add_time= 0.000105337
2805 0.000095070 2805 0.000006806 add_time= 0.000118658
2550 0.000058240 2550 0.000006414 add_time= 0.000079691
2970 0.000112015 2970 0.000007401 add_time= 0.000144819
2756 0.000070532 2756 0.000006746 add_time= 0.000094527
2500 0.000137366 2500 0.000006972 add_time= 0.000159857
2650 0.000053894 2650 0.000006769 add_time= 0.000076471
2703 0.000059973 2703 0.000006480 add_time= 0.000086390
2805 0.000050698 2805 0.000006909 add_time= 0.000074220
2805 0.000032466 2805 0.000006914 add_time= 0.000055952
2500 0.000174293 2500 0.000006348 add_time= 0.000196194
2808 0.000065897 2808 0.000005961 add_time= 0.000086557
2750 0.000146280 2750 0.000007492 add_time= 0.000170045
2750 0.000089578 2750 0.000012151 add_time= 0.000117175
2805 0.000047937 2805 0.000006758 add_time= 0.000070753
2750 0.000073214 2750 0.000007069 add_time= 0.000108156
2500 0.000246092 2500 0.000007147 add_time= 0.000268456
2860 0.000138037 2860 0.000006274 add_time= 0.000158751
2500 0.000119570 2500 0.000005587 add_time= 0.000137878
2500 0.000083368 2500 0.000013458 add_time= 0.000111761
2550 0.000049730 2550 0.000007411 add_time= 0.000073184
2750 0.000114457 2750 0.000006558 add_time= 0.000136746
2500 0.000185469 2500 0.000006483 add_time= 0.000208824
2750 0.000200438 2750 0.000006754 add_time= 0.000223123
2500 0.000030129 2500 0.000006692 add_time= 0.000055238
2550 0.000015538 2550 0.000013422 add_time= 0.000043209
2750 0.000059509 2750 0.000006504 add_time= 0.000089558
1325 0.000447377 1325 0.000007588 add_time= 0.000474583
2750 0.000462303 2750 0.000008055 add_time= 0.000490069
2500 0.000438144 2500 0.000010348 add_time= 0.000465136
2550 0.000007774 2550 0.000013946 add_time= 0.000039230
2550 0.000085610 2550 0.000012671 add_time= 0.000114507
2750 0.000036620 2750 0.000007071 add_time= 0.000061078
2650 0.000401374 2650 0.000010082 add_time= 0.000429379
2600 0.000047689 2600 0.000006713 add_time= 0.000070448
2500 0.000087503 2500 0.000005990 add_time= 0.000115555
2652 0.000159420 2652 0.000007147 add_time= 0.000182793
2750 0.000065955 2750 0.000006125 add_time= 0.000087384
1375 0.000030438 1375 0.000006072 add_time= 0.000051088
2600 0.000291492 2600 0.000007356 add_time= 0.000319629
2500 0.000089893 2500 0.000007551 add_time= 0.000120753
2500 0.000233874 2500 0.000007516 add_time= 0.000266314
2805 0.000089499 2805 0.000010118 add_time= 0.000124598
2600 0.000077554 2600 0.000005887 add_time= 0.000101652
2500 0.000098636 2500 0.000008922 add_time= 0.000124010
2650 0.000097577 2650 0.000007057 add_time= 0.000124105
2704 0.000046404 2704 0.000006500 add_time= 0.000067820
3025 0.000093283 3025 0.000010648 add_time= 0.000121820
2500 0.000223223 2500 0.000006484 add_time= 0.000245724
2500 0.000032444 2500 0.000017681 add_time= 0.000078419
2750 0.000054368 2750 0.000006835 add_time= 0.000078763
2650 0.000250403 2650 0.000006468 add_time= 0.000274712
2500 0.000065713 2500 0.000006542 add_time= 0.000087653
2750 0.000080322 2750 0.000005824 add_time= 0.000110447
2750 0.000051491 2750 0.000006133 add_time= 0.000071976
2652 0.000005961 2652 0.000023243 add_time= 0.000052317
2550 0.000149433 2550 0.000006608 add_time= 0.000171971
2750 0.000179637 2750 0.000012622 add_time= 0.000224335
2600 0.000031379 2600 0.000005852 add_time= 0.000064874
2700 0.000137322 2700 0.000019028 add_time= 0.000182789
2750 0.000086389 2750 0.000005801 add_time= 0.000107482
2805 0.000025804 2805 0.000014583 add_time= 0.000057303
2600 0.000079612 2600 0.000006184 add_time= 0.000100716
2750 0.000062974 2750 0.000006698 add_time= 0.000086150
2756 0.000087564 2756 0.000007160 add_time= 0.000112445
2500 0.000165923 2500 0.000006619 add_time= 0.000188936
2650 0.000069851 2650 0.000006995 add_time= 0.000103954
2550 0.000006786 2550 0.000013072 add_time= 0.000036004
2500 0.000032806 2500 0.000006486 add_time= 0.000055343
2862 0.000139303 2862 0.000006663 add_time= 0.000167292
2500 0.000135338 2500 0.000005784 add_time= 0.000175416
2550 0.000128523 2550 0.000014940 add_time= 0.000159086
2652 0.000007137 2652 0.000023489 add_time= 0.000047013
2970 0.000039846 2970 0.000006759 add_time= 0.000064168
2750 0.000058141 2750 0.000006814 add_time= 0.000080700
1250 0.000106041 1250 0.000007514 add_time= 0.000129000
2500 0.000007034 2500 0.000009032 add_time= 0.000067337
1300 0.000037971 1300 0.000006332 add_time= 0.000073445
2750 0.000024841 2750 0.000007553 add_time= 0.000058142
3025 0.000052372 3025 0.000008313 add_time= 0.000092548
2550 0.000029689 2550 0.000014458 add_time= 0.000072313
2750 0.000037627 2750 0.000007715 add_time= 0.000072970
2500 0.000562141 2500 0.000007182 add_time= 0.000589384
2704 0.000171431 2704 0.000006179 add_time= 0.000193944
2805 0.000104371 2805 0.000010366 add_time= 0.000132774
2550 0.000082339 2550 0.000005607 add_time= 0.000108942
2805 0.000007854 2805 0.000024023 add_time= 0.000048972
2750 0.000084403 2750 0.000019011 add_time= 0.000138362
2652 0.000176764 2652 0.000026518 add_time= 0.000219770
2750 0.000103915 2750 0.000005765 add_time= 0.000124356
2750 0.000042119 2750 0.000005424 add_time= 0.000060522
2650 0.000015940 2650 0.000070411 add_time= 0.000101407
2500 0.000046568 2500 0.000006768 add_time= 0.000068954
2750 0.000052229 2750 0.000006811 add_time= 0.000074736
1250 0.000111541 1250 0.000006359 add_time= 0.000140926
2500 0.000228790 2500 0.000008047 add_time= 0.000273274
2550 0.000205678 2550 0.000006031 add_time= 0.000228076
2750 0.000055928 2750 0.000006875 add_time= 0.000080878
2805 0.000106018 2805 0.000006637 add_time= 0.000128300
1275 0.000013197 1275 0.000011062 add_time= 0.000038037
2970 0.000060393 2970 0.000015249 add_time= 0.000093107
2650 0.000443364 2650 0.000007355 add_time= 0.000469860
2860 0.000100755 2860 0.000018357 add_time= 0.000136357
2750 0.000196666 2750 0.000007525 add_time= 0.000229311
2550 0.000007074 2550 0.000014986 add_time= 0.000037746
2970 0.000087844 2970 0.000006839 add_time= 0.000110912
2500 0.000106834 2500 0.000006585 add_time= 0.000129375
2756 0.000146683 2756 0.000007730 add_time= 0.000178649
2600 0.000068929 2600 0.000006214 add_time= 0.000091796
2500 0.000046721 2500 0.000005464 add_time= 0.000073205
2600 0.000017535 2600 0.000014978 add_time= 0.000047523
2700 0.000039792 2700 0.000006349 add_time= 0.000061074
2550 0.000053682 2550 0.000006949 add_time= 0.000076354
2500 0.000333468 2500 0.000006708 add_time= 0.000358052
2860 0.000140084 2860 0.000015056 add_time= 0.000171488
2860 0.000141231 2860 0.000006202 add_time= 0.000162945
2500 0.000088745 2500 0.000005698 add_time= 0.000109703
2703 0.000028294 2703 0.000015548 add_time= 0.000059108
2700 0.000089982 2700 0.000005845 add_time= 0.000110990
1250 0.000069309 1250 0.000005875 add_time= 0.000088946
2600 0.000146885 2600 0.000006965 add_time= 0.000172106
2805 0.000161942 2805 0.000006880 add_time= 0.000194152
2500 0.000091613 2500 0.000005980 add_time= 0.000121512
2601 0.000015624 2601 0.000018687 add_time= 0.000059905
2500 0.000047330 2500 0.000006155 add_time= 0.000067810
2500 0.000208765 2500 0.000006654 add_time= 0.000234292
2750 0.000078895 2750 0.000007160 add_time= 0.000111405
2860 0.000070863 2860 0.000006476 add_time= 0.000101586
2550 0.000127575 2550 0.000005818 add_time= 0.000148465
2862 0.000113617 2862 0.000015313 add_time= 0.000144756
2500 0.000127235 2500 0.000006202 add_time= 0.000148403
2650 0.000324030 2650 0.000008372 add_time= 0.000363424
2860 0.000042796 2860 0.000006323 add_time= 0.000066747
2500 0.000083403 2500 0.000006174 add_time= 0.000105172
2500 0.000014242 2500 0.000026116 add_time= 0.000068366
3025 0.000064017 3025 0.000007494 add_time= 0.000106337
1250 0.000121395 1250 0.000005727 add_time= 0.000141367
2915 0.000138175 2915 0.000007002 add_time= 0.000162764
2600 0.000040882 2600 0.000005426 add_time= 0.000061097
2500 0.000058219 2500 0.000006387 add_time= 0.000080445
3025 0.000087189 3025 0.000007122 add_time= 0.000111462
2805 0.000047140 2805 0.000006525 add_time= 0.000069023
2550 0.000145137 2550 0.000007057 add_time= 0.000168434
2500 0.000113195 2500 0.000009065 add_time= 0.000138400
2652 0.000092178 2652 0.000012598 add_time= 0.000119540
3025 0.000030857 3025 0.000005929 add_time= 0.000056674
3025 0.000105244 3025 0.000005858 add_time= 0.000125656
2805 0.000043111 2805 0.000007106 add_time= 0.000066636
2805 0.000006791 2805 0.000040967 add_time= 0.000062888
2500 0.000092071 2500 0.000012790 add_time= 0.000121334
2650 0.000073220 2650 0.000009817 add_time= 0.000098933
2600 0.000091061 2600 0.000005689 add_time= 0.000110706
2750 0.000099252 2750 0.000005989 add_time= 0.000119460
2650 0.000033198 2650 0.000005311 add_time= 0.000051615
2500 0.000006702 2500 0.000021344 add_time= 0.000051621
2500 0.000121416 2500 0.000006583 add_time= 0.000144164
2500 0.000052912 2500 0.000006430 add_time= 0.000075630
2600 0.000274637 2600 0.000006289 add_time= 0.000297369
2600 0.000072484 2600 0.000019601 add_time= 0.000117918
2750 0.000074238 2750 0.000007618 add_time= 0.000097394
1375 0.000092471 1375 0.000006356 add_time= 0.000113398
2808 0.000125712 2808 0.000007063 add_time= 0.000158110
1250 0.000033095 1250 0.000006184 add_time= 0.000052971
2650 0.000422137 2650 0.000008133 add_time= 0.000460550
2700 0.000203456 2700 0.000007955 add_time= 0.000229346
2500 0.000277685 2500 0.000006427 add_time= 0.000307179
2550 0.000016334 2550 0.000013485 add_time= 0.000052175
2550 0.000057922 2550 0.000007179 add_time= 0.000082015
2750 0.000108052 2750 0.000007320 add_time= 0.000162031
2600 0.000217703 2600 0.000007420 add_time= 0.000243588
2550 0.000067430 2550 0.000027694 add_time= 0.000111177
2805 0.000094085 2805 0.000007776 add_time= 0.000147364
2750 0.000218250 2750 0.000007082 add_time= 0.000242656
2500 0.000046943 2500 0.000006498 add_time= 0.000069896
2500 0.000036985 2500 0.000007347 add_time= 0.000065754
2600 0.000063544 2600 0.000007012 add_time= 0.000093139
2500 0.000072424 2500 0.000005958 add_time= 0.000090884
2805 0.000076275 2805 0.000012489 add_time= 0.000102535
2500 0.000124991 2500 0.000006723 add_time= 0.000146279
2500 0.000056317 2500 0.000005467 add_time= 0.000075733
1250 0.000549943 1250 0.000005769 add_time= 0.000571816
2500 0.000025857 2500 0.000008988 add_time= 0.000100936
2600 0.000042789 2600 0.000006713 add_time= 0.000076115
2500 0.000132983 2500 0.000018462 add_time= 0.000174737
2500 0.000005866 2500 0.000007760 add_time= 0.000044295
2500 0.000073942 2500 0.000023914 add_time= 0.000123014
1250 0.000109678 1250 0.000007509 add_time= 0.000141943
2550 0.000006442 2550 0.000009038 add_time= 0.000039923
2500 0.000237117 2500 0.000006412 add_time= 0.000260442
2805 0.000039571 2805 0.000006624 add_time= 0.000063475
2550 0.000096228 2550 0.000006852 add_time= 0.000118980
2805 0.000007696 2805 0.000023265 add_time= 0.000047011
2970 0.000047587 2970 0.000026964 add_time= 0.000091573
1350 0.000212684 1350 0.000006398 add_time= 0.000233615
2703 0.000100291 2703 0.000007731 add_time= 0.000125762
2500 0.000073807 2500 0.000007405 add_time= 0.000096875
2650 0.000328639 2650 0.000006193 add_time= 0.000347847
2860 0.000069545 2860 0.000006926 add_time= 0.000092149
2500 0.000017658 2500 0.000014605 add_time= 0.000047330
2700 0.000129272 2700 0.000007193 add_time= 0.000152627
1375 0.000070269 1375 0.000006788 add_time= 0.000090491
2700 0.000286899 2700 0.000007257 add_time= 0.000311801
2550 0.000298895 2550 0.000008072 add_time= 0.000322142
2750 0.000109868 2750 0.000006415 add_time= 0.000139485
2601 0.000061629 2601 0.000010799 add_time= 0.000091931
2970 0.000158295 2970 0.000005812 add_time= 0.000179255
2750 0.000067351 2750 0.000006459 add_time= 0.000087547
2750 0.000381968 2750 0.000007696 add_time= 0.000407161
2500 0.000353595 2500 0.000006725 add_time= 0.000375490
2750 0.000088888 2750 0.000008060 add_time= 0.000126243
2550 0.000059782 2550 0.000007555 add_time= 0.000083504
2600 0.000091834 2600 0.000007363 add_time= 0.000113502
2650 0.000488782 2650 0.000007485 add_time= 0.000519315
2500 0.000129447 2500 0.000007024 add_time= 0.000151798
2805 0.000057233 2805 0.000015620 add_time= 0.000100018
2550 0.000015134 2550 0.000014760 add_time= 0.000047904
2700 0.000085068 2700 0.000006760 add_time= 0.000104819
2915 0.000162568 2915 0.000006201 add_time= 0.000193279
2500 0.000507232 2500 0.000007021 add_time= 0.000530083
2500 0.000149814 2500 0.000007607 add_time= 0.000172229
2500 0.000076162 2500 0.000006500 add_time= 0.000096097
2550 0.000017913 2550 0.000015352 add_time= 0.000048878
2500 0.000084543 2500 0.000006952 add_time= 0.000104845
2750 0.000089014 2750 0.000007986 add_time= 0.000112193
2500 0.000312666 2500 0.000007210 add_time= 0.000335628
2970 0.000089939 2970 0.000007608 add_time= 0.000116203
2750 0.000109027 2750 0.000007395 add_time= 0.000137754
2601 0.000065827 2601 0.000005826 add_time= 0.000086536
1300 0.000114618 1300 0.000006963 add_time= 0.000133574
2500 0.000201049 2500 0.000007394 add_time= 0.000224604
2500 0.000140148 2500 0.000007039 add_time= 0.000161572
1250 0.000128456 1250 0.000006003 add_time= 0.000145617
2860 0.000029265 2860 0.000005719 add_time= 0.000055089
2754 0.000015578 2754 0.000015398 add_time= 0.000044172
3025 0.000050032 3025 0.000006335 add_time= 0.000070020
2650 0.000101487 2650 0.000006797 add_time= 0.000124608
2860 0.000088162 2860 0.000013936 add_time= 0.000116107
2700 0.000099350 2700 0.000006068 add_time= 0.000129445
2550 0.000054285 2550 0.000014446 add_time= 0.000082592
2601 0.000015444 2601 0.000015067 add_time= 0.000043686
2600 0.000099941 2600 0.000005847 add_time= 0.000119057
2809 0.000613701 2809 0.000009089 add_time= 0.000654142
2860 0.000029051 2860 0.000006914 add_time= 0.000064273
2750 0.000048467 2750 0.000006838 add_time= 0.000087695
2750 0.000028903 2750 0.000022846 add_time= 0.000069577
2754 0.000078117 2754 0.000006515 add_time= 0.000100508
1250 0.000078924 1250 0.000006605 add_time= 0.000111000
2915 0.000409795 2915 0.000007293 add_time= 0.000434050
2750 0.000074336 2750 0.000006189 add_time= 0.000095305
2550 0.000031760 2550 0.000006683 add_time= 0.000054115
2500 0.000007165 2500 0.000012977 add_time= 0.000036302
2808 0.000353780 2808 0.000006711 add_time= 0.000377081
2500 0.000101585 2500 0.000012341 add_time= 0.000129847
2703 0.000480907 2703 0.000007308 add_time= 0.000515787
2750 0.000105230 2750 0.000015971 add_time= 0.000138127
2750 0.000132677 2750 0.000006762 add_time= 0.000168277
2750 0.000159411 2750 0.000007220 add_time= 0.000183283
1375 0.000112931 1375 0.000007079 add_time= 0.000146868
2862 0.000489646 2862 0.000006622 add_time= 0.000514634
2750 0.000070694 2750 0.000007261 add_time= 0.000095600
2600 0.000175897 2600 0.000007837 add_time= 0.000200741
2601 0.000147584 2601 0.000007361 add_time= 0.000172530
2500 0.000113880 2500 0.000007067 add_time= 0.000136224
2600 0.000114325 2600 0.000006050 add_time= 0.000135161
2500 0.000187012 2500 0.000007367 add_time= 0.000215046
2600 0.000134162 2600 0.000007660 add_time= 0.000158581
2805 0.000049539 2805 0.000006984 add_time= 0.000073967
2550 0.000166696 2550 0.000006922 add_time= 0.000190523
2601 0.000006953 2601 0.000028286 add_time= 0.000050656
2915 0.000116259 2915 0.000017999 add_time= 0.000157688
2500 0.000094196 2500 0.000006651 add_time= 0.000115927
2500 0.000249932 2500 0.000015624 add_time= 0.000296766
2750 0.000143987 2750 0.000008218 add_time= 0.000174428
2500 0.000071893 2500 0.000006524 add_time= 0.000093383
2805 0.000016916 2805 0.000015190 add_time= 0.000060782
2500 0.000201595 2500 0.000015229 add_time= 0.000244143
2550 0.000102635 2550 0.000011279 add_time= 0.000131789
2500 0.000027281 2500 0.000006680 add_time= 0.000049880
2550 0.000059799 2550 0.000007135 add_time= 0.000083575
2652 0.000006386 2652 0.000022542 add_time= 0.000044927
2550 0.000113763 2550 0.000005767 add_time= 0.000139446
1375 0.000028444 1375 0.000005014 add_time= 0.000044204
2915 0.000142066 2915 0.000027666 add_time= 0.000188877
2700 0.000033600 2700 0.000006661 add_time= 0.000059889
2500 0.000032496 2500 0.000006149 add_time= 0.000073272
2805 0.000006879 2805 0.000026265 add_time= 0.000050431
1250 0.000091314 1250 0.000006233 add_time= 0.000126217
1300 0.000079365 1300 0.000006141 add_time= 0.000099215
2750 0.000157935 2750 0.000008672 add_time= 0.000218588
2750 0.000037199 2750 0.000007708 add_time= 0.000095587
2652 0.000035167 2652 0.000007741 add_time= 0.000071140
2805 0.000033442 2805 0.000007646 add_time= 0.000070991
2750 0.000024052 2750 0.000008736 add_time= 0.000060011
2600 0.000490014 2600 0.000007100 add_time= 0.000514509
2500 0.000033695 2500 0.000007195 add_time= 0.000057705
2550 0.000104457 2550 0.000006612 add_time= 0.000127198
2750 0.000057847 2750 0.000005831 add_time= 0.000077726
2550 0.000114127 2550 0.000006436 add_time= 0.000136212
2500 0.000068863 2500 0.000005062 add_time= 0.000093830
2915 0.000164427 2915 0.000006632 add_time= 0.000187201
2860 0.000042650 2860 0.000005963 add_time= 0.000061946
2650 0.000074317 2650 0.000006181 add_time= 0.000099089
2750 0.000033174 2750 0.000006526 add_time= 0.000055484
2500 0.000026189 2500 0.000025346 add_time= 0.000064615
2550 0.000154332 2550 0.000006203 add_time= 0.000186063
2750 0.000036303 2750 0.000005650 add_time= 0.000055131
2500 0.000157809 2500 0.000006558 add_time= 0.000179634
2500 0.000053409 2500 0.000007146 add_time= 0.000075624
2550 0.000111366 2550 0.000005859 add_time= 0.000130537
1250 0.000024630 1250 0.000005070 add_time= 0.000040525
2601 0.000007286 2601 0.000013438 add_time= 0.000035906
3025 0.000061056 3025 0.000019114 add_time= 0.000103498
2703 0.000239077 2703 0.000007547 add_time= 0.000262760
2750 0.000069089 2750 0.000007492 add_time= 0.000092893
2860 0.000043524 2860 0.000013699 add_time= 0.000072962
2550 0.000015010 2550 0.000012913 add_time= 0.000042072
2550 0.000040384 2550 0.000006647 add_time= 0.000068118
2600 0.000112090 2600 0.000006404 add_time= 0.000133074
2860 0.000107834 2860 0.000006668 add_time= 0.000128294
2915 0.000061976 2915 0.000006815 add_time= 0.000084603
2500 0.000015837 2500 0.000141949 add_time= 0.000172812
2754 0.000060404 2754 0.000007227 add_time= 0.000083357
2805 0.000038493 2805 0.000006020 add_time= 0.000058393
2650 0.000063087 2650 0.000006038 add_time= 0.000084471
2808 0.000051685 2808 0.000006089 add_time= 0.000071951
2750 0.000097807 2750 0.000006660 add_time= 0.000120008
2550 0.000068232 2550 0.000006319 add_time= 0.000089205
2500 0.000050175 2500 0.000006551 add_time= 0.000071803
1250 0.000044514 1250 0.000005783 add_time= 0.000061195
2703 0.000080720 2703 0.000006249 add_time= 0.000101895
2600 0.000125166 2600 0.000013418 add_time= 0.000152111
2750 0.000094155 2750 0.000005648 add_time= 0.000113095
1250 0.000051033 1250 0.000007327 add_time= 0.000068871
2805 0.000022718 2805 0.000013794 add_time= 0.000049705
2600 0.000093995 2600 0.000005598 add_time= 0.000118559
2703 0.000113131 2703 0.000006720 add_time= 0.000134981
2704 0.000045627 2704 0.000013234 add_time= 0.000074437
2750 0.000094408 2750 0.000006458 add_time= 0.000114916
2600 0.000025319 2600 0.000005434 add_time= 0.000043686
2550 0.000037333 2550 0.000011388 add_time= 0.000061816
2860 0.000087546 2860 0.000005654 add_time= 0.000106333
2650 0.000162088 2650 0.000006889 add_time= 0.000184331
2600 0.000067440 2600 0.000005702 add_time= 0.000086545
2750 0.000061728 2750 0.000005743 add_time= 0.000080754
2805 0.000015039 2805 0.000038307 add_time= 0.000067437
2500 0.000040489 2500 0.000005301 add_time= 0.000058557
2809 0.000035486 2809 0.000006315 add_time= 0.000057059
2652 0.000023136 2652 0.000005839 add_time= 0.000042505
2860 0.000131960 2860 0.000007597 add_time= 0.000155358
2600 0.000015567 2600 0.000013164 add_time= 0.000042383
2700 0.000120426 2700 0.000007015 add_time= 0.000140975
1375 0.000044020 1375 0.000005147 add_time= 0.000060258
2650 0.000305038 2650 0.000007815 add_time= 0.000342844
2500 0.000071940 2500 0.000005521 add_time= 0.000091643
2550 0.000031254 2550 0.000007125 add_time= 0.000097516
2550 0.000006831 2550 0.000013267 add_time= 0.000036050
2700 0.000099315 2700 0.000007232 add_time= 0.000122781
2750 0.000298814 2750 0.000006930 add_time= 0.000322314
2915 0.000498242 2915 0.000007284 add_time= 0.000523281
1250 0.000345018 1250 0.000006427 add_time= 0.000365412
2600 0.000026104 2600 0.000005836 add_time= 0.000047484
2750 0.000238599 2750 0.000005470 add_time= 0.000257638
2500 0.000190573 2500 0.000006214 add_time= 0.000211277
2550 0.000065032 2550 0.000006759 add_time= 0.000087447
2600 0.000112034 2600 0.000006714 add_time= 0.000135923
2860 0.000055837 2860 0.000006521 add_time= 0.000077969
2750 0.000183900 2750 0.000006809 add_time= 0.000207349
2500 0.000037923 2500 0.000006190 add_time= 0.000058181
2500 0.000007963 2500 0.000013783 add_time= 0.000042861
2862 0.000078461 2862 0.000006021 add_time= 0.000110485
2915 0.000333810 2915 0.000006044 add_time= 0.000354055
2700 0.000285018 2700 0.000007426 add_time= 0.000309633
2652 0.000028527 2652 0.000006355 add_time= 0.000050344
2500 0.000043862 2500 0.000006343 add_time= 0.000073994
1250 0.000078134 1250 0.000004915 add_time= 0.000105704
2601 0.000006896 2601 0.000080862 add_time= 0.000103291
2500 0.000083490 2500 0.000006953 add_time= 0.000106337
2500 0.000426047 2500 0.000006326 add_time= 0.000469046
2650 0.000111243 2650 0.000007085 add_time= 0.000134318
2805 0.000006481 2805 0.000015660 add_time= 0.000045426
2500 0.000077202 2500 0.000006833 add_time= 0.000108280
2600 0.000099337 2600 0.000006421 add_time= 0.000121190
2750 0.000261019 2750 0.000006782 add_time= 0.000294213
2500 0.000095723 2500 0.000006281 add_time= 0.000117977
2600 0.000087581 2600 0.000006820 add_time= 0.000110295
2750 0.000018455 2750 0.000073124 add_time= 0.000118588
2500 0.000196938 2500 0.000006960 add_time= 0.000220598
1250 0.000052940 1250 0.000006100 add_time= 0.000073190
2650 0.000417704 2650 0.000007328 add_time= 0.000443390
2500 0.000112272 2500 0.000006983 add_time= 0.000135045
2500 0.000033497 2500 0.000006487 add_time= 0.000056415
2700 0.000007124 2700 0.000013643 add_time= 0.000036752
2700 0.000141047 2700 0.000006418 add_time= 0.000164667
1275 0.000026850 1275 0.000005975 add_time= 0.000046746
2650 0.000117984 2650 0.000013471 add_time= 0.000154041
2750 0.000029257 2750 0.000007474 add_time= 0.000054946
2500 0.000018675 2500 0.000025647 add_time= 0.000061227
2808 0.000065916 2808 0.000014978 add_time= 0.000110179
1250 0.000032736 1250 0.000006089 add_time= 0.000053715
2703 0.000081469 2703 0.000008571 add_time= 0.000137060
2500 0.000024052 2500 0.000008226 add_time= 0.000068371
2550 0.000052770 2550 0.000009110 add_time= 0.000089516
2500 0.000111318 2500 0.000007153 add_time= 0.000149903
2550 0.000027041 2550 0.000039193 add_time= 0.000101188
2754 0.000005938 2754 0.000008079 add_time= 0.000040503
1300 0.000024827 1300 0.000007930 add_time= 0.000059945
2750 0.000056863 2750 0.000006699 add_time= 0.000083003
3025 0.000049945 3025 0.000007962 add_time= 0.000075595
2700 0.000079005 2700 0.000007004 add_time= 0.000102565
2805 0.000107525 2805 0.000006716 add_time= 0.000128858
2550 0.000006182 2550 0.000048208 add_time= 0.000075798
2600 0.000094123 2600 0.000012990 add_time= 0.000122877
1325 0.000098060 1325 0.000005241 add_time= 0.000115720
1325 0.000352041 1325 0.000006225 add_time= 0.000371374
2860 0.000054513 2860 0.000006661 add_time= 0.000076684
2805 0.000057903 2805 0.000006352 add_time= 0.000078139
3025 0.000130680 3025 0.000006215 add_time= 0.000150543
2750 0.000033416 2750 0.000005423 add_time= 0.000051214
2703 0.000015190 2703 0.000014211 add_time= 0.000044404
2860 0.000082798 2860 0.000006583 add_time= 0.000104655
2915 0.000226416 2915 0.000006868 add_time= 0.000249406
2500 0.000178650 2500 0.000007363 add_time= 0.000211464
2500 0.000089525 2500 0.000011458 add_time= 0.000116074
2550 0.000017767 2550 0.000013703 add_time= 0.000047104
2500 0.000057520 2500 0.000006940 add_time= 0.000079824
2500 0.000051885 2500 0.000006975 add_time= 0.000074171
1250 0.000174654 1250 0.000006233 add_time= 0.000193381
2550 0.000065612 2550 0.000007429 add_time= 0.000088306
2550 0.000015900 2550 0.000021992 add_time= 0.000053245
2750 0.000055749 2750 0.000010827 add_time= 0.000082416
1250 0.000223622 1250 0.000006015 add_time= 0.000242657
2652 0.000084034 2652 0.000007667 add_time= 0.000112968
2750 0.000028981 2750 0.000012975 add_time= 0.000057713
2500 0.000019712 2500 0.000031375 add_time= 0.000086890
2700 0.000025257 2700 0.000006651 add_time= 0.000047173
2550 0.000168540 2550 0.000013614 add_time= 0.000208660
2860 0.000068943 2860 0.000006845 add_time= 0.000094283
2750 0.000086328 2750 0.000007222 add_time= 0.000111922
2750 0.000028873 2750 0.000027818 add_time= 0.000074676
2550 0.000083932 2550 0.000008499 add_time= 0.000111352
2500 0.000060178 2500 0.000006800 add_time= 0.000084274
2500 0.000187490 2500 0.000007402 add_time= 0.000227879
2805 0.000133683 2805 0.000007793 add_time= 0.000159139
2650 0.000078847 2650 0.000006697 add_time= 0.000101125
2500 0.000017146 2500 0.000015061 add_time= 0.000049034
2700 0.000069683 2700 0.000007762 add_time= 0.000095779
2500 0.000116619 2500 0.000006858 add_time= 0.000138651
2600 0.000266691 2600 0.000007963 add_time= 0.000294139
2500 0.000067525 2500 0.000006574 add_time= 0.000096287
2750 0.000048453 2750 0.000006647 add_time= 0.000071597
2601 0.000090668 2601 0.000005770 add_time= 0.000127878
2970 0.000050727 2970 0.000007288 add_time= 0.000079962
1250 0.000196989 1250 0.000005855 add_time= 0.000216231
2756 0.000145645 2756 0.000007941 add_time= 0.000174052
3025 0.000112065 3025 0.000015577 add_time= 0.000146767
1375 0.000051306 1375 0.000006159 add_time= 0.000079740
1250 0.000012679 1250 0.000009488 add_time= 0.000037257
2754 0.000108484 2754 0.000007000 add_time= 0.000131837
2500 0.000056029 2500 0.000006163 add_time= 0.000077604
2700 0.000311704 2700 0.000007639 add_time= 0.000349759
2750 0.000073641 2750 0.000007275 add_time= 0.000097982
2750 0.000079458 2750 0.000007343 add_time= 0.000104141
2500 0.000015571 2500 0.000023230 add_time= 0.000054095
2754 0.000096626 2754 0.000007848 add_time= 0.000130970
2750 0.000106146 2750 0.000008935 add_time= 0.000139296
2500 0.000255112 2500 0.000007281 add_time= 0.000281597
2600 0.000141396 2600 0.000007512 add_time= 0.000165734
2500 0.000135227 2500 0.000007173 add_time= 0.000158239
2805 0.000017767 2805 0.000014684 add_time= 0.000048603
1250 0.000335921 1250 0.000006280 add_time= 0.000355853
1250 0.000102858 1250 0.000006402 add_time= 0.000131290
2500 0.000356824 2500 0.000007685 add_time= 0.000383483
3025 0.001673674 3025 0.000009749 add_time= 0.001701671
2500 0.000015943 2500 0.000020869 add_time= 0.000053239
2500 0.000104310 2500 0.000006587 add_time= 0.000126459
2703 0.000225091 2703 0.000006830 add_time= 0.000247876
2600 0.000752713 2600 0.000007285 add_time= 0.000775859
2750 0.000040853 2750 0.000007492 add_time= 0.000064246
2805 0.000135023 2805 0.000007829 add_time= 0.000170743
2750 0.000114390 2750 0.000007367 add_time= 0.000146083
2805 0.000042770 2805 0.000006761 add_time= 0.000065217
1375 0.000053726 1375 0.000005521 add_time= 0.000081930
2550 0.000408506 2550 0.000006500 add_time= 0.000433038
2652 0.000093864 2652 0.000006488 add_time= 0.000114364
2550 0.000085186 2550 0.000007538 add_time= 0.000125686
2550 0.000127885 2550 0.000006675 add_time= 0.000153458
2550 0.000007109 2550 0.000022928 add_time= 0.000046373
2600 0.000067055 2600 0.000007090 add_time= 0.000090011
2500 0.000137131 2500 0.000006544 add_time= 0.000168458
2600 0.000163667 2600 0.000006415 add_time= 0.000183987
2500 0.000033239 2500 0.000006407 add_time= 0.000065501
2550 0.000185931 2550 0.000014092 add_time= 0.000220625
2750 0.000159294 2750 0.000007094 add_time= 0.000182526
1275 0.000041889 1275 0.000006529 add_time= 0.000070607
2650 0.000387151 2650 0.000006694 add_time= 0.000409984
2500 0.000147149 2500 0.000006372 add_time= 0.000168567
2500 0.000045135 2500 0.000006310 add_time= 0.000065410
2500 0.000046249 2500 0.000010797 add_time= 0.000069900
3025 0.000076332 3025 0.000006374 add_time= 0.000096826
2500 0.000067554 2500 0.000006461 add_time= 0.000089562
2750 0.000078670 2750 0.000012877 add_time= 0.000108311
2703 0.000306771 2703 0.000007847 add_time= 0.000340904
2500 0.000180828 2500 0.000007654 add_time= 0.000204632
2550 0.000120290 2550 0.000006825 add_time= 0.000143210
2700 0.000015067 2700 0.000071378 add_time= 0.000102064
2700 0.000069985 2700 0.000007062 add_time= 0.000093754
1375 0.000050701 1375 0.000006056 add_time= 0.000070769
2600 0.000173613 2600 0.000008485 add_time= 0.000211129
2600 0.000045192 2600 0.000007848 add_time= 0.000069698
2750 0.000041184 2750 0.000006238 add_time= 0.000062219
2652 0.000104326 2652 0.000007382 add_time= 0.000128889
2805 0.000136745 2805 0.000006833 add_time= 0.000158912
3025 0.000060991 3025 0.000015963 add_time= 0.000094927
2550 0.000202420 2550 0.000007759 add_time= 0.000230454
2600 0.000145953 2600 0.000006233 add_time= 0.000166484
3025 0.000066386 3025 0.000006662 add_time= 0.000088936
2550 0.000056894 2550 0.000006748 add_time= 0.000077685
2550 0.000044284 2550 0.000008107 add_time= 0.000068583
2805 0.000034322 2805 0.000006938 add_time= 0.000055919
2650 0.000119609 2650 0.000016431 add_time= 0.000174466
2750 0.000047919 2750 0.000007831 add_time= 0.000080543
1375 0.000047380 1375 0.000006998 add_time= 0.000110653
2500 0.000121187 2500 0.000026155 add_time= 0.000170022
2700 0.000096721 2700 0.000008336 add_time= 0.000132057
2750 0.000037008 2750 0.000007953 add_time= 0.000068595
2550 0.000169059 2550 0.000015589 add_time= 0.000201977
2550 0.000108505 2550 0.000006056 add_time= 0.000128378
2750 0.000125037 2750 0.000006742 add_time= 0.000147939
2601 0.000128202 2601 0.000007814 add_time= 0.000151801
2600 0.000065072 2600 0.000006666 add_time= 0.000086669
2703 0.000169844 2703 0.000006862 add_time= 0.000195786
1300 0.000029689 1300 0.000006103 add_time= 0.000047288
1375 0.000097554 1375 0.000006447 add_time= 0.000117463
2550 0.000038149 2550 0.000007577 add_time= 0.000061852
2550 0.000031207 2550 0.000006844 add_time= 0.000054352
2700 0.000027524 2700 0.000007026 add_time= 0.000063222
2550 0.000145464 2550 0.000013802 add_time= 0.000173654
2650 0.000174137 2650 0.000006576 add_time= 0.000199482
2704 0.000034590 2704 0.000006307 add_time= 0.000062862
2750 0.000061345 2750 0.000007415 add_time= 0.000084883
2550 0.000068949 2550 0.000006767 add_time= 0.000090229
2500 0.000032699 2500 0.000007437 add_time= 0.000065094
2750 0.000075334 2750 0.000013588 add_time= 0.000104945
2809 0.000028053 2809 0.000006696 add_time= 0.000052375
2600 0.000059076 2600 0.000006238 add_time= 0.000079706
1250 0.000090454 1250 0.000006114 add_time= 0.000109558
2805 0.000032309 2805 0.000007250 add_time= 0.000068004
2550 0.000041333 2550 0.000006594 add_time= 0.000063284
1325 0.000199317 1325 0.000006226 add_time= 0.000219028
2600 0.000409782 2600 0.000007131 add_time= 0.000433387
2600 0.000044636 2600 0.000005968 add_time= 0.000065224
2860 0.000054790 2860 0.000007019 add_time= 0.000078176
2550 0.000042451 2550 0.000006806 add_time= 0.000069757
2805 0.000039462 2805 0.000006737 add_time= 0.000070689
2700 0.000128250 2700 0.000005740 add_time= 0.000148003
2600 0.000045058 2600 0.000005924 add_time= 0.000064355
2915 0.000117046 2915 0.000006891 add_time= 0.000141329
2600 0.000051288 2600 0.000006055 add_time= 0.000071730
1375 0.000064751 1375 0.000006177 add_time= 0.000083000
2860 0.000050105 2860 0.000006888 add_time= 0.000078471
2550 0.000034060 2550 0.000006479 add_time= 0.000055425
2750 0.000042309 2750 0.000007818 add_time= 0.000067106
2915 0.000383731 2915 0.000007232 add_time= 0.000408027
2600 0.000028088 2600 0.000006393 add_time= 0.000049420
3025 0.000106903 3025 0.000007974 add_time= 0.000147349
2550 0.000031978 2550 0.000008579 add_time= 0.000054556
2700 0.000015031 2700 0.000015540 add_time= 0.000044620
2808 0.000122765 2808 0.000005959 add_time= 0.000150472
2500 0.000158233 2500 0.000006976 add_time= 0.000181113
2756 0.000037128 2756 0.000007207 add_time= 0.000061306
2600 0.000043415 2600 0.000006868 add_time= 0.000066065
2915 0.000030220 2915 0.000009341 add_time= 0.000055466
2805 0.000100538 2805 0.000006861 add_time= 0.000123161
2550 0.000144358 2550 0.000017950 add_time= 0.000187257
2970 0.000042413 2970 0.000011592 add_time= 0.000077163
1300 0.000205476 1300 0.000006720 add_time= 0.000225453
2650 0.000061819 2650 0.000006851 add_time= 0.000085032
2750 0.000105928 2750 0.000006914 add_time= 0.000135518
2500 0.000105813 2500 0.000006866 add_time= 0.000137120
2601 0.000075738 2601 0.000008352 add_time= 0.000100042
2700 0.000031414 2700 0.000006770 add_time= 0.000053568
1350 0.000204837 1350 0.000010009 add_time= 0.000239060
2500 0.000143977 2500 0.000006510 add_time= 0.000166352
2756 0.000026699 2756 0.000005760 add_time= 0.000046701
2700 0.000037965 2700 0.000005705 add_time= 0.000056768
2700 0.000036124 2700 0.000014694 add_time= 0.000066234
2652 0.000014924 2652 0.000013365 add_time= 0.000041961
2500 0.000035472 2500 0.000005798 add_time= 0.000059056
2750 0.000147882 2750 0.000006906 add_time= 0.000179769
2650 0.000305118 2650 0.000006832 add_time= 0.000328091
1300 0.000024295 1300 0.000005728 add_time= 0.000041015
2600 0.000071045 2600 0.000005915 add_time= 0.000090799
2750 0.000037386 2750 0.000005840 add_time= 0.000056122
2650 0.000065544 2650 0.000005719 add_time= 0.000084399
2500 0.000051906 2500 0.000005650 add_time= 0.000070255
2500 0.000102151 2500 0.000016931 add_time= 0.000141476
2750 0.000080478 2750 0.000008101 add_time= 0.000113978
2500 0.000060112 2500 0.000006034 add_time= 0.000080782
2550 0.000019137 2550 0.000015978 add_time= 0.000052155
2700 0.000121349 2700 0.000006718 add_time= 0.000155693
2703 0.000367566 2703 0.000007413 add_time= 0.000392518
2500 0.000148973 2500 0.000006995 add_time= 0.000172093
2550 0.000094593 2550 0.000007093 add_time= 0.000124417
2500 0.000007611 2500 0.000044833 add_time= 0.000077330
2808 0.000155225 2808 0.000006815 add_time= 0.000178087
2750 0.000107288 2750 0.000007117 add_time= 0.000139213
2750 0.000251966 2750 0.000007687 add_time= 0.000276755
1250 0.000304089 1250 0.000007172 add_time= 0.000324939
2500 0.000042583 2500 0.000006730 add_time= 0.000065103
2600 0.000107024 2600 0.000006197 add_time= 0.000127821
1250 0.000072325 1250 0.000006976 add_time= 0.000101321
2500 0.000165962 2500 0.000006814 add_time= 0.000188833
1250 0.000133707 1250 0.000006125 add_time= 0.000153603
2500 0.000149851 2500 0.000005814 add_time= 0.000169297
3025 0.000226592 3025 0.000007245 add_time= 0.000250156
2550 0.000092093 2550 0.000006339 add_time= 0.000121817
2805 0.000117812 2805 0.000007806 add_time= 0.000142089
1375 0.000106857 1375 0.000012922 add_time= 0.000133647
2915 0.000136974 2915 0.000007114 add_time= 0.000161975
2600 0.000115597 2600 0.000005707 add_time= 0.000135448
2750 0.000147118 2750 0.000006039 add_time= 0.000185727
2500 0.000007225 2500 0.000014434 add_time= 0.000045532
2500 0.000066682 2500 0.000006314 add_time= 0.000096517
2500 0.000080069 2500 0.000006309 add_time= 0.000101889
2600 0.000192263 2600 0.000007075 add_time= 0.000225120
2500 0.000064347 2500 0.000007390 add_time= 0.000088088
2650 0.000095723 2650 0.000007817 add_time= 0.000120741
2550 0.000017379 2550 0.000014338 add_time= 0.000048212
2600 0.000112589 2600 0.000008077 add_time= 0.000137498
2650 0.000279791 2650 0.000006688 add_time= 0.000304530
2860 0.000130740 2860 0.000006675 add_time= 0.000154496
2550 0.000087986 2550 0.000006529 add_time= 0.000111340
2550 0.000007482 2550 0.000014328 add_time= 0.000038790
2808 0.000409424 2808 0.000007547 add_time= 0.000441879
1325 0.000079966 1325 0.000006190 add_time= 0.000100231
2750 0.000140442 2750 0.000007519 add_time= 0.000172265
2600 0.000065671 2600 0.000006945 add_time= 0.000101530
3025 0.000051173 3025 0.000006778 add_time= 0.000074779
2750 0.000077027 2750 0.000006308 add_time= 0.000098203
2500 0.000006198 2500 0.000023371 add_time= 0.000045653
2700 0.000106134 2700 0.000006673 add_time= 0.000130142
2700 0.000059901 2700 0.000006432 add_time= 0.000081803
2650 0.000051115 2650 0.000008070 add_time= 0.000090122
2500 0.000027285 2500 0.000007158 add_time= 0.000068120
2600 0.000045106 2600 0.000007512 add_time= 0.000077118
2750 0.000024217 2750 0.000007414 add_time= 0.000056326
2600 0.000028079 2600 0.000034887 add_time= 0.000098593
2808 0.000030467 2808 0.000008803 add_time= 0.000068513
2750 0.000005861 2750 0.000007974 add_time= 0.000043970
2650 0.000150794 2650 0.000006881 add_time= 0.000178408
2600 0.000050760 2600 0.000006843 add_time= 0.000073837
2750 0.000036567 2750 0.000007896 add_time= 0.000069528
2650 0.000014125 2650 0.000198571 add_time= 0.000229038
2808 0.000062051 2808 0.000006796 add_time= 0.000090497
2550 0.000021187 2550 0.000007014 add_time= 0.000052108
2600 0.000207152 2600 0.000007791 add_time= 0.000239014
2500 0.000096485 2500 0.000007250 add_time= 0.000123195
2650 0.000043233 2650 0.000006882 add_time= 0.000067341
1275 0.000014176 1275 0.000083703 add_time= 0.000118407
2700 0.000063024 2700 0.000007855 add_time= 0.000088057
2750 0.000213827 2750 0.000008473 add_time= 0.000244629
2600 0.000330520 2600 0.000007036 add_time= 0.000353222
2550 0.000077194 2550 0.000014508 add_time= 0.000108201
2550 0.000018591 2550 0.000022052 add_time= 0.000056040
2500 0.000113568 2500 0.000006316 add_time= 0.000133941
2700 0.000088140 2700 0.000006009 add_time= 0.000108142
1375 0.000050013 1375 0.000006715 add_time= 0.000070014
2652 0.000291530 2652 0.000007799 add_time= 0.000320147
3025 0.000086926 3025 0.000007714 add_time= 0.000113976
3025 0.000072129 3025 0.000006874 add_time= 0.000094879
2750 0.000072929 2750 0.000006402 add_time= 0.000103452
2550 0.000094843 2550 0.000007184 add_time= 0.000118942
1375 0.000071161 1375 0.000006883 add_time= 0.000099849
2700 0.000171769 2700 0.000007757 add_time= 0.000199695
2652 0.000057155 2652 0.000007947 add_time= 0.000082030
3025 0.000086959 3025 0.000006606 add_time= 0.000110534
2750 0.000055462 2750 0.000006737 add_time= 0.000077811
2703 0.000016759 2703 0.000015114 add_time= 0.000045812
2500 0.000057100 2500 0.000014880 add_time= 0.000086502
1250 0.000027346 1250 0.000013158 add_time= 0.000051915
2550 0.000270874 2550 0.000007268 add_time= 0.000297628
2500 0.000079702 2500 0.000007019 add_time= 0.000112054
2750 0.000145850 2750 0.000007219 add_time= 0.000167949
2601 0.000016218 2601 0.000015774 add_time= 0.000046604
2500 0.000146643 2500 0.000006895 add_time= 0.000167771
2703 0.000336274 2703 0.000006906 add_time= 0.000362297
1300 0.000078560 1300 0.000006296 add_time= 0.000097817
1375 0.000071127 1375 0.000005495 add_time= 0.000089952
2500 0.000015898 2500 0.000018611 add_time= 0.000048888
2700 0.000068702 2700 0.000006101 add_time= 0.000100339
1300 0.000070365 1300 0.000005934 add_time= 0.000087814
2500 0.000476813 2500 0.000006437 add_time= 0.000519777
2805 0.000054314 2805 0.000006564 add_time= 0.000076663
2650 0.000142417 2650 0.000006795 add_time= 0.000164210
2500 0.000007619 2500 0.000014190 add_time= 0.000036396
2550 0.000073153 2550 0.000009449 add_time= 0.000096083
2700 0.000087895 2700 0.000006757 add_time= 0.000118453
2750 0.000076308 2750 0.000006747 add_time= 0.000097433
2650 0.000568081 2650 0.000015350 add_time= 0.000604159
2500 0.000175137 2500 0.000006532 add_time= 0.000197796
2860 0.000098574 2860 0.000006911 add_time= 0.000120579
2550 0.000119751 2550 0.000014320 add_time= 0.000148181
2860 0.000169152 2860 0.000006522 add_time= 0.000190714
1375 0.000056357 1375 0.000005548 add_time= 0.000074452
2600 0.000445294 2600 0.000006882 add_time= 0.000471807
2500 0.000099294 2500 0.000006364 add_time= 0.000120515
2500 0.000060033 2500 0.000026264 add_time= 0.000100990
2750 0.000017495 2750 0.000016088 add_time= 0.000048573
2500 0.000079996 2500 0.000006392 add_time= 0.000102769
2500 0.000180362 2500 0.000006786 add_time= 0.000201415
2650 0.000246515 2650 0.000006882 add_time= 0.000272360
2500 0.000100029 2500 0.000005827 add_time= 0.000120786
2600 0.000064110 2600 0.000006622 add_time= 0.000085443
2700 0.000016526 2700 0.000015514 add_time= 0.000046380
2916 0.000082529 2916 0.000014505 add_time= 0.000112498
2650 0.000802316 2650 0.000010741 add_time= 0.000842945
2600 0.000075299 2600 0.000007744 add_time= 0.000098650
2750 0.000114038 2750 0.000008155 add_time= 0.000136475
3025 0.000281583 3025 0.000007376 add_time= 0.000305119
2652 0.000049775 2652 0.000008276 add_time= 0.000087325
2970 0.000035018 2970 0.000008129 add_time= 0.000058287
2500 0.000066148 2500 0.000006517 add_time= 0.000087234
2756 0.000128535 2756 0.000006954 add_time= 0.000153132
2750 0.000142765 2750 0.000010683 add_time= 0.000169740
2750 0.000058896 2750 0.000005994 add_time= 0.000079239
2550 0.000274957 2550 0.000006650 add_time= 0.000295957
2550 0.000136552 2550 0.000005670 add_time= 0.000155960
2500 0.000043622 2500 0.000008035 add_time= 0.000074888
2915 0.000156839 2915 0.000010128 add_time= 0.000187105
2500 0.000042287 2500 0.000006603 add_time= 0.000064732
2970 0.000064736 2970 0.000006097 add_time= 0.000093503
2750 0.000077623 2750 0.000006997 add_time= 0.000101501
2754 0.000018726 2754 0.000026393 add_time= 0.000061682
2550 0.000111032 2550 0.000006469 add_time= 0.000140710
2500 0.000057485 2500 0.000006550 add_time= 0.000079585
1325 0.000136555 1325 0.000019815 add_time= 0.000170782
2600 0.000063212 2600 0.000006110 add_time= 0.000084744
2750 0.000147468 2750 0.000005986 add_time= 0.000167615
2600 0.000099374 2600 0.000006448 add_time= 0.000121611
2601 0.000010866 2601 0.000013372 add_time= 0.000039906
2750 0.000109150 2750 0.000006786 add_time= 0.000133026
