2750 0.000090559 2750 0.000014804 add_time= 0.001571602
3025 0.000041003 3025 0.000008169 add_time= 0.000065934
2750 0.000093789 2750 0.000007623 add_time= 0.000117314
2860 0.000123156 2860 0.000008971 add_time= 0.000156778
2650 0.000078195 2650 0.000006686 add_time= 0.000099962
1250 0.000114778 1250 0.000005997 add_time= 0.000135218
2500 0.000639051 2500 0.000010213 add_time= 0.000728220
2652 0.000079678 2652 0.000011631 add_time= 0.000118568
2700 0.000133170 2700 0.000007775 add_time= 0.000160164
2500 0.000769526 2500 0.000008171 add_time= 0.000826528
2805 0.000204995 2805 0.000007674 add_time= 0.000254092
3025 0.000038470 3025 0.000008640 add_time= 0.000080126
2500 0.001188466 2500 0.000010259 add_time= 0.001236483
2600 0.000095524 2600 0.000006869 add_time= 0.000118162
2754 0.000073340 2754 0.000006994 add_time= 0.000105308
2500 0.000836291 2500 0.000024275 add_time= 0.000915493
2703 0.001386415 2703 0.000012211 add_time= 0.001439831
2860 0.000015922 2860 0.000024498 add_time= 0.000063674
2500 0.000129549 2500 0.000007974 add_time= 0.000155952
2550 0.000168257 2550 0.000007537 add_time= 0.000193030
2500 0.000064794 2500 0.000012526 add_time= 0.000211679
2700 0.000037672 2700 0.000008815 add_time= 0.000088719
2750 0.000041524 2750 0.000008048 add_time= 0.000077784
1375 0.000140460 1375 0.000007046 add_time= 0.000176103
1325 0.000019728 1325 0.000008810 add_time= 0.000118604
3025 0.000243264 3025 0.000014938 add_time= 0.001584224
2600 0.000056364 2600 0.000020198 add_time= 0.000101192
2700 0.000078651 2700 0.000009273 add_time= 0.000104592
2650 0.000382195 2650 0.000009272 add_time= 0.000411304
2750 0.000075762 2750 0.000007328 add_time= 0.000109645
2750 0.000083253 2750 0.000018841 add_time= 0.000119265
2970 0.000096190 2970 0.000007294 add_time= 0.000119705
2650 0.000385296 2650 0.000011590 add_time= 0.000450934
2500 0.000101366 2500 0.000008559 add_time= 0.000146500
2650 0.000187785 2650 0.000007300 add_time= 0.000221923
1375 0.000219848 1375 0.000007574 add_time= 0.000260502
2550 0.000106952 2550 0.000019269 add_time= 0.000156324
2700 0.000275854 2700 0.000021594 add_time= 0.000321445
2600 0.000081853 2600 0.000010327 add_time= 0.000126183
2500 0.000072971 2500 0.000008375 add_time= 0.000096799
2550 0.000065294 2550 0.000007603 add_time= 0.000088015
2750 0.000621552 2750 0.000009571 add_time= 0.000661931
2601 0.000241135 2601 0.000008047 add_time= 0.000265183
1300 0.000083322 1300 0.000006538 add_time= 0.000104161
2500 0.000088426 2500 0.000011135 add_time= 0.000121158
2750 0.000118421 2750 0.000017796 add_time= 0.000151149
2700 0.000125800 2700 0.000007273 add_time= 0.000156839
2750 0.000009471 2750 0.000030908 add_time= 0.000162814
2750 0.000105233 2750 0.000008617 add_time= 0.000141026
2700 0.000041393 2700 0.000009041 add_time= 0.000081951
2500 0.000075420 2500 0.000012348 add_time= 0.001266496
2860 0.000063587 2860 0.000006367 add_time= 0.000086851
2750 0.000192686 2750 0.000011215 add_time= 0.000221663
2550 0.000017566 2550 0.000024524 add_time= 0.000059468
2500 0.000063041 2500 0.000007239 add_time= 0.000093624
1325 0.000040500 1325 0.000006203 add_time= 0.000062335
2500 0.000068989 2500 0.000006956 add_time= 0.000093419
2750 0.000089312 2750 0.000006770 add_time= 0.000112762
2500 0.000116650 2500 0.000005494 add_time= 0.000135832
3025 0.000017887 3025 0.000032066 add_time= 0.000067369
2652 0.000024115 2652 0.000014989 add_time= 0.000055867
2750 0.000079205 2750 0.000007373 add_time= 0.000102848
2500 0.000585851 2500 0.000009112 add_time= 0.000636238
3025 0.000121783 3025 0.000019752 add_time= 0.000188174
2500 0.000069588 2500 0.000006943 add_time= 0.000103704
2750 0.000095303 2750 0.000007703 add_time= 0.000132045
2500 0.000131253 2500 0.000007262 add_time= 0.000155174
2500 0.000070095 2500 0.000018117 add_time= 0.000102940
2704 0.000059157 2704 0.000007099 add_time= 0.000087118
2750 0.000051906 2750 0.000017131 add_time= 0.000104970
2600 0.000027025 2600 0.000007830 add_time= 0.000057723
2550 0.000007372 2550 0.000025239 add_time= 0.000049653
2970 0.000042281 2970 0.000007137 add_time= 0.000067906
2650 0.000225915 2650 0.000007293 add_time= 0.000270519
3025 0.000268873 3025 0.000017985 add_time= 0.000313545
2500 0.000016995 2500 0.000013614 add_time= 0.000046108
2550 0.000208941 2550 0.000006711 add_time= 0.000231647
2750 0.000317807 2750 0.000016090 add_time= 0.000350841
2600 0.000178203 2600 0.000006701 add_time= 0.000202017
2750 0.000266488 2750 0.000006484 add_time= 0.000289701
2750 0.000054015 2750 0.000005751 add_time= 0.000074046
2805 0.000028402 2805 0.000006419 add_time= 0.000052082
2750 0.000108522 2750 0.000006648 add_time= 0.000131871
2750 0.000128878 2750 0.000006068 add_time= 0.000151372
2550 0.000077544 2550 0.000006284 add_time= 0.000098984
2750 0.000006094 2750 0.000024558 add_time= 0.000045943
2550 0.000047530 2550 0.000005782 add_time= 0.000067344
2750 0.000098860 2750 0.000005567 add_time= 0.000117732
2600 0.000034699 2600 0.000007420 add_time= 0.000057762
2500 0.000080946 2500 0.000009076 add_time= 0.000202591
2600 0.000035669 2600 0.000007830 add_time= 0.000101406
3025 0.000016769 3025 0.000009733 add_time= 0.000070722
2550 0.000027451 2550 0.000024701 add_time= 0.000078451
2700 0.000013347 2700 0.000009191 add_time= 0.000059938
2750 0.000028297 2750 0.000007111 add_time= 0.000058071
1250 0.000029895 1250 0.000007030 add_time= 0.000069803
2703 0.000618973 2703 0.000007916 add_time= 0.000649755
2600 0.000218289 2600 0.000007400 add_time= 0.000242382
2860 0.000137212 2860 0.000006672 add_time= 0.000159695
3025 0.000029164 3025 0.000025199 add_time= 0.000070233
2550 0.000199661 2550 0.000006001 add_time= 0.000219996
2500 0.000229396 2500 0.000006284 add_time= 0.000252113
1300 0.000073818 1300 0.000009778 add_time= 0.000108246
2750 0.000045129 2750 0.000006625 add_time= 0.000069241
2600 0.000066808 2600 0.000006291 add_time= 0.000099272
2750 0.000289055 2750 0.000005493 add_time= 0.000309141
2805 0.000008805 2805 0.000041356 add_time= 0.000064252
2700 0.000076709 2700 0.000006457 add_time= 0.000099957
1250 0.000040723 1250 0.000004798 add_time= 0.000057844
2500 0.000361588 2500 0.000007355 add_time= 0.000385658
2600 0.000072179 2600 0.000006717 add_time= 0.000095595
1375 0.000006593 1375 0.000017140 add_time= 0.000038602
2550 0.000125288 2550 0.000006270 add_time= 0.000147948
2916 0.000119218 2916 0.000006519 add_time= 0.000143215
2750 0.000301994 2750 0.000007410 add_time= 0.000326705
3025 0.000252375 3025 0.000006575 add_time= 0.000276549
2750 0.000108743 2750 0.000006089 add_time= 0.000130787
2970 0.000024592 2970 0.000006607 add_time= 0.000048505
1275 0.000050864 1275 0.000006199 add_time= 0.000079565
2750 0.000407849 2750 0.000006672 add_time= 0.000432139
1300 0.000036365 1300 0.000005761 add_time= 0.000058983
1250 0.000157661 1250 0.000006036 add_time= 0.000176863
2754 0.000093795 2754 0.000006250 add_time= 0.000117016
2700 0.000058688 2700 0.000005637 add_time= 0.000078867
1350 0.000053640 1350 0.000005361 add_time= 0.000081753
2650 0.000095177 2650 0.000006698 add_time= 0.000139371
2500 0.000134186 2500 0.000005641 add_time= 0.000154578
2500 0.000136476 2500 0.000029491 add_time= 0.000182380
2652 0.000354536 2652 0.000006639 add_time= 0.000377760
2700 0.000121862 2700 0.000007235 add_time= 0.000153187
2805 0.000077438 2805 0.000005828 add_time= 0.000098675
2650 0.000206815 2650 0.000007007 add_time= 0.000231228
2600 0.000230538 2600 0.000006997 add_time= 0.000252712
2500 0.000275484 2500 0.000006084 add_time= 0.000297468
2550 0.000321125 2550 0.000007129 add_time= 0.000354860
2750 0.000034182 2750 0.000012682 add_time= 0.000070636
2500 0.000461324 2500 0.000006547 add_time= 0.000486354
2805 0.000035524 2805 0.000006451 add_time= 0.000058923
2500 0.000063853 2500 0.000007551 add_time= 0.000113253
2703 0.000070412 2703 0.000005804 add_time= 0.000092712
2750 0.000197802 2750 0.000007077 add_time= 0.000221943
2700 0.000089581 2700 0.000008532 add_time= 0.000140259
2805 0.000016540 2805 0.000009636 add_time= 0.000077068
2750 0.000036888 2750 0.000025218 add_time= 0.000088676
2550 0.000050753 2550 0.000007120 add_time= 0.000081279
2750 0.000061739 2750 0.000007814 add_time= 0.000094569
2703 0.000169676 2703 0.000006561 add_time= 0.000192884
2500 0.000092489 2500 0.000006116 add_time= 0.000114888
2500 0.000053864 2500 0.000006182 add_time= 0.000075759
2550 0.000153315 2550 0.000012542 add_time= 0.000182690
2750 0.000037622 2750 0.000010213 add_time= 0.000067122
1250 0.000097906 1250 0.000005146 add_time= 0.000117532
2915 0.000042994 2915 0.000006902 add_time= 0.000067493
2860 0.000035303 2860 0.000006223 add_time= 0.000057905
2750 0.000057498 2750 0.000007636 add_time= 0.000090639
2500 0.000081504 2500 0.000006103 add_time= 0.000105675
1275 0.000063278 1275 0.000005872 add_time= 0.000083810
2750 0.000091112 2750 0.000006299 add_time= 0.000114257
2500 0.000559635 2500 0.000010803 add_time= 0.000597406
2600 0.000064165 2600 0.000007729 add_time= 0.000088515
2750 0.000214950 2750 0.000006368 add_time= 0.000237069
2500 0.000090099 2500 0.000005683 add_time= 0.000109959
2601 0.000406081 2601 0.000006550 add_time= 0.000429048
2550 0.000071818 2550 0.000006757 add_time= 0.000095134
2704 0.000191840 2704 0.000007682 add_time= 0.000218249
2550 0.000095642 2550 0.000009561 add_time= 0.000121453
2750 0.000078340 2750 0.000006342 add_time= 0.000105857
2805 0.000126863 2805 0.000018503 add_time= 0.000171399
2750 0.000069972 2750 0.000005926 add_time= 0.000106347
2550 0.000262990 2550 0.000006174 add_time= 0.000293496
2500 0.000133937 2500 0.000006114 add_time= 0.000165502
2500 0.000124223 2500 0.000017710 add_time= 0.000168906
2805 0.000115067 2805 0.000006330 add_time= 0.000138353
2700 0.000078503 2700 0.000006808 add_time= 0.000102039
3025 0.000043824 3025 0.000006297 add_time= 0.000074725
1250 0.000074569 1250 0.000005333 add_time= 0.000094939
2808 0.000115775 2808 0.000006638 add_time= 0.000139681
2500 0.000059975 2500 0.000024997 add_time= 0.000102155
2652 0.000014629 2652 0.000030809 add_time= 0.000060773
2700 0.000104822 2700 0.000006484 add_time= 0.000127001
1250 0.000218895 1250 0.000005939 add_time= 0.000239921
2652 0.000055838 2652 0.000007436 add_time= 0.000080675
2805 0.000047317 2805 0.000006231 add_time= 0.000076073
2750 0.000062008 2750 0.000007752 add_time= 0.000093306
2550 0.000007043 2550 0.000084686 add_time= 0.000107745
2750 0.000121062 2750 0.000006698 add_time= 0.000144182
1250 0.000036221 1250 0.000005504 add_time= 0.000055908
2550 0.000056394 2550 0.000007672 add_time= 0.000098319
2500 0.000053554 2500 0.000006201 add_time= 0.000076692
2600 0.000093025 2600 0.000006245 add_time= 0.000115870
1275 0.000144236 1275 0.000005924 add_time= 0.000180633
2700 0.000250737 2700 0.000006695 add_time= 0.000277878
3025 0.000068811 3025 0.000006532 add_time= 0.000091141
2550 0.000066796 2550 0.000006975 add_time= 0.000090881
2750 0.000032581 2750 0.000015550 add_time= 0.000071045
2750 0.000006990 2750 0.000014223 add_time= 0.000038026
2550 0.000044538 2550 0.000006999 add_time= 0.000068008
3025 0.000034148 3025 0.000006677 add_time= 0.000058217
1250 0.000049554 1250 0.000006169 add_time= 0.000076366
2600 0.000079951 2600 0.000006289 add_time= 0.000104086
2750 0.000094895 2750 0.000014266 add_time= 0.000123454
2750 0.000016049 2750 0.000033316 add_time= 0.000070277
2805 0.000185703 2805 0.000017571 add_time= 0.000218903
2750 0.000143310 2750 0.000007161 add_time= 0.000166601
2750 0.000006714 2750 0.000008685 add_time= 0.000064258
2808 0.000065526 2808 0.000015139 add_time= 0.000111523
2550 0.000084031 2550 0.000007406 add_time= 0.000114721
2550 0.000070934 2550 0.000007092 add_time= 0.000099757
2500 0.000054747 2500 0.000007616 add_time= 0.000087009
2862 0.000068532 2862 0.000008366 add_time= 0.000103966
1375 0.000101853 1375 0.000007695 add_time= 0.000138062
2500 0.000073572 2500 0.000005978 add_time= 0.000095160
2750 0.000069423 2750 0.000006303 add_time= 0.000090794
2500 0.000032433 2500 0.000012775 add_time= 0.000060588
2550 0.000044173 2550 0.000006258 add_time= 0.000065954
2750 0.000122659 2750 0.000006671 add_time= 0.000144552
2750 0.000203716 2750 0.000018422 add_time= 0.000244650
3025 0.000173016 3025 0.000006489 add_time= 0.000195200
2750 0.000063196 2750 0.000006582 add_time= 0.000083564
2805 0.000017104 2805 0.000073294 add_time= 0.000105809
1275 0.000186296 1275 0.000005705 add_time= 0.000205359
2500 0.000140571 2500 0.000013570 add_time= 0.000169462
2650 0.000366726 2650 0.000007162 add_time= 0.000389188
2600 0.000064867 2600 0.000006534 add_time= 0.000085410
2500 0.000072237 2500 0.000006770 add_time= 0.000094348
2550 0.000088183 2550 0.000005990 add_time= 0.000109640
2750 0.000078186 2750 0.000006359 add_time= 0.000099659
2703 0.000610538 2703 0.000009314 add_time= 0.000656431
2860 0.000075309 2860 0.000006410 add_time= 0.000099230
2500 0.000068231 2500 0.000007134 add_time= 0.000091992
2601 0.000017471 2601 0.000023438 add_time= 0.000065125
2750 0.000429075 2750 0.000010322 add_time= 0.000456403
2500 0.000092106 2500 0.000009860 add_time= 0.000122558
2500 0.000055778 2500 0.000008204 add_time= 0.000080101
2600 0.000075671 2600 0.000007868 add_time= 0.000098626
2860 0.000171276 2860 0.000010044 add_time= 0.000198197
2500 0.000263688 2500 0.000005685 add_time= 0.000283806
2601 0.000096442 2601 0.000014154 add_time= 0.000126639
3025 0.000040983 3025 0.000007194 add_time= 0.000065704
2500 0.000093605 2500 0.000008465 add_time= 0.000118665
2600 0.000075506 2600 0.000006220 add_time= 0.000115519
2915 0.000049743 2915 0.000008244 add_time= 0.000075233
2805 0.000007495 2805 0.000035280 add_time= 0.000069598
2700 0.000054339 2700 0.000010319 add_time= 0.000081997
2700 0.000142205 2700 0.000006362 add_time= 0.000175726
2500 0.000081251 2500 0.000005945 add_time= 0.000102327
2600 0.000159179 2600 0.000007153 add_time= 0.000183188
2600 0.000100968 2600 0.000005815 add_time= 0.000121741
3025 0.000071102 3025 0.000016342 add_time= 0.000104785
2754 0.000007420 2754 0.000037310 add_time= 0.000061057
2500 0.000131831 2500 0.000006261 add_time= 0.000153592
1250 0.000074320 1250 0.000010809 add_time= 0.000099036
2650 0.000098047 2650 0.000009339 add_time= 0.000126303
2600 0.000039535 2600 0.000009459 add_time= 0.000064644
2700 0.000209374 2700 0.000006246 add_time= 0.000248094
2750 0.000006830 2750 0.000023569 add_time= 0.000063642
2805 0.000035831 2805 0.000009888 add_time= 0.000066297
2750 0.000170361 2750 0.000006584 add_time= 0.000193638
2550 0.000156438 2550 0.000008301 add_time= 0.000195177
2915 0.000056506 2915 0.000006470 add_time= 0.000082859
2500 0.000084875 2500 0.000006629 add_time= 0.000108115
2750 0.000017206 2750 0.000022686 add_time= 0.000055612
2550 0.000117294 2550 0.000006185 add_time= 0.000138693
2754 0.000141089 2754 0.000005630 add_time= 0.000161237
2805 0.000057828 2805 0.000005733 add_time= 0.000086275
2500 0.000245658 2500 0.000006328 add_time= 0.000269334
2500 0.000046788 2500 0.000005482 add_time= 0.000067100
2500 0.000198712 2500 0.000006402 add_time= 0.000221356
2550 0.000218230 2550 0.000006746 add_time= 0.000241516
2750 0.000100309 2750 0.000006232 add_time= 0.000121665
1350 0.000036821 1350 0.000006031 add_time= 0.000063654
2650 0.000115072 2650 0.000007067 add_time= 0.000144063
2860 0.000070774 2860 0.000007087 add_time= 0.000094588
2500 0.000205570 2500 0.000006310 add_time= 0.000226832
2750 0.000006204 2750 0.000087901 add_time= 0.000110100
2805 0.000058395 2805 0.000018253 add_time= 0.000091581
2970 0.000039996 2970 0.000005853 add_time= 0.000060519
2750 0.000099177 2750 0.000005993 add_time= 0.000119519
2915 0.000029217 2915 0.000008696 add_time= 0.000091772
2600 0.000036185 2600 0.000007091 add_time= 0.000067937
3025 0.000053145 3025 0.000007809 add_time= 0.000090685
2601 0.000006985 2601 0.000008087 add_time= 0.000048280
1350 0.000051366 1350 0.000006963 add_time= 0.000088654
1275 0.000054844 1275 0.000006711 add_time= 0.000082956
2500 0.000222362 2500 0.000006849 add_time= 0.000249524
2600 0.000093943 2600 0.000006220 add_time= 0.000116623
3025 0.000087994 3025 0.000006702 add_time= 0.000119672
2601 0.000007550 2601 0.000023466 add_time= 0.000046663
2700 0.000112535 2700 0.000006569 add_time= 0.000135662
2750 0.000237836 2750 0.000007696 add_time= 0.000264565
2600 0.000043142 2600 0.000006346 add_time= 0.000063889
2700 0.000058798 2700 0.000006186 add_time= 0.000087847
2550 0.000016097 2550 0.000013520 add_time= 0.000050479
2970 0.000064102 2970 0.000012439 add_time= 0.000093074
2750 0.000044816 2750 0.000006163 add_time= 0.000069454
2600 0.000265768 2600 0.000006907 add_time= 0.000290156
2550 0.000065567 2550 0.000006085 add_time= 0.000086201
2550 0.000069172 2550 0.000005840 add_time= 0.000089520
2805 0.000017323 2805 0.000091354 add_time= 0.000124976
2805 0.000038423 2805 0.000006432 add_time= 0.000061339
2750 0.000074385 2750 0.000007652 add_time= 0.000098530
2756 0.000131357 2756 0.000006762 add_time= 0.000156932
2500 0.000047871 2500 0.000006969 add_time= 0.000071117
2750 0.000048279 2750 0.000012556 add_time= 0.000075632
2750 0.000017357 2750 0.000013877 add_time= 0.000047606
2550 0.000052379 2550 0.000006764 add_time= 0.000086629
2750 0.000031697 2750 0.000005898 add_time= 0.000057419
2600 0.000210188 2600 0.000007362 add_time= 0.000247307
2500 0.000161817 2500 0.000014018 add_time= 0.000193759
3025 0.000008085 3025 0.000027646 add_time= 0.000065695
2550 0.000107569 2550 0.000006418 add_time= 0.000128625
2500 0.000046497 2500 0.000009927 add_time= 0.000072720
2650 0.000211565 2650 0.000008137 add_time= 0.000236372
2808 0.000048293 2808 0.000005940 add_time= 0.000069384
2650 0.000046779 2650 0.000006318 add_time= 0.000069053
2750 0.000197947 2750 0.000009909 add_time= 0.000224671
2652 0.000152913 2652 0.000006360 add_time= 0.000175798
2500 0.000144255 2500 0.000013493 add_time= 0.000172232
2500 0.000067422 2500 0.000006444 add_time= 0.000109591
2500 0.000451574 2500 0.000006547 add_time= 0.000487725
2860 0.000081136 2860 0.000007213 add_time= 0.000105820
2700 0.000291800 2700 0.000006031 add_time= 0.000323728
2601 0.000006398 2601 0.000023667 add_time= 0.000044484
2700 0.000044200 2700 0.000010340 add_time= 0.000070635
1250 0.000126922 1250 0.000020207 add_time= 0.000161976
2650 0.000676331 2650 0.000006719 add_time= 0.000699598
2500 0.000069210 2500 0.000006341 add_time= 0.000091944
2700 0.000088832 2700 0.000006167 add_time= 0.000110590
1375 0.000004839 1375 0.000008771 add_time= 0.000025603
2500 0.000188984 2500 0.000006274 add_time= 0.000211462
2805 0.000041302 2805 0.000007005 add_time= 0.000065205
2500 0.000409339 2500 0.000017722 add_time= 0.000445506
2970 0.000105755 2970 0.000006636 add_time= 0.000128533
2860 0.000006684 2860 0.000014899 add_time= 0.000037480
2550 0.000085427 2550 0.000006254 add_time= 0.000126123
1375 0.000084782 1375 0.000005684 add_time= 0.000107688
2500 0.000234550 2500 0.000005953 add_time= 0.000274356
2750 0.000044017 2750 0.000007989 add_time= 0.000071326
2550 0.000422866 2550 0.000014780 add_time= 0.000453919
2500 0.000192229 2500 0.000017815 add_time= 0.000230743
2550 0.000180012 2550 0.000005701 add_time= 0.000200001
2750 0.000228317 2750 0.000006812 add_time= 0.000251950
2600 0.000036390 2600 0.000006220 add_time= 0.000066273
2750 0.000073569 2750 0.000006937 add_time= 0.000105231
2601 0.000006128 2601 0.000032677 add_time= 0.000054379
2862 0.000296432 2862 0.000015479 add_time= 0.000329414
2650 0.000086308 2650 0.000006570 add_time= 0.000110383
2500 0.000280447 2500 0.000006890 add_time= 0.000309412
2500 0.000092862 2500 0.000007768 add_time= 0.000133442
2750 0.000079421 2750 0.000006885 add_time= 0.000103403
2750 0.000081256 2750 0.000007356 add_time= 0.000105213
2970 0.000045241 2970 0.000006406 add_time= 0.000077936
2805 0.000294605 2805 0.000005909 add_time= 0.000314837
2500 0.000026499 2500 0.000008540 add_time= 0.000081309
2600 0.000129892 2600 0.000007037 add_time= 0.000166449
2600 0.000028225 2600 0.000007531 add_time= 0.000074232
1250 0.000033570 1250 0.000007114 add_time= 0.000078596
1275 0.000030775 1275 0.000006428 add_time= 0.000058873
2500 0.000025962 2500 0.000008072 add_time= 0.000061530
2860 0.000164754 2860 0.000007166 add_time= 0.000200042
2500 0.000046520 2500 0.000005967 add_time= 0.000068749
2500 0.000050333 2500 0.000006238 add_time= 0.000073310
2500 0.000061976 2500 0.000007360 add_time= 0.000090518
2700 0.000040853 2700 0.000012830 add_time= 0.000070511
2860 0.000034965 2860 0.000006429 add_time= 0.000057189
2500 0.000523831 2500 0.000012901 add_time= 0.000556014
2750 0.000080821 2750 0.000007145 add_time= 0.000105547
2750 0.000141228 2750 0.000007136 add_time= 0.000164747
2652 0.000085507 2652 0.000007813 add_time= 0.000111044
2550 0.000100521 2550 0.000007297 add_time= 0.000128836
2915 0.000230688 2915 0.000007310 add_time= 0.000258684
2600 0.000114364 2600 0.000005842 add_time= 0.000135420
3025 0.000082537 3025 0.000006465 add_time= 0.000106535
2550 0.000015425 2550 0.000024383 add_time= 0.000056519
2700 0.000069548 2700 0.000014563 add_time= 0.000100153
2550 0.000184444 2550 0.000006939 add_time= 0.000228581
2500 0.000077744 2500 0.000006128 add_time= 0.000100152
2750 0.000019244 2750 0.000034201 add_time= 0.000070497
2750 0.000084706 2750 0.000006751 add_time= 0.000108474
2500 0.000185577 2500 0.000006842 add_time= 0.000219366
2500 0.000494544 2500 0.000006183 add_time= 0.000517616
2652 0.000068713 2652 0.000006737 add_time= 0.000092025
2500 0.000035670 2500 0.000005749 add_time= 0.000056194
2550 0.000093048 2550 0.000006240 add_time= 0.000114463
2970 0.000098127 2970 0.000006034 add_time= 0.000119240
1250 0.000182471 1250 0.000005186 add_time= 0.000207878
2750 0.000674376 2750 0.000007645 add_time= 0.000714391
2750 0.000155624 2750 0.000006457 add_time= 0.000190096
2650 0.000053945 2650 0.000006090 add_time= 0.000081822
2805 0.000039569 2805 0.000009802 add_time= 0.000067023
2970 0.000122768 2970 0.000007028 add_time= 0.000147635
2500 0.000068954 2500 0.000006647 add_time= 0.000091202
2650 0.000453703 2650 0.000006808 add_time= 0.000478631
2500 0.000110290 2500 0.000006861 add_time= 0.000133997
2750 0.000068539 2750 0.000013975 add_time= 0.000099855
3025 0.000010270 3025 0.000045794 add_time= 0.000071474
2601 0.000092531 2601 0.000010282 add_time= 0.000119038
2860 0.000331013 2860 0.000007734 add_time= 0.000356038
2500 0.000532915 2500 0.000006899 add_time= 0.000556277
1375 0.000027955 1375 0.000005412 add_time= 0.000054414
2750 0.000006808 2750 0.000024726 add_time= 0.000067165
2750 0.000070732 2750 0.000015140 add_time= 0.000111099
2500 0.000289297 2500 0.000018407 add_time= 0.000323700
2550 0.000306823 2550 0.000006692 add_time= 0.000329948
2808 0.000047703 2808 0.000007106 add_time= 0.000071192
2805 0.000104574 2805 0.000006256 add_time= 0.000134406
2650 0.000051496 2650 0.000006367 add_time= 0.000073644
2700 0.000120538 2700 0.000006875 add_time= 0.000154509
1375 0.000034837 1375 0.000008853 add_time= 0.000074626
2500 0.000096301 2500 0.000005969 add_time= 0.000119102
2500 0.000092818 2500 0.000006769 add_time= 0.000115577
2500 0.000030217 2500 0.000006742 add_time= 0.000052611
2550 0.000054289 2550 0.000006553 add_time= 0.000077724
1250 0.000207007 1250 0.000012566 add_time= 0.000234522
2500 0.002438880 2500 0.000010228 add_time= 0.002465114
2500 0.000182824 2500 0.000006392 add_time= 0.000238437
2750 0.000138630 2750 0.000006976 add_time= 0.000162856
2500 0.000059707 2500 0.000009993 add_time= 0.000085401
2550 0.000113237 2550 0.000010199 add_time= 0.000139627
2750 0.000242831 2750 0.000007159 add_time= 0.000266752
1300 0.000113991 1300 0.000008618 add_time= 0.000135932
2750 0.000073795 2750 0.000007081 add_time= 0.000097725
2704 0.000029969 2704 0.000005484 add_time= 0.000050622
2750 0.000204011 2750 0.000006688 add_time= 0.000227784
2500 0.000080700 2500 0.000015169 add_time= 0.000112899
2700 0.000161097 2700 0.000006339 add_time= 0.000182577
1300 0.000086990 1300 0.000010407 add_time= 0.000111345
1250 0.000284891 1250 0.000007087 add_time= 0.000309811
3025 0.000074827 3025 0.000006831 add_time= 0.000113468
2550 0.000099527 2550 0.000012370 add_time= 0.000128617
2550 0.000051593 2550 0.000007279 add_time= 0.000075728
2754 0.000055348 2754 0.000006716 add_time= 0.000086911
1250 0.000062554 1250 0.000012784 add_time= 0.000089944
2600 0.000064806 2600 0.000008244 add_time= 0.000112249
2500 0.000058933 2500 0.000007664 add_time= 0.000092524
2750 0.000048750 2750 0.000029236 add_time= 0.000107019
2500 0.000028825 2500 0.000007678 add_time= 0.000064305
2754 0.000051852 2754 0.000008734 add_time= 0.000089097
2750 0.000119510 2750 0.000006743 add_time= 0.000143165
2600 0.000055545 2600 0.000005317 add_time= 0.000088973
2750 0.000049899 2750 0.000005348 add_time= 0.000069501
2500 0.000047236 2500 0.000006023 add_time= 0.000086160
2550 0.000086783 2550 0.000006891 add_time= 0.000110101
2550 0.000061399 2550 0.000005852 add_time= 0.000088655
2550 0.000152254 2550 0.000006403 add_time= 0.000183668
2500 0.000237197 2500 0.000006423 add_time= 0.000258930
2500 0.000049957 2500 0.000005400 add_time= 0.000068459
2750 0.000015502 2750 0.000025505 add_time= 0.000062318
2750 0.000041557 2750 0.000006852 add_time= 0.000063797
2500 0.000029132 2500 0.000006427 add_time= 0.000050590
2750 0.000078339 2750 0.000006634 add_time= 0.000100903
2650 0.000149400 2650 0.000007563 add_time= 0.000173233
2750 0.000078257 2750 0.000007244 add_time= 0.000101105
2600 0.000090088 2600 0.000017765 add_time= 0.000122756
1275 0.000050462 1275 0.000007350 add_time= 0.000069448
2750 0.000058634 2750 0.000006232 add_time= 0.000087031
1250 0.000032056 1250 0.000005022 add_time= 0.000053753
2700 0.000218205 2700 0.000012100 add_time= 0.000245537
2750 0.000064580 2750 0.000005556 add_time= 0.000091084
3025 0.000017402 3025 0.000014258 add_time= 0.000053725
2500 0.000060857 2500 0.000006129 add_time= 0.000091512
2700 0.000032164 2700 0.000005684 add_time= 0.000051087
1375 0.000020512 1375 0.000004817 add_time= 0.000036613
2756 0.000254658 2756 0.000007288 add_time= 0.000277435
2500 0.000043198 2500 0.000005435 add_time= 0.000061804
2750 0.000132298 2750 0.000005465 add_time= 0.000151491
2750 0.000067751 2750 0.000005496 add_time= 0.000086557
2750 0.000044430 2750 0.000005688 add_time= 0.000063498
1250 0.000025682 1250 0.000004745 add_time= 0.000041251
2500 0.000042327 2500 0.000006221 add_time= 0.000063294
2600 0.000034772 2600 0.000005360 add_time= 0.000053303
1250 0.000027894 1250 0.000004965 add_time= 0.000047391
2805 0.000014801 2805 0.000013541 add_time= 0.000050089
1250 0.000086961 1250 0.000004318 add_time= 0.000101684
2500 0.000069644 2500 0.000005285 add_time= 0.000087490
2600 0.000039290 2600 0.000010214 add_time= 0.000081742
2600 0.000091640 2600 0.000007234 add_time= 0.000113858
2500 0.000152319 2500 0.000014433 add_time= 0.000182924
2703 0.000025976 2703 0.000024013 add_time= 0.000066744
2500 0.000204883 2500 0.000007036 add_time= 0.000227039
2600 0.000080924 2600 0.000005664 add_time= 0.000100900
2600 0.000095939 2600 0.000006730 add_time= 0.000123339
2500 0.000105061 2500 0.000006408 add_time= 0.000128796
2500 0.000069493 2500 0.000006760 add_time= 0.000092488
2500 0.000137412 2500 0.000006330 add_time= 0.000160096
3025 0.000007675 3025 0.000015165 add_time= 0.000041140
2550 0.000325123 2550 0.000007357 add_time= 0.000349522
2915 0.000145757 2915 0.000006864 add_time= 0.000177976
2703 0.000146648 2703 0.000006906 add_time= 0.000171145
2600 0.000045122 2600 0.000006285 add_time= 0.000067455
2500 0.000115051 2500 0.000006161 add_time= 0.000137276
2500 0.000032985 2500 0.000005681 add_time= 0.000063882
2550 0.000357174 2550 0.000006992 add_time= 0.000391703
2750 0.000035158 2750 0.000006436 add_time= 0.000058366
2500 0.000517232 2500 0.000007062 add_time= 0.000540972
2650 0.000035133 2650 0.000006074 add_time= 0.000056374
2805 0.000052353 2805 0.000005461 add_time= 0.000071867
2750 0.000026052 2750 0.000021997 add_time= 0.000064639
2601 0.000074235 2601 0.000006733 add_time= 0.000097779
3025 0.000061422 3025 0.000007073 add_time= 0.000086590
2500 0.000030732 2500 0.000006786 add_time= 0.000055736
2860 0.000027494 2860 0.000017327 add_time= 0.000061376
2700 0.000054973 2700 0.000006682 add_time= 0.000078047
3025 0.000007913 3025 0.000017686 add_time= 0.000043205
2600 0.000099858 2600 0.000007148 add_time= 0.000123540
2805 0.000131998 2805 0.000006827 add_time= 0.000155523
2750 0.000168756 2750 0.000006856 add_time= 0.000212970
2650 0.000156194 2650 0.000006433 add_time= 0.000178057
2500 0.000024900 2500 0.000006639 add_time= 0.000047866
2550 0.000237615 2550 0.000007178 add_time= 0.000261590
2750 0.000418993 2750 0.000006906 add_time= 0.000441331
2600 0.000068951 2600 0.000005537 add_time= 0.000088706
2500 0.000041732 2500 0.000007391 add_time= 0.000066434
2808 0.000058731 2808 0.000009320 add_time= 0.000090233
2805 0.000351204 2805 0.000006786 add_time= 0.000375351
2652 0.000006123 2652 0.000020888 add_time= 0.000041145
2500 0.000146929 2500 0.000006986 add_time= 0.000169902
1250 0.000097524 1250 0.000008136 add_time= 0.000125036
2550 0.000092178 2550 0.000006359 add_time= 0.000120490
2704 0.000069737 2704 0.000007865 add_time= 0.000093699
2915 0.000135094 2915 0.000006299 add_time= 0.000155380
2650 0.000206588 2650 0.000005633 add_time= 0.000225038
2550 0.000051018 2550 0.000014789 add_time= 0.000080746
2600 0.000106652 2600 0.000006341 add_time= 0.000126324
1250 0.001991284 1250 0.000006080 add_time= 0.002008641
2650 0.000235320 2650 0.000007459 add_time= 0.000283342
2750 0.000006346 2750 0.000007077 add_time= 0.000038260
3025 0.000014312 3025 0.000008516 add_time= 0.000049926
2601 0.000093330 2601 0.000025208 add_time= 0.000148109
2750 0.000044026 2750 0.000007650 add_time= 0.000078429
2750 0.000007084 2750 0.000012980 add_time= 0.000043073
2600 0.000094434 2600 0.000007492 add_time= 0.000132060
2600 0.000283763 2600 0.000006559 add_time= 0.000313611
2805 0.000050068 2805 0.000006597 add_time= 0.000072158
2550 0.000124175 2550 0.000007480 add_time= 0.000146554
2652 0.000117735 2652 0.000006916 add_time= 0.000139825
2500 0.000077857 2500 0.000006889 add_time= 0.000099581
2700 0.000179200 2700 0.000007219 add_time= 0.000201719
2500 0.000268499 2500 0.000006949 add_time= 0.000290916
2805 0.000061718 2805 0.000006824 add_time= 0.000084643
2550 0.000102542 2550 0.000007177 add_time= 0.000136035
2500 0.000070862 2500 0.000006900 add_time= 0.000093214
2700 0.000062893 2700 0.000006325 add_time= 0.000084208
1250 0.000242272 1250 0.000013183 add_time= 0.000268751
2915 0.000281843 2915 0.000007592 add_time= 0.000305588
2860 0.000067743 2860 0.000018358 add_time= 0.000102443
2750 0.000092085 2750 0.000007437 add_time= 0.000115032
2550 0.000017949 2550 0.000025744 add_time= 0.000058819
2754 0.000086632 2754 0.000006433 add_time= 0.000108265
2500 0.000130922 2500 0.000006527 add_time= 0.000152946
2650 0.000122889 2650 0.000007207 add_time= 0.000146193
2500 0.000143736 2500 0.000015123 add_time= 0.000173953
2500 0.000076696 2500 0.000006337 add_time= 0.000098529
2500 0.000053997 2500 0.000006993 add_time= 0.000087501
2550 0.000071981 2550 0.000006304 add_time= 0.000092121
1250 0.000098284 1250 0.000005545 add_time= 0.000118317
625 0.000090424 625 0.000006004 add_time= 0.000134602
2500 0.000148450 2500 0.000006400 add_time= 0.000170778
1300 0.000065301 1300 0.000005544 add_time= 0.000082210
1250 0.000114489 1250 0.000005426 add_time= 0.000131335
2750 0.000019996 2750 0.000025317 add_time= 0.000061523
2550 0.000071894 2550 0.000006916 add_time= 0.000093990
2600 0.000085765 2600 0.000009021 add_time= 0.000111002
2500 0.000048857 2500 0.000006688 add_time= 0.000070411
2600 0.000055617 2600 0.000006294 add_time= 0.000076516
2750 0.000193385 2750 0.000006606 add_time= 0.000215328
3025 0.000018859 3025 0.000018604 add_time= 0.000053586
2601 0.000117464 2601 0.000007300 add_time= 0.000140116
2750 0.000093850 2750 0.000010025 add_time= 0.000119647
1250 0.000110719 1250 0.000012573 add_time= 0.000136788
1250 0.000298774 1250 0.000006245 add_time= 0.000317894
3025 0.000129894 3025 0.000006874 add_time= 0.000152318
2750 0.000048879 2750 0.000006834 add_time= 0.000069585
2652 0.000015241 2652 0.000015152 add_time= 0.000044406
1275 0.000058671 1275 0.000006564 add_time= 0.000078307
2805 0.000079431 2805 0.000007379 add_time= 0.000103154
2750 0.000100038 2750 0.000008113 add_time= 0.000139357
2600 0.000252646 2600 0.000006125 add_time= 0.000276110
2750 0.000082040 2750 0.000006480 add_time= 0.000115524
2805 0.000054322 2805 0.000006887 add_time= 0.000078531
2750 0.000120022 2750 0.000006394 add_time= 0.000142808
1250 0.000092602 1250 0.000009742 add_time= 0.000119311
2650 0.000360629 2650 0.000006997 add_time= 0.000385033
2750 0.000231640 2750 0.000009793 add_time= 0.000257751
1250 0.000438482 1250 0.000006201 add_time= 0.000459034
2550 0.000036925 2550 0.000006261 add_time= 0.000059418
2750 0.000100665 2750 0.000007794 add_time= 0.000133805
2550 0.000154916 2550 0.000006412 add_time= 0.000178019
2652 0.000188632 2652 0.000005730 add_time= 0.000209227
2750 0.000248548 2750 0.000006685 add_time= 0.000271175
2550 0.000027983 2550 0.000006054 add_time= 0.000057181
2550 0.000105966 2550 0.000008051 add_time= 0.000127397
2500 0.000073083 2500 0.000006922 add_time= 0.000106424
2500 0.000059757 2500 0.000005663 add_time= 0.000084488
2500 0.000038322 2500 0.000006142 add_time= 0.000060227
2600 0.000025444 2600 0.000005716 add_time= 0.000046111
1250 0.000071938 1250 0.000007089 add_time= 0.000091081
2550 0.000018473 2550 0.000021842 add_time= 0.000056268
2700 0.000125022 2700 0.000006229 add_time= 0.000148052
1250 0.000076373 1250 0.000005724 add_time= 0.000106755
2650 0.000224743 2650 0.000006320 add_time= 0.000246982
2750 0.000065511 2750 0.000005681 add_time= 0.000085970
2750 0.000007217 2750 0.000014958 add_time= 0.000038578
2862 0.000098226 2862 0.000010431 add_time= 0.000125961
2500 0.000167165 2500 0.000007477 add_time= 0.000208291
1300 0.000060969 1300 0.000005656 add_time= 0.000083312
2750 0.000129259 2750 0.000006742 add_time= 0.000167419
2750 0.000026780 2750 0.000025196 add_time= 0.000067978
2652 0.000036330 2652 0.000018354 add_time= 0.000070559
2550 0.000077149 2550 0.000009593 add_time= 0.000108505
2500 0.000107822 2500 0.000006722 add_time= 0.000132286
2600 0.000084002 2600 0.000007219 add_time= 0.000107182
2805 0.000066374 2805 0.000006934 add_time= 0.000090714
2500 0.000113288 2500 0.000005802 add_time= 0.000134580
2601 0.000005851 2601 0.000025043 add_time= 0.000045065
2500 0.000043920 2500 0.000006432 add_time= 0.000066835
2500 0.000043978 2500 0.000007122 add_time= 0.000067267
2500 0.000166508 2500 0.000006810 add_time= 0.000196293
2550 0.000148500 2550 0.000005840 add_time= 0.000168892
2500 0.000098247 2500 0.000027749 add_time= 0.000143257
2652 0.000069144 2652 0.000006227 add_time= 0.000112979
2700 0.000043389 2700 0.000007090 add_time= 0.000067594
1250 0.000054284 1250 0.000005485 add_time= 0.000081844
2862 0.000154558 2862 0.000008511 add_time= 0.000206196
2750 0.000080771 2750 0.000007867 add_time= 0.000116766
2500 0.000030335 2500 0.000007235 add_time= 0.000073177
2550 0.000052261 2550 0.000007236 add_time= 0.000095586
2808 0.000126287 2808 0.000007813 add_time= 0.000164533
2700 0.000041916 2700 0.000014984 add_time= 0.000089793
2750 0.000596541 2750 0.000006452 add_time= 0.000619216
2500 0.000104241 2500 0.000006048 add_time= 0.000126262
2500 0.000105408 2500 0.000006036 add_time= 0.000135778
2550 0.000072091 2550 0.000006186 add_time= 0.000102856
2550 0.000052455 2550 0.000008534 add_time= 0.000075311
2700 0.000044847 2700 0.000006689 add_time= 0.000073695
1250 0.000057868 1250 0.000005302 add_time= 0.000078096
2600 0.000090846 2600 0.000006601 add_time= 0.000113158
2860 0.000036638 2860 0.000006268 add_time= 0.000058405
3025 0.000046613 3025 0.000006587 add_time= 0.000068613
2915 0.000016106 2915 0.000014283 add_time= 0.000043517
2550 0.000042596 2550 0.000006339 add_time= 0.000062436
2754 0.000042579 2754 0.000006477 add_time= 0.000072342
2500 0.000162106 2500 0.000006439 add_time= 0.000183797
2860 0.000175159 2860 0.000010113 add_time= 0.000201139
1250 0.000049785 1250 0.000006012 add_time= 0.000069437
2601 0.000035923 2601 0.000013247 add_time= 0.000064476
2500 0.000079947 2500 0.000006467 add_time= 0.000101801
2750 0.000052332 2750 0.000006927 add_time= 0.000083539
1250 0.000036673 1250 0.000005471 add_time= 0.000055570
2860 0.000052811 2860 0.000005822 add_time= 0.000077139
2600 0.000143384 2600 0.000006355 add_time= 0.000165245
2550 0.000044415 2550 0.000008749 add_time= 0.000075890
2550 0.000096708 2550 0.000006070 add_time= 0.000117767
2750 0.000032972 2750 0.000008636 add_time= 0.000057745
2600 0.000040596 2600 0.000006143 add_time= 0.000062096
2750 0.000081517 2750 0.000006348 add_time= 0.000103177
2750 0.000026316 2750 0.000006104 add_time= 0.000052671
2700 0.000066578 2700 0.000006252 add_time= 0.000095453
1250 0.000097053 1250 0.000005388 add_time= 0.000115874
2750 0.000064870 2750 0.000009401 add_time= 0.000089812
2550 0.000054476 2550 0.000005900 add_time= 0.000074044
3025 0.000016317 3025 0.000014867 add_time= 0.000047027
2550 0.000037990 2550 0.000011112 add_time= 0.000064497
2805 0.000029590 2805 0.000006445 add_time= 0.000051752
2500 0.000205838 2500 0.000013990 add_time= 0.000236025
2600 0.000053376 2600 0.000005745 add_time= 0.000072919
2750 0.000029345 2750 0.000006105 add_time= 0.000050499
2750 0.000113475 2750 0.000013254 add_time= 0.000140563
2500 0.000072044 2500 0.000006667 add_time= 0.000097597
2650 0.000076173 2650 0.000010235 add_time= 0.000102331
2500 0.000045716 2500 0.000006485 add_time= 0.000068086
2808 0.000039733 2808 0.000005765 add_time= 0.000059506
3025 0.000052736 3025 0.000005849 add_time= 0.000072600
2500 0.000070998 2500 0.000006154 add_time= 0.000092175
3025 0.000016704 3025 0.000019483 add_time= 0.000050043
2805 0.000041088 2805 0.000006877 add_time= 0.000063998
1250 0.000062632 1250 0.000005874 add_time= 0.000081992
2750 0.000044378 2750 0.000007742 add_time= 0.000073502
2600 0.000053713 2600 0.000007482 add_time= 0.000092882
2500 0.000099355 2500 0.000005748 add_time= 0.000122032
2750 0.000018019 2750 0.000016663 add_time= 0.000051606
2652 0.000092351 2652 0.000013201 add_time= 0.000121970
1250 0.000210053 1250 0.000004932 add_time= 0.000230408
2700 0.000075214 2700 0.000006421 add_time= 0.000098547
2500 0.000119466 2500 0.000005935 add_time= 0.000141483
2550 0.000082074 2550 0.000005475 add_time= 0.000101563
2550 0.000007610 2550 0.000024512 add_time= 0.000066034
2500 0.000232797 2500 0.000006247 add_time= 0.000261768
2700 0.000321439 2700 0.000005774 add_time= 0.000342031
2500 0.000160463 2500 0.000005808 add_time= 0.000182493
2805 0.000036583 2805 0.000006345 add_time= 0.000059010
2750 0.000072667 2750 0.000005874 add_time= 0.000092999
1250 0.000005506 1250 0.000014480 add_time= 0.000040612
2652 0.000047388 2652 0.000006533 add_time= 0.000078945
2500 0.000175823 2500 0.000006435 add_time= 0.000198117
2756 0.000070893 2756 0.000018063 add_time= 0.000106121
2860 0.000092345 2860 0.000014406 add_time= 0.000122982
2970 0.000030267 2970 0.000018160 add_time= 0.000063802
1250 0.000005371 1250 0.000009003 add_time= 0.000027838
2805 0.000077830 2805 0.000006341 add_time= 0.000100620
2970 0.000128582 2970 0.000006087 add_time= 0.000154797
1375 0.000060969 1375 0.000006357 add_time= 0.000093461
2750 0.000167650 2750 0.000006466 add_time= 0.000190649
2860 0.000072928 2860 0.000006851 add_time= 0.000107694
2500 0.000087176 2500 0.000006510 add_time= 0.000114364
2601 0.000046485 2601 0.000006539 add_time= 0.000069112
2500 0.000184114 2500 0.000006502 add_time= 0.000206671
2500 0.000044183 2500 0.000006462 add_time= 0.000064694
2500 0.000517681 2500 0.000006849 add_time= 0.000561818
2600 0.000054853 2600 0.000010001 add_time= 0.000082007
2500 0.000288314 2500 0.000007027 add_time= 0.000321938
2550 0.000255971 2550 0.000006239 add_time= 0.000277444
2601 0.000422448 2601 0.000019004 add_time= 0.000458316
2500 0.000054948 2500 0.000006335 add_time= 0.000078052
2500 0.000143029 2500 0.000006741 add_time= 0.000167022
2756 0.000272796 2756 0.000014759 add_time= 0.000305049
2805 0.000124706 2805 0.000007357 add_time= 0.000148837
2500 0.000063574 2500 0.000006413 add_time= 0.000098232
1250 0.000191677 1250 0.000005094 add_time= 0.000215746
2500 0.000049267 2500 0.000008230 add_time= 0.000079751
2500 0.000217953 2500 0.000006517 add_time= 0.000248469
2600 0.000127161 2600 0.000006449 add_time= 0.000149275
2750 0.000014544 2750 0.000024065 add_time= 0.000052870
2652 0.000052584 2652 0.000007144 add_time= 0.000075828
2700 0.000059286 2700 0.000005891 add_time= 0.000079343
2550 0.000178723 2550 0.000005725 add_time= 0.000198232
2500 0.000136652 2500 0.000009120 add_time= 0.000184447
2600 0.000077784 2600 0.000008032 add_time= 0.000113241
2500 0.000113570 2500 0.000007015 add_time= 0.000151414
2750 0.000029766 2750 0.000007885 add_time= 0.000064400
2500 0.000029280 2500 0.000007866 add_time= 0.000070291
2500 0.000024192 2500 0.000008217 add_time= 0.000057756
2650 0.000189713 2650 0.000006809 add_time= 0.000218077
2756 0.000054089 2756 0.000006549 add_time= 0.000084016
2750 0.000048847 2750 0.000006697 add_time= 0.000071696
2652 0.000007935 2652 0.000088444 add_time= 0.000113829
2700 0.000027938 2700 0.000006599 add_time= 0.000051641
1250 0.000222127 1250 0.000005956 add_time= 0.000243090
2750 0.000090752 2750 0.000007193 add_time= 0.000114929
2600 0.000204688 2600 0.000006495 add_time= 0.000226043
2860 0.000094009 2860 0.000005634 add_time= 0.000113085
2550 0.000068146 2550 0.000021545 add_time= 0.000104256
2750 0.000016100 2750 0.000013545 add_time= 0.000044922
2750 0.000031234 2750 0.000006526 add_time= 0.000050956
2601 0.000067266 2601 0.000006077 add_time= 0.000092490
2750 0.000062653 2750 0.000007038 add_time= 0.000085287
2500 0.000241726 2500 0.000006658 add_time= 0.000273835
2650 0.000106752 2650 0.000006841 add_time= 0.000128958
2750 0.000084623 2750 0.000006577 add_time= 0.000106853
2500 0.000022994 2500 0.000006774 add_time= 0.000053080
2700 0.000103751 2700 0.000006561 add_time= 0.000125218
1275 0.000038018 1275 0.000005713 add_time= 0.000055928
2500 0.000309223 2500 0.000007169 add_time= 0.000340370
2808 0.000064646 2808 0.000010385 add_time= 0.000090348
2500 0.000064106 2500 0.000006341 add_time= 0.000085291
1250 0.000020676 1250 0.000119604 add_time= 0.000151224
2754 0.000017409 2754 0.000022342 add_time= 0.000053406
2970 0.000188158 2970 0.000006748 add_time= 0.000210734
2756 0.000158646 2756 0.000007328 add_time= 0.000190110
2500 0.000114683 2500 0.000006170 add_time= 0.000146698
2500 0.000035230 2500 0.000013410 add_time= 0.000064172
2550 0.000013575 2550 0.000012468 add_time= 0.000039294
2652 0.000060440 2652 0.000006258 add_time= 0.000079972
2500 0.000127892 2500 0.000005761 add_time= 0.000146150
2750 0.000075607 2750 0.000005791 add_time= 0.000094649
2703 0.000343339 2703 0.000007170 add_time= 0.000366635
2704 0.000035807 2704 0.000005952 add_time= 0.000067214
2805 0.000260935 2805 0.000008536 add_time= 0.000285330
2601 0.000016162 2601 0.000013797 add_time= 0.000056389
2805 0.000036831 2805 0.000005935 add_time= 0.000057046
2750 0.000168972 2750 0.000006580 add_time= 0.000190674
2650 0.000168082 2650 0.000006913 add_time= 0.000191058
2500 0.000117472 2500 0.000010922 add_time= 0.000143372
2500 0.000081212 2500 0.000006424 add_time= 0.000102795
2750 0.000036332 2750 0.000006821 add_time= 0.000063555
2700 0.000068438 2700 0.000006654 add_time= 0.000090499
1250 0.000023602 1250 0.000005887 add_time= 0.000042415
2915 0.000101006 2915 0.000006512 add_time= 0.000123559
2704 0.000029864 2704 0.000006367 add_time= 0.000051647
2750 0.000125694 2750 0.000006452 add_time= 0.000147532
2500 0.000014610 2500 0.000012324 add_time= 0.000039904
2550 0.000013670 2550 0.000012063 add_time= 0.000038638
2601 0.000112110 2601 0.000006097 add_time= 0.000131385
2750 0.000063965 2750 0.000006555 add_time= 0.000085745
2750 0.000058404 2750 0.000006740 add_time= 0.000081049
2500 0.000037339 2500 0.000005720 add_time= 0.000056740
2500 0.000060050 2500 0.000006029 add_time= 0.000087947
2750 0.000040056 2750 0.000006498 add_time= 0.000061919
2500 0.000136730 2500 0.000006975 add_time= 0.000158819
2550 0.000040102 2550 0.000006707 add_time= 0.000070241
2500 0.000068344 2500 0.000006641 add_time= 0.000103582
2550 0.000025624 2550 0.000015198 add_time= 0.000065564
2754 0.000027127 2754 0.000020954 add_time= 0.000063990
2808 0.000339532 2808 0.000010760 add_time= 0.000367313
2750 0.000058939 2750 0.000009110 add_time= 0.000083827
2550 0.000355187 2550 0.000008310 add_time= 0.000381182
2600 0.000030488 2600 0.000006599 add_time= 0.000056352
2500 0.000022073 2500 0.000005683 add_time= 0.000042226
2550 0.000062222 2550 0.000005890 add_time= 0.000082659
2600 0.000120661 2600 0.000006633 add_time= 0.000143846
2500 0.000180068 2500 0.000006563 add_time= 0.000203213
2550 0.000087989 2550 0.000013319 add_time= 0.000118488
2750 0.000055683 2750 0.000006239 add_time= 0.000077546
2550 0.000173973 2550 0.000006608 add_time= 0.000197264
2500 0.000106021 2500 0.000005973 add_time= 0.000126426
1250 0.000038794 1250 0.000012698 add_time= 0.000065413
2500 0.000322744 2500 0.000006588 add_time= 0.000346323
2500 0.000107015 2500 0.000006244 add_time= 0.000129154
2550 0.000007143 2550 0.000021528 add_time= 0.000044350
2550 0.000194518 2550 0.000006614 add_time= 0.000217131
2970 0.000100861 2970 0.000006485 add_time= 0.000123095
2750 0.000232513 2750 0.000006939 add_time= 0.000275920
2500 0.000265434 2500 0.000007396 add_time= 0.000288919
2750 0.000015320 2750 0.000014956 add_time= 0.000046317
2601 0.000051331 2601 0.000006524 add_time= 0.000084281
1250 0.000047301 1250 0.000006029 add_time= 0.000067223
2650 0.000147028 2650 0.000008702 add_time= 0.000186178
1300 0.000042540 1300 0.000005305 add_time= 0.000078543
2750 0.000152528 2750 0.000005848 add_time= 0.000173402
2703 0.000006228 2703 0.000013611 add_time= 0.000034949
2550 0.000053263 2550 0.000006782 add_time= 0.000077820
2600 0.000140775 2600 0.000005632 add_time= 0.000161403
2915 0.000234647 2915 0.000006749 add_time= 0.000259601
2650 0.000113502 2650 0.000006027 add_time= 0.000134595
2500 0.000021176 2500 0.000006170 add_time= 0.000042825
2550 0.000040700 2550 0.000006789 add_time= 0.000071810
2700 0.000065695 2700 0.000006751 add_time= 0.000088775
1250 0.000035224 1250 0.000005438 add_time= 0.000053272
2500 0.000247129 2500 0.000007284 add_time= 0.000313172
2750 0.000079045 2750 0.000006730 add_time= 0.000115439
2750 0.000007915 2750 0.000098161 add_time= 0.000136462
2550 0.000095574 2550 0.000006439 add_time= 0.000140492
2750 0.000031345 2750 0.000006651 add_time= 0.000067231
2500 0.000044226 2500 0.000008266 add_time= 0.000111428
2750 0.000007056 2750 0.000010040 add_time= 0.000063847
2550 0.000007217 2550 0.000008268 add_time= 0.000070613
2750 0.000052717 2750 0.000037028 add_time= 0.000133740
2550 0.000039260 2550 0.000007008 add_time= 0.000088609
2700 0.000022719 2700 0.000007126 add_time= 0.000073247
1250 0.000024702 1250 0.000008233 add_time= 0.000088968
2750 0.000160809 2750 0.000006297 add_time= 0.000215900
2805 0.000119827 2805 0.000006185 add_time= 0.000158780
2750 0.000016535 2750 0.000022717 add_time= 0.000065723
2550 0.000079039 2550 0.000007049 add_time= 0.000131279
3025 0.000034170 3025 0.000006464 add_time= 0.000073927
2750 0.000323324 2750 0.000007105 add_time= 0.000346978
2652 0.000089857 2652 0.000007129 add_time= 0.000123451
2600 0.000055105 2600 0.000006628 add_time= 0.000076844
2550 0.000015891 2550 0.000013477 add_time= 0.000052239
2500 0.000122286 2500 0.000006935 add_time= 0.000144241
1250 0.000045970 1250 0.000006094 add_time= 0.000064792
2500 0.000184144 2500 0.000005983 add_time= 0.000206665
2600 0.000024192 2600 0.000005550 add_time= 0.000042493
2750 0.000082065 2750 0.000006505 add_time= 0.000104168
3025 0.000016193 3025 0.000034317 add_time= 0.000064517
1275 0.000102182 1275 0.000005747 add_time= 0.000120461
2750 0.000081342 2750 0.000006448 add_time= 0.000103475
2500 0.000317493 2500 0.000006002 add_time= 0.000338110
2704 0.000052764 2704 0.000005641 add_time= 0.000076478
2750 0.000047562 2750 0.000005475 add_time= 0.000066609
2750 0.000043887 2750 0.000006489 add_time= 0.000066037
2703 0.000053516 2703 0.000017977 add_time= 0.000087185
2700 0.000032787 2700 0.000006644 add_time= 0.000055487
2750 0.000061140 2750 0.000006318 add_time= 0.000082558
2500 0.000219363 2500 0.000006562 add_time= 0.000244619
1300 0.000040193 1300 0.000004962 add_time= 0.000056935
2500 0.000033758 2500 0.000011785 add_time= 0.000060787
2500 0.000143176 2500 0.000006406 add_time= 0.000165079
2700 0.000060615 2700 0.000008113 add_time= 0.000084061
2750 0.000121841 2750 0.000008569 add_time= 0.000146154
2756 0.000055371 2756 0.000005719 add_time= 0.000082219
2805 0.000078664 2805 0.000006348 add_time= 0.000108027
1250 0.000032779 1250 0.000004841 add_time= 0.000048811
2500 0.000033916 2500 0.000006300 add_time= 0.000055280
2916 0.000093424 2916 0.000007269 add_time= 0.000116760
1375 0.000056635 1375 0.000005677 add_time= 0.000075461
2500 0.000261477 2500 0.000006676 add_time= 0.000283697
2970 0.000057868 2970 0.000006530 add_time= 0.000080809
1250 0.000013706 1250 0.000008415 add_time= 0.000035182
2805 0.000018149 2805 0.000021236 add_time= 0.000053053
2652 0.000044218 2652 0.000006265 add_time= 0.000064359
2550 0.000049502 2550 0.000011577 add_time= 0.000076318
2750 0.000220397 2750 0.000006689 add_time= 0.000243430
2750 0.000042878 2750 0.000006314 add_time= 0.000064597
2550 0.000025181 2550 0.000017057 add_time= 0.000058170
2652 0.000046517 2652 0.000005949 add_time= 0.000066676
2500 0.000059900 2500 0.000006507 add_time= 0.000080670
2550 0.000219534 2550 0.000006832 add_time= 0.000242615
1375 0.000087791 1375 0.000005801 add_time= 0.000106759
1250 0.000013187 1250 0.000008275 add_time= 0.000034543
2601 0.000013931 2601 0.000040572 add_time= 0.000068680
2652 0.000038401 2652 0.000006408 add_time= 0.000058590
2750 0.000065795 2750 0.000005748 add_time= 0.000094014
2750 0.000035458 2750 0.000006275 add_time= 0.000057427
2600 0.000052346 2600 0.000005715 add_time= 0.000072162
2805 0.000065806 2805 0.000006104 add_time= 0.000094711
1375 0.000012607 1375 0.000008330 add_time= 0.000032519
2500 0.000093451 2500 0.000005739 add_time= 0.000118745
2550 0.000036454 2550 0.000005749 add_time= 0.000063705
2809 0.000503141 2809 0.000006581 add_time= 0.000533815
2550 0.000075699 2550 0.000006268 add_time= 0.000098313
2500 0.000040509 2500 0.000006354 add_time= 0.000064551
2652 0.000018633 2652 0.000027000 add_time= 0.000062338
2601 0.000059887 2601 0.000007088 add_time= 0.000083473
2750 0.000114847 2750 0.000007389 add_time= 0.000139117
1250 0.000471168 1250 0.000007161 add_time= 0.000492220
2860 0.000317112 2860 0.000007310 add_time= 0.000341977
3025 0.000037668 3025 0.000009356 add_time= 0.000069677
2550 0.000194035 2550 0.000006713 add_time= 0.000226509
2500 0.000130798 2500 0.000006665 add_time= 0.000153634
2650 0.000116815 2650 0.000007037 add_time= 0.000141644
2860 0.000066848 2860 0.000008893 add_time= 0.000102158
2650 0.000078140 2650 0.000013371 add_time= 0.000108341
2550 0.000005896 2550 0.000021699 add_time= 0.000050821
2550 0.000059395 2550 0.000027153 add_time= 0.000102687
2750 0.000073511 2750 0.000006140 add_time= 0.000095029
2650 0.000477236 2650 0.000007314 add_time= 0.000502181
2750 0.000104362 2750 0.000006515 add_time= 0.000127674
2600 0.000063518 2600 0.000006993 add_time= 0.000095641
2550 0.000007958 2550 0.000029215 add_time= 0.000054119
2862 0.000111495 2862 0.000012497 add_time= 0.000140591
1250 0.000039574 1250 0.000006387 add_time= 0.000059841
2550 0.000042547 2550 0.000007738 add_time= 0.000069126
2860 0.000047752 2860 0.000006672 add_time= 0.000071354
2970 0.000054868 2970 0.000007324 add_time= 0.000080753
2750 0.000090910 2750 0.000006868 add_time= 0.000114571
2700 0.000097673 2700 0.000006893 add_time= 0.000129754
1375 0.000112899 1375 0.000005844 add_time= 0.000131098
2915 0.000111518 2915 0.000006898 add_time= 0.000148863
2915 0.000035621 2915 0.000006728 add_time= 0.000058274
2750 0.000007195 2750 0.000013989 add_time= 0.000036852
2650 0.000148824 2650 0.000006692 add_time= 0.000180716
2600 0.000084828 2600 0.000006873 add_time= 0.000108177
2704 0.000301989 2704 0.000009081 add_time= 0.000339807
2500 0.000066571 2500 0.000006575 add_time= 0.000089172
2550 0.000100781 2550 0.000006516 add_time= 0.000123064
2550 0.000324950 2550 0.000009700 add_time= 0.000356731
3025 0.000111268 3025 0.000007250 add_time= 0.000135851
2500 0.000094744 2500 0.000006385 add_time= 0.000119648
2500 0.000044375 2500 0.000005717 add_time= 0.000064790
2750 0.000051328 2750 0.000005483 add_time= 0.000069234
2750 0.000090624 2750 0.000007209 add_time= 0.000122566
2750 0.000053029 2750 0.000006367 add_time= 0.000081423
2500 0.000049440 2500 0.000008317 add_time= 0.000094760
2750 0.000026186 2750 0.000008216 add_time= 0.000072180
2750 0.000030153 2750 0.000024535 add_time= 0.000086895
2550 0.000022465 2550 0.000008217 add_time= 0.000062310
2805 0.000034721 2805 0.000008481 add_time= 0.000070229
2650 0.000256955 2650 0.000005987 add_time= 0.000278554
2600 0.000119330 2600 0.000028311 add_time= 0.000162571
2915 0.000072882 2915 0.000005564 add_time= 0.000092962
2805 0.000031818 2805 0.000005508 add_time= 0.000058296
2500 0.000047211 2500 0.000006139 add_time= 0.000068253
2550 0.000091451 2550 0.000009830 add_time= 0.000120487
2808 0.000035930 2808 0.000007730 add_time= 0.000072812
2750 0.000028792 2750 0.000006485 add_time= 0.000052204
2550 0.000033571 2550 0.000005899 add_time= 0.000063250
2550 0.000023962 2550 0.000028899 add_time= 0.000076251
2700 0.000059750 2700 0.000006626 add_time= 0.000083300
2500 0.000039414 2500 0.000006768 add_time= 0.000062602
2750 0.000134919 2750 0.000006624 add_time= 0.000163326
2500 0.000073016 2500 0.000006410 add_time= 0.000103856
3025 0.000006997 3025 0.000023741 add_time= 0.000048248
2601 0.000055361 2601 0.000006538 add_time= 0.000078776
2500 0.000070403 2500 0.000006052 add_time= 0.000091572
2500 0.000073005 2500 0.000005417 add_time= 0.000112079
625 0.000050823 625 0.000005772 add_time= 0.000070017
2500 0.000310205 2500 0.000006626 add_time= 0.000334602
2600 0.000086603 2600 0.000006476 add_time= 0.000109379
2750 0.000041817 2750 0.000006368 add_time= 0.000062927
2500 0.000058634 2500 0.000006295 add_time= 0.000080875
2754 0.000052401 2754 0.000005908 add_time= 0.000073480
2550 0.000240906 2550 0.000006729 add_time= 0.000265177
2550 0.000129451 2550 0.000014719 add_time= 0.000160446
2652 0.000020941 2652 0.000016091 add_time= 0.000054132
2750 0.000087856 2750 0.000007505 add_time= 0.000111960
3025 0.000077963 3025 0.000007101 add_time= 0.000103549
2500 0.000221006 2500 0.000006537 add_time= 0.000244797
3025 0.000074726 3025 0.000007171 add_time= 0.000100182
2500 0.000033111 2500 0.000006161 add_time= 0.000055262
2601 0.000114336 2601 0.000006449 add_time= 0.000144172
2750 0.000078854 2750 0.000006385 add_time= 0.000102366
2600 0.000181663 2600 0.000006873 add_time= 0.000214914
2500 0.000157395 2500 0.000007442 add_time= 0.000180301
2550 0.000028166 2550 0.000014790 add_time= 0.000058183
2700 0.000060891 2700 0.000006582 add_time= 0.000083259
1375 0.000039497 1375 0.000005930 add_time= 0.000058804
2600 0.000095827 2600 0.000006892 add_time= 0.000119522
2652 0.000107344 2652 0.000006481 add_time= 0.000129460
2650 0.000057760 2650 0.000011085 add_time= 0.000084355
2601 0.000081435 2601 0.000006692 add_time= 0.000103517
2750 0.000124521 2750 0.000006434 add_time= 0.000146851
2750 0.000094993 2750 0.000005884 add_time= 0.000114601
2750 0.000298371 2750 0.000008104 add_time= 0.000334692
3025 0.000169317 3025 0.000018357 add_time= 0.000205004
1250 0.000005495 1250 0.000080565 add_time= 0.000099213
2805 0.000058470 2805 0.000006856 add_time= 0.000079905
2600 0.000302563 2600 0.000017462 add_time= 0.000333497
2600 0.000100927 2600 0.000006656 add_time= 0.000130082
2550 0.000245459 2550 0.000014226 add_time= 0.000275246
2650 0.000040489 2650 0.000006642 add_time= 0.000063210
2915 0.000015756 2915 0.000013998 add_time= 0.000045143
2550 0.000013078 2550 0.000012225 add_time= 0.000038979
1275 0.000192634 1275 0.000005133 add_time= 0.000209029
1300 0.000087511 1300 0.000004817 add_time= 0.000103781
2652 0.000249891 2652 0.000006429 add_time= 0.000276888
2808 0.000055992 2808 0.000006140 add_time= 0.000076961
2600 0.000078776 2600 0.000014251 add_time= 0.000107421
2601 0.000015636 2601 0.000013291 add_time= 0.000042104
2750 0.000204380 2750 0.000006161 add_time= 0.000225551
2500 0.000108923 2500 0.000007728 add_time= 0.000130540
2500 0.000460785 2500 0.000009861 add_time= 0.000499313
2600 0.000266169 2600 0.000007223 add_time= 0.000289984
1250 0.000104098 1250 0.000006625 add_time= 0.000123990
2550 0.000091031 2550 0.000007360 add_time= 0.000115063
2652 0.000116638 2652 0.000014380 add_time= 0.000146401
2970 0.000042289 2970 0.000005966 add_time= 0.000062838
2500 0.000079649 2500 0.000017387 add_time= 0.000112775
2860 0.000139477 2860 0.000006407 add_time= 0.000174346
2750 0.000178164 2750 0.000006588 add_time= 0.000209152
2805 0.000009385 2805 0.000031584 add_time= 0.000055671
1275 0.000064503 1275 0.000005946 add_time= 0.000091623
1250 0.000107966 1250 0.000005869 add_time= 0.000127627
2750 0.000355080 2750 0.000006263 add_time= 0.000378987
2600 0.000107627 2600 0.000006351 add_time= 0.000144020
2750 0.000027394 2750 0.000005626 add_time= 0.000058411
3025 0.000007214 3025 0.000034737 add_time= 0.000058725
2550 0.000076173 2550 0.000006782 add_time= 0.000098584
2750 0.000055781 2750 0.000006940 add_time= 0.000079591
2500 0.000235738 2500 0.000019072 add_time= 0.000280847
2600 0.000121962 2600 0.000006551 add_time= 0.000149702
2805 0.000007222 2805 0.000019664 add_time= 0.000042820
2550 0.000228703 2550 0.000010823 add_time= 0.000255975
2860 0.000087927 2860 0.000008822 add_time= 0.000111289
2500 0.000128203 2500 0.000018033 add_time= 0.000163125
2750 0.000240648 2750 0.000005922 add_time= 0.000265899
2600 0.000037396 2600 0.000005841 add_time= 0.000058738
2550 0.000074525 2550 0.000006112 add_time= 0.000102582
2550 0.000081790 2550 0.000005531 add_time= 0.000109268
2805 0.000081309 2805 0.000010958 add_time= 0.000107928
2600 0.000218682 2600 0.000007189 add_time= 0.000257580
2550 0.000229332 2550 0.000009441 add_time= 0.000254348
2500 0.000077767 2500 0.000006935 add_time= 0.000100031
2600 0.000062785 2600 0.000006563 add_time= 0.000084933
2808 0.000351338 2808 0.000006745 add_time= 0.000374796
2650 0.000146361 2650 0.000006454 add_time= 0.000170207
2500 0.000216509 2500 0.000006675 add_time= 0.000238856
2750 0.000047191 2750 0.000009262 add_time= 0.000071124
2805 0.000059079 2805 0.000010279 add_time= 0.000095335
2750 0.000195729 2750 0.000006555 add_time= 0.000218779
2750 0.000058813 2750 0.000006613 add_time= 0.000087095
2500 0.000254867 2500 0.000015224 add_time= 0.000287146
2500 0.000183728 2500 0.000006917 add_time= 0.000206303
2600 0.000039920 2600 0.000006104 add_time= 0.000060683
2500 0.000076542 2500 0.000005830 add_time= 0.000095736
2700 0.000070667 2700 0.000006194 add_time= 0.000090815
2500 0.000036776 2500 0.000009509 add_time= 0.000089572
2500 0.000043968 2500 0.000008609 add_time= 0.000087938
2750 0.000048206 2750 0.000007732 add_time= 0.000086238
2750 0.000036902 2750 0.000036856 add_time= 0.000102469
2550 0.000060962 2550 0.000007775 add_time= 0.000093869
3025 0.000026632 3025 0.000007542 add_time= 0.000074318
1250 0.000036754 1250 0.000007777 add_time= 0.000071333
2650 0.000139617 2650 0.000008138 add_time= 0.000174325
2808 0.000084679 2808 0.000006536 add_time= 0.000109184
2500 0.000060458 2500 0.000007712 add_time= 0.000084758
2860 0.000007838 2860 0.000028658 add_time= 0.000054285
2754 0.000092532 2754 0.000013795 add_time= 0.000122604
1250 0.000034346 1250 0.000005842 add_time= 0.000054079
1250 0.000053644 1250 0.000006619 add_time= 0.000073685
2600 0.000070124 2600 0.000006605 add_time= 0.000091459
2600 0.000063895 2600 0.000006503 add_time= 0.000087192
2805 0.000134556 2805 0.000006951 add_time= 0.000157395
2750 0.000157613 2750 0.000012074 add_time= 0.000185234
1300 0.000166984 1300 0.000005107 add_time= 0.000183656
2550 0.000306960 2550 0.000007075 add_time= 0.000329646
2805 0.000050383 2805 0.000006222 add_time= 0.000071996
2750 0.000029159 2750 0.000006066 add_time= 0.000049239
2550 0.000027627 2550 0.000021656 add_time= 0.000064542
2500 0.000055642 2500 0.000006185 add_time= 0.000076310
2750 0.000146079 2750 0.000006674 add_time= 0.000168465
2750 0.000046673 2750 0.000006417 add_time= 0.000068592
2650 0.000075928 2650 0.000007193 add_time= 0.000104700
2550 0.000120504 2550 0.000006365 add_time= 0.000141790
2550 0.000027532 2550 0.000005532 add_time= 0.000051485
3025 0.000099285 3025 0.000006596 add_time= 0.000121975
1375 0.000087512 1375 0.000005024 add_time= 0.000103556
2500 0.000220660 2500 0.000006436 add_time= 0.000242817
2808 0.000104491 2808 0.000006384 add_time= 0.000124436
2750 0.000027833 2750 0.000005426 add_time= 0.000046542
2750 0.000027707 2750 0.000014321 add_time= 0.000057325
2805 0.000061405 2805 0.000017513 add_time= 0.000093250
2550 0.000262220 2550 0.000006518 add_time= 0.000282478
1250 0.000038254 1250 0.000004881 add_time= 0.000053684
2500 0.000052803 2500 0.000013094 add_time= 0.000078240
2750 0.000082215 2750 0.000007645 add_time= 0.000106153
2860 0.000058908 2860 0.000006724 add_time= 0.000081258
2600 0.000050772 2600 0.000006046 add_time= 0.000071304
2601 0.000067351 2601 0.000006489 add_time= 0.000089205
2860 0.000069136 2860 0.000014286 add_time= 0.000098390
2500 0.000092538 2500 0.000006507 add_time= 0.000114476
2805 0.000029641 2805 0.000006710 add_time= 0.000052286
2500 0.000089468 2500 0.000006862 add_time= 0.000122193
2805 0.000076574 2805 0.000006326 add_time= 0.000098660
2500 0.000078977 2500 0.000005962 add_time= 0.000098215
2500 0.000140154 2500 0.000006384 add_time= 0.000162101
2600 0.000082610 2600 0.000006286 add_time= 0.000102150
2750 0.000062156 2750 0.000006127 add_time= 0.000083383
2750 0.000127630 2750 0.000006418 add_time= 0.000149419
2750 0.000052258 2750 0.000007333 add_time= 0.000075021
2500 0.000208092 2500 0.000014998 add_time= 0.000249732
2860 0.000035588 2860 0.000006242 add_time= 0.000057734
2750 0.000015914 2750 0.000014025 add_time= 0.000045242
2550 0.000056181 2550 0.000006225 add_time= 0.000076038
2750 0.000074160 2750 0.000006422 add_time= 0.000096365
1325 0.000126930 1325 0.000005859 add_time= 0.000143773
2860 0.000301748 2860 0.000006783 add_time= 0.000335076
2750 0.000033574 2750 0.000006883 add_time= 0.000056526
2805 0.000047064 2805 0.000005774 add_time= 0.000066219
2550 0.000015287 2550 0.000017956 add_time= 0.000048872
2916 0.000077036 2916 0.000009190 add_time= 0.000102603
1250 0.000369092 1250 0.000005861 add_time= 0.000387619
2550 0.000104323 2550 0.000006775 add_time= 0.000126110
2500 0.000063483 2500 0.000006984 add_time= 0.000093501
2500 0.000062206 2500 0.000006100 add_time= 0.000082886
3025 0.000017690 3025 0.000017669 add_time= 0.000067811
2500 0.000033963 2500 0.000013060 add_time= 0.000062167
2700 0.000073930 2700 0.000006488 add_time= 0.000096149
1375 0.000430511 1375 0.000005834 add_time= 0.000449441
2809 0.000517655 2809 0.000009728 add_time= 0.000555540
2600 0.000188040 2600 0.000007636 add_time= 0.000212338
2750 0.000146044 2750 0.000007519 add_time= 0.000169166
2550 0.000339190 2550 0.000006793 add_time= 0.000361694
2808 0.000156168 2808 0.000006753 add_time= 0.000189709
1250 0.000491428 1250 0.000007607 add_time= 0.000524246
2600 0.000325359 2600 0.000006432 add_time= 0.000348829
2750 0.000045522 2750 0.000007029 add_time= 0.000081564
2805 0.000214582 2805 0.000005936 add_time= 0.000235421
2550 0.000053028 2550 0.000005626 add_time= 0.000076267
2601 0.000006556 2601 0.000012920 add_time= 0.000033386
2550 0.000109987 2550 0.000006518 add_time= 0.000131332
2500 0.000123346 2500 0.000006800 add_time= 0.000158410
2600 0.000281018 2600 0.000007466 add_time= 0.000305712
2970 0.000023939 2970 0.000005966 add_time= 0.000052863
2550 0.000052408 2550 0.000006806 add_time= 0.000076125
2550 0.000232221 2550 0.000006489 add_time= 0.000254997
2500 0.000068219 2500 0.000006788 add_time= 0.000091052
2750 0.000150609 2750 0.000006869 add_time= 0.000174510
2860 0.000029928 2860 0.000006031 add_time= 0.000051035
2970 0.000051667 2970 0.000007049 add_time= 0.000075968
2550 0.000124893 2550 0.000006484 add_time= 0.000146744
2500 0.000089953 2500 0.000006372 add_time= 0.000111994
2550 0.000156267 2550 0.000015045 add_time= 0.000188634
2704 0.000085953 2704 0.000005551 add_time= 0.000105774
2750 0.000076978 2750 0.000008190 add_time= 0.000100568
2500 0.000060619 2500 0.000005596 add_time= 0.000079945
2550 0.000016151 2550 0.000015639 add_time= 0.000049281
2700 0.000042338 2700 0.000006714 add_time= 0.000064859
1275 0.000094962 1275 0.000006431 add_time= 0.000115128
2862 0.000163966 2862 0.000008065 add_time= 0.000201465
2750 0.000062566 2750 0.000006480 add_time= 0.000089545
3025 0.000090689 3025 0.000006802 add_time= 0.000114288
2805 0.000025437 2805 0.000025323 add_time= 0.000067370
2500 0.000269088 2500 0.000007436 add_time= 0.000303656
1250 0.000052631 1250 0.000006900 add_time= 0.000073208
2500 0.000037603 2500 0.000006330 add_time= 0.000060815
2600 0.000420304 2600 0.000017873 add_time= 0.000460255
2750 0.000181764 2750 0.000007710 add_time= 0.000205764
2500 0.000006075 2500 0.000012419 add_time= 0.000032771
2550 0.000071525 2550 0.000006685 add_time= 0.000093827
2860 0.000086753 2860 0.000005925 add_time= 0.000108509
2550 0.000165772 2550 0.000006402 add_time= 0.000193528
2805 0.000026200 2805 0.000006545 add_time= 0.000061014
2500 0.000075622 2500 0.000005810 add_time= 0.000096888
2500 0.000043596 2500 0.000006960 add_time= 0.000067306
2754 0.000038496 2754 0.000005825 add_time= 0.000058270
2750 0.000176503 2750 0.000007874 add_time= 0.000235090
2750 0.000029537 2750 0.000008143 add_time= 0.000071078
2652 0.000044118 2652 0.000037083 add_time= 0.000116778
2601 0.000028833 2601 0.000007151 add_time= 0.000065977
2500 0.000120640 2500 0.000007924 add_time= 0.000155007
2500 0.000300499 2500 0.000005871 add_time= 0.000322974
2970 0.000046352 2970 0.000012994 add_time= 0.000074683
2750 0.000048619 2750 0.000006459 add_time= 0.000071372
2601 0.000102153 2601 0.000006277 add_time= 0.000132281
2750 0.000082316 2750 0.000006065 add_time= 0.000104363
1250 0.000066272 1250 0.000005649 add_time= 0.000084983
2600 0.000226087 2600 0.000006467 add_time= 0.000248916
2600 0.000068720 2600 0.000005537 add_time= 0.000098554
2600 0.000067504 2600 0.000007142 add_time= 0.000089247
2550 0.000016243 2550 0.000013847 add_time= 0.000045460
2500 0.000027720 2500 0.000006606 add_time= 0.000049407
2500 0.000057574 2500 0.000013344 add_time= 0.000084152
2500 0.000200483 2500 0.000007012 add_time= 0.000222878
3025 0.000077624 3025 0.000006568 add_time= 0.000100108
2500 0.000067052 2500 0.000007102 add_time= 0.000088989
2805 0.000023306 2805 0.000007050 add_time= 0.000046082
2650 0.000104179 2650 0.000013790 add_time= 0.000132576
2750 0.000139868 2750 0.000007052 add_time= 0.000162792
2700 0.000050088 2700 0.000006729 add_time= 0.000082520
2500 0.000074011 2500 0.000006308 add_time= 0.000095337
2550 0.000034913 2550 0.000006536 add_time= 0.000056900
2915 0.000032198 2915 0.000006943 add_time= 0.000055041
2750 0.000144468 2750 0.000006618 add_time= 0.000166288
2704 0.000242056 2704 0.000006672 add_time= 0.000264043
2750 0.000055824 2750 0.000005999 add_time= 0.000075514
2550 0.000036435 2550 0.000005127 add_time= 0.000054086
2652 0.000037827 2652 0.000005839 add_time= 0.000057143
2550 0.000033734 2550 0.000005387 add_time= 0.000058684
2500 0.000199643 2500 0.000006417 add_time= 0.000231273
2500 0.000136325 2500 0.000006052 add_time= 0.000156803
2550 0.000022137 2550 0.000013375 add_time= 0.000048611
2700 0.000100812 2700 0.000006494 add_time= 0.000121116
1250 0.000043358 1250 0.000005661 add_time= 0.000070873
2600 0.000164705 2600 0.000006648 add_time= 0.000186165
2860 0.000059791 2860 0.000005650 add_time= 0.000079137
2500 0.000015214 2500 0.000012234 add_time= 0.000039935
2754 0.000013585 2754 0.000013704 add_time= 0.000039860
2550 0.000083129 2550 0.000005664 add_time= 0.000101627
2750 0.000046273 2750 0.000006160 add_time= 0.000065848
2600 0.000090720 2600 0.000006303 add_time= 0.000111584
2750 0.000160823 2750 0.000005684 add_time= 0.000179949
2750 0.000037656 2750 0.000005425 add_time= 0.000056302
2550 0.000005987 2550 0.000086082 add_time= 0.000104281
2550 0.000081019 2550 0.000005538 add_time= 0.000104867
2750 0.000071510 2750 0.000005553 add_time= 0.000090284
2650 0.000288731 2650 0.000006462 add_time= 0.000310087
2600 0.000047192 2600 0.000005778 add_time= 0.000065973
3025 0.000188770 3025 0.000005624 add_time= 0.000207725
3025 0.000015030 3025 0.000014005 add_time= 0.000042372
2601 0.000033816 2601 0.000005519 add_time= 0.000058964
2750 0.000051409 2750 0.000005447 add_time= 0.000069750
1250 0.000157832 1250 0.000005312 add_time= 0.000174911
2500 0.000054909 2500 0.000009895 add_time= 0.000077569
2750 0.000033016 2750 0.000005415 add_time= 0.000051458
2750 0.000016263 2750 0.000013105 add_time= 0.000041973
2750 0.000034918 2750 0.000013784 add_time= 0.000061856
2500 0.000073053 2500 0.000005852 add_time= 0.000091904
2500 0.000360790 2500 0.000006630 add_time= 0.000381735
2805 0.000086191 2805 0.000005614 add_time= 0.000105227
2750 0.000021954 2750 0.000012898 add_time= 0.000047583
2601 0.000145727 2601 0.000005622 add_time= 0.000175239
2600 0.000054624 2600 0.000006481 add_time= 0.000085592
1275 0.000068193 1275 0.000004600 add_time= 0.000083253
2704 0.000041511 2704 0.000006389 add_time= 0.000068943
2600 0.000080303 2600 0.000006688 add_time= 0.000104752
2750 0.000328416 2750 0.000006913 add_time= 0.000352451
2650 0.000156326 2650 0.000006780 add_time= 0.000180019
2650 0.000097573 2650 0.000006612 add_time= 0.000127807
2600 0.000090038 2600 0.000006349 add_time= 0.000111517
2550 0.000456923 2550 0.000006314 add_time= 0.000479881
2500 0.000161707 2500 0.000006432 add_time= 0.000184439
2805 0.000007345 2805 0.000038995 add_time= 0.000072607
1275 0.000036046 1275 0.000005538 add_time= 0.000053991
3025 0.000087868 3025 0.000008032 add_time= 0.000120553
2550 0.000093126 2550 0.000006755 add_time= 0.000117478
2650 0.000084870 2650 0.000006365 add_time= 0.000106956
3025 0.000092377 3025 0.000009399 add_time= 0.000149987
2500 0.000106016 2500 0.000007037 add_time= 0.000150509
2500 0.000131936 2500 0.000006965 add_time= 0.000155035
2750 0.000098095 2750 0.000006988 add_time= 0.000132606
2500 0.000128897 2500 0.000007898 add_time= 0.000157104
2600 0.000084540 2600 0.000007574 add_time= 0.000109474
2915 0.000271705 2915 0.000015260 add_time= 0.000315009
2550 0.000007497 2550 0.000023222 add_time= 0.000045520
2650 0.000189326 2650 0.000006818 add_time= 0.000211049
1375 0.000112356 1375 0.000005010 add_time= 0.000138622
