2600 0.000019145 2600 0.000027909 add_time= 0.001668600
2700 0.000098756 2700 0.000006911 add_time= 0.000123171
2970 0.000057320 2970 0.000008518 add_time= 0.000083892
2750 0.000018084 2750 0.000135247 add_time= 0.000179089
2703 0.000069126 2703 0.000009796 add_time= 0.000095654
2650 0.000008453 2650 0.000027978 add_time= 0.000078286
2550 0.000070091 2550 0.000006458 add_time= 0.000091460
2750 0.000180284 2750 0.000019227 add_time= 0.000217207
2915 0.000008748 2915 0.000027436 add_time= 0.000068150
2500 0.000026720 2500 0.000006129 add_time= 0.000053000
2550 0.000055424 2550 0.000006872 add_time= 0.000075100
2756 0.000026315 2756 0.000018931 add_time= 0.000081038
2500 0.000254952 2500 0.000007421 add_time= 0.000278324
2550 0.000076544 2550 0.000015833 add_time= 0.000109028
2550 0.000096293 2550 0.000007288 add_time= 0.000119848
2915 0.000018702 2915 0.000022849 add_time= 0.000097549
2500 0.000191097 2500 0.000009945 add_time= 0.000230095
2700 0.000114832 2700 0.000008719 add_time= 0.000151304
2650 0.000021901 2650 0.000026124 add_time= 0.000077705
2500 0.000049383 2500 0.000007701 add_time= 0.000094077
2652 0.000110732 2652 0.000007852 add_time= 0.000135641
2750 0.000375055 2750 0.000018360 add_time= 0.000519843
2550 0.000154887 2550 0.000009844 add_time= 0.000217540
2500 0.000050764 2500 0.000009666 add_time= 0.000087772
2500 0.000244833 2500 0.000013754 add_time= 0.001814168
2500 0.000124331 2500 0.000006832 add_time= 0.000155022
1250 0.000085427 1250 0.000006325 add_time= 0.000105939
1325 0.000015403 1325 0.000024089 add_time= 0.000057861
2500 0.000121706 2500 0.000008335 add_time= 0.000148033
2500 0.000125037 2500 0.000006645 add_time= 0.000147044
2550 0.000125675 2550 0.000006082 add_time= 0.000145754
2650 0.000008418 2650 0.000026487 add_time= 0.000089273
2750 0.000301529 2750 0.000008031 add_time= 0.000327131
2500 0.000181686 2500 0.000006896 add_time= 0.000216073
2750 0.000133947 2750 0.000007128 add_time= 0.000162807
2500 0.000142992 2500 0.000007370 add_time= 0.000166798
2700 0.000334830 2700 0.000006780 add_time= 0.000357923
1375 0.000262809 1375 0.000009131 add_time= 0.000307336
2805 0.000100604 2805 0.000006951 add_time= 0.000139839
2601 0.000170152 2601 0.000015037 add_time= 0.000201358
2700 0.000074314 2700 0.000006385 add_time= 0.000095450
2650 0.000011346 2650 0.000017538 add_time= 0.000053132
2500 0.000114683 2500 0.000016822 add_time= 0.000155785
2652 0.000094488 2652 0.000007574 add_time= 0.000117836
2650 0.000204343 2650 0.000010865 add_time= 0.000242261
2500 0.000090341 2500 0.000007244 add_time= 0.000113273
2500 0.000113775 2500 0.000006454 add_time= 0.000134310
2754 0.000111445 2754 0.000007308 add_time= 0.000135151
2500 0.000017504 2500 0.000024999 add_time= 0.000162571
2500 0.000057342 2500 0.000008546 add_time= 0.000090866
2550 0.000060960 2550 0.000020415 add_time= 0.000107861
2650 0.000027942 2650 0.000018273 add_time= 0.001133237
2860 0.000032028 2860 0.000006571 add_time= 0.000055062
2750 0.000069186 2750 0.000006674 add_time= 0.000100879
2500 0.000037624 2500 0.000006638 add_time= 0.000059608
1250 0.000103927 1250 0.000006820 add_time= 0.000125525
2700 0.000092087 2700 0.000011461 add_time= 0.000119824
1250 0.000062204 1250 0.000006331 add_time= 0.000101314
2650 0.000016461 2650 0.000099162 add_time= 0.000133218
2600 0.000050443 2600 0.000007140 add_time= 0.000074397
2500 0.000032414 2500 0.000006650 add_time= 0.000053445
2805 0.000122608 2805 0.000007820 add_time= 0.000147198
2550 0.000035585 2550 0.000007160 add_time= 0.000059116
2500 0.000054361 2500 0.000007413 add_time= 0.000086076
2650 0.000008914 2650 0.000023987 add_time= 0.000121300
2704 0.000048569 2704 0.000007803 add_time= 0.000079641
3025 0.000087141 3025 0.000008418 add_time= 0.000125933
2500 0.000127516 2500 0.000006572 add_time= 0.000148882
2754 0.000133182 2754 0.000007814 add_time= 0.000157950
2550 0.000061524 2550 0.000006585 add_time= 0.000083328
625 0.000053578 625 0.000024968 add_time= 0.000123066
2915 0.000007951 2915 0.000258095 add_time= 0.000284737
2652 0.000070104 2652 0.000007288 add_time= 0.000105895
2860 0.000083748 2860 0.000006211 add_time= 0.000104382
2805 0.000080790 2805 0.000008633 add_time= 0.000106735
2652 0.000145023 2652 0.000027735 add_time= 0.000189839
2601 0.000056569 2601 0.000007518 add_time= 0.000091896
2500 0.000133938 2500 0.000017704 add_time= 0.000168109
2700 0.000117672 2700 0.000006702 add_time= 0.000139452
2650 0.000028335 2650 0.000141806 add_time= 0.000204827
2500 0.000147503 2500 0.000006771 add_time= 0.000176470
2750 0.000257793 2750 0.000024371 add_time= 0.000296958
2601 0.000197351 2601 0.000007165 add_time= 0.000220984
2500 0.000122465 2500 0.000006914 add_time= 0.000144738
2500 0.000072762 2500 0.000006814 add_time= 0.000095587
2650 0.000008726 2650 0.000281779 add_time= 0.000307802
2600 0.000216941 2600 0.000006710 add_time= 0.000238923
2750 0.000298851 2750 0.000006357 add_time= 0.000331242
2550 0.000231500 2550 0.000007078 add_time= 0.000254996
2600 0.000207603 2600 0.000007291 add_time= 0.000230628
2500 0.000089108 2500 0.000006577 add_time= 0.000110267
2650 0.000007175 2650 0.000021657 add_time= 0.000047831
2652 0.000070228 2652 0.000006826 add_time= 0.000104116
2600 0.000093687 2600 0.000007313 add_time= 0.000115541
2750 0.000478946 2750 0.000007221 add_time= 0.000500372
2650 0.000052157 2650 0.000006732 add_time= 0.000072667
2550 0.000042799 2550 0.000005999 add_time= 0.000062354
2750 0.000057585 2750 0.000006277 add_time= 0.000078117
2650 0.000075102 2650 0.000014816 add_time= 0.000173582
2652 0.000040461 2652 0.000007596 add_time= 0.000080329
2550 0.000044968 2550 0.000008456 add_time= 0.000089673
2750 0.000034754 2750 0.000007680 add_time= 0.000075172
2550 0.000031422 2550 0.000008085 add_time= 0.000065895
3025 0.000052470 3025 0.000020471 add_time= 0.000113936
1250 0.000006030 1250 0.000009448 add_time= 0.000052879
2756 0.000022257 2756 0.000027580 add_time= 0.000075579
2600 0.000144491 2600 0.000006879 add_time= 0.000180968
2500 0.000090389 2500 0.000006588 add_time= 0.000112051
2600 0.000347767 2600 0.000006483 add_time= 0.000369022
2805 0.000159266 2805 0.000006581 add_time= 0.000180454
2550 0.000091925 2550 0.000005959 add_time= 0.000111447
2750 0.000198257 2750 0.000006970 add_time= 0.000221846
2915 0.000016515 2915 0.000137109 add_time= 0.000171433
2750 0.000059276 2750 0.000007541 add_time= 0.000083738
2500 0.000300607 2500 0.000018499 add_time= 0.000336218
2652 0.000420281 2652 0.000007373 add_time= 0.000443545
2700 0.000321595 2700 0.000006468 add_time= 0.000342701
2500 0.000092930 2500 0.000019104 add_time= 0.000128332
2750 0.000007154 2750 0.000081520 add_time= 0.000104397
2860 0.000152427 2860 0.000007491 add_time= 0.000176165
2750 0.000058101 2750 0.000020319 add_time= 0.000101477
2652 0.000099714 2652 0.000006088 add_time= 0.000119593
2754 0.000154574 2754 0.000008206 add_time= 0.000182370
2500 0.000328103 2500 0.000006089 add_time= 0.000347314
2500 0.000077771 2500 0.000007126 add_time= 0.000100308
2652 0.000164094 2652 0.000007539 add_time= 0.000188086
2805 0.000291604 2805 0.000006427 add_time= 0.000312928
2805 0.000138385 2805 0.000007007 add_time= 0.000161578
2652 0.000129898 2652 0.000006772 add_time= 0.000151756
2550 0.000215778 2550 0.000006844 add_time= 0.000237843
2650 0.000007778 2650 0.000025316 add_time= 0.000049042
2652 0.000043416 2652 0.000007564 add_time= 0.000077683
2750 0.000157353 2750 0.000007899 add_time= 0.000188907
2652 0.000130309 2652 0.000006230 add_time= 0.000150177
2500 0.000194827 2500 0.000006694 add_time= 0.000216279
2600 0.000062392 2600 0.000006582 add_time= 0.000082270
2650 0.000017850 2650 0.000016085 add_time= 0.000081053
2600 0.000143809 2600 0.000026614 add_time= 0.000197715
2750 0.000191045 2750 0.000033205 add_time= 0.000240901
2550 0.000182871 2550 0.000006795 add_time= 0.000206242
2550 0.000280645 2550 0.000006157 add_time= 0.000301517
2860 0.000325475 2860 0.000026697 add_time= 0.000372074
2750 0.000103325 2750 0.000007883 add_time= 0.000128243
2550 0.000246980 2550 0.000006694 add_time= 0.000270101
2500 0.000145514 2500 0.000006827 add_time= 0.000168675
2500 0.000132453 2500 0.000007555 add_time= 0.000155829
2500 0.000129363 2500 0.000006610 add_time= 0.000151345
2915 0.000016816 2915 0.000015301 add_time= 0.000051522
2600 0.000056039 2600 0.000006370 add_time= 0.000078701
2500 0.000057188 2500 0.000006265 add_time= 0.000077737
2915 0.000080583 2915 0.000006667 add_time= 0.000101772
2652 0.000083550 2652 0.000005950 add_time= 0.000103665
2750 0.000230148 2750 0.000006894 add_time= 0.000252893
1250 0.000168496 1250 0.000005963 add_time= 0.000192435
1325 0.000124166 1325 0.000015926 add_time= 0.000180663
2652 0.000043893 2652 0.000007798 add_time= 0.000085733
3025 0.000054163 3025 0.000018840 add_time= 0.000111203
2500 0.000049965 2500 0.000018190 add_time= 0.000107562
2500 0.000029360 2500 0.000007911 add_time= 0.000064263
2700 0.000069445 2700 0.000030665 add_time= 0.000142126
2500 0.000263693 2500 0.000006561 add_time= 0.000290514
2600 0.000056245 2600 0.000030184 add_time= 0.000141033
2500 0.000081439 2500 0.000006417 add_time= 0.000104030
2550 0.000056439 2550 0.000006109 add_time= 0.000078559
2550 0.000030738 2550 0.000006402 add_time= 0.000061068
2700 0.000078996 2700 0.000006717 add_time= 0.000109539
2500 0.000086735 2500 0.000006212 add_time= 0.000109009
1275 0.000025572 1275 0.000005514 add_time= 0.000045548
2750 0.000120753 2750 0.000007133 add_time= 0.000167312
3025 0.000114620 3025 0.000016254 add_time= 0.000151180
2500 0.000052361 2500 0.000006311 add_time= 0.000074866
2550 0.000067697 2550 0.000006786 add_time= 0.000099726
2700 0.000046058 2700 0.000007196 add_time= 0.000070065
2500 0.000093096 2500 0.000006546 add_time= 0.000117741
2915 0.000015628 2915 0.000028229 add_time= 0.000069751
2600 0.000094464 2600 0.000006653 add_time= 0.000117535
2550 0.000452072 2550 0.000014837 add_time= 0.000482836
3025 0.000076963 3025 0.000014632 add_time= 0.000108422
2805 0.000171297 2805 0.000007194 add_time= 0.000194325
2805 0.000070520 2805 0.000007692 add_time= 0.000094680
2756 0.000008955 2756 0.000090075 add_time= 0.000115932
2808 0.000452427 2808 0.000026966 add_time= 0.000494675
2750 0.000226512 2750 0.000007214 add_time= 0.000260983
2750 0.000103936 2750 0.000006524 add_time= 0.000125944
2750 0.000083604 2750 0.000006487 add_time= 0.000104796
2601 0.000040575 2601 0.000006567 add_time= 0.000072277
2805 0.000090997 2805 0.000008397 add_time= 0.000115894
1250 0.000005514 1250 0.000016010 add_time= 0.000035305
2500 0.000114324 2500 0.000006543 add_time= 0.000136858
2500 0.000075047 2500 0.000007010 add_time= 0.000098051
2500 0.000149296 2500 0.000006789 add_time= 0.000180309
2700 0.000085329 2700 0.000007900 add_time= 0.000119952
2700 0.000091411 2700 0.000006835 add_time= 0.000112894
2756 0.000017299 2756 0.000116079 add_time= 0.000149724
1300 0.000094278 1300 0.000006177 add_time= 0.000119359
2750 0.000199145 2750 0.000006498 add_time= 0.000220150
2500 0.000108923 2500 0.000024403 add_time= 0.000146733
2500 0.000095787 2500 0.000026578 add_time= 0.000137910
2550 0.000164422 2550 0.000006687 add_time= 0.000185288
2600 0.000059910 2600 0.000019036 add_time= 0.000095332
2600 0.000076817 2600 0.000007254 add_time= 0.000111520
1300 0.000263683 1300 0.000006701 add_time= 0.000296256
1250 0.000127725 1250 0.000005886 add_time= 0.000145867
1375 0.000074956 1375 0.000024756 add_time= 0.000114269
2601 0.000084655 2601 0.000006662 add_time= 0.000106268
1275 0.000098536 1275 0.000006582 add_time= 0.000129086
2750 0.000098096 2750 0.000007713 add_time= 0.000121818
2650 0.000016888 2650 0.000331144 add_time= 0.000383307
2805 0.000130683 2805 0.000006931 add_time= 0.000155579
2500 0.000121913 2500 0.000006322 add_time= 0.000142790
2805 0.000338792 2805 0.000007157 add_time= 0.000362111
2805 0.000125228 2805 0.000007417 add_time= 0.000149332
2500 0.000123735 2500 0.000007297 add_time= 0.000147139
2650 0.000008832 2650 0.000073217 add_time= 0.000099446
2500 0.000087477 2500 0.000007266 add_time= 0.000110979
2500 0.000217439 2500 0.000006633 add_time= 0.000238016
2652 0.000318146 2652 0.000007610 add_time= 0.000341890
2550 0.000197818 2550 0.000005996 add_time= 0.000218215
2970 0.000096859 2970 0.000007453 add_time= 0.000132632
2650 0.000013833 2650 0.000080591 add_time= 0.000116188
2750 0.000034460 2750 0.000007147 add_time= 0.000060442
2500 0.000292243 2500 0.000007702 add_time= 0.000317780
2805 0.000095670 2805 0.000007638 add_time= 0.000121113
2550 0.000096505 2550 0.000006888 add_time= 0.000120185
2500 0.000119097 2500 0.000006727 add_time= 0.000141804
1375 0.000541088 1375 0.000006781 add_time= 0.000562354
1325 0.000075882 1325 0.000017107 add_time= 0.000140450
2860 0.000038766 2860 0.000008953 add_time= 0.000084105
3025 0.000029509 3025 0.000008661 add_time= 0.000071983
2500 0.000006696 2500 0.000010069 add_time= 0.000042924
2500 0.000062016 2500 0.000008901 add_time= 0.000100881
2750 0.000041737 2750 0.000008865 add_time= 0.000088643
2500 0.000007980 2500 0.000022500 add_time= 0.000051618
2860 0.000090861 2860 0.000007444 add_time= 0.000127575
2500 0.000042403 2500 0.000014866 add_time= 0.000074626
2750 0.000075330 2750 0.000007569 add_time= 0.000101016
2550 0.000382075 2550 0.000007302 add_time= 0.000406297
2500 0.000102847 2500 0.000006339 add_time= 0.000131548
2703 0.000042335 2703 0.000033553 add_time= 0.000096676
2600 0.000065122 2600 0.000017891 add_time= 0.000109210
1250 0.000109564 1250 0.000005365 add_time= 0.000127807
2500 0.000098525 2500 0.000007449 add_time= 0.000128099
2500 0.000059992 2500 0.000007152 add_time= 0.000084389
2700 0.000081302 2700 0.000006902 add_time= 0.000103357
2500 0.000151149 2500 0.000007105 add_time= 0.000181033
2650 0.000017950 2650 0.000014448 add_time= 0.000051853
2652 0.000193212 2652 0.000006866 add_time= 0.000215190
2650 0.000066867 2650 0.000007954 add_time= 0.000098151
2750 0.000109446 2750 0.000006601 add_time= 0.000143566
2500 0.000045860 2500 0.000006310 add_time= 0.000067470
2500 0.000284788 2500 0.000007758 add_time= 0.000309437
2500 0.000081032 2500 0.000006974 add_time= 0.000115765
2650 0.000013479 2650 0.000081897 add_time= 0.000125561
2808 0.000051545 2808 0.000006522 add_time= 0.000076777
2750 0.000094809 2750 0.000022052 add_time= 0.000132336
2600 0.000218687 2600 0.000036236 add_time= 0.000271280
2500 0.000090009 2500 0.000018038 add_time= 0.000122060
2700 0.000446726 2700 0.000007587 add_time= 0.000487596
1250 0.000048229 1250 0.000005727 add_time= 0.000066110
2650 0.000016919 2650 0.000014843 add_time= 0.000047756
2652 0.000256109 2652 0.000007445 add_time= 0.000277682
2600 0.000161632 2600 0.000006093 add_time= 0.000181237
2500 0.000215190 2500 0.000007558 add_time= 0.000238891
2500 0.000080357 2500 0.000007029 add_time= 0.000102937
1350 0.000162897 1350 0.000006767 add_time= 0.000183644
2703 0.000008051 2703 0.000090377 add_time= 0.000115216
2860 0.000087827 2860 0.000007093 add_time= 0.000110812
2805 0.000623139 2805 0.000013807 add_time= 0.000653499
2550 0.000125269 2550 0.000008141 add_time= 0.000149624
2550 0.000104382 2550 0.000007115 add_time= 0.000126146
1275 0.000136685 1275 0.000006007 add_time= 0.000163502
2500 0.000233509 2500 0.000006267 add_time= 0.000253740
1250 0.000156770 1250 0.000006519 add_time= 0.000176804
2650 0.000014477 2650 0.000081946 add_time= 0.000112412
2500 0.000079409 2500 0.000006717 add_time= 0.000100640
2600 0.000293192 2600 0.000007836 add_time= 0.000317480
2750 0.000054883 2750 0.000007697 add_time= 0.000078802
2970 0.000117498 2970 0.000007191 add_time= 0.000139556
3025 0.000190815 3025 0.000006765 add_time= 0.000212500
2915 0.000009077 2915 0.000152190 add_time= 0.000182771
2750 0.000100706 2750 0.000006631 add_time= 0.000123541
2750 0.000117019 2750 0.000015633 add_time= 0.000147489
2500 0.000217379 2500 0.000005938 add_time= 0.000237553
2750 0.000080825 2750 0.000014974 add_time= 0.000110386
2601 0.000080133 2601 0.000006063 add_time= 0.000099632
2805 0.000104745 2805 0.000008097 add_time= 0.000141100
2500 0.000018179 2500 0.000192328 add_time= 0.000245920
2600 0.000103906 2600 0.000013213 add_time= 0.000131120
2970 0.000120234 2970 0.000006839 add_time= 0.000144057
2500 0.000096241 2500 0.000006592 add_time= 0.000116981
2805 0.000376606 2805 0.000006753 add_time= 0.000406845
2500 0.000240726 2500 0.000005941 add_time= 0.000260299
2500 0.000007802 2500 0.000015431 add_time= 0.000040213
2500 0.000063122 2500 0.000009028 add_time= 0.000088802
2805 0.000260510 2805 0.000006654 add_time= 0.000282239
2550 0.000164888 2550 0.000046991 add_time= 0.000228707
2550 0.000105252 2550 0.000006601 add_time= 0.000140519
2700 0.000073796 2700 0.000007461 add_time= 0.000113619
2600 0.000087793 2600 0.000006257 add_time= 0.000109205
2500 0.000317513 2500 0.000007573 add_time= 0.000343896
2750 0.000048369 2750 0.000007434 add_time= 0.000072662
2750 0.000089148 2750 0.000007881 add_time= 0.000113378
2550 0.000068853 2550 0.000007264 add_time= 0.000092255
1250 0.000099329 1250 0.000005775 add_time= 0.000118607
2600 0.000040075 2600 0.000008357 add_time= 0.000085053
3025 0.000090552 3025 0.000008578 add_time= 0.000129150
2500 0.000091139 2500 0.000008187 add_time= 0.000125142
2500 0.000065881 2500 0.000008771 add_time= 0.000100825
2700 0.000059020 2700 0.000008732 add_time= 0.000104971
625 0.000032150 625 0.000006355 add_time= 0.000070310
2500 0.000008054 2500 0.000079623 add_time= 0.000103743
2750 0.000083617 2750 0.000007283 add_time= 0.000106763
3025 0.000116269 3025 0.000007175 add_time= 0.000139921
2500 0.000171468 2500 0.000007054 add_time= 0.000194229
2862 0.000124404 2862 0.000014376 add_time= 0.000155329
2550 0.000105683 2550 0.000007021 add_time= 0.000128034
2600 0.000019301 2600 0.000075306 add_time= 0.000111049
2550 0.000203533 2550 0.000007102 add_time= 0.000225601
2600 0.000199051 2600 0.000008408 add_time= 0.000223157
2500 0.000101445 2500 0.000017875 add_time= 0.000132574
2601 0.000118749 2601 0.000006174 add_time= 0.000138592
2750 0.000052600 2750 0.000007265 add_time= 0.000075009
2650 0.000018546 2650 0.000107361 add_time= 0.000141694
2860 0.000115545 2860 0.000007440 add_time= 0.000138908
2750 0.000122994 2750 0.000007218 add_time= 0.000145736
2500 0.000092071 2500 0.000006763 add_time= 0.000113856
2754 0.000092264 2754 0.000006817 add_time= 0.000123502
3025 0.000078567 3025 0.000014525 add_time= 0.000107333
1275 0.000049209 1275 0.000011256 add_time= 0.000071985
2756 0.000017020 2756 0.000254716 add_time= 0.000287855
2500 0.000061658 2500 0.000006890 add_time= 0.000083868
2915 0.000084075 2915 0.000007287 add_time= 0.000107563
2754 0.000111234 2754 0.000007794 add_time= 0.000134654
2500 0.000059916 2500 0.000007262 add_time= 0.000082663
2703 0.000018999 2703 0.000085985 add_time= 0.000131272
2750 0.000122539 2750 0.000007252 add_time= 0.000145808
2750 0.000160378 2750 0.000006350 add_time= 0.000181272
3025 0.000092688 3025 0.000007312 add_time= 0.000116978
2750 0.000255886 2750 0.000025684 add_time= 0.000297521
2700 0.000108470 2700 0.000006270 add_time= 0.000140060
1275 0.000070161 1275 0.000006090 add_time= 0.000090198
2500 0.000008896 2500 0.000260033 add_time= 0.000284647
3025 0.000046154 3025 0.000007921 add_time= 0.000070490
2750 0.000115164 2750 0.000010310 add_time= 0.000139416
2500 0.000102951 2500 0.000006690 add_time= 0.000123653
2754 0.000260690 2754 0.000006524 add_time= 0.000281181
2808 0.000379005 2808 0.000006267 add_time= 0.000399278
1250 0.000056845 1250 0.000006314 add_time= 0.000076094
2915 0.000007224 2915 0.000092751 add_time= 0.000116350
2860 0.000144179 2860 0.000007406 add_time= 0.000167733
3025 0.000576365 3025 0.000008107 add_time= 0.000600804
2500 0.000170498 2500 0.000006481 add_time= 0.000190551
1350 0.000044233 1350 0.000006280 add_time= 0.000063474
1250 0.000123413 1250 0.000006228 add_time= 0.000142291
2756 0.000008313 2756 0.000072444 add_time= 0.000097348
2600 0.000033949 2600 0.000006930 add_time= 0.000066892
2750 0.000323310 2750 0.000007597 add_time= 0.000346543
2600 0.000069782 2600 0.000008344 add_time= 0.000094071
2700 0.000102226 2700 0.000007007 add_time= 0.000124428
1300 0.000097887 1300 0.000006534 add_time= 0.000117454
2650 0.000006921 2650 0.000083008 add_time= 0.000106655
2500 0.000113385 2500 0.000006485 add_time= 0.000134697
2500 0.000089098 2500 0.000006694 add_time= 0.000111384
1375 0.000135214 1375 0.000006780 add_time= 0.000155610
2500 0.000137827 2500 0.000006998 add_time= 0.000160166
2500 0.000154700 2500 0.000007014 add_time= 0.000176758
2862 0.000016900 2862 0.000016137 add_time= 0.000069872
2860 0.000052631 2860 0.000006558 add_time= 0.000074099
2500 0.000181714 2500 0.000007351 add_time= 0.000204331
2500 0.000375011 2500 0.000020896 add_time= 0.000410285
2550 0.000160934 2550 0.000006764 add_time= 0.000190348
2500 0.000172348 2500 0.000007394 add_time= 0.000195679
2500 0.000066506 2500 0.000025899 add_time= 0.000106597
2500 0.000335690 2500 0.000007322 add_time= 0.000359233
2500 0.000099857 2500 0.000006398 add_time= 0.000121214
2750 0.000312440 2750 0.000008249 add_time= 0.000337847
2550 0.000074857 2550 0.000006473 add_time= 0.000095711
2550 0.000335167 2550 0.000007033 add_time= 0.000358069
2500 0.000062344 2500 0.000006418 add_time= 0.000082817
2600 0.000354299 2600 0.000007399 add_time= 0.000377666
2915 0.000094740 2915 0.000006501 add_time= 0.000120978
2500 0.000145784 2500 0.000006730 add_time= 0.000167830
2500 0.000059652 2500 0.000006577 add_time= 0.000080130
2500 0.000133939 2500 0.000007372 add_time= 0.000157074
2550 0.001400154 2550 0.000007606 add_time= 0.001423614
2915 0.000124884 2915 0.000047973 add_time= 0.000250746
2860 0.000057346 2860 0.000007920 add_time= 0.000096844
2500 0.000072858 2500 0.000007921 add_time= 0.000102138
2550 0.000062071 2550 0.000007010 add_time= 0.000090743
2500 0.000091166 2500 0.000008590 add_time= 0.000125413
2550 0.000045276 2550 0.000007255 add_time= 0.000075182
2500 0.000094396 2500 0.000007905 add_time= 0.000127143
2703 0.000008667 2703 0.000024695 add_time= 0.000052598
2652 0.000065369 2652 0.000006734 add_time= 0.000093838
3025 0.000043911 3025 0.000007053 add_time= 0.000065981
2915 0.000051379 2915 0.000007410 add_time= 0.000086068
2652 0.000101060 2652 0.000007018 add_time= 0.000123943
2970 0.000091911 2970 0.000006346 add_time= 0.000113011
1325 0.000181397 1325 0.000006511 add_time= 0.000202301
2650 0.000020991 2650 0.000081508 add_time= 0.000122415
2550 0.000089825 2550 0.000006970 add_time= 0.000114583
2750 0.000061538 2750 0.000006665 add_time= 0.000084130
2550 0.000047510 2550 0.000007461 add_time= 0.000083207
2601 0.000033879 2601 0.000006810 add_time= 0.000057312
3025 0.000079096 3025 0.000017483 add_time= 0.000115412
2650 0.000020073 2650 0.000126784 add_time= 0.000164875
2652 0.000058244 2652 0.000016840 add_time= 0.000090807
2750 0.000044003 2750 0.000007729 add_time= 0.000084772
2750 0.000050786 2750 0.000012092 add_time= 0.000080702
2750 0.000051927 2750 0.000007802 add_time= 0.000089269
1250 0.000234073 1250 0.000006878 add_time= 0.000257298
2550 0.000020613 2550 0.000096498 add_time= 0.000134828
2500 0.000037283 2500 0.000007437 add_time= 0.000061686
1250 0.000055759 1250 0.000006271 add_time= 0.000076253
2805 0.000055565 2805 0.000007172 add_time= 0.000078668
2652 0.000062978 2652 0.000006125 add_time= 0.000083901
2500 0.000074136 2500 0.000005724 add_time= 0.000094175
3025 0.000173071 3025 0.000006472 add_time= 0.000194581
2650 0.000017687 2650 0.000072254 add_time= 0.000107797
2600 0.000094921 2600 0.000007933 add_time= 0.000119666
2750 0.000100155 2750 0.000006341 add_time= 0.000121733
2750 0.000109559 2750 0.000007012 add_time= 0.000133231
2750 0.000108103 2750 0.000007327 add_time= 0.000132223
2550 0.000054225 2550 0.000006346 add_time= 0.000085282
2750 0.000039119 2750 0.000007019 add_time= 0.000070661
2650 0.000017033 2650 0.000205514 add_time= 0.000255190
2652 0.000059844 2652 0.000006866 add_time= 0.000083519
2860 0.000074999 2860 0.000007625 add_time= 0.000102505
2500 0.000165366 2500 0.000007287 add_time= 0.000189038
2754 0.000117423 2754 0.000007161 add_time= 0.000141576
1275 0.000120242 1275 0.000005883 add_time= 0.000138681
2750 0.000098992 2750 0.000006920 add_time= 0.000121589
2915 0.000016073 2915 0.000017788 add_time= 0.000051082
2600 0.000091789 2600 0.000007023 add_time= 0.000113500
2600 0.000108985 2600 0.000007291 add_time= 0.000132692
2500 0.000140157 2500 0.000006629 add_time= 0.000162703
2550 0.000120610 2550 0.000007086 add_time= 0.000143688
2600 0.000132690 2600 0.000006235 add_time= 0.000152572
1275 0.000127953 1275 0.000006409 add_time= 0.000147354
2915 0.000006486 2915 0.000024553 add_time= 0.000048116
2652 0.000109782 2652 0.000007540 add_time= 0.000133142
3025 0.000084588 3025 0.000008017 add_time= 0.000109812
2805 0.000129168 2805 0.000006130 add_time= 0.000149234
2601 0.000084400 2601 0.000006535 add_time= 0.000105498
2805 0.000179961 2805 0.000006144 add_time= 0.000199714
2750 0.000224296 2750 0.000007871 add_time= 0.000248821
625 0.000033011 625 0.000006220 add_time= 0.000063645
2650 0.000013604 2650 0.000071179 add_time= 0.000100972
2600 0.000101613 2600 0.000007418 add_time= 0.000124366
2805 0.000049341 2805 0.000006690 add_time= 0.000070134
2550 0.000089745 2550 0.000007252 add_time= 0.000121491
2500 0.000210578 2500 0.000007522 add_time= 0.000234086
2750 0.000100833 2750 0.000006532 add_time= 0.000121675
2650 0.000006006 2650 0.000015223 add_time= 0.000037190
2652 0.000111980 2652 0.000006513 add_time= 0.000133331
2500 0.000077995 2500 0.000007034 add_time= 0.000100149
2750 0.000078336 2750 0.000007135 add_time= 0.000100757
2750 0.000053315 2750 0.000007232 add_time= 0.000084822
2750 0.000199891 2750 0.000005934 add_time= 0.000218709
2750 0.001969326 2750 0.000007900 add_time= 0.001992863
2703 0.000018003 2703 0.000074153 add_time= 0.000125565
2600 0.000111511 2600 0.000008009 add_time= 0.000145043
2805 0.000445224 2805 0.000007323 add_time= 0.000470076
2750 0.000052183 2750 0.000007121 add_time= 0.000075910
2550 0.000115138 2550 0.000006600 add_time= 0.000140468
2650 0.000091965 2650 0.000007342 add_time= 0.000115705
1375 0.000086279 1375 0.000006129 add_time= 0.000105915
2550 0.000008301 2550 0.000133680 add_time= 0.000158187
2652 0.000090920 2652 0.000025173 add_time= 0.000130247
2915 0.000121473 2915 0.000007152 add_time= 0.000143532
2750 0.000126687 2750 0.000006613 add_time= 0.000155446
2750 0.000101140 2750 0.000008420 add_time= 0.000123607
2550 0.000115457 2550 0.000007161 add_time= 0.000147367
2500 0.000107050 2500 0.000007071 add_time= 0.000129955
2862 0.000008912 2862 0.000142529 add_time= 0.000175559
2750 0.000098353 2750 0.000013757 add_time= 0.000127794
2750 0.000103244 2750 0.000006677 add_time= 0.000124577
2805 0.000099643 2805 0.000006840 add_time= 0.000120963
2750 0.000127275 2750 0.000006160 add_time= 0.000147923
2756 0.000008693 2756 0.000010192 add_time= 0.000069042
1300 0.000048421 1300 0.000018399 add_time= 0.000093192
3025 0.000067312 3025 0.000009039 add_time= 0.000102815
2550 0.000117774 2550 0.000009056 add_time= 0.000153202
2500 0.000139678 2500 0.000017242 add_time= 0.000202157
2970 0.000094028 2970 0.000009830 add_time= 0.000131114
1350 0.000049775 1350 0.000008565 add_time= 0.000080566
2703 0.000009043 2703 0.000146346 add_time= 0.000173689
2750 0.000119650 2750 0.000007486 add_time= 0.000143561
2550 0.000089559 2550 0.000006853 add_time= 0.000112259
2500 0.000055196 2500 0.000014703 add_time= 0.000085687
2500 0.000062909 2500 0.000028071 add_time= 0.000107366
1250 0.000060957 1250 0.000006611 add_time= 0.000082428
2704 0.000382852 2704 0.000007535 add_time= 0.000408660
2652 0.000093649 2652 0.000007698 add_time= 0.000123266
2915 0.000066156 2915 0.000007093 add_time= 0.000087732
2805 0.000095908 2805 0.000008104 add_time= 0.000119914
2650 0.000080955 2650 0.000019217 add_time= 0.000120626
2805 0.000055619 2805 0.000019490 add_time= 0.000091785
2650 0.000020562 2650 0.000128299 add_time= 0.000165982
2652 0.000060048 2652 0.000007652 add_time= 0.000092914
2550 0.000083428 2550 0.000024825 add_time= 0.000127576
2600 0.000065589 2600 0.000006397 add_time= 0.000085247
2750 0.000074060 2750 0.000005754 add_time= 0.000104833
2550 0.000116403 2550 0.000007654 add_time= 0.000162490
2500 0.000099257 2500 0.000007394 add_time= 0.000122440
3025 0.000123939 3025 0.000029063 add_time= 0.000169586
2650 0.000019866 2650 0.000072082 add_time= 0.000109422
2750 0.000120686 2750 0.000008349 add_time= 0.000145176
2500 0.000087113 2500 0.000006127 add_time= 0.000117602
2500 0.000063908 2500 0.000007364 add_time= 0.000097963
2550 0.000091203 2550 0.000006805 add_time= 0.000113779
2550 0.000127205 2550 0.000007918 add_time= 0.000151358
2550 0.000091150 2550 0.000007229 add_time= 0.000114484
2915 0.000024787 2915 0.000111798 add_time= 0.000154801
2750 0.000107792 2750 0.000008066 add_time= 0.000131877
1375 0.000079274 1375 0.000006027 add_time= 0.000106304
2805 0.000122070 2805 0.000007420 add_time= 0.000145320
2550 0.000094929 2550 0.000007301 add_time= 0.000118224
2750 0.000124326 2750 0.000006972 add_time= 0.000145635
2750 0.000089931 2750 0.000006502 add_time= 0.000120825
2650 0.000017422 2650 0.000082944 add_time= 0.000116480
2500 0.000060126 2500 0.000008078 add_time= 0.000083827
2500 0.000055086 2500 0.000006450 add_time= 0.000079272
2750 0.000117731 2750 0.000006484 add_time= 0.000138245
2550 0.000069402 2550 0.000006338 add_time= 0.000088888
3025 0.000062596 3025 0.000006876 add_time= 0.000084464
1250 0.000050163 1250 0.000005237 add_time= 0.000066682
2650 0.000009877 2650 0.000015432 add_time= 0.000051494
2600 0.000163973 2600 0.000007915 add_time= 0.000201288
1250 0.000105590 1250 0.000020505 add_time= 0.000139788
2750 0.000343925 2750 0.000007230 add_time= 0.000373131
2652 0.000209592 2652 0.000014779 add_time= 0.000240358
2970 0.000089773 2970 0.000007534 add_time= 0.000112707
1250 0.000046561 1250 0.000006662 add_time= 0.000066557
2650 0.000016228 2650 0.000073436 add_time= 0.000106198
2860 0.000038216 2860 0.000007938 add_time= 0.000062727
3025 0.000191245 3025 0.000006428 add_time= 0.000212797
2970 0.000087967 2970 0.000006047 add_time= 0.000115995
1275 0.000053907 1275 0.000006185 add_time= 0.000073886
2500 0.000079041 2500 0.000007295 add_time= 0.000102555
2500 0.000160040 2500 0.000006941 add_time= 0.000183182
2650 0.000007433 2650 0.000097840 add_time= 0.000123092
1250 0.000080380 1250 0.000005838 add_time= 0.000100167
2500 0.000125713 2500 0.000007052 add_time= 0.000148284
2754 0.000383098 2754 0.000007145 add_time= 0.000406130
2550 0.000126688 2550 0.000007283 add_time= 0.000150204
2650 0.000015076 2650 0.000016385 add_time= 0.000049015
2652 0.000143973 2652 0.000007253 add_time= 0.000167960
3025 0.000078701 3025 0.000006714 add_time= 0.000108395
2500 0.000096309 2500 0.000006373 add_time= 0.000117333
2500 0.000141579 2500 0.000007500 add_time= 0.000165791
2862 0.000117973 2862 0.000006996 add_time= 0.000140173
2500 0.000045325 2500 0.000014916 add_time= 0.000087563
2862 0.000008067 2862 0.000114554 add_time= 0.000141684
2600 0.000062875 2600 0.000018704 add_time= 0.000098061
2700 0.000129564 2700 0.000007580 add_time= 0.000154107
2550 0.000058031 2550 0.000007675 add_time= 0.000081949
2600 0.000082394 2600 0.000007305 add_time= 0.000106359
2500 0.000073820 2500 0.000007742 add_time= 0.000097668
2700 0.000132569 2700 0.000007294 add_time= 0.000156661
2600 0.000022213 2600 0.000072985 add_time= 0.000126462
2860 0.000116892 2860 0.000007281 add_time= 0.000140159
2500 0.000077323 2500 0.000008305 add_time= 0.000101851
2500 0.000140229 2500 0.000006529 add_time= 0.000161223
2805 0.000077916 2805 0.000009332 add_time= 0.000101127
2754 0.000190100 2754 0.000017512 add_time= 0.000231468
2650 0.000155799 2650 0.000024562 add_time= 0.000194831
2500 0.000083613 2500 0.000006043 add_time= 0.000111572
2650 0.000008024 2650 0.000086547 add_time= 0.000111364
2808 0.000141718 2808 0.000006986 add_time= 0.000172699
2750 0.000055658 2750 0.000007201 add_time= 0.000088233
2805 0.000248611 2805 0.000007349 add_time= 0.000272019
2500 0.000262886 2500 0.000010868 add_time= 0.000289960
1250 0.000059597 1250 0.000006811 add_time= 0.000080883
2500 0.000014114 2500 0.000134167 add_time= 0.000167743
2650 0.000132659 2650 0.000008363 add_time= 0.000176694
3025 0.000049275 3025 0.000008144 add_time= 0.000077499
2550 0.000103151 2550 0.000007742 add_time= 0.000128454
2754 0.000072346 2754 0.000007832 add_time= 0.000098066
1250 0.001397243 1250 0.000007551 add_time= 0.001421088
2650 0.000140668 2650 0.000025553 add_time= 0.000214982
2500 0.000027266 2500 0.000009546 add_time= 0.000078773
2500 0.000034161 2500 0.000008566 add_time= 0.000070260
2550 0.000037214 2550 0.000008214 add_time= 0.000072941
2500 0.000035101 2500 0.000007848 add_time= 0.000075991
2650 0.000007798 2650 0.000009937 add_time= 0.000046787
1325 0.000016180 1325 0.000082097 add_time= 0.000115115
2808 0.000095510 2808 0.000007804 add_time= 0.000123330
2600 0.000071318 2600 0.000007246 add_time= 0.000103893
2500 0.000035322 2500 0.000006350 add_time= 0.000055490
2601 0.000077005 2601 0.000006406 add_time= 0.000099262
2550 0.000107961 2550 0.000006506 add_time= 0.000129530
2700 0.000284411 2700 0.000006974 add_time= 0.000311332
2808 0.000073575 2808 0.000006574 add_time= 0.000104495
2550 0.000308733 2550 0.000005948 add_time= 0.000328753
2750 0.000141557 2750 0.000006004 add_time= 0.000161643
2550 0.000041877 2550 0.000007194 add_time= 0.000065404
2500 0.000070592 2500 0.000008162 add_time= 0.000110964
2750 0.000080785 2750 0.000006423 add_time= 0.000109828
2650 0.000023945 2650 0.000077676 add_time= 0.000119828
2500 0.000084944 2500 0.000006816 add_time= 0.000107643
2500 0.000107450 2500 0.000006253 add_time= 0.000127622
2750 0.000117625 2750 0.000014825 add_time= 0.000193992
2601 0.000052039 2601 0.000008037 add_time= 0.000088566
2750 0.000087515 2750 0.000007221 add_time= 0.000110567
2750 0.000125067 2750 0.000007525 add_time= 0.000150932
2750 0.000229457 2750 0.000006572 add_time= 0.000251439
2500 0.000039545 2500 0.000006994 add_time= 0.000063345
2860 0.000056249 2860 0.000007377 add_time= 0.000080050
2550 0.000032330 2550 0.000007452 add_time= 0.000056293
2500 0.000112159 2500 0.000006898 add_time= 0.000145720
2500 0.000065575 2500 0.000006085 add_time= 0.000086501
2750 0.000024570 2750 0.000016236 add_time= 0.000058494
2600 0.000108500 2600 0.000007007 add_time= 0.000130558
3025 0.000053357 3025 0.000006756 add_time= 0.000083281
2550 0.000076803 2550 0.000006387 add_time= 0.000097762
2550 0.000046765 2550 0.000006392 add_time= 0.000067800
2915 0.000059149 2915 0.000006565 add_time= 0.000080855
2650 0.000045266 2650 0.000014344 add_time= 0.000077789
2808 0.000068765 2808 0.000007831 add_time= 0.000092581
2805 0.000049508 2805 0.000006822 add_time= 0.000071396
2750 0.000086400 2750 0.000006552 add_time= 0.000107725
2703 0.000071162 2703 0.000006793 add_time= 0.000093173
2700 0.000054228 2700 0.000007150 add_time= 0.000076704
2500 0.000140982 2500 0.000006844 add_time= 0.000162751
2500 0.000016751 2500 0.000188607 add_time= 0.000224466
2860 0.000250847 2860 0.000007134 add_time= 0.000282633
1250 0.000142419 1250 0.000006079 add_time= 0.000162376
2805 0.000093692 2805 0.000006682 add_time= 0.000115835
2500 0.000097697 2500 0.000006100 add_time= 0.000118872
1375 0.000164526 1375 0.000006683 add_time= 0.000184211
2650 0.000014177 2650 0.000075409 add_time= 0.000117222
2600 0.000128271 2600 0.000007349 add_time= 0.000153488
2750 0.000393108 2750 0.000007569 add_time= 0.000424119
2805 0.000567979 2805 0.000007738 add_time= 0.000592643
2750 0.000102014 2750 0.000006999 add_time= 0.000124584
2600 0.000109860 2600 0.000006007 add_time= 0.000128234
2650 0.000036445 2650 0.000198815 add_time= 0.000252911
2652 0.000308124 2652 0.000007498 add_time= 0.000331821
2750 0.000111036 2750 0.000006204 add_time= 0.000131285
2500 0.000156773 2500 0.000006744 add_time= 0.000177333
2650 0.000061349 2650 0.000006744 add_time= 0.000083666
2550 0.000142195 2550 0.000007361 add_time= 0.000165421
2750 0.000067412 2750 0.000006840 add_time= 0.000088417
1375 0.000090758 1375 0.000025425 add_time= 0.000128641
2600 0.000007241 2600 0.000016747 add_time= 0.000039692
2652 0.000302338 2652 0.000006879 add_time= 0.000334370
2500 0.000066197 2500 0.000006857 add_time= 0.000088533
3025 0.000220583 3025 0.000007630 add_time= 0.000244483
2750 0.000054289 2750 0.000033760 add_time= 0.000107351
2600 0.000057998 2600 0.000007203 add_time= 0.000080707
2650 0.000014530 2650 0.000109149 add_time= 0.000141870
2652 0.000089992 2652 0.000006500 add_time= 0.000110958
2750 0.000074722 2750 0.000014930 add_time= 0.000104720
2500 0.000131330 2500 0.000026713 add_time= 0.000172163
2601 0.000185348 2601 0.000006597 add_time= 0.000205644
2550 0.000137771 2550 0.000007206 add_time= 0.000160339
2600 0.000079283 2600 0.000007044 add_time= 0.000101688
625 0.000045806 625 0.000005567 add_time= 0.000066339
2550 0.000005791 2550 0.000016347 add_time= 0.000038434
2652 0.000054072 2652 0.000025783 add_time= 0.000095279
2750 0.000114901 2750 0.000007634 add_time= 0.000138500
2500 0.000117129 2500 0.000006893 add_time= 0.000138956
2700 0.000121360 2700 0.000007401 add_time= 0.000144282
1250 0.000085182 1250 0.000006980 add_time= 0.000105866
2650 0.000009691 2650 0.000016027 add_time= 0.000059652
2652 0.000129372 2652 0.000007271 add_time= 0.000160312
2805 0.000094167 2805 0.000018292 add_time= 0.000129964
3025 0.000055153 3025 0.000006851 add_time= 0.000077231
2550 0.000115228 2550 0.000006165 add_time= 0.000135573
2550 0.000278011 2550 0.000012181 add_time= 0.000304390
2750 0.000087484 2750 0.000006432 add_time= 0.000122391
2550 0.000156353 2550 0.000006687 add_time= 0.000176848
2750 0.000008051 2750 0.000016349 add_time= 0.000040772
2500 0.000198928 2500 0.000015351 add_time= 0.000230070
2750 0.000089396 2750 0.000018111 add_time= 0.000122582
1275 0.000083826 1275 0.000006141 add_time= 0.000103909
2754 0.000048207 2754 0.000006963 add_time= 0.000070386
2550 0.000104060 2550 0.000005921 add_time= 0.000123584
2703 0.000008107 2703 0.000144471 add_time= 0.000170916
2805 0.000149566 2805 0.000015435 add_time= 0.000180199
3025 0.000091736 3025 0.000006790 add_time= 0.000118522
2860 0.000055701 2860 0.000006130 add_time= 0.000075730
2500 0.000078163 2500 0.000005916 add_time= 0.000097372
1250 0.000054942 1250 0.000005110 add_time= 0.000071634
1250 0.000105150 1250 0.000006094 add_time= 0.000122353
2915 0.000145159 2915 0.000037295 add_time= 0.000229547
2500 0.000053647 2500 0.000008941 add_time= 0.000085095
2750 0.000050015 2750 0.000009991 add_time= 0.000085949
2805 0.000058615 2805 0.000008080 add_time= 0.000094738
2805 0.000047001 2805 0.000008362 add_time= 0.000094700
2754 0.000060576 2754 0.000017319 add_time= 0.000105399
1250 0.000076544 1250 0.000007295 add_time= 0.000106159
2756 0.000009488 2756 0.000083228 add_time= 0.000108403
2600 0.000076462 2600 0.000007025 add_time= 0.000098693
2550 0.000071519 2550 0.000006477 add_time= 0.000091613
2915 0.000068504 2915 0.000007492 add_time= 0.000091665
1275 0.000070836 1275 0.000005952 add_time= 0.000090766
2500 0.000058218 2500 0.000006891 add_time= 0.000080365
2915 0.000021232 2915 0.000018070 add_time= 0.000060198
2704 0.000102160 2704 0.000006635 add_time= 0.000124048
2915 0.000101627 2915 0.000006636 add_time= 0.000122639
2750 0.000071925 2750 0.000008303 add_time= 0.000097797
2750 0.000198421 2750 0.000006947 add_time= 0.000220458
2500 0.000081097 2500 0.000007132 add_time= 0.000104417
1325 0.000011809 1325 0.000011438 add_time= 0.000042515
1300 0.000146752 1300 0.000006654 add_time= 0.000167092
2500 0.000079914 2500 0.000008657 add_time= 0.000106338
2750 0.000094880 2750 0.000007756 add_time= 0.000119281
2500 0.000134062 2500 0.000007004 add_time= 0.000157176
2500 0.000060305 2500 0.000007908 add_time= 0.000085103
1275 0.000070140 1275 0.000006976 add_time= 0.000091226
2650 0.000021066 2650 0.000016986 add_time= 0.000057911
2600 0.000078022 2600 0.000008726 add_time= 0.000104429
2750 0.000076000 2750 0.000006125 add_time= 0.000094493
2500 0.000145436 2500 0.000007415 add_time= 0.000170101
2550 0.000087175 2550 0.000018794 add_time= 0.000123240
2700 0.000114720 2700 0.000016860 add_time= 0.000148987
1275 0.000063731 1275 0.000006372 add_time= 0.000083090
2500 0.000020794 2500 0.000016100 add_time= 0.000055422
2600 0.000145569 2600 0.000008178 add_time= 0.000171146
2600 0.000057198 2600 0.000007556 add_time= 0.000081574
2601 0.000126010 2601 0.000007461 add_time= 0.000150476
2550 0.000132377 2550 0.000007098 add_time= 0.000154278
2500 0.000093370 2500 0.000006934 add_time= 0.000123953
2750 0.000159036 2750 0.000006566 add_time= 0.000179883
2500 0.000020046 2500 0.000015614 add_time= 0.000052855
2652 0.000234585 2652 0.000007267 add_time= 0.000257232
2750 0.000089211 2750 0.000007292 add_time= 0.000113195
2500 0.000058294 2500 0.000014265 add_time= 0.000089059
2550 0.000098957 2550 0.000007608 add_time= 0.000123269
2500 0.000086297 2500 0.000006850 add_time= 0.000108044
2600 0.000109163 2600 0.000007426 add_time= 0.000144385
2650 0.000021909 2650 0.000016098 add_time= 0.000055663
2750 0.000112179 2750 0.000008142 add_time= 0.000148807
2600 0.000128839 2600 0.000007575 add_time= 0.000160967
2550 0.000072741 2550 0.000015056 add_time= 0.000104175
2500 0.000085061 2500 0.000006844 add_time= 0.000119052
2600 0.000177283 2600 0.000018561 add_time= 0.000212763
2750 0.000079203 2750 0.000007664 add_time= 0.000103764
2750 0.000122159 2750 0.000012843 add_time= 0.000151257
2550 0.000120139 2550 0.000006687 add_time= 0.000153080
2808 0.000108006 2808 0.000006784 add_time= 0.000129993
1375 0.000075747 1375 0.000005998 add_time= 0.000094455
2756 0.000011989 2756 0.000109549 add_time= 0.000153605
2600 0.000130491 2600 0.000007837 add_time= 0.000166977
2750 0.000103258 2750 0.000007455 add_time= 0.000127225
2750 0.000095676 2750 0.000007297 add_time= 0.000132349
2550 0.000229316 2550 0.000022874 add_time= 0.000268887
2700 0.000154890 2700 0.000006906 add_time= 0.000176010
2650 0.000015728 2650 0.000035229 add_time= 0.000089902
2756 0.000110414 2756 0.000006798 add_time= 0.000145525
2500 0.000111993 2500 0.000005938 add_time= 0.000132066
2860 0.000080201 2860 0.000006539 add_time= 0.000101189
2805 0.000127844 2805 0.000017201 add_time= 0.000159288
2500 0.000227634 2500 0.000005875 add_time= 0.000246746
2500 0.000116168 2500 0.000006425 add_time= 0.000137278
2650 0.000006982 2650 0.000015294 add_time= 0.000038892
2652 0.000207722 2652 0.000007283 add_time= 0.000229561
3025 0.000127294 3025 0.000006892 add_time= 0.000149124
2750 0.000125278 2750 0.000007299 add_time= 0.000148601
2703 0.000106228 2703 0.000006704 add_time= 0.000127899
2500 0.000179973 2500 0.000006076 add_time= 0.000199428
1250 0.000099645 1250 0.000006710 add_time= 0.000120111
2500 0.000014675 2500 0.000015427 add_time= 0.000046337
2704 0.000065610 2704 0.000007515 add_time= 0.000089033
3025 0.000069559 3025 0.000007291 add_time= 0.000092806
2500 0.000085906 2500 0.000006286 add_time= 0.000106198
2550 0.000085230 2550 0.000006225 add_time= 0.000104849
2550 0.000107417 2550 0.000007377 add_time= 0.000130820
2805 0.000102933 2805 0.000007229 add_time= 0.000126408
2650 0.000007756 2650 0.000280575 add_time= 0.000304238
2860 0.000162071 2860 0.000006929 add_time= 0.000183679
2500 0.000082317 2500 0.000006676 add_time= 0.000103994
2805 0.000104259 2805 0.000007665 add_time= 0.000127149
2500 0.000112716 2500 0.000006914 add_time= 0.000133413
2500 0.000138243 2500 0.000006448 add_time= 0.000157910
2915 0.000010871 2915 0.000018442 add_time= 0.000060930
2600 0.000171369 2600 0.000007495 add_time= 0.000194440
2750 0.000343836 2750 0.000006558 add_time= 0.000364889
2750 0.000328348 2750 0.000024979 add_time= 0.000367616
2550 0.000194833 2550 0.000006386 add_time= 0.000215887
2700 0.000489524 2700 0.000027981 add_time= 0.000542517
1250 0.000083210 1250 0.000007141 add_time= 0.000104977
2500 0.000165672 2500 0.000007641 add_time= 0.000189939
2750 0.000125653 2750 0.000007716 add_time= 0.000150033
1250 0.000138320 1250 0.000006302 add_time= 0.000158845
2550 0.000281366 2550 0.000007206 add_time= 0.000303851
2600 0.000080107 2600 0.000007485 add_time= 0.000104316
1375 0.000053137 1375 0.000025501 add_time= 0.000090789
2500 0.000007632 2500 0.000196370 add_time= 0.000232404
2500 0.000028394 2500 0.000006685 add_time= 0.000054183
2500 0.000108881 2500 0.000007099 add_time= 0.000133940
2703 0.000067353 2703 0.000006618 add_time= 0.000090039
2750 0.000130908 2750 0.000006545 add_time= 0.000162218
1250 0.000388279 1250 0.000006147 add_time= 0.000408044
2600 0.000080927 2600 0.000009300 add_time= 0.000142718
2860 0.000052774 2860 0.000008178 add_time= 0.000096151
3025 0.000037954 3025 0.000009490 add_time= 0.000083175
2703 0.000007462 2703 0.000009051 add_time= 0.000063376
2500 0.000028873 2500 0.000008055 add_time= 0.000077309
2500 0.000034866 2500 0.000007472 add_time= 0.000075236
2500 0.000014375 2500 0.000257251 add_time= 0.000290538
2750 0.000076118 2750 0.000006092 add_time= 0.000104317
2750 0.000135373 2750 0.000006539 add_time= 0.000159452
2500 0.000077370 2500 0.000006811 add_time= 0.000110039
2808 0.000053346 2808 0.000014166 add_time= 0.000085118
1325 0.000179625 1325 0.000007529 add_time= 0.000202556
2704 0.000458593 2704 0.000008179 add_time= 0.000491996
2915 0.000123267 2915 0.000015067 add_time= 0.000154715
2860 0.000194726 2860 0.000006436 add_time= 0.000216538
2550 0.000110569 2550 0.000016678 add_time= 0.000143163
1275 0.000081432 1275 0.000006850 add_time= 0.000101641
2970 0.000045368 2970 0.000007636 add_time= 0.000069227
2915 0.000030261 2915 0.000019777 add_time= 0.000067295
2652 0.000101176 2652 0.000008188 add_time= 0.000125662
2700 0.000068585 2700 0.000007411 add_time= 0.000092529
2500 0.000167041 2500 0.000006841 add_time= 0.000188839
2750 0.000047251 2750 0.000014810 add_time= 0.000079113
2550 0.000080209 2550 0.000006978 add_time= 0.000102938
2600 0.000161844 2600 0.000007779 add_time= 0.000186075
1350 0.000051169 1350 0.000006087 add_time= 0.000069352
2500 0.000034175 2500 0.000015085 add_time= 0.000065818
2600 0.000055479 2600 0.000006860 add_time= 0.000076507
2750 0.000346052 2750 0.000007767 add_time= 0.000369997
2750 0.000091814 2750 0.000007061 add_time= 0.000115031
2805 0.000077307 2805 0.000007587 add_time= 0.000101516
3025 0.000286102 3025 0.000007836 add_time= 0.000311199
1250 0.000072125 1250 0.000006144 add_time= 0.000090534
2915 0.000016735 2915 0.000016759 add_time= 0.000051522
2600 0.000172263 2600 0.000007148 add_time= 0.000194124
2750 0.000146664 2750 0.000006490 add_time= 0.000167052
2500 0.000084781 2500 0.000006943 add_time= 0.000107128
2550 0.000111587 2550 0.000007162 add_time= 0.000134229
2600 0.000066155 2600 0.000007202 add_time= 0.000089208
2500 0.000086590 2500 0.000007516 add_time= 0.000112346
2500 0.000101315 2500 0.000013893 add_time= 0.000131171
2600 0.000160491 2600 0.000006598 add_time= 0.000181324
2970 0.000065993 2970 0.000009227 add_time= 0.000092642
2601 0.000132689 2601 0.000006729 add_time= 0.000154174
2600 0.000101817 2600 0.000007706 add_time= 0.000136209
2915 0.000031702 2915 0.000017593 add_time= 0.000067352
2500 0.000074069 2500 0.000007623 add_time= 0.000108036
2750 0.000104570 2750 0.000007201 add_time= 0.000127302
1275 0.000044677 1275 0.000013972 add_time= 0.000072245
2805 0.000084441 2805 0.000007000 add_time= 0.000106816
2915 0.000032981 2915 0.000017464 add_time= 0.000068080
2600 0.000062469 2600 0.000007501 add_time= 0.000085928
2750 0.000155918 2750 0.000006494 add_time= 0.000176882
2550 0.000067548 2550 0.000006651 add_time= 0.000089377
2805 0.000064188 2805 0.000006840 add_time= 0.000084928
2805 0.000085312 2805 0.000015306 add_time= 0.000117205
1250 0.000034904 1250 0.000005510 add_time= 0.000051746
2550 0.000017834 2550 0.000073139 add_time= 0.000106966
2652 0.000064291 2652 0.000008051 add_time= 0.000086737
2750 0.000420659 2750 0.000006883 add_time= 0.000441593
2750 0.000049400 2750 0.000006267 add_time= 0.000069227
2500 0.000099274 2500 0.000013812 add_time= 0.000126373
2862 0.000112427 2862 0.000006621 add_time= 0.000133341
1250 0.000105821 1250 0.000013911 add_time= 0.000130829
2650 0.000010144 2650 0.000075546 add_time= 0.000112192
2808 0.000049868 2808 0.000026821 add_time= 0.000094606
3025 0.000088628 3025 0.000024775 add_time= 0.000128873
2500 0.000083821 2500 0.000017480 add_time= 0.000115325
2805 0.000685346 2805 0.000007094 add_time= 0.000707354
2500 0.000471524 2500 0.000006704 add_time= 0.000492223
2750 0.000053147 2750 0.000006549 add_time= 0.000076518
2915 0.000015787 2915 0.000163327 add_time= 0.000195854
2652 0.000377463 2652 0.000007456 add_time= 0.000399905
2750 0.000191872 2750 0.000024217 add_time= 0.000229977
1375 0.000049508 1375 0.000005773 add_time= 0.000066642
2750 0.000060375 2750 0.000009946 add_time= 0.000099355
2700 0.000353485 2700 0.000008611 add_time= 0.000381329
2750 0.000070785 2750 0.000009871 add_time= 0.000097607
2650 0.000007576 2650 0.000075324 add_time= 0.000105083
2500 0.000047074 2500 0.000007068 add_time= 0.000073166
2750 0.000098718 2750 0.000008061 add_time= 0.000128830
2500 0.000030102 2500 0.000006602 add_time= 0.000062263
1250 0.000072589 1250 0.000009429 add_time= 0.000095476
2754 0.000139146 2754 0.000007507 add_time= 0.000164959
2700 0.000085553 2700 0.000007774 add_time= 0.000111856
2915 0.000025224 2915 0.000016446 add_time= 0.000065048
2600 0.000235373 2600 0.000011766 add_time= 0.000276773
2860 0.000022048 2860 0.000007778 add_time= 0.000049334
2650 0.000039594 2650 0.000007931 add_time= 0.000064409
2550 0.000113801 2550 0.000006575 add_time= 0.000136472
2550 0.000286797 2550 0.000007202 add_time= 0.000311296
2500 0.000113260 2500 0.000007403 add_time= 0.000139490
2550 0.000007741 2550 0.000085200 add_time= 0.000114845
2550 0.000056864 2550 0.000007167 add_time= 0.000082814
2750 0.000086570 2750 0.000009833 add_time= 0.000112705
3025 0.000067814 3025 0.000006425 add_time= 0.000091614
2601 0.000166027 2601 0.000009911 add_time= 0.000192086
2550 0.000048912 2550 0.000011323 add_time= 0.000088526
2750 0.000051143 2750 0.000010827 add_time= 0.000079862
2750 0.000285303 2750 0.000007797 add_time= 0.000328421
2700 0.000083539 2700 0.000006303 add_time= 0.000104487
2500 0.000219133 2500 0.000030207 add_time= 0.000263751
2750 0.000088797 2750 0.000006278 add_time= 0.000109880
2805 0.000045528 2805 0.000006812 add_time= 0.000068970
2500 0.000374371 2500 0.000006969 add_time= 0.000396356
2500 0.000193409 2500 0.000007803 add_time= 0.000217672
2860 0.000067605 2860 0.000007615 add_time= 0.000091885
2600 0.000070006 2600 0.000025874 add_time= 0.000111139
2750 0.000054083 2750 0.000008554 add_time= 0.000087479
2700 0.000096608 2700 0.000006975 add_time= 0.000119246
2500 0.000109031 2500 0.000007160 add_time= 0.000132085
2650 0.000008452 2650 0.000189797 add_time= 0.000215008
2652 0.000060129 2652 0.000005827 add_time= 0.000080227
2700 0.000164193 2700 0.000014333 add_time= 0.000191995
2500 0.000135898 2500 0.000006232 add_time= 0.000155124
2600 0.000064572 2600 0.000005772 add_time= 0.000082558
2805 0.000051047 2805 0.000006196 add_time= 0.000072085
2500 0.000131402 2500 0.000005476 add_time= 0.000149499
2500 0.000060980 2500 0.000006393 add_time= 0.000080335
2750 0.000052506 2750 0.000026838 add_time= 0.000126325
2860 0.000044491 2860 0.000007870 add_time= 0.000079055
2500 0.000033709 2500 0.000008891 add_time= 0.000074170
2550 0.000058989 2550 0.000008325 add_time= 0.000095276
2805 0.000054882 2805 0.000007951 add_time= 0.000091042
2750 0.000072053 2750 0.000008073 add_time= 0.000107496
2750 0.000055791 2750 0.000008495 add_time= 0.000090220
2650 0.000008929 2650 0.000094192 add_time= 0.000119504
2652 0.000147524 2652 0.000006803 add_time= 0.000169492
2500 0.000051746 2500 0.000006364 add_time= 0.000071653
2601 0.000104049 2601 0.000007747 add_time= 0.000137749
2754 0.000086822 2754 0.000006966 add_time= 0.000120758
1250 0.000084838 1250 0.000006035 add_time= 0.000103605
2750 0.000141488 2750 0.000007348 add_time= 0.000164877
2808 0.000151583 2808 0.000006653 add_time= 0.000172386
2750 0.000113909 2750 0.000007346 add_time= 0.000136330
2550 0.000084732 2550 0.000007167 add_time= 0.000106797
2500 0.000135825 2500 0.000007157 add_time= 0.000157281
2805 0.000052869 2805 0.000016857 add_time= 0.000085656
1250 0.000058914 1250 0.000005457 add_time= 0.000074910
2650 0.000011649 2650 0.000184276 add_time= 0.000210839
2652 0.000114964 2652 0.000006296 add_time= 0.000134204
2750 0.000099535 2750 0.000006180 add_time= 0.000118711
2750 0.000058027 2750 0.000006744 add_time= 0.000079472
2550 0.000117628 2550 0.000005919 add_time= 0.000136726
2600 0.000079897 2600 0.000007052 add_time= 0.000102135
2500 0.000158756 2500 0.000007624 add_time= 0.000180010
2756 0.000011621 2756 0.000016218 add_time= 0.000042879
2652 0.000200455 2652 0.000007206 add_time= 0.000221770
2500 0.000045404 2500 0.000007201 add_time= 0.000067744
2600 0.000109515 2600 0.000007260 add_time= 0.000130424
2700 0.000082607 2700 0.000007237 add_time= 0.000104674
2970 0.000071477 2970 0.000007605 add_time= 0.000095113
2500 0.000121219 2500 0.000006214 add_time= 0.000140466
2862 0.000019670 2862 0.000016433 add_time= 0.000052129
2600 0.000074198 2600 0.000007502 add_time= 0.000096542
3025 0.000090388 3025 0.000007724 add_time= 0.000114031
3025 0.000130728 3025 0.000018711 add_time= 0.000173465
2500 0.000116923 2500 0.000013857 add_time= 0.000145776
2500 0.000057592 2500 0.000006985 add_time= 0.000077937
1325 0.000016475 1325 0.000009805 add_time= 0.000039849
2652 0.000182377 2652 0.000007389 add_time= 0.000203857
2500 0.000093038 2500 0.000006475 add_time= 0.000112578
2600 0.000126491 2600 0.000006433 add_time= 0.000146085
2550 0.000049188 2550 0.000007001 add_time= 0.000071442
2700 0.000079489 2700 0.000007301 add_time= 0.000101690
2500 0.000074134 2500 0.000006786 add_time= 0.000095913
2650 0.000018258 2650 0.000073619 add_time= 0.000107288
2600 0.000136002 2600 0.000007927 add_time= 0.000159317
2650 0.000065122 2650 0.000006489 add_time= 0.000085261
2750 0.000061593 2750 0.000007123 add_time= 0.000083961
2805 0.000089379 2805 0.000007596 add_time= 0.000123257
2700 0.000076004 2700 0.000006676 add_time= 0.000096267
1300 0.000075477 1300 0.000005412 add_time= 0.000091636
2915 0.000011560 2915 0.000016445 add_time= 0.000043509
2652 0.000184357 2652 0.000006257 add_time= 0.000203921
2500 0.000077591 2500 0.000007233 add_time= 0.000099838
2750 0.000105058 2750 0.000006397 add_time= 0.000125380
2550 0.000072699 2550 0.000007306 add_time= 0.000095387
2916 0.000078649 2916 0.000006544 add_time= 0.000099079
1250 0.000052497 1250 0.000005038 add_time= 0.000067925
2915 0.000011511 2915 0.000014102 add_time= 0.000041126
2600 0.000058886 2600 0.000006958 add_time= 0.000079428
2750 0.000099440 2750 0.000006215 add_time= 0.000118763
2500 0.000065801 2500 0.000005984 add_time= 0.000084590
2550 0.000056810 2550 0.000005826 add_time= 0.000086014
2808 0.000090688 2808 0.000006482 add_time= 0.000110316
2500 0.000105789 2500 0.000006674 add_time= 0.000125250
2500 0.000035884 2500 0.000014530 add_time= 0.000064283
2805 0.000101854 2805 0.000007466 add_time= 0.000122618
2650 0.000068305 2650 0.000006463 add_time= 0.000087873
2500 0.000071669 2500 0.000006318 add_time= 0.000090698
2750 0.000073713 2750 0.000006248 add_time= 0.000092709
2750 0.000072816 2750 0.000006715 add_time= 0.000092509
1375 0.000076306 1375 0.000005499 add_time= 0.000091934
2650 0.000010501 2650 0.000015948 add_time= 0.000052847
2652 0.000207718 2652 0.000006174 add_time= 0.000227772
2600 0.000065130 2600 0.000006910 add_time= 0.000086999
2600 0.000074116 2600 0.000007065 add_time= 0.000107175
2500 0.000038614 2500 0.000006646 add_time= 0.000060337
2750 0.000408835 2750 0.000008125 add_time= 0.000443774
2805 0.000197666 2805 0.000008183 add_time= 0.000230013
2750 0.000080079 2750 0.000007195 add_time= 0.000103372
3025 0.000107903 3025 0.000007558 add_time= 0.000132420
2756 0.000008659 2756 0.000073822 add_time= 0.000099128
2652 0.000188495 2652 0.000006798 add_time= 0.000209398
2860 0.000346862 2860 0.000006457 add_time= 0.000367894
2500 0.000083114 2500 0.000007325 add_time= 0.000106160
2550 0.000378074 2550 0.000006777 add_time= 0.000398956
2500 0.000244253 2500 0.000006109 add_time= 0.000264574
3025 0.000115220 3025 0.000006467 add_time= 0.000135711
2500 0.000267882 2500 0.000029298 add_time= 0.000318654
3025 0.000108916 3025 0.000007279 add_time= 0.000135288
2750 0.000059183 2750 0.000006340 add_time= 0.000078915
2750 0.000141276 2750 0.000006907 add_time= 0.000163281
2600 0.000109825 2600 0.000007119 add_time= 0.000132066
1375 0.000110104 1375 0.000006507 add_time= 0.000129449
2650 0.000008257 2650 0.000015405 add_time= 0.000038863
2600 0.000275169 2600 0.000007480 add_time= 0.000303126
2500 0.000180019 2500 0.000026589 add_time= 0.000220211
2750 0.000168241 2750 0.000007379 add_time= 0.000191141
2550 0.000107437 2550 0.000017282 add_time= 0.000137927
2750 0.000105592 2750 0.000024993 add_time= 0.000150775
2650 0.000041892 2650 0.000007380 add_time= 0.000064410
2650 0.000007163 2650 0.000019331 add_time= 0.000043415
2652 0.000174187 2652 0.000007168 add_time= 0.000195580
2500 0.000071647 2500 0.000007176 add_time= 0.000093784
2550 0.000060941 2550 0.000007176 add_time= 0.000083881
3025 0.000051350 3025 0.000007402 add_time= 0.000075187
2650 0.000012638 2650 0.000192763 add_time= 0.000238988
1250 0.000065682 1250 0.000013815 add_time= 0.000096898
2500 0.000124166 2500 0.000007594 add_time= 0.000146793
2750 0.000189014 2750 0.000006704 add_time= 0.000210218
2652 0.000092509 2652 0.000007082 add_time= 0.000115695
2500 0.000171410 2500 0.000007132 add_time= 0.000193044
2756 0.000009166 2756 0.000256904 add_time= 0.000282615
3025 0.000033325 3025 0.000008287 add_time= 0.000059082
2600 0.000066306 2600 0.000024822 add_time= 0.000115193
2750 0.000154365 2750 0.000025262 add_time= 0.000196456
2703 0.000225916 2703 0.000016283 add_time= 0.000258405
2500 0.000117261 2500 0.000006490 add_time= 0.000138702
1250 0.000006257 1250 0.000016086 add_time= 0.000041320
1300 0.000035130 1300 0.000005620 add_time= 0.000054836
2805 0.000036473 2805 0.000005926 add_time= 0.000060925
2500 0.000097291 2500 0.000006313 add_time= 0.000118650
2550 0.000069509 2550 0.000006324 add_time= 0.000101954
2805 0.000097400 2805 0.000006081 add_time= 0.000119086
2500 0.000097117 2500 0.000005993 add_time= 0.000128133
2550 0.000083472 2550 0.000005991 add_time= 0.000104018
2915 0.000140771 2915 0.000085779 add_time= 0.000274935
2550 0.000028678 2550 0.000008835 add_time= 0.000071521
2500 0.000027448 2500 0.000008561 add_time= 0.000064973
2650 0.000006926 2650 0.000009676 add_time= 0.000061766
2500 0.000055817 2500 0.000014335 add_time= 0.000103035
2500 0.000026556 2500 0.000014896 add_time= 0.000081024
2650 0.000010847 2650 0.000080562 add_time= 0.000115411
2600 0.000065174 2600 0.000007381 add_time= 0.000090036
1250 0.000075705 1250 0.000006345 add_time= 0.000096374
2652 0.000066661 2652 0.000006513 add_time= 0.000097513
2652 0.000050370 2652 0.000006735 add_time= 0.000092878
2700 0.000039741 2700 0.000007114 add_time= 0.000065437
2650 0.000010691 2650 0.000015673 add_time= 0.000043406
2808 0.000041479 2808 0.000007081 add_time= 0.000073287
2915 0.000168671 2915 0.000006818 add_time= 0.000191499
2754 0.000405717 2754 0.000007327 add_time= 0.000428590
2970 0.000054579 2970 0.000007736 add_time= 0.000079170
2703 0.000021674 2703 0.000016123 add_time= 0.000054880
2808 0.000064327 2808 0.000008444 add_time= 0.000089394
2550 0.000087752 2550 0.000006205 add_time= 0.000107925
2500 0.000086344 2500 0.000006217 add_time= 0.000106136
2600 0.000066147 2600 0.000007330 add_time= 0.000089050
2550 0.000075815 2550 0.000006735 add_time= 0.000096768
2750 0.000116187 2750 0.000007541 add_time= 0.000140651
2500 0.000425606 2500 0.000007217 add_time= 0.000448485
2750 0.000264408 2750 0.000007544 add_time= 0.000288255
2500 0.000075183 2500 0.000007054 add_time= 0.000098128
2550 0.000057444 2550 0.000006770 add_time= 0.000078498
2970 0.000042490 2970 0.000007456 add_time= 0.000066979
2500 0.000103247 2500 0.000007003 add_time= 0.000125896
2750 0.000020950 2750 0.000210065 add_time= 0.000247920
2750 0.000122747 2750 0.000007722 add_time= 0.000146482
2500 0.000079713 2500 0.000006882 add_time= 0.000102276
2601 0.000109724 2601 0.000006997 add_time= 0.000132373
2700 0.000051114 2700 0.000006422 add_time= 0.000071689
1300 0.000100078 1300 0.000040094 add_time= 0.000153276
2650 0.000020260 2650 0.000246898 add_time= 0.000283727
2750 0.000206490 2750 0.000019285 add_time= 0.000242358
2600 0.000096793 2600 0.000006637 add_time= 0.000117907
2550 0.000061897 2550 0.000007106 add_time= 0.000084591
2750 0.000098424 2750 0.000008102 add_time= 0.000122693
2750 0.000055851 2750 0.000006622 add_time= 0.000076950
1250 0.000058732 1250 0.000005342 add_time= 0.000075178
2650 0.000021552 2650 0.000073446 add_time= 0.000110843
2600 0.000114535 2600 0.000007574 add_time= 0.000137682
2550 0.000225116 2550 0.000006897 add_time= 0.000245826
2805 0.000216639 2805 0.000014524 add_time= 0.000245163
2550 0.000190077 2550 0.000006115 add_time= 0.000209636
2808 0.001638607 2808 0.000007741 add_time= 0.001660725
1250 0.000167229 1250 0.000005788 add_time= 0.000184838
2808 0.000061949 2808 0.000006027 add_time= 0.000082168
3025 0.000098128 3025 0.000007698 add_time= 0.000121680
2652 0.000113315 2652 0.000007129 add_time= 0.000135574
2500 0.000522315 2500 0.000007374 add_time= 0.000544856
1250 0.000161191 1250 0.000006394 add_time= 0.000180354
1250 0.000016412 1250 0.000010584 add_time= 0.000040463
2550 0.000218890 2550 0.000006918 add_time= 0.000241155
2600 0.000121513 2600 0.000007109 add_time= 0.000143345
2500 0.000120663 2500 0.000007080 add_time= 0.000142445
2916 0.000055420 2916 0.000007586 add_time= 0.000079013
1375 0.000136907 1375 0.000009200 add_time= 0.000157686
2500 0.000020629 2500 0.000275969 add_time= 0.000311294
2860 0.000121695 2860 0.000007575 add_time= 0.000145305
2500 0.000074606 2500 0.000006871 add_time= 0.000096431
2500 0.000153825 2500 0.000007264 add_time= 0.000176427
2500 0.000072781 2500 0.000006952 add_time= 0.000094882
2703 0.000018678 2703 0.000076629 add_time= 0.000118602
3025 0.000073655 3025 0.000009054 add_time= 0.000099427
2750 0.000212485 2750 0.000007463 add_time= 0.000235756
2805 0.000082178 2805 0.000007284 add_time= 0.000105141
2500 0.000068818 2500 0.000006230 add_time= 0.000088404
2915 0.000009845 2915 0.000016701 add_time= 0.000054594
2600 0.000377223 2600 0.000008484 add_time= 0.000401640
1375 0.000043255 1375 0.000006488 add_time= 0.000063026
2750 0.000084104 2750 0.000007103 add_time= 0.000105865
2750 0.000091746 2750 0.000007773 add_time= 0.000115417
2703 0.000276255 2703 0.000006932 add_time= 0.000297568
2500 0.000117085 2500 0.000015082 add_time= 0.000148318
2700 0.000121745 2700 0.000006955 add_time= 0.000143396
2650 0.000019878 2650 0.000125256 add_time= 0.000161116
2500 0.000999424 2500 0.000007284 add_time= 0.001027363
2550 0.000255717 2550 0.000024564 add_time= 0.000294784
2750 0.000081472 2750 0.000006477 add_time= 0.000101970
3025 0.000093642 3025 0.000027491 add_time= 0.000145517
2915 0.000007431 2915 0.000016752 add_time= 0.000042059
2600 0.000245415 2600 0.000011141 add_time= 0.000291210
2500 0.000075472 2500 0.000005781 add_time= 0.000094834
2860 0.000129165 2860 0.000008069 add_time= 0.000153438
2500 0.000082922 2500 0.000024436 add_time= 0.000121716
2500 0.000166041 2500 0.000006717 add_time= 0.000187538
1250 0.000064776 1250 0.000008145 add_time= 0.000086335
2915 0.000013938 2915 0.000014542 add_time= 0.000044160
2808 0.000081791 2808 0.000006873 add_time= 0.000114758
2500 0.000099053 2500 0.000006906 add_time= 0.000121207
2915 0.000098513 2915 0.000006429 add_time= 0.000119489
2550 0.000075544 2550 0.000006185 add_time= 0.000094937
2808 0.000125567 2808 0.000007627 add_time= 0.000158735
2750 0.000078622 2750 0.000006948 add_time= 0.000099872
2650 0.000007432 2650 0.000015457 add_time= 0.000041201
2652 0.000103749 2652 0.000006550 add_time= 0.000125665
2500 0.000084285 2500 0.000006666 add_time= 0.000105711
2750 0.000054956 2750 0.000007536 add_time= 0.000078573
2703 0.000137138 2703 0.000006111 add_time= 0.000156974
2550 0.000090190 2550 0.000006607 add_time= 0.000111893
2500 0.000034272 2500 0.000007260 add_time= 0.000056392
2650 0.000011306 2650 0.000231631 add_time= 0.000277105
2500 0.000218560 2500 0.000007666 add_time= 0.000250906
2805 0.000098278 2805 0.000022853 add_time= 0.000137267
2550 0.000264574 2550 0.000007151 add_time= 0.000287012
2805 0.000133305 2805 0.000036295 add_time= 0.000184608
2700 0.000329912 2700 0.000006565 add_time= 0.000350707
2750 0.000108880 2750 0.000009178 add_time= 0.000136570
2860 0.000388585 2860 0.000007410 add_time= 0.000412022
2750 0.000276768 2750 0.000007026 add_time= 0.000299763
2650 0.000058465 2650 0.000011395 add_time= 0.000083516
2500 0.000051268 2500 0.000006078 add_time= 0.000070522
2550 0.000372013 2550 0.000007726 add_time= 0.000395231
3025 0.000358431 3025 0.000006665 add_time= 0.000387261
2650 0.000008362 2650 0.000029594 add_time= 0.000056698
1300 0.000030606 1300 0.000006864 add_time= 0.000055980
2500 0.000153228 2500 0.000007256 add_time= 0.000178490
2650 0.000024522 2650 0.000007003 add_time= 0.000048717
2500 0.000106616 2500 0.000007600 add_time= 0.000130440
2500 0.000086027 2500 0.000006735 add_time= 0.000108722
2650 0.000164700 2650 0.000025232 add_time= 0.000255537
2550 0.000037512 2550 0.000010177 add_time= 0.000096484
2650 0.000007248 2650 0.000008107 add_time= 0.000054502
2805 0.000047963 2805 0.000009393 add_time= 0.000101356
1275 0.000029971 1275 0.000007488 add_time= 0.000073926
2750 0.000054975 2750 0.000007861 add_time= 0.000089940
2750 0.000007213 2750 0.000243143 add_time= 0.000271562
3025 0.000094774 3025 0.000006856 add_time= 0.000121433
2550 0.000066187 2550 0.000006815 add_time= 0.000089785
2750 0.000055508 2750 0.000007838 add_time= 0.000081514
2750 0.000110925 2750 0.000007095 add_time= 0.000142641
1250 0.000066425 1250 0.000006024 add_time= 0.000095695
2500 0.000020566 2500 0.000019448 add_time= 0.000072905
2808 0.000052949 2808 0.000006681 add_time= 0.000075609
2500 0.000082509 2500 0.000007171 add_time= 0.000105136
2700 0.000044416 2700 0.000007950 add_time= 0.000068494
2500 0.000041412 2500 0.000012415 add_time= 0.000067624
2500 0.000091456 2500 0.000006176 add_time= 0.000111384
2500 0.000114925 2500 0.000007538 add_time= 0.000138088
2703 0.000020655 2703 0.000078768 add_time= 0.000116776
2860 0.000054755 2860 0.000007281 add_time= 0.000078213
2805 0.000103302 2805 0.000007309 add_time= 0.000137632
2550 0.000115310 2550 0.000006787 add_time= 0.000156506
2500 0.000098942 2500 0.000006417 add_time= 0.000119425
2650 0.000013620 2650 0.000015811 add_time= 0.000048769
2600 0.000062403 2600 0.000007336 add_time= 0.000084299
2650 0.000070065 2650 0.000007152 add_time= 0.000093525
2500 0.000093993 2500 0.000006985 add_time= 0.000117244
2700 0.000060525 2700 0.000007234 add_time= 0.000083536
2750 0.000130304 2750 0.000007480 add_time= 0.000154167
2756 0.000019366 2756 0.000133476 add_time= 0.000169766
2652 0.000145760 2652 0.000006638 add_time= 0.000167111
2600 0.000126410 2600 0.000006302 add_time= 0.000146840
3025 0.000097346 3025 0.000006558 add_time= 0.000119009
2601 0.000065795 2601 0.000005874 add_time= 0.000093415
2500 0.000110684 2500 0.000006000 add_time= 0.000131349
2750 0.000194211 2750 0.000008966 add_time= 0.000222159
2500 0.000078179 2500 0.000009004 add_time= 0.000112475
2700 0.000120735 2700 0.000007087 add_time= 0.000144888
2550 0.000142421 2550 0.000007796 add_time= 0.000166931
2500 0.000157777 2500 0.000006695 add_time= 0.000179643
1375 0.000180253 1375 0.000007660 add_time= 0.000202733
2915 0.000021680 2915 0.000016856 add_time= 0.000054838
2600 0.000047428 2600 0.000006465 add_time= 0.000068048
2860 0.000094981 2860 0.000007216 add_time= 0.000118858
2500 0.000122892 2500 0.000006943 add_time= 0.000146020
2750 0.000094963 2750 0.000007151 add_time= 0.000117933
3025 0.000091644 3025 0.000007692 add_time= 0.000125336
2650 0.000022202 2650 0.000015733 add_time= 0.000054344
2808 0.000124477 2808 0.000006806 add_time= 0.000147000
3025 0.000091543 3025 0.000008301 add_time= 0.000128624
2600 0.000110231 2600 0.000007553 add_time= 0.000133985
2550 0.000100366 2550 0.000008283 add_time= 0.000125209
2500 0.000097146 2500 0.000006368 add_time= 0.000118281
2700 0.000228293 2700 0.000007362 add_time= 0.000252289
2862 0.000022238 2862 0.000016040 add_time= 0.000054537
2652 0.000087339 2652 0.000018865 add_time= 0.000122548
2750 0.000061367 2750 0.000006574 add_time= 0.000082241
2750 0.000091879 2750 0.000007723 add_time= 0.000115588
2500 0.000041020 2500 0.000006411 add_time= 0.000061288
2700 0.000052728 2700 0.000007390 add_time= 0.000075650
1250 0.000140291 1250 0.000006729 add_time= 0.000159920
2652 0.000448500 2652 0.000007746 add_time= 0.000472872
3025 0.000082334 3025 0.000007451 add_time= 0.000105520
1250 0.000057490 1250 0.000006670 add_time= 0.000099392
2500 0.000096846 2500 0.000013800 add_time= 0.000126548
2700 0.000119763 2700 0.000007682 add_time= 0.000143456
1275 0.000206495 1275 0.000006759 add_time= 0.000227254
2756 0.000018895 2756 0.000074149 add_time= 0.000109552
2600 0.000111989 2600 0.000006881 add_time= 0.000132691
2500 0.000073980 2500 0.000006235 add_time= 0.000093504
2750 0.000086430 2750 0.000007210 add_time= 0.000109146
2805 0.000065577 2805 0.000007070 add_time= 0.000088458
2750 0.000071338 2750 0.000007434 add_time= 0.000094693
2650 0.000011409 2650 0.000017236 add_time= 0.000054094
2600 0.000137748 2600 0.000007417 add_time= 0.000160600
2750 0.000392943 2750 0.000034897 add_time= 0.000442383
2500 0.000050525 2500 0.000006553 add_time= 0.000070709
2601 0.000324216 2601 0.000007280 add_time= 0.000358757
2500 0.000114767 2500 0.000027935 add_time= 0.000165505
2650 0.000015787 2650 0.000186018 add_time= 0.000219782
2500 0.000197347 2500 0.000007068 add_time= 0.000220483
2750 0.000084485 2750 0.000007531 add_time= 0.000107761
2750 0.000082893 2750 0.000007506 add_time= 0.000105990
2700 0.000126955 2700 0.000018323 add_time= 0.000160296
1325 0.000154805 1325 0.000009678 add_time= 0.000176421
2700 0.000007320 2700 0.000281620 add_time= 0.000305071
2915 0.000317954 2915 0.000017607 add_time= 0.000349597
2750 0.000105876 2750 0.000007958 add_time= 0.000129769
2550 0.000225155 2550 0.000015782 add_time= 0.000264423
2500 0.000082256 2500 0.000007529 add_time= 0.000116492
2600 0.000067652 2600 0.000006368 add_time= 0.000109527
2550 0.000014580 2550 0.000199370 add_time= 0.000231086
2805 0.000099321 2805 0.000007772 add_time= 0.000123238
2750 0.000028437 2750 0.000008080 add_time= 0.000053375
2500 0.000148268 2500 0.000006619 add_time= 0.000168949
2700 0.000067187 2700 0.000026930 add_time= 0.000110491
1300 0.000138606 1300 0.000006725 add_time= 0.000158582
2500 0.000007544 2500 0.000015357 add_time= 0.000041182
2704 0.000124793 2704 0.000006970 add_time= 0.000148053
1250 0.000172020 1250 0.000006249 add_time= 0.000191883
2750 0.000074078 2750 0.000007796 add_time= 0.000098029
2652 0.000033997 2652 0.000007955 add_time= 0.000069446
2805 0.000090125 2805 0.000015216 add_time= 0.000122081
1250 0.000096757 1250 0.000005667 add_time= 0.000114067
2703 0.000022697 2703 0.000074217 add_time= 0.000127519
2600 0.000081760 2600 0.000023345 add_time= 0.000120727
2970 0.000048717 2970 0.000027852 add_time= 0.000093331
1250 0.000055888 1250 0.000005605 add_time= 0.000072920
2601 0.000182249 2601 0.000013619 add_time= 0.000212778
2500 0.000122708 2500 0.000007012 add_time= 0.000145934
2650 0.000008372 2650 0.000090049 add_time= 0.000115212
2808 0.000080484 2808 0.000007317 add_time= 0.000104192
2750 0.000248755 2750 0.000007049 add_time= 0.000280864
2550 0.000055763 2550 0.000010889 add_time= 0.000092172
1275 0.000261674 1275 0.000006544 add_time= 0.000282805
3025 0.000065313 3025 0.000008256 add_time= 0.000091156
2652 0.000219268 2652 0.000007121 add_time= 0.000245399
2500 0.000059978 2500 0.000006877 add_time= 0.000082927
2750 0.000147566 2750 0.000006870 add_time= 0.000168343
2805 0.000131223 2805 0.000006893 add_time= 0.000152990
2916 0.000063070 2916 0.000006685 add_time= 0.000084669
1250 0.000045013 1250 0.000005931 add_time= 0.000062781
2650 0.000144573 2650 0.000027322 add_time= 0.000228754
2860 0.000176729 2860 0.000009595 add_time= 0.000224645
2805 0.000042808 2805 0.000023023 add_time= 0.000100468
2805 0.000060023 2805 0.000007676 add_time= 0.000094995
2805 0.000056685 2805 0.000073618 add_time= 0.000160462
2700 0.000101354 2700 0.000008155 add_time= 0.000134396
1300 0.000069114 1300 0.000132598 add_time= 0.000226903
2500 0.000008022 2500 0.000023342 add_time= 0.000049674
2600 0.000095181 2600 0.000006710 add_time= 0.000118186
2750 0.000080684 2750 0.000006864 add_time= 0.000103864
2652 0.000113349 2652 0.000026178 add_time= 0.000155710
2550 0.000063730 2550 0.000006734 add_time= 0.000086372
2500 0.000109165 2500 0.000006433 add_time= 0.000130382
2500 0.000073095 2500 0.000007326 add_time= 0.000108032
2750 0.000233336 2750 0.000016713 add_time= 0.000269186
3025 0.000047777 3025 0.000006330 add_time= 0.000070172
2860 0.000246135 2860 0.000006401 add_time= 0.000267310
2500 0.000075111 2500 0.000005960 add_time= 0.000095129
2652 0.000051766 2652 0.000007420 add_time= 0.000080636
2750 0.000080821 2750 0.000007181 add_time= 0.000104865
2862 0.000017546 2862 0.000017833 add_time= 0.000055095
2600 0.000178431 2600 0.000008490 add_time= 0.000203617
3025 0.000288218 3025 0.000007100 add_time= 0.000321936
2601 0.000079043 2601 0.000006611 add_time= 0.000112918
2750 0.000126962 2750 0.000007316 add_time= 0.000151307
2600 0.000088652 2600 0.000007518 add_time= 0.000112723
2600 0.000375781 2600 0.000008272 add_time= 0.000413306
2500 0.000256596 2500 0.000006931 add_time= 0.000280138
2500 0.000101235 2500 0.000007752 add_time= 0.000125878
2862 0.000114407 2862 0.000007972 add_time= 0.000144389
1250 0.000074992 1250 0.000008162 add_time= 0.000097421
2500 0.000014969 2500 0.000193655 add_time= 0.000226711
2805 0.000085166 2805 0.000009735 add_time= 0.000112410
2550 0.000127232 2550 0.000007973 add_time= 0.000158355
2754 0.000142067 2754 0.000007177 add_time= 0.000166008
2808 0.000126313 2808 0.000014430 add_time= 0.000157584
2650 0.000080621 2650 0.000007019 add_time= 0.000102218
2500 0.000014062 2500 0.000073148 add_time= 0.000104863
2600 0.000158589 2600 0.000008627 add_time= 0.000184410
2500 0.000111839 2500 0.000006912 add_time= 0.000133920
2805 0.000089591 2805 0.000006713 add_time= 0.000111950
2652 0.000055353 2652 0.000007539 add_time= 0.000077565
2754 0.000047240 2754 0.000006345 add_time= 0.000068259
2750 0.000074406 2750 0.000006729 add_time= 0.000095268
2915 0.000015395 2915 0.000020019 add_time= 0.000054413
2600 0.000087720 2600 0.000029152 add_time= 0.000133907
2700 0.000107006 2700 0.000007063 add_time= 0.000137045
2970 0.000154979 2970 0.000007868 add_time= 0.000180561
2550 0.000043575 2550 0.000006758 add_time= 0.000065002
2500 0.000076799 2500 0.000006716 add_time= 0.000097659
2915 0.000024203 2915 0.000111603 add_time= 0.000154998
2860 0.000148626 2860 0.000008337 add_time= 0.000172388
3025 0.000243225 3025 0.000007084 add_time= 0.000265930
2750 0.000073568 2750 0.000006600 add_time= 0.000095344
2500 0.000098150 2500 0.000006432 add_time= 0.000130071
2500 0.000076926 2500 0.000007110 add_time= 0.000109106
2650 0.000014919 2650 0.000015668 add_time= 0.000048327
2600 0.000102348 2600 0.000007014 add_time= 0.000124845
2750 0.000164010 2750 0.000005984 add_time= 0.000190127
2500 0.000082444 2500 0.000006376 add_time= 0.000102415
2500 0.000069327 2500 0.000006460 add_time= 0.000089580
2700 0.000052495 2700 0.000005896 add_time= 0.000072284
2500 0.000118795 2500 0.000006423 add_time= 0.000139671
2650 0.000024949 2650 0.000172556 add_time= 0.000215505
2652 0.000320255 2652 0.000007958 add_time= 0.000343658
1375 0.000113047 1375 0.000005802 add_time= 0.000130728
2500 0.000069929 2500 0.000005847 add_time= 0.000089870
2500 0.000068091 2500 0.000006465 add_time= 0.000088801
2700 0.000076556 2700 0.000006557 add_time= 0.000097328
1375 0.000065293 1375 0.000006196 add_time= 0.000083619
2915 0.000019459 2915 0.000016860 add_time= 0.000055166
2860 0.000086207 2860 0.000015891 add_time= 0.000127971
3025 0.000074501 3025 0.000006606 add_time= 0.000096010
2703 0.000098877 2703 0.000006542 add_time= 0.000119576
2805 0.000074061 2805 0.000006839 add_time= 0.000095330
1250 0.000088462 1250 0.000005771 add_time= 0.000106603
2862 0.000010953 2862 0.000019243 add_time= 0.000060932
2808 0.000046859 2808 0.000006708 add_time= 0.000087949
3025 0.000087750 3025 0.000006689 add_time= 0.000111265
2500 0.000079401 2500 0.000006306 add_time= 0.000098779
2550 0.000145401 2550 0.000008083 add_time= 0.000171274
2500 0.000268885 2500 0.000006751 add_time= 0.000292141
2750 0.000147346 2750 0.000007029 add_time= 0.000169064
2650 0.000015923 2650 0.000013519 add_time= 0.000046628
2808 0.000580415 2808 0.000007637 add_time= 0.000603227
2500 0.000229760 2500 0.000007149 add_time= 0.000270614
2750 0.000100601 2750 0.000006754 add_time= 0.000120948
2550 0.000293928 2550 0.000007672 add_time= 0.000317321
2915 0.000123639 2915 0.000006888 add_time= 0.000145549
2750 0.000202511 2750 0.000007935 add_time= 0.000227128
3025 0.000075524 3025 0.000007555 add_time= 0.000099692
2500 0.000068260 2500 0.000007151 add_time= 0.000090675
2750 0.000165666 2750 0.000007730 add_time= 0.000189489
2700 0.000070958 2700 0.000007328 add_time= 0.000105975
2550 0.000091157 2550 0.000008130 add_time= 0.000120492
2600 0.000313111 2600 0.000026802 add_time= 0.000355491
2750 0.000078580 2750 0.000007499 add_time= 0.000101941
2750 0.000062971 2750 0.000026312 add_time= 0.000104882
2750 0.000193552 2750 0.000006948 add_time= 0.000215916
2550 0.000060674 2550 0.000007757 add_time= 0.000083725
2750 0.000109592 2750 0.000007861 add_time= 0.000133573
