2750 0.000146984 2750 0.000015380 add_time= 0.001860307
1375 0.000078690 1375 0.000009232 add_time= 0.000122320
2805 0.000019889 2805 0.000026123 add_time= 0.000063728
2750 0.000085792 2750 0.000010679 add_time= 0.000122388
2500 0.000153068 2500 0.000010120 add_time= 0.000180184
2650 0.000169871 2650 0.000007886 add_time= 0.000193451
2550 0.000034317 2550 0.000032251 add_time= 0.000080985
2500 0.000100062 2500 0.000012545 add_time= 0.000158644
2550 0.000087875 2550 0.000008569 add_time= 0.000126464
2650 0.000011759 2650 0.000036306 add_time= 0.000100361
2600 0.000303519 2600 0.000011883 add_time= 0.000365999
2805 0.000137047 2805 0.000007712 add_time= 0.000171591
2500 0.000008710 2500 0.000031597 add_time= 0.000071483
2600 0.000084927 2600 0.000012183 add_time= 0.000124941
2750 0.000041170 2750 0.000006851 add_time= 0.000065339
3025 0.000021165 3025 0.000016894 add_time= 0.000055849
2750 0.000173613 2750 0.000052741 add_time= 0.000248958
1275 0.000319690 1275 0.000007277 add_time= 0.000342796
1350 0.000005557 1350 0.000010621 add_time= 0.000029448
2860 0.000195338 2860 0.000019151 add_time= 0.000249210
2550 0.001170946 2550 0.000007171 add_time= 0.001197745
2860 0.000192233 2860 0.000034692 add_time= 0.000425795
2500 0.000031497 2500 0.000011899 add_time= 0.000121386
2500 0.000073280 2500 0.000014264 add_time= 0.001341674
2500 0.000042159 2500 0.000016469 add_time= 0.000074065
2750 0.000047180 2750 0.000008021 add_time= 0.000088771
2600 0.000053061 2600 0.000006431 add_time= 0.000075128
2500 0.000064568 2500 0.000009889 add_time= 0.000100551
3025 0.000065732 3025 0.000007729 add_time= 0.000102599
2601 0.000065994 2601 0.000006715 add_time= 0.000087818
3025 0.000353164 3025 0.000010982 add_time= 0.000405217
2750 0.000063806 2750 0.000007444 add_time= 0.000089651
2550 0.000008961 2550 0.000026493 add_time= 0.000065028
2650 0.000295101 2650 0.000007726 add_time= 0.000330334
2550 0.000256203 2550 0.000007128 add_time= 0.000282465
2700 0.000307096 2700 0.000008869 add_time= 0.000366601
2601 0.000083353 2601 0.000007419 add_time= 0.000114253
2600 0.000082108 2600 0.000008867 add_time= 0.000118265
1375 0.000060828 1375 0.000006523 add_time= 0.000093693
2500 0.000424182 2500 0.000006397 add_time= 0.000446099
2750 0.000280403 2750 0.000006144 add_time= 0.000304461
2915 0.000058415 2915 0.000009663 add_time= 0.000098513
2500 0.000044055 2500 0.000007683 add_time= 0.000070003
2500 0.000096097 2500 0.000005878 add_time= 0.000116519
2750 0.000050007 2750 0.000006648 add_time= 0.000073224
1300 0.000007601 1300 0.000012532 add_time= 0.000162522
2500 0.000032519 2500 0.000008682 add_time= 0.000085463
2700 0.000039593 2700 0.000013401 add_time= 0.000080471
