2600 0.000087858 2600 0.000014882 add_time= 0.001621980
1375 0.000107864 1375 0.000006504 add_time= 0.000129395
2750 0.000090567 2750 0.000007154 add_time= 0.000114377
2704 0.000282683 2704 0.000007819 add_time= 0.000321410
2805 0.000072313 2805 0.000007319 add_time= 0.000095790
2650 0.000546765 2650 0.000034070 add_time= 0.000626782
3025 0.000211612 3025 0.000006913 add_time= 0.000246272
2700 0.000219681 2700 0.000006354 add_time= 0.000239724
1250 0.000153567 1250 0.000024770 add_time= 0.000205378
2500 0.000882734 2500 0.000008010 add_time= 0.000911021
2601 0.000126438 2601 0.000007039 add_time= 0.000158734
2600 0.000125073 2600 0.000040200 add_time= 0.000181111
2550 0.001088383 2550 0.000007791 add_time= 0.001122820
2750 0.000276780 2750 0.000008265 add_time= 0.000301443
2550 0.000436409 2550 0.000007800 add_time= 0.000460140
2650 0.000517283 2650 0.000008479 add_time= 0.000547351
2750 0.000081212 2750 0.000011404 add_time= 0.000108758
2500 0.000162863 2500 0.000007540 add_time= 0.000187311
2756 0.000382695 2756 0.000020074 add_time= 0.000424017
3025 0.000685024 3025 0.000007301 add_time= 0.000709587
2750 0.000459577 2750 0.000007266 add_time= 0.000482191
2500 0.000088059 2500 0.000036160 add_time= 0.000209618
2805 0.000061521 2805 0.000027645 add_time= 0.000138698
2550 0.000070671 2550 0.000009415 add_time= 0.000103466
2550 0.000026468 2550 0.000007812 add_time= 0.000057688
2750 0.000276779 2750 0.000014586 add_time= 0.001613944
2500 0.000125454 2500 0.000007541 add_time= 0.000155398
2500 0.000143853 2500 0.000007749 add_time= 0.000167601
2500 0.000308743 2500 0.000007674 add_time= 0.000347120
2750 0.000076275 2750 0.000006644 add_time= 0.000099423
2550 0.000114518 2550 0.000006101 add_time= 0.000143695
2500 0.000074803 2500 0.000006857 add_time= 0.000102282
2915 0.000544658 2915 0.000010462 add_time= 0.000639930
2805 0.000145407 2805 0.000021157 add_time= 0.000184713
2500 0.000114111 2500 0.000015011 add_time= 0.000146777
2500 0.000232766 2500 0.000008358 add_time= 0.000265113
2601 0.000169572 2601 0.000021696 add_time= 0.000216765
2500 0.000187635 2500 0.000007693 add_time= 0.000256433
2550 0.000039485 2550 0.000006967 add_time= 0.000064273
2805 0.000079254 2805 0.000015642 add_time= 0.000116190
2550 0.000096107 2550 0.000008345 add_time= 0.000125000
2750 0.000105507 2750 0.000018275 add_time= 0.000153457
1250 0.000046272 1250 0.000023025 add_time= 0.000094713
2750 0.000286149 2750 0.000006692 add_time= 0.000309632
2500 0.000106167 2500 0.000008023 add_time= 0.000143105
2750 0.000073060 2750 0.000007022 add_time= 0.000097723
2500 0.000092085 2500 0.000006872 add_time= 0.000115682
2915 0.000525476 2915 0.000028875 add_time= 0.000650299
1275 0.000039557 1275 0.000008377 add_time= 0.000075188
1325 0.000051964 1325 0.000034802 add_time= 0.001204429
2500 0.000088906 2500 0.000006785 add_time= 0.000112503
2750 0.000016006 2750 0.000024018 add_time= 0.000055542
2500 0.000108970 2500 0.000017725 add_time= 0.000141290
2500 0.000100458 2500 0.000006751 add_time= 0.000120188
2700 0.000101848 2700 0.000006261 add_time= 0.000121328
1250 0.000061208 1250 0.000006102 add_time= 0.000079957
2650 0.000233552 2650 0.000007564 add_time= 0.000256930
2500 0.000014719 2500 0.000022517 add_time= 0.000051844
2915 0.000048397 2915 0.000006134 add_time= 0.000068707
1275 0.000047194 1275 0.000006325 add_time= 0.000075035
2700 0.000072317 2700 0.000006645 add_time= 0.000093972
2500 0.000585103 2500 0.000006967 add_time= 0.000628752
2600 0.000058888 2600 0.000007286 add_time= 0.000086361
2805 0.000105012 2805 0.000006759 add_time= 0.000126972
2500 0.000095516 2500 0.000018693 add_time= 0.000130562
2550 0.000058511 2550 0.000006075 add_time= 0.000079727
2750 0.000105441 2750 0.000006768 add_time= 0.000127650
2750 0.000283465 2750 0.000017271 add_time= 0.000324942
3025 0.000076707 3025 0.000013432 add_time= 0.000107629
2860 0.000044453 2860 0.000006491 add_time= 0.000066143
2805 0.000063987 2805 0.000006755 add_time= 0.000112554
2750 0.000064664 2750 0.000007669 add_time= 0.000088356
1300 0.000074617 1300 0.000005598 add_time= 0.000107984
2750 0.000172785 2750 0.000008286 add_time= 0.000223000
2860 0.000187935 2860 0.000035246 add_time= 0.000238730
2500 0.000016983 2500 0.000014672 add_time= 0.000047549
2750 0.000277720 2750 0.000028964 add_time= 0.000323343
2750 0.000171641 2750 0.000006080 add_time= 0.000192129
2500 0.000106538 2500 0.000008040 add_time= 0.000131213
2700 0.000283741 2700 0.000025678 add_time= 0.000327028
3025 0.000435607 3025 0.000018237 add_time= 0.000480314
2600 0.000157300 2600 0.000007316 add_time= 0.000180778
2550 0.000243623 2550 0.000006144 add_time= 0.000263999
2750 0.000034806 2750 0.000007448 add_time= 0.000059876
2500 0.000286330 2500 0.000006058 add_time= 0.000317136
2750 0.000066560 2750 0.000035242 add_time= 0.000117110
2500 0.000006877 2500 0.000040932 add_time= 0.000062834
2601 0.000161958 2601 0.000006113 add_time= 0.000182538
2750 0.000106992 2750 0.000007305 add_time= 0.000129820
2750 0.000078061 2750 0.000008467 add_time= 0.000154925
2500 0.000118988 2500 0.000008566 add_time= 0.000155648
2750 0.000071421 2750 0.000027157 add_time= 0.000128282
2601 0.000126417 2601 0.000007795 add_time= 0.000166084
2500 0.000112119 2500 0.000007729 add_time= 0.000141276
2550 0.000050561 2550 0.000007951 add_time= 0.000081873
2500 0.000192444 2500 0.000007351 add_time= 0.000225636
2750 0.000200682 2750 0.000015184 add_time= 0.000244893
2750 0.000015423 2750 0.000024337 add_time= 0.000055069
2550 0.000191540 2550 0.000018074 add_time= 0.000225637
2970 0.000083812 2970 0.000007338 add_time= 0.000115791
1250 0.000078012 1250 0.000005095 add_time= 0.000096442
2500 0.000077167 2500 0.000007402 add_time= 0.000101202
2652 0.000234771 2652 0.000007424 add_time= 0.000257370
1375 0.000005896 1375 0.000016384 add_time= 0.000053466
2805 0.000179672 2805 0.000006154 add_time= 0.000200240
2550 0.000361293 2550 0.000007140 add_time= 0.000384354
625 0.000047636 625 0.000023859 add_time= 0.000090998
2650 0.000147010 2650 0.000006389 add_time= 0.000169245
2860 0.000059602 2860 0.000006201 add_time= 0.000081896
2750 0.000201948 2750 0.000006815 add_time= 0.000225811
2601 0.000303633 2601 0.000006813 add_time= 0.000326824
2750 0.000219948 2750 0.000006765 add_time= 0.000243075
2500 0.000119424 2500 0.000009744 add_time= 0.000144749
2500 0.000260045 2500 0.000006599 add_time= 0.000283404
2500 0.000186404 2500 0.000007665 add_time= 0.000210203
2500 0.000016078 2500 0.000022528 add_time= 0.000054602
2550 0.000130571 2550 0.000007237 add_time= 0.000153843
2500 0.000189119 2500 0.000006493 add_time= 0.000209914
1275 0.000063736 1275 0.000006108 add_time= 0.000083571
2750 0.000441322 2750 0.000017714 add_time= 0.000482501
2500 0.000007475 2500 0.000024422 add_time= 0.000051584
2600 0.000059209 2600 0.000006370 add_time= 0.000085026
2808 0.000142486 2808 0.000006492 add_time= 0.000173869
1375 0.000050119 1375 0.000005526 add_time= 0.000069804
2500 0.000197407 2500 0.000049560 add_time= 0.000270966
2860 0.000327512 2860 0.000008335 add_time= 0.000353179
2750 0.000026239 2750 0.000015810 add_time= 0.000056347
2500 0.000065870 2500 0.000008509 add_time= 0.000103140
2500 0.000304068 2500 0.000006367 add_time= 0.000326304
1250 0.000069796 1250 0.000005811 add_time= 0.000089338
2550 0.000174615 2550 0.000007558 add_time= 0.000198804
2550 0.000265476 2550 0.000025514 add_time= 0.000316920
2500 0.000007226 2500 0.000017601 add_time= 0.000049376
2550 0.000377020 2550 0.000007013 add_time= 0.000400312
2500 0.000363962 2500 0.000006152 add_time= 0.000385031
2500 0.000084273 2500 0.000007031 add_time= 0.000110627
2860 0.000131557 2860 0.000006734 add_time= 0.000154115
2500 0.000006961 2500 0.000032435 add_time= 0.000054034
2805 0.000060615 2805 0.000006953 add_time= 0.000092896
2500 0.000097993 2500 0.000014871 add_time= 0.000136836
2601 0.000103659 2601 0.000006315 add_time= 0.000123167
2754 0.000072761 2754 0.000005676 add_time= 0.000092158
1250 0.000103056 1250 0.000021858 add_time= 0.000138662
2500 0.000140122 2500 0.000009249 add_time= 0.000186165
3025 0.000061420 3025 0.000007575 add_time= 0.000100584
2600 0.000055740 2600 0.000082001 add_time= 0.000159496
2550 0.000015007 2550 0.000008853 add_time= 0.000047859
2700 0.000054181 2700 0.000007846 add_time= 0.000090352
2500 0.000242693 2500 0.000006123 add_time= 0.000275214
2500 0.000087233 2500 0.000007132 add_time= 0.000109946
2652 0.000069980 2652 0.000006430 add_time= 0.000091770
2500 0.000082460 2500 0.000007007 add_time= 0.000106082
2500 0.000114872 2500 0.000005983 add_time= 0.000134711
2600 0.000122805 2600 0.000011822 add_time= 0.000148448
2600 0.000117661 2600 0.000006776 add_time= 0.000142567
2750 0.000101662 2750 0.000006243 add_time= 0.000132359
2500 0.000016111 2500 0.000014690 add_time= 0.000046367
2550 0.000064300 2550 0.000013385 add_time= 0.000092921
2805 0.000041752 2805 0.000007110 add_time= 0.000064891
2500 0.000283987 2500 0.000008311 add_time= 0.000319849
2500 0.000460922 2500 0.000007799 add_time= 0.000485229
2550 0.000124145 2550 0.000006234 add_time= 0.000146168
2500 0.000210359 2500 0.000036376 add_time= 0.000262551
2750 0.000075689 2750 0.000007323 add_time= 0.000103002
2750 0.000336881 2750 0.000006739 add_time= 0.000360210
2652 0.000091133 2652 0.000006958 add_time= 0.000113711
3025 0.000295711 3025 0.000007505 add_time= 0.000346946
2750 0.000150635 2750 0.000006513 add_time= 0.000182988
2652 0.000087366 2652 0.000006373 add_time= 0.000110178
2700 0.000049696 2700 0.000027573 add_time= 0.000093674
1250 0.000112212 1250 0.000006811 add_time= 0.000136732
2750 0.000209420 2750 0.000006619 add_time= 0.000232608
2750 0.000168986 2750 0.000007482 add_time= 0.000201574
2600 0.000066235 2600 0.000007844 add_time= 0.000118167
2808 0.000231120 2808 0.000006648 add_time= 0.000254127
2650 0.000336975 2650 0.000019804 add_time= 0.000374488
2750 0.000132502 2750 0.000007707 add_time= 0.000167190
2500 0.000016781 2500 0.000020962 add_time= 0.000053082
2550 0.000069259 2550 0.000006659 add_time= 0.000090285
2500 0.000156462 2500 0.000007183 add_time= 0.000180174
2500 0.000096754 2500 0.000006641 add_time= 0.000117427
2500 0.000116023 2500 0.000006091 add_time= 0.000150130
2805 0.000046984 2805 0.000007273 add_time= 0.000071228
2750 0.000007530 2750 0.000025725 add_time= 0.000059272
2550 0.000048499 2550 0.000006599 add_time= 0.000069363
2862 0.000189495 2862 0.000006378 add_time= 0.000212336
1375 0.000046133 1375 0.000005584 add_time= 0.000066234
2500 0.000176424 2500 0.000008181 add_time= 0.000217938
2500 0.000061862 2500 0.000026103 add_time= 0.000102689
3025 0.000119598 3025 0.000022394 add_time= 0.000158778
2600 0.000016026 2600 0.000014613 add_time= 0.000044508
2703 0.000170319 2703 0.000018540 add_time= 0.000205374
2970 0.000133943 2970 0.000006540 add_time= 0.000156804
2550 0.000116584 2550 0.000006744 add_time= 0.000139662
2500 0.000218942 2500 0.000006903 add_time= 0.000242754
2652 0.000064704 2652 0.000005857 add_time= 0.000084847
2500 0.000007922 2500 0.000014740 add_time= 0.000040641
2750 0.000214955 2750 0.000006709 add_time= 0.000238233
1300 0.000093935 1300 0.000005899 add_time= 0.000119379
2650 0.000130106 2650 0.000007995 add_time= 0.000156527
2600 0.000063872 2600 0.000010245 add_time= 0.000089499
2805 0.000085875 2805 0.000014480 add_time= 0.000114732
2600 0.000014899 2600 0.000023485 add_time= 0.000054941
2550 0.000084084 2550 0.000006684 add_time= 0.000105857
2805 0.000125409 2805 0.000006168 add_time= 0.000146349
2750 0.000058184 2750 0.000008651 add_time= 0.000114168
2808 0.000086030 2808 0.000008253 add_time= 0.000128993
2500 0.000086417 2500 0.000025071 add_time= 0.000136107
2500 0.000007735 2500 0.000008900 add_time= 0.000040709
2700 0.000507244 2700 0.000007938 add_time= 0.000540018
2500 0.000242826 2500 0.000006585 add_time= 0.000263960
3025 0.000127396 3025 0.000007411 add_time= 0.000168952
2500 0.000006470 2500 0.000023034 add_time= 0.000052887
2652 0.000061331 2652 0.000014169 add_time= 0.000091102
2600 0.000129616 2600 0.000006648 add_time= 0.000151088
2650 0.000182003 2650 0.000006584 add_time= 0.000203739
2750 0.000088321 2750 0.000007490 add_time= 0.000110161
2550 0.000078074 2550 0.000006831 add_time= 0.000099810
2970 0.000054165 2970 0.000007174 add_time= 0.000076490
1275 0.000251819 1275 0.000005628 add_time= 0.000276309
2500 0.000056478 2500 0.000014171 add_time= 0.000087742
2600 0.000191619 2600 0.000006731 add_time= 0.000213839
2805 0.000183901 2805 0.000007148 add_time= 0.000206720
1275 0.000036720 1275 0.000006832 add_time= 0.000056959
2500 0.000065609 2500 0.000006680 add_time= 0.000087640
2650 0.000114149 2650 0.000006006 add_time= 0.000133635
2550 0.000596313 2550 0.000027346 add_time= 0.000651837
2970 0.000045980 2970 0.000017014 add_time= 0.000091075
2500 0.000017476 2500 0.000022603 add_time= 0.000056171
2550 0.000049712 2550 0.000014072 add_time= 0.000079805
2550 0.000320457 2550 0.000007552 add_time= 0.000364355
2600 0.000102488 2600 0.000027743 add_time= 0.000146035
2550 0.000038534 2550 0.000007052 add_time= 0.000068203
2805 0.000148923 2805 0.000006647 add_time= 0.000171663
2550 0.000074173 2550 0.000006741 add_time= 0.000096658
2500 0.000136679 2500 0.000006305 add_time= 0.000159151
2500 0.000107764 2500 0.000006556 add_time= 0.000132326
2600 0.000140335 2600 0.000024161 add_time= 0.000179156
1375 0.000005925 1375 0.000023926 add_time= 0.000061948
2750 0.000044474 2750 0.000006182 add_time= 0.000065443
2550 0.000042341 2550 0.000006304 add_time= 0.000064373
2970 0.000036108 2970 0.000007035 add_time= 0.000059736
2500 0.000106618 2500 0.000010032 add_time= 0.000132607
2500 0.000435128 2500 0.000015995 add_time= 0.000467651
2500 0.000230527 2500 0.000006057 add_time= 0.000250790
2550 0.000014405 2550 0.000021315 add_time= 0.000052079
2550 0.000097713 2550 0.000012796 add_time= 0.000126745
2500 0.000124668 2500 0.000006591 add_time= 0.000147231
2650 0.000107149 2650 0.000006335 add_time= 0.000131460
1250 0.000108113 1250 0.000006327 add_time= 0.000145269
2500 0.000104783 2500 0.000008057 add_time= 0.000128368
2652 0.000099383 2652 0.000005752 add_time= 0.000119624
1375 0.000005264 1375 0.000010594 add_time= 0.000037497
2601 0.000063868 2601 0.000006477 add_time= 0.000086479
2500 0.000156336 2500 0.000007005 add_time= 0.000179386
2750 0.000064685 2750 0.000006586 add_time= 0.000090004
2500 0.000166041 2500 0.000009592 add_time= 0.000211544
2600 0.000056171 2600 0.000008191 add_time= 0.000079238
2750 0.000017287 2750 0.000016789 add_time= 0.000058914
2970 0.000181909 2970 0.000006784 add_time= 0.000205158
2550 0.000306860 2550 0.000006044 add_time= 0.000327284
2808 0.000288496 2808 0.000033703 add_time= 0.000338607
2650 0.000052230 2650 0.000007052 add_time= 0.000082157
2750 0.000128220 2750 0.000006633 add_time= 0.000151601
2704 0.000236216 2704 0.000005828 add_time= 0.000256570
2500 0.000007485 2500 0.000012541 add_time= 0.000035761
2700 0.000088994 2700 0.000006482 add_time= 0.000109893
2550 0.000228380 2550 0.000005669 add_time= 0.000248127
2750 0.000186318 2750 0.000014602 add_time= 0.000217426
2500 0.000353434 2500 0.000006900 add_time= 0.000377169
2600 0.000087990 2600 0.000006177 add_time= 0.000108204
2750 0.000121495 2750 0.000006785 add_time= 0.000144149
2600 0.000061602 2600 0.000006726 add_time= 0.000084106
2500 0.000085418 2500 0.000006111 add_time= 0.000105516
2700 0.000120043 2700 0.000006679 add_time= 0.000142032
2750 0.000157660 2750 0.000008899 add_time= 0.000212837
2600 0.000063994 2600 0.000007478 add_time= 0.000098451
2750 0.000111376 2750 0.000017046 add_time= 0.000154247
2500 0.000005365 2500 0.000033922 add_time= 0.000060652
2550 0.000101746 2550 0.000007990 add_time= 0.000134265
2750 0.000051913 2750 0.000008625 add_time= 0.000097098
2500 0.000246678 2500 0.000006916 add_time= 0.000269592
2500 0.000066156 2500 0.000005896 add_time= 0.000085469
2500 0.000007124 2500 0.000024980 add_time= 0.000047352
2805 0.000111732 2805 0.000006138 add_time= 0.000133219
2500 0.000086068 2500 0.000006598 add_time= 0.000108233
2600 0.000079959 2600 0.000015232 add_time= 0.000109363
2500 0.000072845 2500 0.000006347 add_time= 0.000094629
2750 0.000076389 2750 0.000006247 add_time= 0.000097706
2500 0.000063914 2500 0.000007500 add_time= 0.000090443
2652 0.000073473 2652 0.000006726 add_time= 0.000095756
2970 0.000049298 2970 0.000007563 add_time= 0.000073331
2750 0.000249604 2750 0.000006734 add_time= 0.000272349
2600 0.000159305 2600 0.000006893 add_time= 0.000181132
2550 0.000016565 2550 0.000026088 add_time= 0.000057596
2750 0.000053630 2750 0.000005839 add_time= 0.000073239
2550 0.000056607 2550 0.000007078 add_time= 0.000087173
1250 0.000071407 1250 0.000005969 add_time= 0.000098739
2750 0.000108414 2750 0.000006530 add_time= 0.000130927
2600 0.000066479 2600 0.000006166 add_time= 0.000086444
2750 0.000092370 2750 0.000005939 add_time= 0.000111391
2550 0.000119592 2550 0.000007041 add_time= 0.000141535
2808 0.000081075 2808 0.000006705 add_time= 0.000103192
1325 0.000097994 1325 0.000006822 add_time= 0.000118551
2700 0.000227256 2700 0.000009626 add_time= 0.000257152
2704 0.000082228 2704 0.000008518 add_time= 0.000113520
2750 0.000203673 2750 0.000007511 add_time= 0.000227324
2550 0.000016538 2550 0.000029483 add_time= 0.000062150
2805 0.000306337 2805 0.000008080 add_time= 0.000331288
2700 0.000055325 2700 0.000007013 add_time= 0.000076705
2750 0.000094843 2750 0.000007174 add_time= 0.000118146
2600 0.000221210 2600 0.000006501 add_time= 0.000244394
1250 0.000116533 1250 0.000005771 add_time= 0.000137104
2750 0.000324663 2750 0.000006820 add_time= 0.000346870
2750 0.000079421 2750 0.000006521 add_time= 0.000108803
2652 0.000065239 2652 0.000005950 add_time= 0.000085249
2750 0.000041349 2750 0.000007686 add_time= 0.000065860
1275 0.000039627 1275 0.000006442 add_time= 0.000059408
2600 0.000097572 2600 0.000006590 add_time= 0.000121420
2750 0.000154903 2750 0.000006998 add_time= 0.000189747
2550 0.000113442 2550 0.000006841 add_time= 0.000136454
2550 0.000171396 2550 0.000007162 add_time= 0.000202012
2550 0.000094889 2550 0.000006728 add_time= 0.000116386
2500 0.000100184 2500 0.000007068 add_time= 0.000123662
2756 0.000077400 2756 0.000007286 add_time= 0.000102395
2750 0.000076704 2750 0.000007059 add_time= 0.000110022
2750 0.000007928 2750 0.000028674 add_time= 0.000053342
2652 0.000071137 2652 0.000006689 add_time= 0.000094550
2805 0.000198010 2805 0.000007978 add_time= 0.000222825
2750 0.000151623 2750 0.000014779 add_time= 0.000182458
2703 0.000433812 2703 0.000007141 add_time= 0.000458621
2500 0.000128580 2500 0.000006232 add_time= 0.000150529
2500 0.000072260 2500 0.000017523 add_time= 0.000105947
2550 0.000117599 2550 0.000007039 add_time= 0.000140633
2750 0.000062548 2750 0.000006506 add_time= 0.000084851
2500 0.000193241 2500 0.000008375 add_time= 0.000237252
2500 0.000065199 2500 0.000007424 add_time= 0.000089070
2700 0.000017610 2700 0.000036925 add_time= 0.000091581
2500 0.000111470 2500 0.000006625 add_time= 0.000133926
2700 0.000054655 2700 0.000007270 add_time= 0.000078292
2750 0.000291479 2750 0.000007434 add_time= 0.000322367
2550 0.000140834 2550 0.000006983 add_time= 0.000164250
2500 0.000054984 2500 0.000007006 add_time= 0.000077515
2600 0.000007325 2600 0.000014805 add_time= 0.000038016
2550 0.000072147 2550 0.000007404 add_time= 0.000095502
2500 0.000353814 2500 0.000007199 add_time= 0.000387021
2550 0.000073044 2550 0.000006206 add_time= 0.000094196
1250 0.000485201 1250 0.000006403 add_time= 0.000509719
2500 0.000119073 2500 0.000006693 add_time= 0.000145542
2652 0.000054142 2652 0.000014642 add_time= 0.000084930
2750 0.000086546 2750 0.000007674 add_time= 0.000112357
2500 0.000614581 2500 0.000007174 add_time= 0.000638805
2500 0.000038643 2500 0.000009267 add_time= 0.000100910
2600 0.000036453 2600 0.000007755 add_time= 0.000072925
2550 0.000029101 2550 0.000036207 add_time= 0.000102159
2700 0.000032253 2700 0.000016696 add_time= 0.000079729
2700 0.000033255 2700 0.000008313 add_time= 0.000071764
1300 0.000032050 1300 0.000007922 add_time= 0.000075823
2750 0.000090377 2750 0.000006482 add_time= 0.000137382
2500 0.000155146 2500 0.000006468 add_time= 0.000178732
2550 0.000006367 2550 0.000012415 add_time= 0.000033350
2500 0.000046737 2500 0.000006402 add_time= 0.000081240
2550 0.000040908 2550 0.000005887 add_time= 0.000062130
2754 0.000073661 2754 0.000018239 add_time= 0.000107911
2805 0.000038582 2805 0.000006085 add_time= 0.000059435
2500 0.000464345 2500 0.000018516 add_time= 0.000502836
2750 0.000069642 2750 0.000007947 add_time= 0.000094475
2805 0.000128456 2805 0.000014378 add_time= 0.000160699
2550 0.000082056 2550 0.000006589 add_time= 0.000103667
2750 0.000074112 2750 0.000007239 add_time= 0.000098141
2704 0.000154266 2704 0.000007959 add_time= 0.000182991
2600 0.000054744 2600 0.000006467 add_time= 0.000087287
2805 0.000075253 2805 0.000006271 add_time= 0.000110488
2750 0.000089763 2750 0.000006608 add_time= 0.000113215
1325 0.000229368 1325 0.000006192 add_time= 0.000251583
2700 0.000156340 2700 0.000006567 add_time= 0.000180558
2750 0.000042186 2750 0.000006768 add_time= 0.000067236
2750 0.000098191 2750 0.000006066 add_time= 0.000125863
3025 0.000042498 3025 0.000006452 add_time= 0.000065981
2600 0.000114359 2600 0.000005498 add_time= 0.000134647
2500 0.000060730 2500 0.000006201 add_time= 0.000082257
2703 0.000504977 2703 0.000006997 add_time= 0.000529954
2600 0.000062618 2600 0.000005988 add_time= 0.000101876
2500 0.000078393 2500 0.000006838 add_time= 0.000101700
2750 0.000076197 2750 0.000006745 add_time= 0.000106137
2550 0.000027905 2550 0.000006032 add_time= 0.000049855
2750 0.000103082 2750 0.000006436 add_time= 0.000124778
2750 0.000083122 2750 0.000008827 add_time= 0.000120935
2600 0.000108677 2600 0.000007572 add_time= 0.000132986
2750 0.000135127 2750 0.000006968 add_time= 0.000162612
2805 0.000067344 2805 0.000027519 add_time= 0.000125077
2750 0.000126847 2750 0.000006280 add_time= 0.000149705
1250 0.000071162 1250 0.000009657 add_time= 0.000101745
2500 0.000427925 2500 0.000006451 add_time= 0.000451287
2970 0.000043951 2970 0.000007555 add_time= 0.000068814
2500 0.000080851 2500 0.000007095 add_time= 0.000104480
2601 0.000074103 2601 0.000006595 add_time= 0.000095181
2500 0.000159838 2500 0.000006775 add_time= 0.000181450
1350 0.000057038 1350 0.000014066 add_time= 0.000084079
2600 0.000149392 2600 0.000017450 add_time= 0.000182843
2970 0.000007808 2970 0.000027070 add_time= 0.000051994
2805 0.000047406 2805 0.000006406 add_time= 0.000087760
2808 0.000246871 2808 0.000006294 add_time= 0.000267450
2550 0.000141616 2550 0.000008946 add_time= 0.000164401
2600 0.000347354 2600 0.000006780 add_time= 0.000370009
2652 0.000092700 2652 0.000005965 add_time= 0.000112895
2500 0.000015145 2500 0.000014422 add_time= 0.000045173
2500 0.000074746 2500 0.000014474 add_time= 0.000104658
2500 0.000116841 2500 0.000006354 add_time= 0.000137331
2703 0.000315765 2703 0.000007281 add_time= 0.000340860
2704 0.000052390 2704 0.000007288 add_time= 0.000075197
2805 0.000008527 2805 0.000023404 add_time= 0.000068450
2550 0.000076907 2550 0.000007211 add_time= 0.000110406
2700 0.000122562 2700 0.000006442 add_time= 0.000144978
2500 0.000182773 2500 0.000025701 add_time= 0.000241204
2750 0.000240913 2750 0.000007384 add_time= 0.000267025
3025 0.000092768 3025 0.000007344 add_time= 0.000116677
2550 0.000222162 2550 0.000006433 add_time= 0.000243995
1325 0.000054531 1325 0.000006617 add_time= 0.000080655
2500 0.000201514 2500 0.000006986 add_time= 0.000224796
2750 0.000108268 2750 0.000006114 add_time= 0.000135004
2500 0.000151431 2500 0.000025732 add_time= 0.000190627
2500 0.000006308 2500 0.000013795 add_time= 0.000044769
2703 0.000244398 2703 0.000014845 add_time= 0.000274766
2750 0.000170050 2750 0.000030100 add_time= 0.000214759
2700 0.000062124 2700 0.000026921 add_time= 0.000118002
2750 0.000090383 2750 0.000006916 add_time= 0.000118703
2550 0.000049261 2550 0.000007361 add_time= 0.000073159
2500 0.000007466 2500 0.000026643 add_time= 0.000050435
1250 0.000101054 1250 0.000006154 add_time= 0.000122895
2600 0.000141712 2600 0.000006730 add_time= 0.000166117
2500 0.000062957 2500 0.000006213 add_time= 0.000084173
2650 0.000073719 2650 0.000009682 add_time= 0.000155803
2500 0.000027034 2500 0.000015669 add_time= 0.000072563
2750 0.000054209 2750 0.000035807 add_time= 0.000129403
2500 0.000058627 2500 0.000007528 add_time= 0.000092169
2652 0.000025399 2652 0.000007249 add_time= 0.000076502
2860 0.000045172 2860 0.000008328 add_time= 0.000098627
2700 0.000221357 2700 0.000007231 add_time= 0.000249527
2704 0.000067484 2704 0.000006217 add_time= 0.000090144
2500 0.000007076 2500 0.000022921 add_time= 0.000053692
2550 0.000046797 2550 0.000006030 add_time= 0.000069650
2550 0.000042039 2550 0.000006227 add_time= 0.000073477
2500 0.000082761 2500 0.000007190 add_time= 0.000107024
2500 0.000253315 2500 0.000007704 add_time= 0.000281012
2500 0.000097468 2500 0.000015988 add_time= 0.000135649
2500 0.000026885 2500 0.000034875 add_time= 0.000093449
2550 0.000112092 2550 0.000006486 add_time= 0.000132554
2700 0.000117131 2700 0.000025726 add_time= 0.000157606
2750 0.000073521 2750 0.000005969 add_time= 0.000093862
1250 0.000040016 1250 0.000005798 add_time= 0.000059111
2500 0.000125304 2500 0.000006797 add_time= 0.000148512
2600 0.000130398 2600 0.000005756 add_time= 0.000150387
2600 0.000015583 2600 0.000014427 add_time= 0.000043405
2500 0.000053118 2500 0.000006178 add_time= 0.000073093
2601 0.000108994 2601 0.000005606 add_time= 0.000128748
2500 0.000102436 2500 0.000005943 add_time= 0.000122621
1275 0.000047526 1275 0.000005885 add_time= 0.000065234
2750 0.000264947 2750 0.000007050 add_time= 0.000288244
2600 0.000122878 2600 0.000006604 add_time= 0.000155698
3025 0.000082070 3025 0.000007652 add_time= 0.000105242
2550 0.000015450 2550 0.000013796 add_time= 0.000046714
2805 0.000111333 2805 0.000006827 add_time= 0.000132872
2500 0.000085398 2500 0.000006405 add_time= 0.000106425
2600 0.000066014 2600 0.000005846 add_time= 0.000085388
2500 0.000042937 2500 0.000006308 add_time= 0.000064766
2600 0.000032599 2600 0.000006207 add_time= 0.000052931
2500 0.000055957 2500 0.000005607 add_time= 0.000075250
2750 0.000070251 2750 0.000005871 add_time= 0.000098116
1250 0.000036233 1250 0.000005536 add_time= 0.000053696
2805 0.000098605 2805 0.000005829 add_time= 0.000118470
2970 0.000097509 2970 0.000006858 add_time= 0.000129319
2750 0.000058614 2750 0.000006246 add_time= 0.000078660
2500 0.000450971 2500 0.000006257 add_time= 0.000472471
2805 0.000148521 2805 0.000006137 add_time= 0.000169629
2500 0.000015187 2500 0.000020827 add_time= 0.000050461
2805 0.000106014 2805 0.000017241 add_time= 0.000148432
2500 0.000114085 2500 0.000017524 add_time= 0.000145387
1250 0.000036867 1250 0.000005357 add_time= 0.000053833
1325 0.000515924 1325 0.000007287 add_time= 0.000542397
2600 0.000106794 2600 0.000008690 add_time= 0.000133655
3025 0.000128832 3025 0.000015569 add_time= 0.000161092
2754 0.000744426 2754 0.000006503 add_time= 0.000767806
2970 0.000116144 2970 0.000006847 add_time= 0.000139726
1250 0.000096841 1250 0.000006231 add_time= 0.000115158
2550 0.000320167 2550 0.000007218 add_time= 0.000351703
2750 0.000171734 2750 0.000014872 add_time= 0.000202409
2600 0.000007899 2600 0.000024848 add_time= 0.000048385
2805 0.000275309 2805 0.000026124 add_time= 0.000317232
2700 0.000102773 2700 0.000024284 add_time= 0.000141490
1275 0.000138614 1275 0.000006184 add_time= 0.000158743
2600 0.000214885 2600 0.000007021 add_time= 0.000238122
3025 0.000129496 3025 0.000007553 add_time= 0.000154328
2500 0.000014521 2500 0.000023532 add_time= 0.000065093
2550 0.000367647 2550 0.000007394 add_time= 0.000402050
2750 0.000099044 2750 0.000006304 add_time= 0.000130379
2650 0.000441330 2650 0.000015825 add_time= 0.000484626
2750 0.000129730 2750 0.000007300 add_time= 0.000159745
2750 0.000008285 2750 0.000025880 add_time= 0.000049781
2550 0.000230742 2550 0.000007218 add_time= 0.000261948
2750 0.000040734 2750 0.000013845 add_time= 0.000070941
2750 0.000075516 2750 0.000007349 add_time= 0.000098903
2650 0.000261463 2650 0.000006919 add_time= 0.000284992
2750 0.000075098 2750 0.000006735 add_time= 0.000098085
2860 0.000069978 2860 0.000006448 add_time= 0.000093008
2805 0.000067471 2805 0.000006851 add_time= 0.000090663
2500 0.000110371 2500 0.000007042 add_time= 0.000133047
2500 0.000164096 2500 0.000024282 add_time= 0.000219027
2500 0.000107481 2500 0.000007338 add_time= 0.000139453
2600 0.000019433 2600 0.000015545 add_time= 0.000054711
2550 0.000292270 2550 0.000007093 add_time= 0.000315900
2550 0.000278264 2550 0.000006805 add_time= 0.000301548
2550 0.000093256 2550 0.000016318 add_time= 0.000125365
2500 0.000255416 2500 0.000007083 add_time= 0.000279270
2600 0.000195617 2600 0.000018619 add_time= 0.000230969
2750 0.000376535 2750 0.000006362 add_time= 0.000398361
2601 0.000261409 2601 0.000010532 add_time= 0.000287895
2550 0.000253219 2550 0.000006324 add_time= 0.000273945
2860 0.000114821 2860 0.000010153 add_time= 0.000141411
2500 0.000084307 2500 0.000006763 add_time= 0.000113622
2750 0.000143109 2750 0.000007218 add_time= 0.000168334
2750 0.000141881 2750 0.000016089 add_time= 0.000187612
2805 0.000060437 2805 0.000007139 add_time= 0.000085425
2750 0.000950112 2750 0.000007948 add_time= 0.000976549
2500 0.000059038 2500 0.000008909 add_time= 0.000112559
2970 0.000044868 2970 0.000008444 add_time= 0.000087633
2500 0.000189502 2500 0.000007895 add_time= 0.000225480
1275 0.000039120 1275 0.000007669 add_time= 0.000085494
2700 0.000026340 2700 0.000010766 add_time= 0.000077027
2500 0.000252095 2500 0.000012891 add_time= 0.000285701
1250 0.000207435 1250 0.000006384 add_time= 0.000231340
2500 0.000006975 2500 0.000023210 add_time= 0.000046249
2550 0.000036065 2550 0.000006603 add_time= 0.000058982
2750 0.000060865 2750 0.000006801 add_time= 0.000091275
2500 0.000103552 2500 0.000006155 add_time= 0.000123676
2500 0.000119642 2500 0.000006397 add_time= 0.000140446
2500 0.000015524 2500 0.000029769 add_time= 0.000058018
2550 0.000057443 2550 0.000006076 add_time= 0.000077256
2550 0.000042940 2550 0.000006932 add_time= 0.000074500
2700 0.000173063 2700 0.000006336 add_time= 0.000192307
2550 0.000068164 2550 0.000006248 add_time= 0.000089056
2750 0.000150518 2750 0.000006516 add_time= 0.000171972
2500 0.000013408 2500 0.000015454 add_time= 0.000052679
2750 0.000079516 2750 0.000006765 add_time= 0.000100596
2550 0.000103871 2550 0.000006665 add_time= 0.000125188
2500 0.000238623 2500 0.000006422 add_time= 0.000259626
2750 0.000088751 2750 0.000006975 add_time= 0.000110812
2500 0.000016851 2500 0.000014595 add_time= 0.000052476
2550 0.000168452 2550 0.000006890 add_time= 0.000188367
2550 0.000068007 2550 0.000006985 add_time= 0.000089578
2700 0.000101369 2700 0.000014520 add_time= 0.000137135
1250 0.000202099 1250 0.000005712 add_time= 0.000220602
2750 0.000122473 2750 0.000006668 add_time= 0.000143862
2500 0.000111780 2500 0.000006757 add_time= 0.000133285
2550 0.000016973 2550 0.000014793 add_time= 0.000045959
2703 0.000100791 2703 0.000006690 add_time= 0.000121921
2970 0.000085275 2970 0.000006728 add_time= 0.000107279
1250 0.000094164 1250 0.000006437 add_time= 0.000112972
2700 0.000266041 2700 0.000006267 add_time= 0.000286164
2805 0.000063124 2805 0.000006639 add_time= 0.000095132
2550 0.000015976 2550 0.000014664 add_time= 0.000045354
2601 0.000109171 2601 0.000006471 add_time= 0.000130596
2750 0.000104966 2750 0.000006919 add_time= 0.000125551
1375 0.000068088 1375 0.000006170 add_time= 0.000087026
2500 0.000229794 2500 0.000007332 add_time= 0.000252078
2550 0.000090845 2550 0.000006346 add_time= 0.000111971
2700 0.000016886 2700 0.000048483 add_time= 0.000080058
2805 0.000042907 2805 0.000006745 add_time= 0.000072252
2500 0.000078976 2500 0.000006929 add_time= 0.000100664
2700 0.000557466 2700 0.000034281 add_time= 0.000619503
2750 0.000108314 2750 0.000008275 add_time= 0.000132175
2500 0.000084792 2500 0.000007001 add_time= 0.000107753
2550 0.000145215 2550 0.000006831 add_time= 0.000166086
2750 0.000293257 2750 0.000009764 add_time= 0.000318957
2500 0.000085310 2500 0.000015428 add_time= 0.000116446
3025 0.000048193 3025 0.000006833 add_time= 0.000072262
2750 0.000008520 2750 0.000028197 add_time= 0.000061188
2550 0.000262269 2550 0.000006995 add_time= 0.000285041
2970 0.000120644 2970 0.000007266 add_time= 0.000145122
1275 0.000075224 1275 0.000009922 add_time= 0.000107198
2860 0.000304765 2860 0.000007249 add_time= 0.000329443
2500 0.000119864 2500 0.000006712 add_time= 0.000142633
2650 0.000007616 2650 0.000024821 add_time= 0.000048457
2750 0.000092416 2750 0.000007314 add_time= 0.000115403
2754 0.000087352 2754 0.000006499 add_time= 0.000112932
2650 0.000113300 2650 0.000007349 add_time= 0.000136187
2700 0.000184249 2700 0.000007085 add_time= 0.000208074
2860 0.000083874 2860 0.000006686 add_time= 0.000105480
2650 0.000007375 2650 0.000033305 add_time= 0.000055311
2860 0.000108784 2860 0.000007078 add_time= 0.000130842
2750 0.000044693 2750 0.000006996 add_time= 0.000073854
2750 0.000075363 2750 0.000037651 add_time= 0.000128924
2500 0.000056563 2500 0.000023953 add_time= 0.000096650
2808 0.000114798 2808 0.000006845 add_time= 0.000137678
2750 0.000015989 2750 0.000016346 add_time= 0.000047972
2500 0.000006300 2500 0.000014808 add_time= 0.000034098
2601 0.000220028 2601 0.000006519 add_time= 0.000240177
1275 0.000038343 1275 0.000013567 add_time= 0.000063541
2750 0.000070556 2750 0.000006035 add_time= 0.000090652
2500 0.000085298 2500 0.000006690 add_time= 0.000105292
2500 0.000123444 2500 0.000007899 add_time= 0.000163962
2750 0.000194144 2750 0.000008388 add_time= 0.000221796
2750 0.000027535 2750 0.000015092 add_time= 0.000058512
2550 0.000240934 2550 0.000007018 add_time= 0.000263402
2750 0.000053524 2750 0.000006707 add_time= 0.000076200
2650 0.000160422 2650 0.000007537 add_time= 0.000185109
2750 0.000187128 2750 0.000006463 add_time= 0.000209446
2750 0.000090723 2750 0.000007149 add_time= 0.000134800
2652 0.000062536 2652 0.000006530 add_time= 0.000085346
2700 0.000056769 2700 0.000005915 add_time= 0.000077111
1250 0.000148314 1250 0.000023899 add_time= 0.000188067
2600 0.000129861 2600 0.000007489 add_time= 0.000161052
2600 0.000059367 2600 0.000006332 add_time= 0.000096554
2500 0.000007168 2500 0.000023174 add_time= 0.000048077
2750 0.000059294 2750 0.000006483 add_time= 0.000082086
2862 0.000050119 2862 0.000007359 add_time= 0.000077813
2500 0.000090488 2500 0.000006414 add_time= 0.000114819
2700 0.000084200 2700 0.000009549 add_time= 0.000172789
2600 0.000018267 2600 0.000007991 add_time= 0.000054437
2750 0.000057080 2750 0.000016942 add_time= 0.000109963
2600 0.000043890 2600 0.000024595 add_time= 0.000106348
1250 0.000024935 1250 0.000016754 add_time= 0.000077634
2750 0.000019030 2750 0.000009718 add_time= 0.000073098
2500 0.000097688 2500 0.000006247 add_time= 0.000121746
2970 0.000040729 2970 0.000006371 add_time= 0.000064708
2750 0.000066504 2750 0.000014417 add_time= 0.000109471
2500 0.000029998 2500 0.000006423 add_time= 0.000053131
2600 0.000049776 2600 0.000006306 add_time= 0.000071957
2550 0.000327196 2550 0.000014200 add_time= 0.000356445
2750 0.000069344 2750 0.000010646 add_time= 0.000095082
2750 0.000028955 2750 0.000023625 add_time= 0.000066220
2805 0.000088451 2805 0.000008057 add_time= 0.000112325
2970 0.000069297 2970 0.000006961 add_time= 0.000098179
1250 0.000034572 1250 0.000006662 add_time= 0.000054242
2600 0.000200777 2600 0.000006386 add_time= 0.000221701
2704 0.000150683 2704 0.000013298 add_time= 0.000177786
2750 0.000064665 2750 0.000010619 add_time= 0.000090907
2500 0.000103147 2500 0.000007095 add_time= 0.000124967
2500 0.000115020 2500 0.000006698 add_time= 0.000136592
2700 0.000096985 2700 0.000006755 add_time= 0.000120725
2750 0.000085463 2750 0.000006601 add_time= 0.000116500
2750 0.000074627 2750 0.000006568 add_time= 0.000104790
2500 0.000099450 2500 0.000007430 add_time= 0.000133052
1375 0.000082988 1375 0.000006662 add_time= 0.000103086
2650 0.000163276 2650 0.000006589 add_time= 0.000205101
2500 0.000096874 2500 0.000006396 add_time= 0.000116925
2500 0.000016383 2500 0.000132858 add_time= 0.000164021
2550 0.000092430 2550 0.000006676 add_time= 0.000114313
3025 0.000071493 3025 0.000006691 add_time= 0.000094671
2500 0.000081578 2500 0.000006632 add_time= 0.000103417
2500 0.000087574 2500 0.000010301 add_time= 0.000111973
2750 0.000075090 2750 0.000006812 add_time= 0.000096944
2500 0.000073991 2500 0.000006932 add_time= 0.000096153
1300 0.000049808 1300 0.000006077 add_time= 0.000069240
2860 0.000120313 2860 0.000006832 add_time= 0.000146314
1375 0.000040002 1375 0.000006098 add_time= 0.000059552
2500 0.000016974 2500 0.000015029 add_time= 0.000047013
2805 0.000080079 2805 0.000007545 add_time= 0.000103192
2750 0.000081228 2750 0.000007215 add_time= 0.000103570
1375 0.000034773 1375 0.000006361 add_time= 0.000054055
2550 0.000207587 2550 0.000007394 add_time= 0.000233352
2750 0.000055675 2750 0.000006976 add_time= 0.000078323
2600 0.000016827 2600 0.000014946 add_time= 0.000046914
2915 0.000117458 2915 0.000006803 add_time= 0.000138259
2805 0.000066585 2805 0.000007236 add_time= 0.000089520
1250 0.000093700 1250 0.000005886 add_time= 0.000113051
2750 0.000432970 2750 0.000009282 add_time= 0.000472806
2704 0.000046158 2704 0.000006758 add_time= 0.000067537
2750 0.000060766 2750 0.000015557 add_time= 0.000091993
3025 0.000064618 3025 0.000006797 add_time= 0.000087971
2500 0.000014488 2500 0.000021110 add_time= 0.000049350
2652 0.000166190 2652 0.000007823 add_time= 0.000189650
1350 0.000072757 1350 0.000006154 add_time= 0.000093545
2750 0.000174764 2750 0.000007602 add_time= 0.000200206
2600 0.000131465 2600 0.000006656 add_time= 0.000154210
2600 0.000070050 2600 0.000006051 add_time= 0.000090254
3025 0.000147571 3025 0.000007885 add_time= 0.000183671
2550 0.000124716 2550 0.000006428 add_time= 0.000146204
2700 0.000182244 2700 0.000005768 add_time= 0.000202933
1300 0.000049389 1300 0.000010679 add_time= 0.000074588
2600 0.000277646 2600 0.000007506 add_time= 0.000302112
2650 0.000061855 2650 0.000006237 add_time= 0.000083223
2750 0.000041174 2750 0.000006441 add_time= 0.000063217
2550 0.000092257 2550 0.000006781 add_time= 0.000120098
2700 0.000053612 2700 0.000007201 add_time= 0.000077185
2600 0.000123533 2600 0.000007460 add_time= 0.000149640
2600 0.000119245 2600 0.000006587 add_time= 0.000140210
2970 0.000008247 2970 0.000018202 add_time= 0.000054488
2750 0.000056237 2750 0.000016210 add_time= 0.000089037
2700 0.000169156 2700 0.000007311 add_time= 0.000192494
2500 0.000193595 2500 0.000006501 add_time= 0.000217287
2700 0.000063739 2700 0.000005978 add_time= 0.000084048
2550 0.000007763 2550 0.000015393 add_time= 0.000037980
2500 0.000081195 2500 0.000007127 add_time= 0.000103935
1350 0.000150310 1350 0.000006714 add_time= 0.000171240
1275 0.000037036 1275 0.000005896 add_time= 0.000060409
2700 0.000513897 2700 0.000007468 add_time= 0.000565265
2750 0.000114995 2750 0.000017436 add_time= 0.000157461
2600 0.000007610 2600 0.000015051 add_time= 0.000041702
2703 0.000426439 2703 0.000006637 add_time= 0.000449380
1250 0.000121995 1250 0.000005790 add_time= 0.000144381
2550 0.000081272 2550 0.000006968 add_time= 0.000104971
2600 0.000272509 2600 0.000030791 add_time= 0.000326713
2500 0.000008072 2500 0.000014359 add_time= 0.000037925
2550 0.000238015 2550 0.000006363 add_time= 0.000270935
2860 0.000054722 2860 0.000007937 add_time= 0.000079627
1250 0.000223345 1250 0.000005838 add_time= 0.000252222
2600 0.000085967 2600 0.000006516 add_time= 0.000118206
2750 0.000149712 2750 0.000007017 add_time= 0.000172841
2550 0.000007736 2550 0.000139047 add_time= 0.000162232
2550 0.000108252 2550 0.000007168 add_time= 0.000131270
3025 0.000092579 3025 0.000015083 add_time= 0.000124644
2500 0.000182977 2500 0.000011581 add_time= 0.000240093
2652 0.000098770 2652 0.000007471 add_time= 0.000131669
2750 0.000007209 2750 0.000007982 add_time= 0.000042413
2860 0.000085174 2860 0.000008245 add_time= 0.000122850
2550 0.000081479 2550 0.000008288 add_time= 0.000114977
2550 0.000006960 2550 0.000007535 add_time= 0.000036221
2750 0.000037524 2750 0.000008457 add_time= 0.000096417
2750 0.000167650 2750 0.000007011 add_time= 0.000192787
2600 0.000097728 2600 0.000006741 add_time= 0.000120206
2750 0.000076398 2750 0.000006903 add_time= 0.000105869
2600 0.000007089 2600 0.000041630 add_time= 0.000062819
2652 0.000124375 2652 0.000007573 add_time= 0.000153373
2700 0.000053486 2700 0.000006676 add_time= 0.000076024
2750 0.000159682 2750 0.000006845 add_time= 0.000185352
2750 0.000082216 2750 0.000017874 add_time= 0.000115515
2500 0.000018374 2500 0.000015350 add_time= 0.000057059
2550 0.000085863 2550 0.000006989 add_time= 0.000108090
2500 0.000141175 2500 0.000006361 add_time= 0.000161155
1300 0.000061813 1300 0.000017447 add_time= 0.000092385
2500 0.000104509 2500 0.000006962 add_time= 0.000150829
1375 0.000110558 1375 0.000006468 add_time= 0.000155671
2805 0.000092845 2805 0.000006852 add_time= 0.000115855
2550 0.000087942 2550 0.000006664 add_time= 0.000108669
2805 0.000062077 2805 0.000006606 add_time= 0.000085048
1275 0.000043572 1275 0.000006563 add_time= 0.000073269
2600 0.000046554 2600 0.000008646 add_time= 0.000077216
2860 0.000086877 2860 0.000017542 add_time= 0.000119368
2750 0.000100481 2750 0.000006024 add_time= 0.000120947
2750 0.000050212 2750 0.000006847 add_time= 0.000073265
2750 0.000046964 2750 0.000014055 add_time= 0.000076577
1250 0.000103876 1250 0.000007118 add_time= 0.000124409
2500 0.000559332 2500 0.000016693 add_time= 0.000594508
2750 0.000100592 2750 0.000007129 add_time= 0.000123799
2860 0.000039618 2860 0.000007078 add_time= 0.000062779
2601 0.000075798 2601 0.000007184 add_time= 0.000107808
2750 0.000147631 2750 0.000006677 add_time= 0.000170801
2500 0.000052791 2500 0.000006720 add_time= 0.000073662
2550 0.000055451 2550 0.000008167 add_time= 0.000083518
2756 0.000044522 2756 0.000006235 add_time= 0.000076626
2500 0.000085655 2500 0.000006593 add_time= 0.000106506
2500 0.000086252 2500 0.000006150 add_time= 0.000108432
2550 0.000151032 2550 0.000007038 add_time= 0.000172684
2500 0.000109597 2500 0.000006435 add_time= 0.000131570
2500 0.000107660 2500 0.000007936 add_time= 0.000131476
2704 0.000110037 2704 0.000007707 add_time= 0.000137175
2805 0.000121708 2805 0.000007588 add_time= 0.000145517
2500 0.000017549 2500 0.000015192 add_time= 0.000048708
2652 0.000106230 2652 0.000007126 add_time= 0.000129459
2500 0.000181710 2500 0.000014857 add_time= 0.000212364
2756 0.000177046 2756 0.000007465 add_time= 0.000204478
2750 0.000091396 2750 0.000007894 add_time= 0.000116822
2750 0.000018472 2750 0.000016082 add_time= 0.000059240
2550 0.000112079 2550 0.000007523 add_time= 0.000135567
2600 0.000075568 2600 0.000006625 add_time= 0.000099537
1350 0.000042130 1350 0.000005752 add_time= 0.000060507
2650 0.000182435 2650 0.000007281 add_time= 0.000208683
2600 0.000057537 2600 0.000007422 add_time= 0.000080717
2750 0.000192021 2750 0.000008263 add_time= 0.000216634
2500 0.000016624 2500 0.000019589 add_time= 0.000061050
2805 0.000056881 2805 0.000006754 add_time= 0.000081680
2500 0.000108076 2500 0.000006663 add_time= 0.000129227
1375 0.000073333 1375 0.000005982 add_time= 0.000091667
2650 0.000582548 2650 0.000007314 add_time= 0.000610198
2600 0.000136033 2600 0.000007205 add_time= 0.000166375
2860 0.000249578 2860 0.000007174 add_time= 0.000274995
2601 0.000687208 2601 0.000006563 add_time= 0.000708981
2550 0.000438008 2550 0.000006040 add_time= 0.000469808
1250 0.000086545 1250 0.000006502 add_time= 0.000106569
2600 0.000075486 2600 0.000006610 add_time= 0.000099181
2600 0.000172055 2600 0.000006244 add_time= 0.000192465
2750 0.000141597 2750 0.000006401 add_time= 0.000170268
2805 0.000185646 2805 0.000006935 add_time= 0.000209134
2550 0.000068036 2550 0.000006255 add_time= 0.000095762
2550 0.000425171 2550 0.000005760 add_time= 0.000444514
3025 0.000054998 3025 0.000006621 add_time= 0.000076016
2915 0.000432170 2915 0.000007007 add_time= 0.000455767
2650 0.000065116 2650 0.000006886 add_time= 0.000087801
2550 0.000006967 2550 0.000015494 add_time= 0.000038077
2600 0.000055589 2600 0.000006512 add_time= 0.000077797
2703 0.000080650 2703 0.000006757 add_time= 0.000101674
2750 0.000052012 2750 0.000006683 add_time= 0.000074797
2500 0.000287749 2500 0.000007250 add_time= 0.000311058
3025 0.000131457 3025 0.000007547 add_time= 0.000155564
2750 0.000048883 2750 0.000006231 add_time= 0.000070573
2700 0.000081009 2700 0.000007023 add_time= 0.000103909
2550 0.000108163 2550 0.000015751 add_time= 0.000137852
2500 0.000174822 2500 0.000007348 add_time= 0.000203153
2805 0.000091720 2805 0.000008080 add_time= 0.000116531
2915 0.000097028 2915 0.000006515 add_time= 0.000119539
1275 0.000033643 1275 0.000006664 add_time= 0.000053720
2750 0.000102519 2750 0.000007321 add_time= 0.000126081
2500 0.000231702 2500 0.000008514 add_time= 0.000260703
2808 0.000091692 2808 0.000006511 add_time= 0.000121414
2600 0.000030571 2600 0.000015753 add_time= 0.000062278
2550 0.000077488 2550 0.000007329 add_time= 0.000100491
2500 0.000165604 2500 0.000006873 add_time= 0.000188078
1250 0.000061824 1250 0.000006209 add_time= 0.000080513
2600 0.000216721 2600 0.000027958 add_time= 0.000261215
2750 0.000200944 2750 0.000007363 add_time= 0.000225181
2550 0.000051136 2550 0.000007179 add_time= 0.000073934
2808 0.000239425 2808 0.000007108 add_time= 0.000262610
1275 0.000068727 1275 0.000006351 add_time= 0.000088502
2750 0.000171473 2750 0.000006399 add_time= 0.000196746
2550 0.000089242 2550 0.000007554 add_time= 0.000112412
2500 0.000175274 2500 0.000006807 add_time= 0.000197471
2750 0.000100727 2750 0.000006777 add_time= 0.000123322
2601 0.000116307 2601 0.000006875 add_time= 0.000139582
2750 0.000081005 2750 0.000006616 add_time= 0.000107906
2600 0.000007026 2600 0.000010248 add_time= 0.000079232
2652 0.000064755 2652 0.000007192 add_time= 0.000095637
1375 0.000050149 1375 0.000105747 add_time= 0.000187993
2500 0.000053731 2500 0.000008402 add_time= 0.000098246
2808 0.000062308 2808 0.000007503 add_time= 0.000105639
1375 0.000042871 1375 0.000015894 add_time= 0.000086516
2750 0.000502734 2750 0.000013371 add_time= 0.000553209
2750 0.000110268 2750 0.000006759 add_time= 0.000149376
2500 0.000006640 2500 0.000023635 add_time= 0.000044952
2550 0.000073318 2550 0.000007509 add_time= 0.000096373
2754 0.000072178 2754 0.000007071 add_time= 0.000093788
2650 0.000297681 2650 0.000007118 add_time= 0.000324255
2860 0.000100077 2860 0.000006293 add_time= 0.000131683
2500 0.000017763 2500 0.000028915 add_time= 0.000077355
2550 0.000067456 2550 0.000006604 add_time= 0.000088904
2750 0.000102797 2750 0.000006453 add_time= 0.000131412
2500 0.000041333 2500 0.000006746 add_time= 0.000065352
2756 0.000047044 2756 0.000007184 add_time= 0.000069674
2860 0.000094198 2860 0.000007064 add_time= 0.000117294
2750 0.000055425 2750 0.000014142 add_time= 0.000085288
2500 0.000062576 2500 0.000006902 add_time= 0.000084143
2600 0.000044203 2600 0.000006992 add_time= 0.000064699
2550 0.000320293 2550 0.000007304 add_time= 0.000345708
2500 0.000117600 2500 0.000005990 add_time= 0.000137816
2500 0.000026266 2500 0.000014302 add_time= 0.000055638
2750 0.000057805 2750 0.000014084 add_time= 0.000085911
2550 0.000075709 2550 0.000016244 add_time= 0.000106954
2750 0.000057754 2750 0.000007310 add_time= 0.000080427
1250 0.000078394 1250 0.000006873 add_time= 0.000097689
2756 0.000254921 2756 0.000006988 add_time= 0.000279348
2500 0.000102776 2500 0.000006319 add_time= 0.000124075
2650 0.000017583 2650 0.000015297 add_time= 0.000054699
2550 0.000074098 2550 0.000006607 add_time= 0.000095727
2550 0.000082020 2550 0.000005811 add_time= 0.000101433
2700 0.000069882 2700 0.000006386 add_time= 0.000090091
2750 0.000055258 2750 0.000007231 add_time= 0.000094258
2600 0.000084778 2600 0.000007197 add_time= 0.000106902
1375 0.000014009 1375 0.000010358 add_time= 0.000037094
2601 0.000131987 2601 0.000007439 add_time= 0.000167628
2500 0.000096973 2500 0.000006930 add_time= 0.000118750
1250 0.000102356 1250 0.000006184 add_time= 0.000128241
2750 0.000216943 2750 0.000006950 add_time= 0.000241756
2860 0.000081812 2860 0.000006675 add_time= 0.000102922
2750 0.000017192 2750 0.000127564 add_time= 0.000159763
2550 0.000132593 2550 0.000007270 add_time= 0.000154935
1250 0.000172335 1250 0.000006922 add_time= 0.000192192
2650 0.000254254 2650 0.000006897 add_time= 0.000277786
2750 0.000140775 2750 0.000006812 add_time= 0.000170146
2500 0.000015882 2500 0.000014808 add_time= 0.000045370
2550 0.000135022 2550 0.000006498 add_time= 0.000156494
2600 0.000085432 2600 0.000009686 add_time= 0.000121797
1250 0.000098622 1250 0.000005762 add_time= 0.000116889
2600 0.000173808 2600 0.000006985 add_time= 0.000216633
2750 0.000111924 2750 0.000006930 add_time= 0.000134541
2550 0.000165657 2550 0.000006253 add_time= 0.000187192
2700 0.000035456 2700 0.000017245 add_time= 0.000078695
2550 0.000353650 2550 0.000007185 add_time= 0.000389674
2700 0.000081555 2700 0.000006824 add_time= 0.000103684
3025 0.000119960 3025 0.000014315 add_time= 0.000150346
2700 0.000080201 2700 0.000012934 add_time= 0.000108724
1275 0.000061956 1275 0.000006385 add_time= 0.000079801
2550 0.000118266 2550 0.000006635 add_time= 0.000145823
2750 0.000352919 2750 0.000006955 add_time= 0.000375581
3025 0.000147494 3025 0.000006982 add_time= 0.000174015
2805 0.000101033 2805 0.000005961 add_time= 0.000122102
2750 0.000197262 2750 0.000007489 add_time= 0.000221165
2650 0.000383883 2650 0.000007180 add_time= 0.000409040
2500 0.000353074 2500 0.000006784 add_time= 0.000375419
2750 0.000016803 2750 0.000025031 add_time= 0.000063533
2500 0.000160846 2500 0.000006269 add_time= 0.000182998
2750 0.000103642 2750 0.000006114 add_time= 0.000124118
1250 0.000163651 1250 0.000006864 add_time= 0.000183943
2650 0.000161294 2650 0.000006512 add_time= 0.000184187
2750 0.000257138 2750 0.000006287 add_time= 0.000286378
2550 0.000007452 2550 0.000022911 add_time= 0.000045870
1250 0.000081047 1250 0.000005855 add_time= 0.000098501
2750 0.000077081 2750 0.000006947 add_time= 0.000098522
2500 0.000247814 2500 0.000007091 add_time= 0.000270009
2750 0.000075372 2750 0.000007370 add_time= 0.000099761
2860 0.000145480 2860 0.000006829 add_time= 0.000167085
2500 0.000007960 2500 0.000014816 add_time= 0.000049373
2550 0.000052404 2550 0.000007041 add_time= 0.000083198
2700 0.000044265 2700 0.000005986 add_time= 0.000064549
2600 0.000417418 2600 0.000007119 add_time= 0.000441033
2600 0.000047057 2600 0.000005986 add_time= 0.000067787
2750 0.000315038 2750 0.000006401 add_time= 0.000337097
2754 0.000275244 2754 0.000007840 add_time= 0.000299072
2970 0.000190209 2970 0.000006945 add_time= 0.000213752
2500 0.000293130 2500 0.000006560 add_time= 0.000323265
2500 0.000089189 2500 0.000007184 add_time= 0.000121514
2700 0.000008132 2700 0.000014811 add_time= 0.000037311
2550 0.000130798 2550 0.000006095 add_time= 0.000158377
2754 0.000053237 2754 0.000007261 add_time= 0.000082418
2500 0.000093449 2500 0.000006632 add_time= 0.000115324
1325 0.000428828 1325 0.000013079 add_time= 0.000466624
2750 0.000078643 2750 0.000006677 add_time= 0.000101380
2500 0.000007879 2500 0.000028414 add_time= 0.000060294
2550 0.000133576 2550 0.000007172 add_time= 0.000156279
2700 0.000067162 2700 0.000006782 add_time= 0.000088114
1275 0.000030278 1275 0.000005705 add_time= 0.000046797
2500 0.000106334 2500 0.000014277 add_time= 0.000137352
2915 0.000090477 2915 0.000007458 add_time= 0.000120847
2500 0.000006438 2500 0.000025393 add_time= 0.000045610
1275 0.000140919 1275 0.000006221 add_time= 0.000158538
2860 0.000112045 2860 0.000007942 add_time= 0.000136000
1250 0.000076490 1250 0.000005424 add_time= 0.000093563
2650 0.000103185 2650 0.000009420 add_time= 0.000169846
2600 0.000142603 2600 0.000008416 add_time= 0.000176965
1250 0.000034755 1250 0.000007599 add_time= 0.000081505
2703 0.000077618 2703 0.000008393 add_time= 0.000114887
2500 0.000012658 2500 0.000008462 add_time= 0.000045293
2750 0.000007071 2750 0.000007695 add_time= 0.000040638
2600 0.000215536 2600 0.000006488 add_time= 0.000239279
2860 0.000118726 2860 0.000006505 add_time= 0.000141534
2600 0.000007815 2600 0.000034125 add_time= 0.000057232
2550 0.000127085 2550 0.000006525 add_time= 0.000148997
2500 0.000070666 2500 0.000006506 add_time= 0.000098021
2550 0.000089433 2550 0.000006245 add_time= 0.000109871
2650 0.000439521 2650 0.000006751 add_time= 0.000462234
2915 0.000176193 2915 0.000007622 add_time= 0.000209940
2500 0.000025927 2500 0.000020654 add_time= 0.000059794
2500 0.000095954 2500 0.000006440 add_time= 0.000117181
2500 0.000074139 2500 0.000006310 add_time= 0.000095084
2550 0.000248528 2550 0.000007084 add_time= 0.000271953
2750 0.000129598 2750 0.000006926 add_time= 0.000151979
2750 0.000175348 2750 0.000006554 add_time= 0.000197488
2750 0.000085684 2750 0.000007074 add_time= 0.000108483
2500 0.000069055 2500 0.000006446 add_time= 0.000090560
2500 0.000286811 2500 0.000007496 add_time= 0.000310490
2750 0.000232971 2750 0.000006646 add_time= 0.000255122
1375 0.000020768 1375 0.000018686 add_time= 0.000070435
2750 0.000078093 2750 0.000006642 add_time= 0.000099921
2700 0.000070358 2700 0.000007068 add_time= 0.000092517
2750 0.000034136 2750 0.000006126 add_time= 0.000053990
1375 0.000156952 1375 0.000005536 add_time= 0.000173419
2600 0.000271016 2600 0.000007326 add_time= 0.000294478
2500 0.000143763 2500 0.000006571 add_time= 0.000165111
1375 0.000124631 1375 0.000005647 add_time= 0.000142859
2500 0.000131254 2500 0.000006648 add_time= 0.000152321
1250 0.000151097 1250 0.000005580 add_time= 0.000169315
2500 0.000082450 2500 0.000006474 add_time= 0.000104708
2550 0.000131803 2550 0.000006178 add_time= 0.000152731
2500 0.000016025 2500 0.000190021 add_time= 0.000220881
2600 0.000080977 2600 0.000006325 add_time= 0.000107952
2500 0.000055133 2500 0.000006941 add_time= 0.000076714
2600 0.000128229 2600 0.000007127 add_time= 0.000151147
2500 0.000093287 2500 0.000006507 add_time= 0.000123452
2500 0.000087220 2500 0.000013429 add_time= 0.000115092
2550 0.000189101 2550 0.000006752 add_time= 0.000210728
2550 0.000696853 2550 0.000006222 add_time= 0.000717751
2970 0.000096250 2970 0.000007338 add_time= 0.000117533
2550 0.000106064 2550 0.000006926 add_time= 0.000139330
2600 0.000115972 2600 0.000006067 add_time= 0.000135696
2750 0.000119669 2750 0.000010943 add_time= 0.000148740
2550 0.000085497 2550 0.000006685 add_time= 0.000115391
2750 0.000631059 2750 0.000006957 add_time= 0.000653115
1375 0.000222796 1375 0.000005918 add_time= 0.000239962
2550 0.000298163 2550 0.000006486 add_time= 0.000319659
2750 0.000251056 2750 0.000006651 add_time= 0.000273045
2600 0.000006629 2600 0.000093624 add_time= 0.000113660
2805 0.000100079 2805 0.000006124 add_time= 0.000119548
2550 0.000027586 2550 0.000005243 add_time= 0.000045404
2750 0.000074020 2750 0.000006571 add_time= 0.000095605
2750 0.000248460 2750 0.000006933 add_time= 0.000271346
2550 0.000075913 2550 0.000011726 add_time= 0.000102568
2500 0.000016070 2500 0.000014692 add_time= 0.000045212
2500 0.000075511 2500 0.000006208 add_time= 0.000094740
2750 0.000094606 2750 0.000006343 add_time= 0.000113876
2500 0.000078216 2500 0.000006163 add_time= 0.000097346
2650 0.000154119 2650 0.000006401 add_time= 0.000176092
2915 0.000217942 2915 0.000006697 add_time= 0.000238285
2550 0.000015660 2550 0.000015094 add_time= 0.000045416
2750 0.000136563 2750 0.000007170 add_time= 0.000156833
2750 0.000057487 2750 0.000005829 add_time= 0.000076299
2750 0.000473201 2750 0.000006121 add_time= 0.000499148
2500 0.001508802 2500 0.000006914 add_time= 0.001532146
2750 0.000161603 2750 0.000006777 add_time= 0.000183837
1275 0.000257883 1275 0.000006383 add_time= 0.000277788
2500 0.000144745 2500 0.000006970 add_time= 0.000167254
2500 0.000233917 2500 0.000006653 add_time= 0.000256962
2915 0.001143653 2915 0.000007531 add_time= 0.001168325
2550 0.000221892 2550 0.000006367 add_time= 0.000242829
2550 0.000225836 2550 0.000006724 add_time= 0.000248563
1250 0.000061624 1250 0.000005942 add_time= 0.000080973
2500 0.000345444 2500 0.000007407 add_time= 0.000369628
2550 0.000526459 2550 0.000006692 add_time= 0.000548022
2500 0.000006532 2500 0.000016247 add_time= 0.000036001
2805 0.000126370 2805 0.000006386 add_time= 0.000148869
1250 0.000081539 1250 0.000006146 add_time= 0.000100960
2862 0.000130365 2862 0.000007079 add_time= 0.000154998
2860 0.000101185 2860 0.000006090 add_time= 0.000121406
2550 0.000060317 2550 0.000006621 add_time= 0.000082743
2550 0.000271046 2550 0.000007721 add_time= 0.000294300
2500 0.000198065 2500 0.000006462 add_time= 0.000219730
2700 0.000138944 2700 0.000006578 add_time= 0.000161157
2750 0.000518094 2750 0.000006798 add_time= 0.000549320
3025 0.000074489 3025 0.000006535 add_time= 0.000099115
2700 0.000085437 2700 0.000024082 add_time= 0.000125089
2601 0.000050794 2601 0.000006997 add_time= 0.000080646
2550 0.000065952 2550 0.000007891 add_time= 0.000100399
2703 0.000353704 2703 0.000007104 add_time= 0.000381479
2600 0.000084171 2600 0.000006676 add_time= 0.000115499
2500 0.000157245 2500 0.000006298 add_time= 0.000177435
2550 0.000026444 2550 0.000016006 add_time= 0.000055918
2500 0.000281119 2500 0.000006713 add_time= 0.000303121
2500 0.000113248 2500 0.000006970 add_time= 0.000144415
2550 0.000233590 2550 0.000006365 add_time= 0.000255989
2600 0.000097589 2600 0.000006091 add_time= 0.000125534
2500 0.000111754 2500 0.000005698 add_time= 0.000131102
1250 0.000033522 1250 0.000006322 add_time= 0.000052731
2550 0.000300078 2550 0.000007147 add_time= 0.000323650
2500 0.000226072 2500 0.000006471 add_time= 0.000248140
2700 0.000184772 2700 0.000006853 add_time= 0.000219712
2860 0.000093901 2860 0.000007309 add_time= 0.000117576
2750 0.000007154 2750 0.000026358 add_time= 0.000047981
2652 0.000061052 2652 0.000006579 add_time= 0.000081309
2860 0.000122438 2860 0.000006358 add_time= 0.000141900
2500 0.000077368 2500 0.000008479 add_time= 0.000112320
2750 0.000007242 2750 0.000007987 add_time= 0.000040000
2750 0.000046938 2750 0.000081186 add_time= 0.000153709
2754 0.000036118 2754 0.000007548 add_time= 0.000070191
2500 0.000059600 2500 0.000008406 add_time= 0.000103771
1375 0.000067365 1375 0.000006898 add_time= 0.000094373
2500 0.000079710 2500 0.000006309 add_time= 0.000102226
2600 0.000105397 2600 0.000006183 add_time= 0.000127172
2750 0.000077078 2750 0.000007147 add_time= 0.000106892
2652 0.000119854 2652 0.000006291 add_time= 0.000141616
2601 0.000128313 2601 0.000013084 add_time= 0.000156925
2750 0.000052552 2750 0.000007388 add_time= 0.000075658
2500 0.000319223 2500 0.000007087 add_time= 0.000342875
3025 0.000139389 3025 0.000006649 add_time= 0.000160737
2750 0.000018231 2750 0.000023680 add_time= 0.000064886
2750 0.000147901 2750 0.000006390 add_time= 0.000169487
2970 0.000088173 2970 0.000007318 add_time= 0.000111566
2650 0.000228666 2650 0.000007882 add_time= 0.000261762
2860 0.000105565 2860 0.000007753 add_time= 0.000129606
2500 0.000014718 2500 0.000112473 add_time= 0.000142047
2550 0.000087223 2550 0.000007260 add_time= 0.000108403
2862 0.000085073 2862 0.000006409 add_time= 0.000104784
1250 0.000402878 1250 0.000006011 add_time= 0.000421449
2750 0.000100276 2750 0.000007648 add_time= 0.000126406
2500 0.000130260 2500 0.000013968 add_time= 0.000159608
3025 0.000019463 3025 0.000035544 add_time= 0.000071703
1275 0.000094480 1275 0.000006108 add_time= 0.000113955
2700 0.000057650 2700 0.000007361 add_time= 0.000080569
1275 0.000236419 1275 0.000005720 add_time= 0.000255610
2750 0.000059398 2750 0.000007718 add_time= 0.000091691
2600 0.000051089 2600 0.000006204 add_time= 0.000072246
2500 0.000016601 2500 0.000072387 add_time= 0.000104340
2652 0.000151326 2652 0.000015319 add_time= 0.000182230
2550 0.000064922 2550 0.000006734 add_time= 0.000087692
2750 0.000116815 2750 0.000008119 add_time= 0.000144920
2600 0.000080106 2600 0.000024572 add_time= 0.000118955
2750 0.000177568 2750 0.000006833 add_time= 0.000198091
2750 0.000084852 2750 0.000006692 add_time= 0.000107701
2750 0.000107732 2750 0.000008145 add_time= 0.000131991
2550 0.000251501 2550 0.000007423 add_time= 0.000274737
2650 0.000433575 2650 0.000008775 add_time= 0.000463800
2860 0.000083701 2860 0.000006979 add_time= 0.000105832
2750 0.000018165 2750 0.000016262 add_time= 0.000050449
3025 0.000044261 3025 0.000006441 add_time= 0.000065954
2601 0.000076493 2601 0.000014945 add_time= 0.000107327
3025 0.000119935 3025 0.000006880 add_time= 0.000143561
2550 0.000190994 2550 0.000008424 add_time= 0.000219955
2750 0.000034207 2750 0.000015465 add_time= 0.000066115
2600 0.000016278 2600 0.000015222 add_time= 0.000047294
2652 0.000075726 2652 0.000006585 add_time= 0.000096761
2550 0.000168548 2550 0.000006912 add_time= 0.000191515
1350 0.000288139 1350 0.000014042 add_time= 0.000316378
2915 0.000111337 2915 0.000008482 add_time= 0.000138161
2600 0.000135909 2600 0.000007416 add_time= 0.000159122
2700 0.000017652 2700 0.000016464 add_time= 0.000050313
2550 0.000042207 2550 0.000006757 add_time= 0.000064915
1250 0.000057457 1250 0.000005767 add_time= 0.000076559
1250 0.000130220 1250 0.000007327 add_time= 0.000151354
2500 0.000213506 2500 0.000006638 add_time= 0.000237317
2750 0.000069951 2750 0.000007624 add_time= 0.000105886
2750 0.000062038 2750 0.000006865 add_time= 0.000094296
2550 0.000100626 2550 0.000005800 add_time= 0.000120133
2700 0.000078477 2700 0.000006936 add_time= 0.000101155
1250 0.000214022 1250 0.000006156 add_time= 0.000233303
2550 0.000471685 2550 0.000008361 add_time= 0.000509950
2500 0.000082689 2500 0.000006501 add_time= 0.000104007
2652 0.000074694 2652 0.000006342 add_time= 0.000096884
2600 0.000156959 2600 0.000006715 add_time= 0.000180257
2550 0.000101745 2550 0.000007195 add_time= 0.000122283
2550 0.000708520 2550 0.000008722 add_time= 0.000746672
2500 0.000151355 2500 0.000008607 add_time= 0.000175778
2805 0.000140919 2805 0.000008805 add_time= 0.000172033
2550 0.000110929 2550 0.000008683 add_time= 0.000135304
2500 0.000143794 2500 0.000006040 add_time= 0.000171502
1325 0.000455204 1325 0.000006942 add_time= 0.000477141
2750 0.000202036 2750 0.000007205 add_time= 0.000225490
2915 0.000061659 2915 0.000006431 add_time= 0.000084825
2550 0.000207248 2550 0.000006150 add_time= 0.000235516
2750 0.000090994 2750 0.000015130 add_time= 0.000122014
2500 0.000166798 2500 0.000006117 add_time= 0.000186867
2500 0.000233350 2500 0.000006883 add_time= 0.000257315
2750 0.000106099 2750 0.000007280 add_time= 0.000141646
2500 0.000007305 2500 0.000035078 add_time= 0.000058615
2805 0.000193939 2805 0.000006854 add_time= 0.000217180
2500 0.000038201 2500 0.000006294 add_time= 0.000062693
2500 0.000229496 2500 0.000027956 add_time= 0.000274366
2750 0.000240915 2750 0.000006412 add_time= 0.000263277
2601 0.000225561 2601 0.000006924 add_time= 0.000248261
2700 0.000231620 2700 0.000006515 add_time= 0.000258470
2500 0.000147798 2500 0.000006900 add_time= 0.000170772
2500 0.000372434 2500 0.000018315 add_time= 0.000407967
2550 0.000209942 2550 0.000018954 add_time= 0.000246046
2601 0.000059955 2601 0.000006174 add_time= 0.000081631
2500 0.000123843 2500 0.000006613 add_time= 0.000146555
2750 0.000119626 2750 0.000007125 add_time= 0.000143315
2500 0.000161024 2500 0.000007039 add_time= 0.000187302
2600 0.000063581 2600 0.000007042 add_time= 0.000105566
3025 0.000262936 3025 0.000006785 add_time= 0.000286602
2601 0.000182364 2601 0.000006825 add_time= 0.000214265
2500 0.000319364 2500 0.000017470 add_time= 0.000351382
2500 0.000102089 2500 0.000014936 add_time= 0.000133214
1250 0.000053199 1250 0.000006437 add_time= 0.000073251
2600 0.000210176 2600 0.000007753 add_time= 0.000234626
3025 0.000164597 3025 0.000007416 add_time= 0.000198263
2500 0.000006957 2500 0.000014483 add_time= 0.000036908
2500 0.000171678 2500 0.000006407 add_time= 0.000201931
2754 0.000056739 2754 0.000006372 add_time= 0.000079328
625 0.000066725 625 0.000006091 add_time= 0.000085822
2750 0.000082508 2750 0.000007327 add_time= 0.000111748
2750 0.000051680 2750 0.000007382 add_time= 0.000075660
2500 0.000006650 2500 0.000025695 add_time= 0.000049195
2550 0.000102186 2550 0.000007546 add_time= 0.000127256
2700 0.000026189 2700 0.000006707 add_time= 0.000050466
625 0.000022504 625 0.000006466 add_time= 0.000042510
2650 0.000109712 2650 0.000008496 add_time= 0.000156407
2750 0.000034400 2750 0.000008288 add_time= 0.000083845
2500 0.000005665 2500 0.000008710 add_time= 0.000060164
2750 0.000036517 2750 0.000007395 add_time= 0.000071295
2750 0.000052176 2750 0.000007066 add_time= 0.000086872
2600 0.000022271 2600 0.000007616 add_time= 0.000068176
2600 0.000054174 2600 0.000007774 add_time= 0.000093926
2550 0.000329187 2550 0.000006343 add_time= 0.000356214
2805 0.000048733 2805 0.000016007 add_time= 0.000082515
2500 0.000046367 2500 0.000007176 add_time= 0.000070004
2601 0.000084829 2601 0.000012436 add_time= 0.000115133
2860 0.000056667 2860 0.000006558 add_time= 0.000084959
2650 0.000141413 2650 0.000005993 add_time= 0.000162547
2500 0.000090391 2500 0.000018283 add_time= 0.000123442
2750 0.000016639 2750 0.000016061 add_time= 0.000047243
2805 0.000128989 2805 0.000006998 add_time= 0.000151221
2700 0.000043635 2700 0.000006769 add_time= 0.000069780
2600 0.000319963 2600 0.000006721 add_time= 0.000341711
2750 0.000089038 2750 0.000017612 add_time= 0.000121560
2860 0.000066767 2860 0.000006568 add_time= 0.000087818
2750 0.000085738 2750 0.000006566 add_time= 0.000107456
2550 0.000089006 2550 0.000006954 add_time= 0.000110547
2500 0.000117416 2500 0.000006404 add_time= 0.000139476
2860 0.000235704 2860 0.000006120 add_time= 0.000255575
2750 0.000341256 2750 0.000006749 add_time= 0.000363180
2601 0.000110119 2601 0.000006377 add_time= 0.000130773
2500 0.000074514 2500 0.000006582 add_time= 0.000095558
2750 0.000150082 2750 0.000007425 add_time= 0.000173570
2600 0.000067971 2600 0.000007149 add_time= 0.000090206
1250 0.000021314 1250 0.000009529 add_time= 0.000043273
2550 0.000058878 2550 0.000015197 add_time= 0.000088888
2500 0.000076248 2500 0.000006577 add_time= 0.000101618
2550 0.000087785 2550 0.000007171 add_time= 0.000110322
1300 0.000079747 1300 0.000007472 add_time= 0.000099684
2650 0.000016465 2650 0.000015263 add_time= 0.000046535
2550 0.000063828 2550 0.000006791 add_time= 0.000085397
2703 0.000102832 2703 0.000007139 add_time= 0.000140326
2700 0.000036233 2700 0.000006104 add_time= 0.000055897
2500 0.000111981 2500 0.000006579 add_time= 0.000131214
1325 0.000356759 1325 0.000006270 add_time= 0.000375963
2600 0.000079662 2600 0.000007972 add_time= 0.000103318
2500 0.000027482 2500 0.000015180 add_time= 0.000057585
2550 0.000091272 2550 0.000006973 add_time= 0.000111753
2650 0.000076566 2650 0.000005993 add_time= 0.000095410
1275 0.000064209 1275 0.000005577 add_time= 0.000080302
2700 0.000092039 2700 0.000006686 add_time= 0.000113590
2500 0.000193152 2500 0.000006581 add_time= 0.000220347
2500 0.000015648 2500 0.000015691 add_time= 0.000047368
2601 0.000089141 2601 0.000007264 add_time= 0.000109446
3025 0.000063770 3025 0.000014894 add_time= 0.000092661
1250 0.000060198 1250 0.000005589 add_time= 0.000076411
2600 0.000092611 2600 0.000006834 add_time= 0.000114174
3025 0.000155660 3025 0.000006708 add_time= 0.000175912
2500 0.000013179 2500 0.000014164 add_time= 0.000040132
2601 0.000066486 2601 0.000006393 add_time= 0.000085591
2750 0.000099331 2750 0.000007069 add_time= 0.000119609
2600 0.000464358 2600 0.000007689 add_time= 0.000487131
2970 0.000090155 2970 0.000006844 add_time= 0.000111079
2550 0.000023116 2550 0.000015320 add_time= 0.000051397
2550 0.000050048 2550 0.000005719 add_time= 0.000068935
2915 0.000115997 2915 0.000006057 add_time= 0.000136120
2500 0.000325588 2500 0.000006996 add_time= 0.000347034
2704 0.000080726 2704 0.000006063 add_time= 0.000100609
2915 0.000315916 2915 0.000007230 add_time= 0.000344618
2500 0.000079727 2500 0.000006175 add_time= 0.000098890
2750 0.000186592 2750 0.000013215 add_time= 0.000213498
2500 0.000714252 2500 0.000009743 add_time= 0.000744557
2500 0.000079000 2500 0.000009676 add_time= 0.000105128
2500 0.000013705 2500 0.000020110 add_time= 0.000056302
2550 0.000437860 2550 0.000006859 add_time= 0.000460498
2500 0.000100803 2500 0.000006475 add_time= 0.000133796
2500 0.000063120 2500 0.000006235 add_time= 0.000082757
2915 0.000370402 2915 0.000029912 add_time= 0.000419038
2860 0.000097875 2860 0.000007724 add_time= 0.000132757
2500 0.000007718 2500 0.000031420 add_time= 0.000054660
2860 0.000062186 2860 0.000007041 add_time= 0.000091277
2550 0.000079413 2550 0.000026138 add_time= 0.000120141
2600 0.000123491 2600 0.000013525 add_time= 0.000153068
2550 0.000118893 2550 0.000006063 add_time= 0.000139452
2750 0.000246565 2750 0.000007020 add_time= 0.000270039
2500 0.000091396 2500 0.000006862 add_time= 0.000112829
2600 0.000007076 2600 0.000024454 add_time= 0.000046988
2703 0.000118847 2703 0.000027076 add_time= 0.000161794
2500 0.000076493 2500 0.000026245 add_time= 0.000117522
2550 0.000196102 2550 0.000006772 add_time= 0.000218481
2750 0.000053761 2750 0.000006420 add_time= 0.000076178
2550 0.000138978 2550 0.000017637 add_time= 0.000179780
2700 0.000038855 2700 0.000006532 add_time= 0.000061067
1250 0.000046684 1250 0.000006307 add_time= 0.000066199
