2750 0.000864675 2750 0.000015213 add_time= 0.002103447
2805 0.000127179 2805 0.000019359 add_time= 0.000163437
2600 0.000302021 2600 0.000010296 add_time= 0.000332898
2601 0.000077606 2601 0.000007855 add_time= 0.000101188
2600 0.000086358 2600 0.000010216 add_time= 0.000173160
2750 0.000241355 2750 0.000008170 add_time= 0.000265632
2805 0.000007532 2805 0.000042782 add_time= 0.000065944
2500 0.000183887 2500 0.000020238 add_time= 0.000234356
2500 0.000072534 2500 0.000007754 add_time= 0.000101833
2860 0.000171960 2860 0.000006724 add_time= 0.000196460
1275 0.000065852 1275 0.000010847 add_time= 0.000093839
2652 0.000401042 2652 0.000010997 add_time= 0.000450923
2500 0.000323325 2500 0.000011585 add_time= 0.000352233
2970 0.000159628 2970 0.000015847 add_time= 0.000194399
2600 0.000082155 2600 0.000012294 add_time= 0.000122082
2500 0.000094035 2500 0.000006290 add_time= 0.000122907
2750 0.000009308 2750 0.000016427 add_time= 0.000042981
2805 0.000041309 2805 0.000011036 add_time= 0.000069811
2550 0.000405735 2550 0.000009160 add_time= 0.000448252
2750 0.000105268 2750 0.000008224 add_time= 0.000139175
2970 0.000087564 2970 0.000007186 add_time= 0.000112017
2860 0.000208183 2860 0.000031326 add_time= 0.000333267
2550 0.000104723 2550 0.000050796 add_time= 0.000199582
2500 0.000124300 2500 0.000019646 add_time= 0.000182267
2750 0.000177615 2750 0.000023123 add_time= 0.001810791
2550 0.000016987 2550 0.000022191 add_time= 0.000055925
625 0.000026433 625 0.000006947 add_time= 0.000053030
2860 0.000181110 2860 0.000009806 add_time= 0.000213414
2750 0.000064588 2750 0.000010723 add_time= 0.000093724
2550 0.000038137 2550 0.000008334 add_time= 0.000060539
2750 0.000102884 2750 0.000006709 add_time= 0.000127254
2652 0.000122241 2652 0.000009669 add_time= 0.000183453
2550 0.000111826 2550 0.000006480 add_time= 0.000141821
2550 0.000037550 2550 0.000014012 add_time= 0.000065646
3025 0.000007090 3025 0.000025165 add_time= 0.000052186
3025 0.000089609 3025 0.000007145 add_time= 0.000114004
1250 0.000685171 1250 0.000007523 add_time= 0.000711863
1275 0.000168559 1275 0.000006527 add_time= 0.000207466
1250 0.000406054 1250 0.000006488 add_time= 0.000426031
2600 0.000365451 2600 0.000008926 add_time= 0.000415103
2550 0.000190213 2550 0.000008008 add_time= 0.000214171
2500 0.000104235 2500 0.000007122 add_time= 0.000128804
2805 0.000107995 2805 0.000009018 add_time= 0.000143183
2600 0.000198665 2600 0.000006788 add_time= 0.000221652
2700 0.000135459 2700 0.000006958 add_time= 0.000158605
2970 0.000111099 2970 0.000006884 add_time= 0.000133461
2550 0.000253307 2550 0.000019222 add_time= 0.000297832
3025 0.000027298 3025 0.000036839 add_time= 0.000090445
2500 0.000141819 2500 0.000007109 add_time= 0.000165410
2750 0.000187609 2750 0.000011270 add_time= 0.000344457
2500 0.000071372 2500 0.000019427 add_time= 0.000120528
2805 0.000079268 2805 0.000010161 add_time= 0.000125044
