2550 0.000142967 2550 0.000015152 add_time= 0.001648110
2600 0.000060754 2600 0.000009473 add_time= 0.000087691
2754 0.000040752 2754 0.000009739 add_time= 0.000067861
2808 0.000040294 2808 0.000006600 add_time= 0.000063095
2600 0.000083918 2600 0.000007431 add_time= 0.000111998
2750 0.000084981 2750 0.000006727 add_time= 0.000108396
2750 0.000087695 2750 0.000006884 add_time= 0.000116377
2704 0.000556796 2704 0.000019080 add_time= 0.000657181
2500 0.000087291 2500 0.000006942 add_time= 0.000111467
2652 0.000235788 2652 0.000007832 add_time= 0.000269076
2754 0.000286092 2754 0.000007907 add_time= 0.000319298
2860 0.000150858 2860 0.000009764 add_time= 0.000200956
2860 0.000423479 2860 0.000007078 add_time= 0.000447562
2550 0.000341371 2550 0.000007191 add_time= 0.000373772
2550 0.000074097 2550 0.000006235 add_time= 0.000105168
2500 0.000146564 2500 0.000014557 add_time= 0.000197622
2750 0.000143457 2750 0.000021598 add_time= 0.000183562
2750 0.000007546 2750 0.000015281 add_time= 0.000039213
2600 0.000389292 2600 0.000007208 add_time= 0.000444130
2601 0.000135674 2601 0.000006971 add_time= 0.000168735
2550 0.000788230 2550 0.000009279 add_time= 0.000946822
2805 0.000035236 2805 0.000016634 add_time= 0.000102149
2500 0.000075646 2500 0.000021303 add_time= 0.000164312
2700 0.000629295 2700 0.000014342 add_time= 0.001979095
2500 0.000072170 2500 0.000019233 add_time= 0.000107212
2601 0.000089744 2601 0.000008604 add_time= 0.000114065
2650 0.000337665 2650 0.000007547 add_time= 0.000366993
2550 0.000140235 2550 0.000008044 add_time= 0.000186208
2750 0.000065265 2750 0.000007097 add_time= 0.000089019
2750 0.000400549 2750 0.000008039 add_time= 0.000501439
2650 0.000128487 2650 0.000007856 add_time= 0.000152564
1250 0.000006117 1250 0.000016639 add_time= 0.000037730
2652 0.000155188 2652 0.000018367 add_time= 0.000203384
2750 0.000314405 2750 0.000010297 add_time= 0.000342391
2750 0.000197399 2750 0.000011452 add_time= 0.000225653
2600 0.000288256 2600 0.000009232 add_time= 0.000338711
2805 0.000302232 2805 0.000015560 add_time= 0.000351249
2600 0.000185122 2600 0.000010211 add_time= 0.000216688
2500 0.000168340 2500 0.000006693 add_time= 0.000192913
1250 0.000294017 1250 0.000007543 add_time= 0.000323118
2809 0.000268936 2809 0.000015499 add_time= 0.000336818
2550 0.000056106 2550 0.000008000 add_time= 0.000096375
2860 0.000183095 2860 0.000011081 add_time= 0.000355662
2550 0.000017709 2550 0.000009956 add_time= 0.000086579
2750 0.000082180 2750 0.000027205 add_time= 0.000177103
