2500 0.000144490 2500 0.000015009 add_time= 0.001533423
2915 0.000057384 2915 0.000009291 add_time= 0.000093147
2601 0.000089259 2601 0.000009375 add_time= 0.000114981
2652 0.000132452 2652 0.000007429 add_time= 0.000159694
2700 0.000112623 2700 0.000008100 add_time= 0.000137686
2805 0.000127303 2805 0.000007998 add_time= 0.000161492
2500 0.000635886 2500 0.000061975 add_time= 0.000826220
2500 0.000057512 2500 0.000008606 add_time= 0.000110452
2650 0.000520375 2650 0.000009634 add_time= 0.000571254
2500 0.000099115 2500 0.000007159 add_time= 0.000145467
2700 0.000128398 2700 0.000010235 add_time= 0.000171192
2500 0.001188051 2500 0.000017520 add_time= 0.001244302
2550 0.000213893 2550 0.000007834 add_time= 0.000247845
2600 0.000736028 2600 0.000016116 add_time= 0.000773690
2750 0.000078169 2750 0.000007024 add_time= 0.000106672
2805 0.000049196 2805 0.000007640 add_time= 0.000095525
2600 0.000017515 2600 0.000025819 add_time= 0.000071759
2860 0.000071481 2860 0.000007400 add_time= 0.000118830
2550 0.000050893 2550 0.000007241 add_time= 0.000086804
2756 0.000206702 2756 0.000021902 add_time= 0.000374009
2750 0.000627017 2750 0.000017611 add_time= 0.000682519
2500 0.000708025 2500 0.000016075 add_time= 0.002472199
2550 0.000111964 2550 0.000017681 add_time= 0.000148133
2700 0.000441283 2700 0.000009498 add_time= 0.000472676
2550 0.000061119 2550 0.000010074 add_time= 0.000087276
2703 0.000421755 2703 0.000009475 add_time= 0.000492351
2500 0.000296261 2500 0.000011091 add_time= 0.000324141
2750 0.000205275 2750 0.000006790 add_time= 0.000248198
3025 0.000152261 3025 0.000007726 add_time= 0.000194347
2500 0.000110520 2500 0.000006800 add_time= 0.000134175
1250 0.000305605 1250 0.000006473 add_time= 0.000326746
2500 0.000181517 2500 0.000020480 add_time= 0.000232845
2750 0.000176703 2750 0.000006107 add_time= 0.000207094
2750 0.000170099 2750 0.000007124 add_time= 0.000193052
2500 0.000610251 2500 0.000008032 add_time= 0.000638752
2550 0.000142517 2550 0.000006388 add_time= 0.000166887
2500 0.000079949 2500 0.000007185 add_time= 0.000102972
2600 0.000073988 2600 0.000011820 add_time= 0.000115411
2500 0.000081211 2500 0.000009876 add_time= 0.000108932
2601 0.000071943 2601 0.000007059 add_time= 0.000095370
2500 0.000065264 2500 0.000028237 add_time= 0.000215433
2750 0.000052056 2750 0.000010807 add_time= 0.000097435
2500 0.000120748 2500 0.000008581 add_time= 0.000174094
2500 0.000069834 2500 0.000017522 add_time= 0.000109343
2650 0.000030430 2650 0.000014498 add_time= 0.001093624
2600 0.000026914 2600 0.000005735 add_time= 0.000046933
2700 0.000194769 2700 0.000014886 add_time= 0.000224458
2703 0.000097176 2703 0.000006627 add_time= 0.000128798
2970 0.000038663 2970 0.000017473 add_time= 0.000072583
2750 0.000033310 2750 0.000017573 add_time= 0.000070962
2500 0.000061857 2500 0.000005518 add_time= 0.000080955
2500 0.000178235 2500 0.000007303 add_time= 0.000206767
2652 0.000042575 2652 0.000005882 add_time= 0.000070058
2750 0.000122216 2750 0.000006637 add_time= 0.000142467
2500 0.000034564 2500 0.000006379 add_time= 0.000064981
2601 0.000053584 2601 0.000006409 add_time= 0.000076208
1375 0.000066492 1375 0.000005848 add_time= 0.000087705
2500 0.000628548 2500 0.000008142 add_time= 0.000702269
2500 0.000089654 2500 0.000007266 add_time= 0.000123467
2750 0.000089004 2750 0.000007362 add_time= 0.000126712
2550 0.000058383 2550 0.000007115 add_time= 0.000082320
2500 0.000128705 2500 0.000006911 add_time= 0.000152471
2750 0.000381660 2750 0.000006920 add_time= 0.000405530
2500 0.000072050 2500 0.000026722 add_time= 0.000125529
3025 0.000073937 3025 0.000007079 add_time= 0.000108233
2550 0.000061880 2550 0.000006427 add_time= 0.000083715
2750 0.000063117 2750 0.000006878 add_time= 0.000094104
1275 0.000059058 1275 0.000006111 add_time= 0.000079044
2500 0.000207720 2500 0.000008081 add_time= 0.000258138
2808 0.000082178 2808 0.000046826 add_time= 0.000149501
2750 0.000161629 2750 0.000006877 add_time= 0.000185114
2500 0.000017310 2500 0.000016058 add_time= 0.000048226
2750 0.000171307 2750 0.000015769 add_time= 0.000204404
2970 0.000030546 2970 0.000015250 add_time= 0.000063507
1250 0.000101717 1250 0.000006417 add_time= 0.000135443
2750 0.000503822 2750 0.000007481 add_time= 0.000529313
2500 0.000309620 2500 0.000007715 add_time= 0.000333463
2500 0.000008240 2500 0.000014335 add_time= 0.000049580
2750 0.000139650 2750 0.000019427 add_time= 0.000174224
2650 0.000240146 2650 0.000029159 add_time= 0.000292413
2500 0.000140436 2500 0.000008458 add_time= 0.000171526
2500 0.000375643 2500 0.000006726 add_time= 0.000399931
2500 0.000090611 2500 0.000007154 add_time= 0.000114080
2500 0.000023901 2500 0.000022308 add_time= 0.000060382
2500 0.000084107 2500 0.000007410 add_time= 0.000107293
2754 0.000058719 2754 0.000008019 add_time= 0.000083797
2500 0.000071558 2500 0.000006208 add_time= 0.000091689
2500 0.000014797 2500 0.000009255 add_time= 0.000136932
2652 0.000069262 2652 0.000008090 add_time= 0.000109797
1250 0.000050982 1250 0.000007837 add_time= 0.000088664
2500 0.000058898 2500 0.000022719 add_time= 0.000104540
2500 0.000074402 2500 0.000007147 add_time= 0.000104103
2750 0.000096306 2750 0.000008752 add_time= 0.000142290
2500 0.000120238 2500 0.000009665 add_time= 0.000167672
2500 0.000561382 2500 0.000007925 add_time= 0.000596976
2500 0.000016909 2500 0.000021955 add_time= 0.000055480
2500 0.000137802 2500 0.000015317 add_time= 0.000170913
2750 0.000231453 2750 0.000008028 add_time= 0.000272469
2500 0.000444531 2500 0.000006772 add_time= 0.000471327
2500 0.000209705 2500 0.000010736 add_time= 0.000248898
2750 0.000006658 2750 0.000043849 add_time= 0.000066748
2500 0.000023686 2500 0.000008952 add_time= 0.000057765
2550 0.000050600 2550 0.000006581 add_time= 0.000072591
2750 0.000079864 2750 0.000006876 add_time= 0.000112832
2915 0.000203084 2915 0.000007362 add_time= 0.000231573
2860 0.000228048 2860 0.000006861 add_time= 0.000253413
2805 0.000125007 2805 0.000007268 add_time= 0.000150858
2550 0.000068157 2550 0.000006500 add_time= 0.000091730
2860 0.000354970 2860 0.000007145 add_time= 0.000379426
2750 0.000246768 2750 0.000007044 add_time= 0.000273950
2704 0.000145373 2704 0.000006050 add_time= 0.000166967
3025 0.000261710 3025 0.000010455 add_time= 0.000290813
2805 0.000093511 2805 0.000016415 add_time= 0.000128747
2700 0.000132006 2700 0.000007064 add_time= 0.000156621
2600 0.000389675 2600 0.000006413 add_time= 0.000416116
2652 0.000074708 2652 0.000007397 add_time= 0.000098869
2500 0.000007431 2500 0.000021862 add_time= 0.000045150
2550 0.000062286 2550 0.000006451 add_time= 0.000084818
2700 0.000090714 2700 0.000007566 add_time= 0.000114402
2550 0.000168122 2550 0.000007779 add_time= 0.000215302
2808 0.000143513 2808 0.000007455 add_time= 0.000171174
2750 0.000113008 2750 0.000006905 add_time= 0.000134518
2500 0.000018302 2500 0.000014513 add_time= 0.000048948
2500 0.000081652 2500 0.000020378 add_time= 0.000118842
2970 0.000191396 2970 0.000007733 add_time= 0.000217191
2500 0.000102009 2500 0.000008404 add_time= 0.000126720
2550 0.000159709 2550 0.000007825 add_time= 0.000185105
2860 0.000133551 2860 0.000006962 add_time= 0.000158026
2750 0.000087973 2750 0.000007033 add_time= 0.000113146
2750 0.000107792 2750 0.000006369 add_time= 0.000129836
2805 0.000109344 2805 0.000008207 add_time= 0.000135137
2500 0.000176443 2500 0.000015692 add_time= 0.000206434
2750 0.000109157 2750 0.000006459 add_time= 0.000131666
2550 0.000059119 2550 0.000006541 add_time= 0.000081338
2500 0.000013286 2500 0.000141000 add_time= 0.000167753
2652 0.000100936 2652 0.000007474 add_time= 0.000124245
2500 0.000081906 2500 0.000006433 add_time= 0.000103543
1375 0.000061024 1375 0.000017417 add_time= 0.000093161
2650 0.000007192 2650 0.000008941 add_time= 0.000069103
1300 0.000029331 1300 0.000007059 add_time= 0.000065529
2500 0.000073229 2500 0.000007762 add_time= 0.000102547
2805 0.000144750 2805 0.000020212 add_time= 0.000190954
2805 0.000007857 2805 0.000008717 add_time= 0.000042353
3025 0.000026279 3025 0.000008976 add_time= 0.000064352
2550 0.000182264 2550 0.000006250 add_time= 0.000204907
2550 0.000071828 2550 0.000023195 add_time= 0.000110312
2550 0.000008021 2550 0.000024255 add_time= 0.000047481
2750 0.000046511 2750 0.000006597 add_time= 0.000067692
2805 0.000079082 2805 0.000007462 add_time= 0.000113977
2750 0.000138228 2750 0.000007656 add_time= 0.000162109
2600 0.000144916 2600 0.000007638 add_time= 0.000174380
2700 0.000072209 2700 0.000006158 add_time= 0.000093940
2550 0.000075377 2550 0.000006946 add_time= 0.000097993
2500 0.000089763 2500 0.000006993 add_time= 0.000112080
1250 0.000056735 1250 0.000011602 add_time= 0.000081228
2750 0.000144998 2750 0.000009528 add_time= 0.000195144
1300 0.000040258 1300 0.000006308 add_time= 0.000062075
2805 0.000031326 2805 0.000023892 add_time= 0.000072276
2500 0.000186655 2500 0.000006502 add_time= 0.000209099
1250 0.000221448 1250 0.000005680 add_time= 0.000239192
2550 0.000106021 2550 0.000010882 add_time= 0.000140543
2750 0.000323723 2750 0.000007216 add_time= 0.000350554
2750 0.000044562 2750 0.000007346 add_time= 0.000068402
2700 0.000036619 2700 0.000052704 add_time= 0.000106143
2703 0.000257312 2703 0.000006825 add_time= 0.000280026
2550 0.000078448 2550 0.000015906 add_time= 0.000117707
2500 0.000095809 2500 0.000007512 add_time= 0.000120937
2500 0.000189702 2500 0.000007300 add_time= 0.000212786
2750 0.000007492 2750 0.000033988 add_time= 0.000057308
2805 0.000168788 2805 0.000012379 add_time= 0.000198336
2750 0.000087365 2750 0.000007048 add_time= 0.000110793
2500 0.000288915 2500 0.000007926 add_time= 0.000315434
2652 0.000170356 2652 0.000006967 add_time= 0.000192717
2750 0.000007959 2750 0.000034376 add_time= 0.000059082
2601 0.000099207 2601 0.000007717 add_time= 0.000123492
2500 0.000196857 2500 0.000007410 add_time= 0.000220193
1375 0.000080113 1375 0.000007048 add_time= 0.000103678
2600 0.000053652 2600 0.000007651 add_time= 0.000081148
2600 0.000295583 2600 0.000018272 add_time= 0.000330209
2805 0.000173487 2805 0.000006447 add_time= 0.000194537
2750 0.000079506 2750 0.000016604 add_time= 0.000112157
2916 0.000083904 2916 0.000006929 add_time= 0.000107489
2750 0.000062533 2750 0.000006173 add_time= 0.000082971
2550 0.000196777 2550 0.000007777 add_time= 0.000238024
2500 0.000181032 2500 0.000007493 add_time= 0.000204690
2750 0.000233377 2750 0.000006668 add_time= 0.000259168
2754 0.000147307 2754 0.000007411 add_time= 0.000177797
2750 0.000073658 2750 0.000008065 add_time= 0.000098394
1250 0.000263660 1250 0.000007222 add_time= 0.000290391
2750 0.000257359 2750 0.000007699 add_time= 0.000282570
2805 0.000283332 2805 0.000018381 add_time= 0.000319324
2750 0.000256435 2750 0.000006776 add_time= 0.000280111
2500 0.000057457 2500 0.000027093 add_time= 0.000098874
2915 0.000093004 2915 0.000007948 add_time= 0.000122181
2600 0.000058333 2600 0.000006809 add_time= 0.000082197
2970 0.000007231 2970 0.000094512 add_time= 0.000116910
2805 0.000093425 2805 0.000006702 add_time= 0.000116065
2700 0.001542755 2700 0.000006759 add_time= 0.001564604
2550 0.000093465 2550 0.000008868 add_time= 0.000138959
2500 0.000013331 2500 0.000008565 add_time= 0.000057914
2600 0.000097579 2600 0.000114012 add_time= 0.000235505
2500 0.000104453 2500 0.000008419 add_time= 0.000148570
2750 0.000063292 2750 0.000013716 add_time= 0.000107096
1250 0.000048793 1250 0.000007075 add_time= 0.000090468
2600 0.000168563 2600 0.000006567 add_time= 0.000190631
1300 0.000056379 1300 0.000006412 add_time= 0.000076183
2750 0.000207528 2750 0.000007228 add_time= 0.000237048
2550 0.000096486 2550 0.000007206 add_time= 0.000119172
2600 0.000253040 2600 0.000007405 add_time= 0.000293659
2550 0.000178617 2550 0.000007613 add_time= 0.000202652
2915 0.000104110 2915 0.000007708 add_time= 0.000129303
1300 0.000036817 1300 0.000013963 add_time= 0.000063981
2750 0.000141808 2750 0.000026993 add_time= 0.000184029
2500 0.000014219 2500 0.000022878 add_time= 0.000061315
2550 0.000111101 2550 0.000006266 add_time= 0.000129808
1250 0.000292952 1250 0.000007212 add_time= 0.000312932
2750 0.000135632 2750 0.000006622 add_time= 0.000155879
2550 0.000044932 2550 0.000006934 add_time= 0.000067552
2704 0.000054284 2704 0.000006467 add_time= 0.000075059
2550 0.000103134 2550 0.000006862 add_time= 0.000125784
2970 0.000088678 2970 0.000007210 add_time= 0.000112331
2550 0.000194885 2550 0.000007755 add_time= 0.000218297
1250 0.000147311 1250 0.000006632 add_time= 0.000167041
2550 0.000565623 2550 0.000006327 add_time= 0.000592004
3025 0.000407576 3025 0.000008264 add_time= 0.000434848
2550 0.000077072 2550 0.000006650 add_time= 0.000100606
2550 0.000218870 2550 0.000007590 add_time= 0.000242666
2970 0.000096459 2970 0.000007104 add_time= 0.000118483
2700 0.000051969 2700 0.000006321 add_time= 0.000075996
2704 0.000080416 2704 0.000006984 add_time= 0.000102805
2915 0.000216734 2915 0.000015106 add_time= 0.000249425
1275 0.000051695 1275 0.000014334 add_time= 0.000083665
2805 0.000071438 2805 0.000005917 add_time= 0.000092843
2500 0.000108396 2500 0.000006861 add_time= 0.000131740
2750 0.000132685 2750 0.000006883 add_time= 0.000158083
2750 0.000311484 2750 0.000007242 add_time= 0.000343441
2750 0.000007687 2750 0.000026115 add_time= 0.000050057
2750 0.000075695 2750 0.000006417 add_time= 0.000096244
2650 0.000128039 2650 0.000006970 add_time= 0.000151365
1375 0.000086350 1375 0.000006929 add_time= 0.000108623
2700 0.000475369 2700 0.000007186 add_time= 0.000510725
2860 0.000132331 2860 0.000007381 add_time= 0.000156997
2750 0.000007652 2750 0.000015659 add_time= 0.000039280
2550 0.000084983 2550 0.000007143 add_time= 0.000107937
2703 0.000119201 2703 0.000006831 add_time= 0.000140755
2600 0.000116101 2600 0.000006088 add_time= 0.000135527
2600 0.000126183 2600 0.000006537 add_time= 0.000148496
2600 0.000067972 2600 0.000007347 add_time= 0.000091939
2500 0.000007198 2500 0.000016179 add_time= 0.000041895
2750 0.000044402 2750 0.000018252 add_time= 0.000081620
2862 0.000187023 2862 0.000007640 add_time= 0.000211310
2750 0.000078534 2750 0.000007217 add_time= 0.000102314
2750 0.000162489 2750 0.000008205 add_time= 0.000213516
2750 0.000118021 2750 0.000006454 add_time= 0.000149684
2500 0.000036451 2500 0.000014948 add_time= 0.000068068
2805 0.000799972 2805 0.000008388 add_time= 0.000825936
3025 0.000100586 3025 0.000007388 add_time= 0.000124118
2500 0.000112938 2500 0.000008047 add_time= 0.000138566
2756 0.000224647 2756 0.000006524 add_time= 0.000247107
2750 0.000008177 2750 0.000014030 add_time= 0.000039470
1275 0.000073518 1275 0.000007199 add_time= 0.000110943
2700 0.000052822 2700 0.000007438 add_time= 0.000077458
1250 0.000067702 1250 0.000006116 add_time= 0.000087446
2500 0.000223718 2500 0.000006641 add_time= 0.000247185
2500 0.000146242 2500 0.000007574 add_time= 0.000169133
2750 0.000006801 2750 0.000029003 add_time= 0.000054947
2550 0.000063082 2550 0.000007339 add_time= 0.000085622
2700 0.000120285 2700 0.000018528 add_time= 0.000155285
2500 0.000115637 2500 0.000006194 add_time= 0.000137000
2750 0.000124500 2750 0.000009337 add_time= 0.000198929
1250 0.000058081 1250 0.000006572 add_time= 0.000088897
2750 0.000034010 2750 0.000007514 add_time= 0.000073464
2750 0.000007467 2750 0.000008532 add_time= 0.000041966
2550 0.000069140 2550 0.000008123 add_time= 0.000101630
2600 0.000051966 2600 0.000012307 add_time= 0.000088998
2600 0.000217276 2600 0.000006811 add_time= 0.000240964
2860 0.000065654 2860 0.000016236 add_time= 0.000097547
2500 0.000007349 2500 0.000024480 add_time= 0.000053130
2550 0.000092834 2550 0.000007252 add_time= 0.000115489
2805 0.000064246 2805 0.000005915 add_time= 0.000084589
1250 0.000083207 1250 0.000006028 add_time= 0.000102500
2550 0.000057833 2550 0.000007106 add_time= 0.000080678
2600 0.000032784 2600 0.000006517 add_time= 0.000054684
2750 0.000089760 2750 0.000016965 add_time= 0.000123032
2550 0.000094545 2550 0.000005571 add_time= 0.000113509
2750 0.000091082 2750 0.000017686 add_time= 0.000123845
1250 0.000115307 1250 0.000006414 add_time= 0.000134945
2500 0.000215609 2500 0.000006889 add_time= 0.000238219
2500 0.000094189 2500 0.000013250 add_time= 0.000133767
2500 0.000051362 2500 0.000006254 add_time= 0.000072414
2754 0.000129881 2754 0.000007484 add_time= 0.000167455
2500 0.000123937 2500 0.000006480 add_time= 0.000143566
2500 0.000082135 2500 0.000007091 add_time= 0.000104319
2704 0.000092603 2704 0.000007598 add_time= 0.000120335
2500 0.000016366 2500 0.000014633 add_time= 0.000045909
2703 0.000110108 2703 0.000015870 add_time= 0.000139796
2600 0.000080882 2600 0.000006473 add_time= 0.000100899
2550 0.000199243 2550 0.000011176 add_time= 0.000242905
2860 0.000101546 2860 0.000008255 add_time= 0.000129715
2550 0.000197502 2550 0.000006728 add_time= 0.000218359
2750 0.000075671 2750 0.000006189 add_time= 0.000096180
2652 0.000215025 2652 0.000007233 add_time= 0.000258159
2915 0.000141779 2915 0.000006514 add_time= 0.000163484
2500 0.000191325 2500 0.000006694 add_time= 0.000214971
2860 0.000096643 2860 0.000006558 add_time= 0.000118875
2750 0.000008446 2750 0.000044173 add_time= 0.000069767
2500 0.000123606 2500 0.000014506 add_time= 0.000154408
2700 0.000059427 2700 0.000006552 add_time= 0.000081253
2500 0.000081998 2500 0.000007289 add_time= 0.000103331
2500 0.000087035 2500 0.000007457 add_time= 0.000113474
2550 0.000201157 2550 0.000007140 add_time= 0.000224957
2750 0.000008470 2750 0.000015611 add_time= 0.000041003
2550 0.000231289 2550 0.000006459 add_time= 0.000254091
2600 0.000115760 2600 0.000006508 add_time= 0.000136792
2500 0.000124365 2500 0.000008333 add_time= 0.000148036
2600 0.000064136 2600 0.000006376 add_time= 0.000087259
2600 0.000055298 2600 0.000006475 add_time= 0.000076806
2750 0.000408233 2750 0.000006223 add_time= 0.000428751
2750 0.000076012 2750 0.000006888 add_time= 0.000115646
2862 0.000179167 2862 0.000006993 add_time= 0.000202561
2750 0.000043513 2750 0.000006799 add_time= 0.000065144
2650 0.000362774 2650 0.000007264 add_time= 0.000391240
2600 0.000107518 2600 0.000006247 add_time= 0.000134397
2500 0.000008100 2500 0.000031282 add_time= 0.000066766
2500 0.000141654 2500 0.000006476 add_time= 0.000163663
2650 0.000134448 2650 0.000016837 add_time= 0.000179101
2500 0.000217458 2500 0.000009112 add_time= 0.000256577
3025 0.000150101 3025 0.000010050 add_time= 0.000181808
2652 0.000115400 2652 0.000007208 add_time= 0.000139524
2754 0.000117549 2754 0.000006317 add_time= 0.000139077
2550 0.000156182 2550 0.000007123 add_time= 0.000180727
2700 0.000166389 2700 0.000007132 add_time= 0.000191724
2750 0.000065705 2750 0.000007143 add_time= 0.000089859
2805 0.000015790 2805 0.000016188 add_time= 0.000047147
2600 0.000102769 2600 0.000014555 add_time= 0.000133818
2601 0.000176098 2601 0.000013746 add_time= 0.000206116
2700 0.000160281 2700 0.000006042 add_time= 0.000181056
1375 0.000078452 1375 0.000006356 add_time= 0.000105768
2500 0.000489126 2500 0.000006439 add_time= 0.000516626
2805 0.000007522 2805 0.000084120 add_time= 0.000109475
2750 0.000089233 2750 0.000006468 add_time= 0.000111184
2805 0.000042239 2805 0.000006706 add_time= 0.000064139
2500 0.000030002 2500 0.000005952 add_time= 0.000056300
2700 0.001914580 2700 0.000006504 add_time= 0.001935310
2700 0.000102159 2700 0.000008095 add_time= 0.000151896
2750 0.000025717 2750 0.000015112 add_time= 0.000081891
2650 0.000028337 2650 0.000024753 add_time= 0.000082306
2550 0.000006655 2550 0.000008480 add_time= 0.000040660
2500 0.000023161 2500 0.000012580 add_time= 0.000061808
2500 0.000049184 2500 0.000006375 add_time= 0.000075735
2500 0.000074635 2500 0.000006579 add_time= 0.000098080
2750 0.000007623 2750 0.000025052 add_time= 0.000051074
2805 0.000070973 2805 0.000006573 add_time= 0.000094962
2550 0.000037301 2550 0.000012533 add_time= 0.000077193
2650 0.000426517 2650 0.000007219 add_time= 0.000450127
2860 0.000078737 2860 0.000006666 add_time= 0.000101157
2750 0.000142935 2750 0.000006828 add_time= 0.000164532
2915 0.000155805 2915 0.000007301 add_time= 0.000179075
2805 0.000070022 2805 0.000007096 add_time= 0.000093275
2550 0.000129511 2550 0.000026554 add_time= 0.000171969
2756 0.000132977 2756 0.000007906 add_time= 0.000157286
2550 0.000124707 2550 0.000007417 add_time= 0.000147441
3025 0.000045314 3025 0.000006815 add_time= 0.000068043
2550 0.000071674 2550 0.000007493 add_time= 0.000111722
2916 0.000075734 2916 0.000006475 add_time= 0.000096884
3025 0.000071526 3025 0.000006888 add_time= 0.000093305
2600 0.000138763 2600 0.000007023 add_time= 0.000162005
2704 0.000108602 2704 0.000007165 add_time= 0.000130936
1250 0.000064261 1250 0.000005084 add_time= 0.000091942
2600 0.000026908 2600 0.000014966 add_time= 0.000057602
2652 0.000145657 2652 0.000007886 add_time= 0.000170163
2500 0.000110970 2500 0.000007073 add_time= 0.000133777
2650 0.000444514 2650 0.000007450 add_time= 0.000468440
2652 0.000059063 2652 0.000007055 add_time= 0.000080945
2805 0.000017078 2805 0.000081509 add_time= 0.000115544
2500 0.000014474 2500 0.000015563 add_time= 0.000044891
2754 0.000083347 2754 0.000006686 add_time= 0.000106591
2750 0.000115359 2750 0.000007197 add_time= 0.000137357
2600 0.000063363 2600 0.000009947 add_time= 0.000105372
1300 0.000084842 1300 0.000006952 add_time= 0.000118356
2750 0.000139530 2750 0.000006947 add_time= 0.000173905
2500 0.000016880 2500 0.000033045 add_time= 0.000073985
2550 0.000113978 2550 0.000007824 add_time= 0.000136851
2750 0.000244469 2750 0.000007444 add_time= 0.000278194
1300 0.000123658 1300 0.000006987 add_time= 0.000143135
1250 0.000397529 1250 0.000006938 add_time= 0.000419935
1300 0.000128505 1300 0.000005875 add_time= 0.000147044
3025 0.000153753 3025 0.000008278 add_time= 0.000195834
2601 0.000133131 2601 0.000007222 add_time= 0.000156177
2650 0.000217118 2650 0.000006503 add_time= 0.000249045
2500 0.000107791 2500 0.000007199 add_time= 0.000131384
2704 0.000092476 2704 0.000007665 add_time= 0.000124538
2860 0.000109412 2860 0.000024521 add_time= 0.000149311
1375 0.000005872 1375 0.000027854 add_time= 0.000048599
2500 0.000006400 2500 0.000020272 add_time= 0.000040744
2805 0.000117774 2805 0.000007700 add_time= 0.000142074
2700 0.000159528 2700 0.000016059 add_time= 0.000190491
1375 0.000071387 1375 0.000007257 add_time= 0.000093302
2500 0.000322346 2500 0.000007196 add_time= 0.000346875
2600 0.000098412 2600 0.000006648 add_time= 0.000119692
1250 0.000070287 1250 0.000006905 add_time= 0.000091227
2601 0.000098729 2601 0.000006781 add_time= 0.000129910
2750 0.000196807 2750 0.000007312 add_time= 0.000220576
2650 0.000337278 2650 0.000006579 add_time= 0.000360578
1250 0.000143649 1250 0.000007719 add_time= 0.000210212
2500 0.000006986 2500 0.000014526 add_time= 0.000044995
2500 0.000045834 2500 0.000006740 add_time= 0.000075925
2650 0.000068304 2650 0.000017578 add_time= 0.000105035
2500 0.000211401 2500 0.000006742 add_time= 0.000232298
2750 0.000155931 2750 0.000007610 add_time= 0.000198188
2860 0.000106044 2860 0.000008562 add_time= 0.000131070
1250 0.000022919 1250 0.000010695 add_time= 0.000050804
2550 0.000092822 2550 0.000006841 add_time= 0.000115879
2500 0.000137991 2500 0.000007302 add_time= 0.000160808
2500 0.000193551 2500 0.000007712 add_time= 0.000217572
2500 0.000117370 2500 0.000006154 add_time= 0.000138134
1250 0.000076741 1250 0.000006037 add_time= 0.000096357
2805 0.000137036 2805 0.000014729 add_time= 0.000167832
2650 0.000138630 2650 0.000006931 add_time= 0.000161840
2700 0.000082758 2700 0.000006307 add_time= 0.000111717
2500 0.000056209 2500 0.000007488 add_time= 0.000081028
2500 0.000036652 2500 0.000006736 add_time= 0.000059793
2750 0.000058354 2750 0.000006823 add_time= 0.000084089
2500 0.000024605 2500 0.000005929 add_time= 0.000050428
2601 0.000075490 2601 0.000006292 add_time= 0.000096356
2915 0.000034203 2915 0.000006378 add_time= 0.000057473
2703 0.000127840 2703 0.000010115 add_time= 0.000205463
2500 0.000043071 2500 0.000007624 add_time= 0.000090835
2805 0.000100786 2805 0.000023862 add_time= 0.000157504
2700 0.000049022 2700 0.000008281 add_time= 0.000088319
3025 0.000007217 3025 0.000008856 add_time= 0.000046606
2750 0.000165859 2750 0.000007698 add_time= 0.000194921
2500 0.000078922 2500 0.000007233 add_time= 0.000113992
2500 0.000007747 2500 0.000035463 add_time= 0.000059537
2750 0.000039573 2750 0.000006860 add_time= 0.000069948
2550 0.000113459 2550 0.000006713 add_time= 0.000137717
2700 0.000065357 2700 0.000007483 add_time= 0.000107992
1325 0.000070694 1325 0.000006447 add_time= 0.000095723
2500 0.000204660 2500 0.000006827 add_time= 0.000226452
2860 0.000068454 2860 0.000006283 add_time= 0.000088476
2750 0.000024692 2750 0.000015352 add_time= 0.000055010
2500 0.000102966 2500 0.000007173 add_time= 0.000124522
2700 0.000142514 2700 0.000007576 add_time= 0.000165097
2650 0.000170025 2650 0.000007741 add_time= 0.000193759
2500 0.000111544 2500 0.000007555 add_time= 0.000133773
2500 0.000018235 2500 0.000015668 add_time= 0.000048971
2750 0.000104184 2750 0.000006720 add_time= 0.000125966
2970 0.000085981 2970 0.000007807 add_time= 0.000109927
2750 0.000075571 2750 0.000007441 add_time= 0.000098811
2500 0.000253899 2500 0.000006831 add_time= 0.000278414
2860 0.000054373 2860 0.000006095 add_time= 0.000074783
2860 0.000080747 2860 0.000007455 add_time= 0.000103522
2805 0.000117819 2805 0.000006798 add_time= 0.000140089
2550 0.000121865 2550 0.000007270 add_time= 0.000144696
2915 0.000162799 2915 0.000006449 add_time= 0.000183313
2650 0.000362448 2650 0.000015433 add_time= 0.000392968
2600 0.000082133 2600 0.000017540 add_time= 0.000113065
2750 0.000015032 2750 0.000017059 add_time= 0.000045839
2550 0.000100386 2550 0.000007082 add_time= 0.000123246
2600 0.000090602 2600 0.000007043 add_time= 0.000113491
2500 0.000153682 2500 0.000024238 add_time= 0.000191213
2750 0.000490399 2750 0.000006936 add_time= 0.000513033
2860 0.000036899 2860 0.000005959 add_time= 0.000057117
3025 0.000064857 3025 0.000020290 add_time= 0.000101372
2750 0.000084537 2750 0.000006671 add_time= 0.000104852
2650 0.000146085 2650 0.000007570 add_time= 0.000168986
2600 0.000066255 2600 0.000006448 add_time= 0.000086513
2650 0.000504126 2650 0.000009094 add_time= 0.000535702
2600 0.000060111 2600 0.000007063 add_time= 0.000083895
2550 0.000169333 2550 0.000005640 add_time= 0.000189339
2550 0.000692685 2550 0.000006685 add_time= 0.000714957
2700 0.000193134 2700 0.000026360 add_time= 0.000235775
1325 0.000122862 1325 0.000006394 add_time= 0.000145276
2500 0.000280779 2500 0.000006908 add_time= 0.000305138
2860 0.000111002 2860 0.000007061 add_time= 0.000141784
2750 0.000097302 2750 0.000006710 add_time= 0.000118748
2805 0.000428289 2805 0.000007566 add_time= 0.000452892
2500 0.000126640 2500 0.000007021 add_time= 0.000149884
2500 0.000087741 2500 0.000007225 add_time= 0.000111429
2650 0.000164451 2650 0.000007573 add_time= 0.000189317
2600 0.000086497 2600 0.000006192 add_time= 0.000107396
2600 0.000007141 2600 0.000026165 add_time= 0.000048647
2805 0.000072537 2805 0.000025779 add_time= 0.000114671
2700 0.000143805 2700 0.000018680 add_time= 0.000189624
1250 0.000072288 1250 0.000006010 add_time= 0.000101220
2915 0.000503078 2915 0.000008473 add_time= 0.000528677
2600 0.000078443 2600 0.000006675 add_time= 0.000100008
2750 0.000267454 2750 0.000014701 add_time= 0.000296395
2550 0.000277702 2550 0.000007146 add_time= 0.000300635
2700 0.000114342 2700 0.000027592 add_time= 0.000171874
1250 0.000275359 1250 0.000006978 add_time= 0.000305174
1375 0.000059992 1375 0.000006510 add_time= 0.000081084
3025 0.000109350 3025 0.000007139 add_time= 0.000165008
2500 0.000170026 2500 0.000008538 add_time= 0.000195004
2550 0.000132929 2550 0.000007044 add_time= 0.000155865
2500 0.000130037 2500 0.000008142 add_time= 0.000191610
2500 0.000326527 2500 0.000007990 add_time= 0.000359073
3025 0.000386262 3025 0.000007012 add_time= 0.000413301
2500 0.000070199 2500 0.000014847 add_time= 0.000101022
2805 0.000199896 2805 0.000006538 add_time= 0.000222024
2750 0.000082106 2750 0.000007570 add_time= 0.000106258
2650 0.000232954 2650 0.000007118 add_time= 0.000257892
2704 0.000153604 2704 0.000028334 add_time= 0.000198538
2750 0.000277599 2750 0.000006292 add_time= 0.000299032
3025 0.000152962 3025 0.000006559 add_time= 0.000175068
2600 0.000166200 2600 0.000006873 add_time= 0.000189467
2600 0.000064966 2600 0.000028275 add_time= 0.000109288
2750 0.000082719 2750 0.000006796 add_time= 0.000113541
2860 0.000119704 2860 0.000007194 add_time= 0.000145078
2860 0.000056325 2860 0.000007247 add_time= 0.000082423
2550 0.000040388 2550 0.000007140 add_time= 0.000073936
2862 0.000074058 2862 0.000006698 add_time= 0.000098292
3025 0.000132047 3025 0.000006428 add_time= 0.000155602
1250 0.000097284 1250 0.000008770 add_time= 0.000168038
2600 0.000025001 2600 0.000008293 add_time= 0.000073422
3025 0.000044676 3025 0.000008567 add_time= 0.000088900
2550 0.000007025 2550 0.000009444 add_time= 0.000078034
2500 0.000029060 2500 0.000008520 add_time= 0.000066153
2750 0.000237206 2750 0.000006486 add_time= 0.000264750
2915 0.000082678 2915 0.000006443 add_time= 0.000113715
2750 0.000083983 2750 0.000006790 add_time= 0.000127565
2750 0.000039363 2750 0.000006500 add_time= 0.000069253
2700 0.000126875 2700 0.000006973 add_time= 0.000165013
2750 0.000051965 2750 0.000007801 add_time= 0.000081526
2652 0.000033325 2652 0.000007953 add_time= 0.000069915
2805 0.000089967 2805 0.000007313 add_time= 0.000115415
2754 0.000118850 2754 0.000008391 add_time= 0.000152584
2970 0.000092052 2970 0.000006872 add_time= 0.000127268
1350 0.000144200 1350 0.000006272 add_time= 0.000165586
2500 0.000074672 2500 0.000006917 add_time= 0.000101240
1250 0.000095170 1250 0.000014188 add_time= 0.000124661
2550 0.000016625 2550 0.000014665 add_time= 0.000047689
2652 0.000044829 2652 0.000013718 add_time= 0.000073421
2750 0.000032954 2750 0.000006429 add_time= 0.000055186
2500 0.000067525 2500 0.000006258 add_time= 0.000088082
2500 0.000230287 2500 0.000006857 add_time= 0.000257226
2750 0.000173627 2750 0.000006255 add_time= 0.000201526
2500 0.000025263 2500 0.000012825 add_time= 0.000054975
2750 0.000081478 2750 0.000006433 add_time= 0.000102974
2500 0.000053390 2500 0.000012224 add_time= 0.000079696
2500 0.000307466 2500 0.000007112 add_time= 0.000329070
2500 0.000152305 2500 0.000006934 add_time= 0.000178896
2500 0.000138508 2500 0.000026810 add_time= 0.000180917
2500 0.000015457 2500 0.000014668 add_time= 0.000054501
2805 0.000044460 2805 0.000006858 add_time= 0.000067349
2750 0.000077269 2750 0.000005978 add_time= 0.000098010
2750 0.000047149 2750 0.000006969 add_time= 0.000068539
1375 0.000073759 1375 0.000005819 add_time= 0.000094978
2500 0.000276303 2500 0.000006729 add_time= 0.000313523
2704 0.000037841 2704 0.000006343 add_time= 0.000060391
2500 0.000112778 2500 0.000006920 add_time= 0.000141033
2600 0.000067712 2600 0.000006238 add_time= 0.000089253
1250 0.000068423 1250 0.000005646 add_time= 0.000088175
2500 0.000155989 2500 0.000005790 add_time= 0.000176895
1250 0.000249134 1250 0.000006902 add_time= 0.000282290
2600 0.000054945 2600 0.000006073 add_time= 0.000080058
2750 0.000075417 2750 0.000005908 add_time= 0.000097182
3025 0.000068499 3025 0.000006588 add_time= 0.000093153
2500 0.000099506 2500 0.000006287 add_time= 0.000120780
2750 0.000175583 2750 0.000006012 add_time= 0.000200224
2550 0.000603816 2550 0.000008295 add_time= 0.000645243
2500 0.000075465 2500 0.000017422 add_time= 0.000108701
2500 0.000100178 2500 0.000007783 add_time= 0.000124611
2500 0.000078728 2500 0.000007286 add_time= 0.000103534
2550 0.000106566 2550 0.000026111 add_time= 0.000162459
2750 0.000062173 2750 0.000026147 add_time= 0.000107962
2500 0.000169824 2500 0.000006281 add_time= 0.000191930
2550 0.000007512 2550 0.000026121 add_time= 0.000049273
2500 0.000103086 2500 0.000007721 add_time= 0.000125593
1350 0.000188822 1350 0.000005712 add_time= 0.000228283
2600 0.000292812 2600 0.000027696 add_time= 0.000337468
1250 0.000171447 1250 0.000007107 add_time= 0.000193100
2750 0.000135696 2750 0.000007438 add_time= 0.000159596
2750 0.000089656 2750 0.000008375 add_time= 0.000114935
2500 0.000080159 2500 0.000006955 add_time= 0.000103378
2500 0.000237182 2500 0.000007608 add_time= 0.000262099
2600 0.000095102 2600 0.000007175 add_time= 0.000118430
2550 0.000232698 2550 0.000006689 add_time= 0.000262825
2500 0.000098501 2500 0.000006588 add_time= 0.000120749
1250 0.000079544 1250 0.000025229 add_time= 0.000122277
1250 0.000078111 1250 0.000006173 add_time= 0.000101677
2500 0.000064604 2500 0.000026939 add_time= 0.000108194
2600 0.000016007 2600 0.000026376 add_time= 0.000057843
2550 0.000091962 2550 0.000007051 add_time= 0.000121315
2700 0.000112859 2700 0.000006909 add_time= 0.000135881
2600 0.000159375 2600 0.000006644 add_time= 0.000180536
2500 0.000084839 2500 0.000028908 add_time= 0.000147153
2500 0.000154350 2500 0.000016073 add_time= 0.000186274
2500 0.000019019 2500 0.000072068 add_time= 0.000107232
2805 0.000239865 2805 0.000007042 add_time= 0.000266771
3025 0.000067968 3025 0.000007689 add_time= 0.000093059
1350 0.000037654 1350 0.000017995 add_time= 0.000073615
2703 0.000104761 2703 0.000006772 add_time= 0.000128556
2808 0.000121857 2808 0.000007144 add_time= 0.000152707
2750 0.000151990 2750 0.000008145 add_time= 0.000176513
2500 0.000086639 2500 0.000007419 add_time= 0.000110261
2550 0.000075276 2550 0.000006682 add_time= 0.000095961
2500 0.000142740 2500 0.000027693 add_time= 0.000186300
2500 0.000171590 2500 0.000015672 add_time= 0.000207596
2550 0.000187809 2550 0.000005694 add_time= 0.000207756
2550 0.000074715 2550 0.000018422 add_time= 0.000109635
1350 0.000063588 1350 0.000006483 add_time= 0.000086403
2550 0.000058910 2550 0.000008910 add_time= 0.000116211
2750 0.000032135 2750 0.000007829 add_time= 0.000069399
2500 0.000037999 2500 0.000025234 add_time= 0.000100322
2601 0.000063958 2601 0.000015948 add_time= 0.000107368
2500 0.000044847 2500 0.000016798 add_time= 0.000088293
2750 0.000037827 2750 0.000008768 add_time= 0.000083376
2750 0.000096437 2750 0.000006248 add_time= 0.000121255
3025 0.000035341 3025 0.000005798 add_time= 0.000079455
2860 0.000128518 2860 0.000006728 add_time= 0.000172668
2550 0.000038302 2550 0.000006870 add_time= 0.000061495
2750 0.000084263 2750 0.000006568 add_time= 0.000112300
2500 0.000305394 2500 0.000007519 add_time= 0.000328567
2500 0.000187537 2500 0.000006754 add_time= 0.000207354
2500 0.000027386 2500 0.000014973 add_time= 0.000057682
2550 0.000168929 2550 0.000007913 add_time= 0.000192149
2500 0.000061249 2500 0.000007068 add_time= 0.000081602
2500 0.000100729 2500 0.000008248 add_time= 0.000123924
2600 0.000069910 2600 0.000007207 add_time= 0.000092861
2600 0.000190392 2600 0.000006711 add_time= 0.000211538
2750 0.000125452 2750 0.000007421 add_time= 0.000149019
2550 0.000015992 2550 0.000017058 add_time= 0.000046833
2601 0.000074504 2601 0.000007269 add_time= 0.000095714
2805 0.000047177 2805 0.000006302 add_time= 0.000066459
3025 0.000064349 3025 0.000016427 add_time= 0.000113912
1250 0.000051735 1250 0.000005488 add_time= 0.000068825
2750 0.000096643 2750 0.000006543 add_time= 0.000120508
2500 0.000102528 2500 0.000006987 add_time= 0.000124743
2754 0.000090300 2754 0.000007307 add_time= 0.000113079
2500 0.000126165 2500 0.000015207 add_time= 0.000156443
3025 0.000143952 3025 0.000007079 add_time= 0.000165437
2650 0.000108854 2650 0.000007104 add_time= 0.000132325
2808 0.000093933 2808 0.000006956 add_time= 0.000126667
2550 0.000110519 2550 0.000006632 add_time= 0.000140751
2550 0.000098497 2550 0.000007532 add_time= 0.000120886
1350 0.000095014 1350 0.000006291 add_time= 0.000116170
2750 0.000070063 2750 0.000006869 add_time= 0.000097551
2550 0.000071410 2550 0.000006542 add_time= 0.000093584
2750 0.000130238 2750 0.000007680 add_time= 0.000153081
2550 0.000025661 2550 0.000015005 add_time= 0.000055983
2652 0.000102036 2652 0.000007693 add_time= 0.000124767
2650 0.000067159 2650 0.000006833 add_time= 0.000087892
2600 0.000113779 2600 0.000007290 add_time= 0.000136870
3025 0.000084150 3025 0.000006844 add_time= 0.000108059
3025 0.000133750 3025 0.000006642 add_time= 0.000154431
2805 0.000113338 2805 0.000012995 add_time= 0.000140706
2805 0.000088019 2805 0.000006799 add_time= 0.000107856
2750 0.000082423 2750 0.000006498 add_time= 0.000101856
1350 0.000039080 1350 0.000005443 add_time= 0.000056128
2500 0.000236076 2500 0.000007387 add_time= 0.000269375
1250 0.000059922 1250 0.000005672 add_time= 0.000078799
2500 0.000016670 2500 0.000104174 add_time= 0.000136730
2550 0.000035459 2550 0.000006775 add_time= 0.000068685
2500 0.000059666 2500 0.000006383 add_time= 0.000086727
2500 0.000488353 2500 0.000007817 add_time= 0.000522494
2500 0.000081268 2500 0.000006086 add_time= 0.000109914
2550 0.000017044 2550 0.000023079 add_time= 0.000055808
2500 0.000179016 2500 0.000006186 add_time= 0.000199674
2970 0.000159218 2970 0.000006434 add_time= 0.000183280
2805 0.000128187 2805 0.000007052 add_time= 0.000160088
2500 0.000218503 2500 0.000007167 add_time= 0.000249559
2500 0.000213524 2500 0.000005713 add_time= 0.000233578
2500 0.000008387 2500 0.000026042 add_time= 0.000050719
2550 0.000130018 2550 0.000006850 add_time= 0.000153252
2500 0.000172246 2500 0.000008071 add_time= 0.000197447
2750 0.000075147 2750 0.000007106 add_time= 0.000097734
2600 0.000248046 2600 0.000007489 add_time= 0.000293094
2750 0.000071929 2750 0.000007130 add_time= 0.000095912
2500 0.000069198 2500 0.000006990 add_time= 0.000091949
2550 0.000056252 2550 0.000016867 add_time= 0.000089744
2805 0.000077843 2805 0.000007429 add_time= 0.000102277
2600 0.000210246 2600 0.000007337 add_time= 0.000238854
2600 0.000120862 2600 0.000007190 add_time= 0.000143439
2750 0.000082158 2750 0.000007050 add_time= 0.000105847
2750 0.000013058 2750 0.000040710 add_time= 0.000079554
2805 0.000141203 2805 0.000007247 add_time= 0.000165696
2860 0.000178255 2860 0.000007291 add_time= 0.000202309
2750 0.000177778 2750 0.000007005 add_time= 0.000202448
1300 0.000105510 1300 0.000006461 add_time= 0.000126548
2805 0.000016997 2805 0.000017599 add_time= 0.000050739
2750 0.000081644 2750 0.000007931 add_time= 0.000106515
2754 0.000075115 2754 0.000007162 add_time= 0.000098477
1375 0.000139714 1375 0.000007358 add_time= 0.000161488
2550 0.000498576 2550 0.000007572 add_time= 0.000549337
2500 0.000317598 2500 0.000007830 add_time= 0.000363940
2650 0.000017103 2650 0.000017271 add_time= 0.000063295
2754 0.000115594 2754 0.000007246 add_time= 0.000142730
2550 0.000091756 2550 0.000007812 add_time= 0.000116318
2500 0.000129299 2500 0.000006764 add_time= 0.000152155
2600 0.000196429 2600 0.000018426 add_time= 0.000231789
2652 0.000100003 2652 0.000006998 add_time= 0.000129409
2750 0.000007462 2750 0.000015678 add_time= 0.000039352
2500 0.000073795 2500 0.000006219 add_time= 0.000095273
2700 0.000162474 2700 0.000007701 add_time= 0.000186053
2650 0.000164761 2650 0.000006879 add_time= 0.000192961
2600 0.000033621 2600 0.000006445 add_time= 0.000056103
1375 0.000034557 1375 0.000006794 add_time= 0.000057420
2500 0.000007207 2500 0.000024746 add_time= 0.000048809
2805 0.000115720 2805 0.000006591 add_time= 0.000139436
2500 0.000036697 2500 0.000006773 add_time= 0.000060185
2600 0.000029679 2600 0.000008456 add_time= 0.000080829
1300 0.000025359 1300 0.000006687 add_time= 0.000062255
2600 0.000031854 2600 0.000032770 add_time= 0.000104954
2860 0.000072782 2860 0.000007689 add_time= 0.000110984
2550 0.000093998 2550 0.000008745 add_time= 0.000148581
2750 0.000114780 2750 0.000007996 add_time= 0.000150761
2500 0.000254346 2500 0.000007650 add_time= 0.000281629
2500 0.000115454 2500 0.000008018 add_time= 0.000141395
2750 0.000019019 2750 0.000091148 add_time= 0.000127569
2500 0.000121763 2500 0.000006767 add_time= 0.000145023
2862 0.000086755 2862 0.000006684 add_time= 0.000110648
2750 0.000164901 2750 0.000007041 add_time= 0.000189590
2500 0.000146614 2500 0.000007331 add_time= 0.000173438
2500 0.000087906 2500 0.000006672 add_time= 0.000115779
2550 0.000019084 2550 0.000016054 add_time= 0.000059306
1250 0.000041451 1250 0.000006203 add_time= 0.000071791
2805 0.000148909 2805 0.000006743 add_time= 0.000171200
2750 0.000085576 2750 0.000007166 add_time= 0.000113390
2500 0.000062145 2500 0.000007499 add_time= 0.000087550
2500 0.000104321 2500 0.000006787 add_time= 0.000126414
2550 0.000018493 2550 0.000014782 add_time= 0.000060381
2550 0.000090625 2550 0.000015349 add_time= 0.000122542
2970 0.000143964 2970 0.000007119 add_time= 0.000169316
1375 0.000048187 1375 0.000006335 add_time= 0.000066505
2500 0.000340001 2500 0.000007663 add_time= 0.000376364
2550 0.000247727 2550 0.000006930 add_time= 0.000278848
3025 0.000058769 3025 0.000006718 add_time= 0.000093923
2550 0.000055485 2550 0.000006474 add_time= 0.000075834
2550 0.000182165 2550 0.000007945 add_time= 0.000206424
2600 0.000524009 2600 0.000007730 add_time= 0.000551523
2600 0.000099572 2600 0.000007971 add_time= 0.000124469
2750 0.000018205 2750 0.000017223 add_time= 0.000052169
2805 0.000077735 2805 0.000007437 add_time= 0.000112344
2600 0.000164438 2600 0.000006505 add_time= 0.000185197
2750 0.000068955 2750 0.000016092 add_time= 0.000101511
1250 0.000037345 1250 0.000006743 add_time= 0.000057757
2700 0.000439854 2700 0.000007457 add_time= 0.000467029
2600 0.000134727 2600 0.000006624 add_time= 0.000158133
2650 0.000019272 2650 0.000015910 add_time= 0.000051085
2550 0.000099999 2550 0.000007537 add_time= 0.000124879
2600 0.000065817 2600 0.000006605 add_time= 0.000086648
2600 0.000194206 2600 0.000006328 add_time= 0.000214400
1250 0.000077403 1250 0.000006784 add_time= 0.000100088
2650 0.000166543 2650 0.000007075 add_time= 0.000189424
3025 0.000096679 3025 0.000008161 add_time= 0.000132912
2750 0.000105275 2750 0.000006162 add_time= 0.000127826
2550 0.000161573 2550 0.000006574 add_time= 0.000190114
2500 0.000064694 2500 0.000006326 add_time= 0.000085512
1250 0.000068851 1250 0.000006191 add_time= 0.000087069
2650 0.000130296 2650 0.000008641 add_time= 0.000159999
2860 0.000073263 2860 0.000006468 add_time= 0.000095692
2500 0.000131932 2500 0.000006289 add_time= 0.000152351
2500 0.000016476 2500 0.000013155 add_time= 0.000043485
2750 0.000052132 2750 0.000006057 add_time= 0.000071781
2805 0.000108138 2805 0.000015626 add_time= 0.000139289
2750 0.000137805 2750 0.000006145 add_time= 0.000157836
2915 0.000153642 2915 0.000007763 add_time= 0.000181663
2600 0.000059880 2600 0.000006592 add_time= 0.000081128
2600 0.000018990 2600 0.000015573 add_time= 0.000049351
2652 0.000117138 2652 0.000006764 add_time= 0.000144224
2550 0.000076508 2550 0.000014838 add_time= 0.000104915
2970 0.000052573 2970 0.000006503 add_time= 0.000073688
2650 0.000538148 2650 0.000008710 add_time= 0.000578581
2600 0.000055634 2600 0.000006860 add_time= 0.000079292
2550 0.000186999 2550 0.000006344 add_time= 0.000208388
3025 0.000247702 3025 0.000007334 add_time= 0.000272372
2754 0.000112041 2754 0.000006367 add_time= 0.000132909
2700 0.000145322 2700 0.000006971 add_time= 0.000170210
2500 0.000341507 2500 0.000006828 add_time= 0.000365570
2970 0.000180237 2970 0.000007295 add_time= 0.000212263
2500 0.000007099 2500 0.000026375 add_time= 0.000049592
2703 0.000130806 2703 0.000007053 add_time= 0.000155571
2500 0.000163604 2500 0.000006988 add_time= 0.000187267
1250 0.000060533 1250 0.000005839 add_time= 0.000079196
2650 0.000394585 2650 0.000007098 add_time= 0.000419250
1300 0.000379746 1300 0.000010431 add_time= 0.000403828
2500 0.000007152 2500 0.000117492 add_time= 0.000139967
2805 0.000171770 2805 0.000006311 add_time= 0.000201094
2500 0.000051339 2500 0.000023523 add_time= 0.000089055
2700 0.000177586 2700 0.000006059 add_time= 0.000197014
1250 0.000097479 1250 0.000006095 add_time= 0.000117083
2600 0.000297646 2600 0.000007308 add_time= 0.000333707
2500 0.000007687 2500 0.000024092 add_time= 0.000054474
2750 0.000106502 2750 0.000006721 add_time= 0.000129174
2652 0.000090226 2652 0.000006853 add_time= 0.000112167
2750 0.000351992 2750 0.000007193 add_time= 0.000375548
2500 0.000127011 2500 0.000006631 add_time= 0.000150222
2652 0.000199940 2652 0.000006464 add_time= 0.000223059
3025 0.000292726 3025 0.000006957 add_time= 0.000315802
2550 0.000149262 2550 0.000006626 add_time= 0.000171477
1250 0.000122769 1250 0.000006515 add_time= 0.000143080
1300 0.000079617 1300 0.000006234 add_time= 0.000104306
2750 0.000218086 2750 0.000007180 add_time= 0.000253873
2704 0.000031753 2704 0.000023666 add_time= 0.000073498
2500 0.000113737 2500 0.000026821 add_time= 0.000156734
2750 0.000117621 2750 0.000007532 add_time= 0.000140954
2601 0.000105511 2601 0.000007448 add_time= 0.000132055
3025 0.000031326 3025 0.000006943 add_time= 0.000054285
2704 0.000094072 2704 0.000006802 add_time= 0.000117616
2600 0.000042481 2600 0.000005962 add_time= 0.000073386
3025 0.000008540 3025 0.000017394 add_time= 0.000042564
2550 0.000006231 2550 0.000028206 add_time= 0.000047824
2650 0.000163361 2650 0.000006546 add_time= 0.000184647
2750 0.000063728 2750 0.000006513 add_time= 0.000096814
2500 0.000129590 2500 0.000007108 add_time= 0.000153751
2600 0.000068415 2600 0.000007150 add_time= 0.000101091
3025 0.000086519 3025 0.000006687 add_time= 0.000125750
2750 0.000088813 2750 0.000005813 add_time= 0.000110959
2500 0.000131368 2500 0.000036423 add_time= 0.000180455
2750 0.000078237 2750 0.000007644 add_time= 0.000102058
2600 0.000007474 2600 0.000009779 add_time= 0.000069089
2756 0.000067749 2756 0.000034790 add_time= 0.000142883
2750 0.000006594 2750 0.000028214 add_time= 0.000079972
2805 0.000087366 2805 0.000007581 add_time= 0.000136152
2601 0.000174053 2601 0.000007207 add_time= 0.000203198
2750 0.000047365 2750 0.000008081 add_time= 0.000089458
2550 0.000515344 2550 0.000006495 add_time= 0.000539893
2500 0.000148747 2500 0.000006794 add_time= 0.000170360
2750 0.000121247 2750 0.000009690 add_time= 0.000144391
2750 0.000006688 2750 0.000037615 add_time= 0.000058302
2601 0.000170218 2601 0.000006348 add_time= 0.000192078
2500 0.000055379 2500 0.000007653 add_time= 0.000078690
2600 0.000060078 2600 0.000006227 add_time= 0.000079963
2600 0.000357679 2600 0.000007728 add_time= 0.000381830
2500 0.000052683 2500 0.000022485 add_time= 0.000089768
1375 0.000061273 1375 0.000016912 add_time= 0.000090793
2700 0.000089259 2700 0.000007460 add_time= 0.000112197
2750 0.000160315 2750 0.000014311 add_time= 0.000188301
2750 0.000208498 2750 0.000008201 add_time= 0.000233241
2500 0.000059366 2500 0.000015793 add_time= 0.000090717
2550 0.000006622 2550 0.000014699 add_time= 0.000046191
2550 0.000101080 2550 0.000017756 add_time= 0.000134178
2860 0.000080373 2860 0.000007025 add_time= 0.000103524
2550 0.000386745 2550 0.000007603 add_time= 0.000410638
2652 0.000053812 2652 0.000015133 add_time= 0.000082891
3025 0.000027624 3025 0.000017718 add_time= 0.000062060
2550 0.000050890 2550 0.000006874 add_time= 0.000071284
2550 0.000064887 2550 0.000006813 add_time= 0.000085021
2500 0.000087489 2500 0.000005873 add_time= 0.000105695
2915 0.000209992 2915 0.000007113 add_time= 0.000234131
2808 0.000060444 2808 0.000008164 add_time= 0.000084445
2805 0.000072641 2805 0.000007090 add_time= 0.000095508
2805 0.000135341 2805 0.000006123 add_time= 0.000155623
2805 0.000062724 2805 0.000006724 add_time= 0.000092331
2550 0.000058378 2550 0.000006621 add_time= 0.000090950
1250 0.000036431 1250 0.000006695 add_time= 0.000054856
2650 0.000220576 2650 0.000006564 add_time= 0.000244169
2860 0.000030541 2860 0.000005991 add_time= 0.000050832
2750 0.000083865 2750 0.000006848 add_time= 0.000104638
2703 0.000102731 2703 0.000006492 add_time= 0.000123043
2600 0.000080765 2600 0.000005812 add_time= 0.000100204
2600 0.000085033 2600 0.000007180 add_time= 0.000105992
2700 0.000199543 2700 0.000007856 add_time= 0.000224555
2600 0.000161400 2600 0.000006593 add_time= 0.000181328
2750 0.000067269 2750 0.000006235 add_time= 0.000087011
2805 0.000052728 2805 0.000005668 add_time= 0.000072214
2550 0.000093290 2550 0.000006220 add_time= 0.000113430
2750 0.000229820 2750 0.000006437 add_time= 0.000268900
3025 0.000056901 3025 0.000006817 add_time= 0.000078476
2805 0.000153752 2805 0.000006556 add_time= 0.000185441
2550 0.000088977 2550 0.000005922 add_time= 0.000108348
2750 0.000113393 2750 0.000006365 add_time= 0.000133069
1250 0.000080254 1250 0.000005356 add_time= 0.000096108
2704 0.000100541 2704 0.000006614 add_time= 0.000131284
2500 0.000114015 2500 0.000005874 add_time= 0.000133209
2860 0.000070435 2860 0.000010159 add_time= 0.000095485
2601 0.000116093 2601 0.000006601 add_time= 0.000135744
2805 0.000078812 2805 0.000006673 add_time= 0.000099550
2500 0.000298721 2500 0.000007145 add_time= 0.000322043
2652 0.000146537 2652 0.000006300 add_time= 0.000166718
2750 0.000035208 2750 0.000036348 add_time= 0.000085497
2750 0.000052876 2750 0.000006836 add_time= 0.000074073
2500 0.000090291 2500 0.000006037 add_time= 0.000109438
2700 0.000103530 2700 0.000006105 add_time= 0.000122801
2750 0.000113123 2750 0.000009644 add_time= 0.000144541
2600 0.000064933 2600 0.000007389 add_time= 0.000089571
2750 0.000092430 2750 0.000006794 add_time= 0.000115775
2550 0.000061663 2550 0.000006658 add_time= 0.000088540
3025 0.000268607 3025 0.000006868 add_time= 0.000300906
2915 0.000515430 2915 0.000007110 add_time= 0.000541995
2860 0.000074585 2860 0.000007048 add_time= 0.000097170
2805 0.000007912 2805 0.000015249 add_time= 0.000039725
1275 0.000093899 1275 0.000005900 add_time= 0.000113782
2808 0.000143829 2808 0.000007059 add_time= 0.000165943
2750 0.000091160 2750 0.000007718 add_time= 0.000116564
2550 0.000128216 2550 0.000007310 add_time= 0.000151305
2750 0.000007807 2750 0.000015535 add_time= 0.000039236
1275 0.000085184 1275 0.000005457 add_time= 0.000104025
2750 0.000094866 2750 0.000011480 add_time= 0.000133871
2600 0.000076565 2600 0.000007696 add_time= 0.000101460
2650 0.000113470 2650 0.000006471 add_time= 0.000135813
2500 0.000007619 2500 0.000043947 add_time= 0.000066954
2550 0.000136450 2550 0.000006709 add_time= 0.000159197
2500 0.000156720 2500 0.000007324 add_time= 0.000179791
2500 0.000428820 2500 0.000006656 add_time= 0.000451129
2500 0.000091064 2500 0.000006415 add_time= 0.000116830
3025 0.000008126 3025 0.000018373 add_time= 0.000050761
2600 0.000123141 2600 0.000008099 add_time= 0.000146491
2600 0.000146391 2600 0.000006733 add_time= 0.000168563
2500 0.000288957 2500 0.000008055 add_time= 0.000320821
2650 0.000134916 2650 0.000038332 add_time= 0.000188698
3025 0.000088268 3025 0.000026586 add_time= 0.000150977
2805 0.000237694 2805 0.000007049 add_time= 0.000259118
2550 0.000115830 2550 0.000006850 add_time= 0.000138145
2750 0.000093748 2750 0.000007314 add_time= 0.000116399
2703 0.000431161 2703 0.000007748 add_time= 0.000456031
2600 0.000524880 2600 0.000006343 add_time= 0.000544857
2500 0.000007115 2500 0.000014477 add_time= 0.000036022
2550 0.000164596 2550 0.000026364 add_time= 0.000205662
2500 0.000178373 2500 0.000005942 add_time= 0.000206202
2500 0.000266866 2500 0.000005492 add_time= 0.000284783
2750 0.000075187 2750 0.000006507 add_time= 0.000101790
2860 0.000030260 2860 0.000025496 add_time= 0.000076358
3025 0.000059543 3025 0.000006526 add_time= 0.000084058
2550 0.000101576 2550 0.000006597 add_time= 0.000131196
2601 0.000093075 2601 0.000006034 add_time= 0.000114468
2750 0.000125312 2750 0.000006786 add_time= 0.000155604
2650 0.000405442 2650 0.000016229 add_time= 0.000522322
2500 0.000008159 2500 0.000008640 add_time= 0.000043097
3025 0.000058952 3025 0.000025480 add_time= 0.000182467
2500 0.000102378 2500 0.000007893 add_time= 0.000153494
2650 0.000056610 2650 0.000008118 add_time= 0.000119168
2700 0.000043559 2700 0.000010486 add_time= 0.000115030
2600 0.000283249 2600 0.000013907 add_time= 0.000335924
2600 0.000111887 2600 0.000006933 add_time= 0.000144725
2750 0.000019283 2750 0.000024199 add_time= 0.000075427
2550 0.000087747 2550 0.000007224 add_time= 0.000122234
1250 0.000082863 1250 0.000006354 add_time= 0.000120797
1300 0.000114675 1300 0.000006898 add_time= 0.000146552
1250 0.000433341 1250 0.000006672 add_time= 0.000452701
2550 0.000084980 2550 0.000020532 add_time= 0.000120262
2750 0.000016629 2750 0.000016164 add_time= 0.000048147
2750 0.000051056 2750 0.000006765 add_time= 0.000073121
2700 0.000071028 2700 0.000012953 add_time= 0.000098846
2600 0.000063612 2600 0.000005960 add_time= 0.000082993
2750 0.000219408 2750 0.000006979 add_time= 0.000242322
2550 0.000121387 2550 0.000006607 add_time= 0.000151840
2700 0.000095275 2700 0.000006192 add_time= 0.000123355
2550 0.000230895 2550 0.000005942 add_time= 0.000260851
2970 0.000058718 2970 0.000006781 add_time= 0.000080315
1250 0.000055978 1250 0.000009379 add_time= 0.000077821
2750 0.000278609 2750 0.000007795 add_time= 0.000301799
2500 0.000173801 2500 0.000006300 add_time= 0.000194796
2750 0.000150750 2750 0.000007045 add_time= 0.000172773
2805 0.000056078 2805 0.000006502 add_time= 0.000076152
2700 0.000049543 2700 0.000006753 add_time= 0.000071336
2750 0.000261447 2750 0.000007793 add_time= 0.000285106
2805 0.000049186 2805 0.000006955 add_time= 0.000071686
2750 0.000066364 2750 0.000007157 add_time= 0.000088725
2550 0.000102513 2550 0.000006835 add_time= 0.000124238
2805 0.000088628 2805 0.000006574 add_time= 0.000120822
2500 0.000080977 2500 0.000006810 add_time= 0.000102678
2860 0.000189646 2860 0.000008101 add_time= 0.000214006
2750 0.000015890 2750 0.000015336 add_time= 0.000044809
2550 0.000307066 2550 0.000006602 add_time= 0.000326770
2500 0.000089008 2500 0.000006245 add_time= 0.000107795
2500 0.000146879 2500 0.000014697 add_time= 0.000176100
2500 0.000209194 2500 0.000006227 add_time= 0.000228423
2500 0.000014960 2500 0.000014244 add_time= 0.000041944
2550 0.000104976 2550 0.000005778 add_time= 0.000123933
2500 0.000066397 2500 0.000005760 add_time= 0.000084816
1300 0.000083004 1300 0.000005305 add_time= 0.000098785
2750 0.000093644 2750 0.000019203 add_time= 0.000130946
2600 0.000097165 2600 0.000014962 add_time= 0.000125465
2550 0.000080971 2550 0.000006279 add_time= 0.000100173
2500 0.000014483 2500 0.000033308 add_time= 0.000059861
2550 0.000130342 2550 0.000007115 add_time= 0.000150454
2550 0.000112731 2550 0.000013650 add_time= 0.000139623
2750 0.000282349 2750 0.000007338 add_time= 0.000304817
2550 0.000215743 2550 0.000006448 add_time= 0.000235566
2750 0.000006205 2750 0.000014940 add_time= 0.000033832
2550 0.000034627 2550 0.000011014 add_time= 0.000058858
2500 0.000071857 2500 0.000006639 add_time= 0.000091489
2600 0.000233140 2600 0.000006702 add_time= 0.000254538
2700 0.000093880 2700 0.000006676 add_time= 0.000114037
2550 0.000139784 2550 0.000007349 add_time= 0.000160523
2500 0.000302381 2500 0.000005834 add_time= 0.000321214
1325 0.000093990 1325 0.000005233 add_time= 0.000109576
2809 0.000048959 2809 0.000006362 add_time= 0.000070654
2860 0.000041689 2860 0.000007043 add_time= 0.000062601
2750 0.000197851 2750 0.000008404 add_time= 0.000221617
2805 0.000080476 2805 0.000006017 add_time= 0.000100581
2500 0.000186893 2500 0.000006218 add_time= 0.000206496
2500 0.000104439 2500 0.000005820 add_time= 0.000122881
2750 0.000487933 2750 0.000009847 add_time= 0.000534592
2600 0.000409878 2600 0.000006508 add_time= 0.000432070
2915 0.000078565 2915 0.000006783 add_time= 0.000101076
2750 0.000015914 2750 0.000033274 add_time= 0.000077476
2652 0.000130061 2652 0.000015770 add_time= 0.000162803
2700 0.000081394 2700 0.000006390 add_time= 0.000102784
2550 0.000268854 2550 0.000025020 add_time= 0.000331458
2500 0.000563886 2500 0.000046978 add_time= 0.000633496
2970 0.000018996 2970 0.000137434 add_time= 0.000173177
2550 0.000192400 2550 0.000006148 add_time= 0.000213338
2700 0.000185912 2700 0.000015268 add_time= 0.000218060
1325 0.000328472 1325 0.000006812 add_time= 0.000350522
2600 0.000127718 2600 0.000007719 add_time= 0.000151852
3025 0.000070656 3025 0.000007046 add_time= 0.000106530
2750 0.000006541 2750 0.000014777 add_time= 0.000035366
2550 0.000098190 2550 0.000013574 add_time= 0.000131841
2500 0.000077947 2500 0.000006430 add_time= 0.000107403
2650 0.000187178 2650 0.000007029 add_time= 0.000210671
2500 0.000229352 2500 0.000007870 add_time= 0.000253407
2500 0.000007241 2500 0.000014696 add_time= 0.000037609
2500 0.000041472 2500 0.000018202 add_time= 0.000074794
2700 0.000065806 2700 0.000006817 add_time= 0.000088649
1250 0.000079003 1250 0.000006614 add_time= 0.000098869
2600 0.000479928 2600 0.000007363 add_time= 0.000503842
1250 0.000225846 1250 0.000005949 add_time= 0.000244248
1250 0.000117669 1250 0.000006184 add_time= 0.000136237
2750 0.000076703 2750 0.000006526 add_time= 0.000099116
2970 0.000035145 2970 0.000006531 add_time= 0.000065664
2650 0.000313506 2650 0.000009907 add_time= 0.000361457
2860 0.000134195 2860 0.000007613 add_time= 0.000162598
2860 0.000262651 2860 0.000006290 add_time= 0.000283644
2550 0.000006601 2550 0.000014002 add_time= 0.000042161
2601 0.000237536 2601 0.000007513 add_time= 0.000271912
2750 0.000242636 2750 0.000007023 add_time= 0.000274743
1250 0.000180481 1250 0.000006009 add_time= 0.000199399
2500 0.000108430 2500 0.000007179 add_time= 0.000131426
2860 0.000402214 2860 0.000007121 add_time= 0.000424526
2600 0.000067290 2600 0.000006035 add_time= 0.000086639
2500 0.000091736 2500 0.000006632 add_time= 0.000112958
2550 0.000159818 2550 0.000026499 add_time= 0.000199624
2500 0.000278173 2500 0.000007177 add_time= 0.000304203
2750 0.000094384 2750 0.000035921 add_time= 0.000145748
2750 0.000200610 2750 0.000006927 add_time= 0.000230026
2500 0.000029668 2500 0.000006382 add_time= 0.000051375
2750 0.000145565 2750 0.000006942 add_time= 0.000169805
2500 0.000110129 2500 0.000006707 add_time= 0.000133361
2500 0.000083136 2500 0.000006991 add_time= 0.000107217
2700 0.000086602 2700 0.000009226 add_time= 0.000139932
2805 0.000054307 2805 0.000007577 add_time= 0.000086524
2750 0.000042094 2750 0.000008526 add_time= 0.000112345
2750 0.000135030 2750 0.000014707 add_time= 0.000181494
2550 0.000103820 2550 0.000008114 add_time= 0.000138346
2600 0.000058964 2600 0.000008246 add_time= 0.000103554
2750 0.000199320 2750 0.000006530 add_time= 0.000225755
2750 0.000114527 2750 0.000005913 add_time= 0.000135322
2805 0.000077600 2805 0.000006699 add_time= 0.000108952
2750 0.000114225 2750 0.000007318 add_time= 0.000137274
2500 0.000071457 2500 0.000006692 add_time= 0.000092843
625 0.000052117 625 0.000006221 add_time= 0.000070870
2600 0.000310790 2600 0.000007870 add_time= 0.000341827
2750 0.000080106 2750 0.000005938 add_time= 0.000099917
2750 0.000122426 2750 0.000006756 add_time= 0.000143157
2550 0.000077783 2550 0.000018726 add_time= 0.000111402
2601 0.000234770 2601 0.000006235 add_time= 0.000254692
2750 0.000059465 2750 0.000017571 add_time= 0.000097696
1250 0.000260606 1250 0.000005777 add_time= 0.000278265
2500 0.000253010 2500 0.000017503 add_time= 0.000286848
2500 0.000057488 2500 0.000006330 add_time= 0.000079328
2970 0.000018846 2970 0.000100433 add_time= 0.000142197
2805 0.000200726 2805 0.000007208 add_time= 0.000242840
2700 0.000131973 2700 0.000007139 add_time= 0.000165148
2500 0.000148547 2500 0.000007752 add_time= 0.000187018
2970 0.000044685 2970 0.000007237 add_time= 0.000068983
2500 0.000007705 2500 0.000014928 add_time= 0.000038776
2550 0.000181400 2550 0.000006993 add_time= 0.000204186
2550 0.000095301 2550 0.000007154 add_time= 0.000128306
2500 0.000069280 2500 0.000007597 add_time= 0.000101426
2650 0.000086693 2650 0.000006737 add_time= 0.000108657
2500 0.000027068 2500 0.000017374 add_time= 0.000060506
2703 0.000086177 2703 0.000006504 add_time= 0.000107333
2500 0.000192812 2500 0.000012936 add_time= 0.000220686
2500 0.000048491 2500 0.000007344 add_time= 0.000072539
2500 0.000050636 2500 0.000006270 add_time= 0.000071261
2500 0.000163356 2500 0.000006971 add_time= 0.000190638
2550 0.000091571 2550 0.000007536 add_time= 0.000132264
2700 0.000017258 2700 0.000015735 add_time= 0.000049232
2550 0.000090007 2550 0.000006964 add_time= 0.000120242
2805 0.000119984 2805 0.000007703 add_time= 0.000144882
2500 0.000460015 2500 0.000007139 add_time= 0.000501369
2750 0.000019714 2750 0.000028079 add_time= 0.000071964
2550 0.000014845 2550 0.000015144 add_time= 0.000044314
2550 0.000048923 2550 0.000007347 add_time= 0.000083470
2500 0.000053825 2500 0.000006929 add_time= 0.000077248
2500 0.000258479 2500 0.000020585 add_time= 0.000298496
2860 0.000072473 2860 0.000006823 add_time= 0.000095929
2650 0.000123605 2650 0.000007172 add_time= 0.000150276
2700 0.000058688 2700 0.000007770 add_time= 0.000111602
2750 0.000098531 2750 0.000007862 add_time= 0.000136034
2650 0.000202888 2650 0.000007369 add_time= 0.000228761
2600 0.000048797 2600 0.000007332 add_time= 0.000072291
3025 0.000064148 3025 0.000007066 add_time= 0.000088883
2550 0.000093887 2550 0.000006863 add_time= 0.000117059
2805 0.000109743 2805 0.000007418 add_time= 0.000141470
2750 0.000201327 2750 0.000007388 add_time= 0.000228210
3025 0.000080769 3025 0.000008044 add_time= 0.000118586
2650 0.000018842 2650 0.000015901 add_time= 0.000051847
2703 0.000112929 2703 0.000007114 add_time= 0.000136587
2750 0.000110399 2750 0.000007082 add_time= 0.000133732
2500 0.000440450 2500 0.000012772 add_time= 0.000471193
2860 0.000106781 2860 0.000007368 add_time= 0.000131288
2500 0.000060683 2500 0.000006735 add_time= 0.000091618
2754 0.000062422 2754 0.000006840 add_time= 0.000084993
2862 0.000086693 2862 0.000006993 add_time= 0.000121633
1275 0.000332592 1275 0.000006764 add_time= 0.000354080
2500 0.000669838 2500 0.000007474 add_time= 0.000699173
2500 0.000215836 2500 0.000007310 add_time= 0.000242344
3025 0.000270229 3025 0.000006557 add_time= 0.000292220
2550 0.000123880 2550 0.000008007 add_time= 0.000148019
1250 0.000170701 1250 0.000006725 add_time= 0.000191344
2650 0.000418713 2650 0.000006788 add_time= 0.000442146
2500 0.000265198 2500 0.000028058 add_time= 0.000309358
2550 0.000007689 2550 0.000015406 add_time= 0.000038026
2650 0.000054695 2650 0.000006815 add_time= 0.000087038
2750 0.000164620 2750 0.000006924 add_time= 0.000187960
1250 0.000191941 1250 0.000010168 add_time= 0.000215516
2500 0.000258535 2500 0.000029752 add_time= 0.000305428
2550 0.000170625 2550 0.000008330 add_time= 0.000194950
3025 0.000082135 3025 0.000009602 add_time= 0.000108772
2550 0.000065119 2550 0.000007200 add_time= 0.000088156
2550 0.000075208 2550 0.000018768 add_time= 0.000109241
1250 0.000220535 1250 0.000008126 add_time= 0.000243152
2750 0.000054547 2750 0.000046044 add_time= 0.000117232
3025 0.000206821 3025 0.000006511 add_time= 0.000228846
2750 0.000144943 2750 0.000006804 add_time= 0.000167007
2500 0.000179592 2500 0.000027976 add_time= 0.000232312
2550 0.000125153 2550 0.000037001 add_time= 0.000178593
2550 0.000311911 2550 0.000007560 add_time= 0.000341437
2550 0.000164311 2550 0.000006887 add_time= 0.000186127
2500 0.000198429 2500 0.000006797 add_time= 0.000227882
2970 0.000128926 2970 0.000007507 add_time= 0.000153447
1275 0.000089877 1275 0.000008659 add_time= 0.000111888
2600 0.000199267 2600 0.000007055 add_time= 0.000222588
2550 0.000129605 2550 0.000009083 add_time= 0.000177955
2600 0.000080413 2600 0.000006802 add_time= 0.000102438
2550 0.000201638 2550 0.000008082 add_time= 0.000225468
2750 0.000085479 2750 0.000006973 add_time= 0.000108708
2550 0.000192758 2550 0.000006973 add_time= 0.000214936
2500 0.000162675 2500 0.000007054 add_time= 0.000185137
2756 0.000148752 2756 0.000006615 add_time= 0.000171765
2750 0.000119337 2750 0.000006667 add_time= 0.000142128
2700 0.000007445 2700 0.000015425 add_time= 0.000038304
2750 0.000073267 2750 0.000006468 add_time= 0.000093440
2601 0.000300761 2601 0.000006396 add_time= 0.000331978
2700 0.000082166 2700 0.000016367 add_time= 0.000114373
2550 0.000064109 2550 0.000015979 add_time= 0.000093704
2500 0.000080995 2500 0.000007248 add_time= 0.000104352
2808 0.000136105 2808 0.000006937 add_time= 0.000158936
2805 0.000142257 2805 0.000006831 add_time= 0.000163467
2805 0.000067355 2805 0.000007493 add_time= 0.000089443
2500 0.000042782 2500 0.000005790 add_time= 0.000061266
3025 0.000080728 3025 0.000006900 add_time= 0.000102548
2650 0.000127637 2650 0.000008819 add_time= 0.000181751
2500 0.000045411 2500 0.000007917 add_time= 0.000077925
2500 0.000048598 2500 0.000023762 add_time= 0.000095780
2550 0.000062599 2550 0.000007933 add_time= 0.000094180
2500 0.000115993 2500 0.000008539 add_time= 0.000148859
2550 0.000323955 2550 0.000007310 add_time= 0.000348063
2750 0.000088275 2750 0.000006497 add_time= 0.000110182
2500 0.000007173 2500 0.000023208 add_time= 0.000045180
2601 0.000103106 2601 0.000006711 add_time= 0.000125020
2550 0.000063894 2550 0.000006486 add_time= 0.000084092
2500 0.000103494 2500 0.000006018 add_time= 0.000122688
2650 0.000055984 2650 0.000007168 add_time= 0.000079896
2704 0.000155482 2704 0.000009426 add_time= 0.000189387
2500 0.000220927 2500 0.000015719 add_time= 0.000251901
2970 0.000041251 2970 0.000006160 add_time= 0.000068924
1250 0.000061501 1250 0.000005592 add_time= 0.000085803
2700 0.000073381 2700 0.000006828 add_time= 0.000095364
2600 0.000267349 2600 0.000006866 add_time= 0.000290250
2600 0.000052172 2600 0.000006376 add_time= 0.000071761
2970 0.000016846 2970 0.000098587 add_time= 0.000130166
2750 0.000059180 2750 0.000007547 add_time= 0.000082005
2754 0.000063164 2754 0.000006743 add_time= 0.000083743
2600 0.000062776 2600 0.000007485 add_time= 0.000085506
2600 0.000130717 2600 0.000006698 add_time= 0.000153155
2500 0.000173487 2500 0.000006753 add_time= 0.000195023
2600 0.000016772 2600 0.000015305 add_time= 0.000046784
2550 0.000068528 2550 0.000006870 add_time= 0.000094893
2750 0.000079681 2750 0.000006892 add_time= 0.000117246
2750 0.000102224 2750 0.000007194 add_time= 0.000124399
2600 0.000288185 2600 0.000005978 add_time= 0.000307515
2500 0.000272710 2500 0.000015059 add_time= 0.000302730
2700 0.000061653 2700 0.000006983 add_time= 0.000082779
2550 0.000048755 2550 0.000005935 add_time= 0.000067302
2500 0.000098216 2500 0.000005762 add_time= 0.000116303
2750 0.000044095 2750 0.000006408 add_time= 0.000063442
2704 0.000193614 2704 0.000008111 add_time= 0.000217138
2750 0.000166484 2750 0.000007182 add_time= 0.000189642
2750 0.000061725 2750 0.000005964 add_time= 0.000081650
2650 0.000119350 2650 0.000007050 add_time= 0.000140381
2805 0.000052275 2805 0.000006968 add_time= 0.000073051
2650 0.000326554 2650 0.000006940 add_time= 0.000349025
2600 0.000097502 2600 0.000006729 add_time= 0.000117387
2500 0.000016717 2500 0.000015121 add_time= 0.000046299
2500 0.000075962 2500 0.000006296 add_time= 0.000095419
2700 0.000091095 2700 0.000007313 add_time= 0.000112037
1375 0.000082259 1375 0.000006390 add_time= 0.000099476
2550 0.000069001 2550 0.000006839 add_time= 0.000091548
2500 0.000080416 2500 0.000014774 add_time= 0.000108735
2750 0.000030907 2750 0.000015576 add_time= 0.000060474
2500 0.000071117 2500 0.000006413 add_time= 0.000090992
2805 0.000106484 2805 0.000006827 add_time= 0.000127010
2600 0.000038981 2600 0.000006122 add_time= 0.000057583
2756 0.000116450 2756 0.000006846 add_time= 0.000138649
2500 0.000070751 2500 0.000017546 add_time= 0.000101910
2500 0.000014608 2500 0.000012673 add_time= 0.000039968
1250 0.000066509 1250 0.000005209 add_time= 0.000082392
2500 0.000099060 2500 0.000017309 add_time= 0.000139856
2750 0.000508536 2750 0.000007110 add_time= 0.000550772
2600 0.000150162 2600 0.000008171 add_time= 0.000173683
2500 0.000016526 2500 0.000014262 add_time= 0.000044251
2550 0.000080150 2550 0.000006252 add_time= 0.000099093
2601 0.000087913 2601 0.000006940 add_time= 0.000107772
3025 0.000095379 3025 0.000007271 add_time= 0.000118573
2550 0.000372060 2550 0.000018543 add_time= 0.000405554
2970 0.000098873 2970 0.000007081 add_time= 0.000120551
3025 0.000074141 3025 0.000006456 add_time= 0.000096041
2500 0.000081667 2500 0.000006581 add_time= 0.000101592
3025 0.000041479 3025 0.000017985 add_time= 0.000073291
1250 0.000079773 1250 0.000005584 add_time= 0.000095572
2500 0.000732741 2500 0.000008873 add_time= 0.000764918
2500 0.000101908 2500 0.000007473 add_time= 0.000125301
2500 0.000007205 2500 0.000016040 add_time= 0.000039245
2805 0.000364832 2805 0.000007403 add_time= 0.000391385
2500 0.000129325 2500 0.000008778 add_time= 0.000163483
2809 0.000352014 2809 0.000006909 add_time= 0.000377209
2860 0.000067641 2860 0.000007020 add_time= 0.000090461
2550 0.000195732 2550 0.000036919 add_time= 0.000247140
2500 0.000082302 2500 0.000006811 add_time= 0.000104824
2700 0.000052603 2700 0.000007312 add_time= 0.000078935
2700 0.000221447 2700 0.000006886 add_time= 0.000245649
2600 0.000083297 2600 0.000015110 add_time= 0.000122834
2750 0.000007600 2750 0.000017569 add_time= 0.000041200
2500 0.000112588 2500 0.000006464 add_time= 0.000139932
2916 0.000073226 2916 0.000006870 add_time= 0.000096107
1250 0.000064736 1250 0.000005893 add_time= 0.000083652
2500 0.000054014 2500 0.000007409 add_time= 0.000078702
2860 0.000065723 2860 0.000006289 add_time= 0.000086716
2860 0.000236324 2860 0.000013493 add_time= 0.000277158
2500 0.000070161 2500 0.000005968 add_time= 0.000090158
2601 0.000125789 2601 0.000006074 add_time= 0.000145723
2550 0.000170851 2550 0.000005676 add_time= 0.000190636
2860 0.000110605 2860 0.000027402 add_time= 0.000162224
