2750 0.000125093 2750 0.000018363 add_time= 0.001771036
2500 0.000046122 2500 0.000008564 add_time= 0.000070759
2970 0.000111190 2970 0.000009505 add_time= 0.000137847
2650 0.000240313 2650 0.000007837 add_time= 0.000267350
2601 0.000123843 2601 0.000015176 add_time= 0.000155494
2600 0.000519944 2600 0.000012069 add_time= 0.000612048
2550 0.000084041 2550 0.000006806 add_time= 0.000109379
2652 0.000186870 2652 0.000010688 add_time= 0.000221170
2500 0.000198031 2500 0.000006868 add_time= 0.000222452
2500 0.000133837 2500 0.000011301 add_time= 0.000160860
2650 0.000147704 2650 0.000016159 add_time= 0.000209524
2805 0.000128933 2805 0.000025060 add_time= 0.000187893
2500 0.000041442 2500 0.000016075 add_time= 0.000075346
2750 0.000335724 2750 0.000016279 add_time= 0.000376175
2601 0.000054105 2601 0.000007576 add_time= 0.000077768
2970 0.000128701 2970 0.000019691 add_time= 0.000164672
2750 0.000007358 2750 0.000014987 add_time= 0.000039234
2860 0.000308519 2860 0.000008349 add_time= 0.000347349
2550 0.000251167 2550 0.000027014 add_time= 0.000298241
2756 0.000222137 2756 0.000015706 add_time= 0.000425466
2650 0.000037509 2650 0.000034383 add_time= 0.000106941
625 0.000009444 625 0.000011175 add_time= 0.000080175
2750 0.000077820 2750 0.000015941 add_time= 0.001587030
2750 0.000062917 2750 0.000007105 add_time= 0.000098072
2700 0.000046246 2700 0.000006773 add_time= 0.000094133
2750 0.000286496 2750 0.000007653 add_time= 0.000315658
2601 0.000086888 2601 0.000006417 add_time= 0.000108253
1250 0.000112220 1250 0.000009458 add_time= 0.000169632
3025 0.000311389 3025 0.000009566 add_time= 0.000383657
2700 0.000314582 2700 0.000006333 add_time= 0.000352357
2500 0.000006345 2500 0.000056195 add_time= 0.000087265
2860 0.000148257 2860 0.000008986 add_time= 0.000187170
2500 0.000275976 2500 0.000007778 add_time= 0.000311519
2700 0.000140457 2700 0.000016227 add_time= 0.000173858
2600 0.000254673 2600 0.000008644 add_time= 0.000312772
3025 0.000122129 3025 0.000006626 add_time= 0.000146222
2750 0.000258001 2750 0.000006852 add_time= 0.000281163
2600 0.000153205 2600 0.000007430 add_time= 0.000181912
2750 0.000093581 2750 0.000007242 add_time= 0.000126542
2750 0.000429883 2750 0.000008438 add_time= 0.000465587
2650 0.000248009 2650 0.000007742 add_time= 0.000299400
2550 0.000133086 2550 0.000007258 add_time= 0.000170601
2652 0.000144985 2652 0.000010140 add_time= 0.000307359
3025 0.000078894 3025 0.000008610 add_time= 0.000153580
2500 0.000098911 2500 0.000008468 add_time= 0.000153324
