2750 0.000247496 2750 0.000015051 add_time= 0.001968479
2805 0.000059123 2805 0.000009503 add_time= 0.000084029
2500 0.000027016 2500 0.000032967 add_time= 0.000086862
2700 0.000097270 2700 0.000007564 add_time= 0.000118803
2650 0.000400557 2650 0.000007090 add_time= 0.000428849
2750 0.000085974 2750 0.000006886 add_time= 0.000118468
2750 0.000137645 2750 0.000007262 add_time= 0.000160362
2600 0.000077326 2600 0.000013735 add_time= 0.000134761
2500 0.000309620 2500 0.000008907 add_time= 0.000333987
2805 0.000059111 2805 0.000008560 add_time= 0.000095666
2550 0.000109437 2550 0.000012396 add_time= 0.000148299
2500 0.000188235 2500 0.000008111 add_time= 0.000211922
2500 0.000050376 2500 0.000013796 add_time= 0.000098642
2750 0.000080167 2750 0.000008891 add_time= 0.000114559
2500 0.000102211 2500 0.000008376 add_time= 0.000124591
2500 0.000110202 2500 0.000015440 add_time= 0.000153094
2600 0.000472807 2600 0.000043410 add_time= 0.000548004
2500 0.000752585 2500 0.000006755 add_time= 0.000774947
1250 0.000056452 1250 0.000006943 add_time= 0.000076902
2550 0.000167569 2550 0.000034467 add_time= 0.000222379
2750 0.001028961 2750 0.000008388 add_time= 0.001054756
2500 0.000017789 2500 0.000023821 add_time= 0.000062498
2550 0.000217784 2550 0.000010365 add_time= 0.000348421
2750 0.000078918 2750 0.000009266 add_time= 0.000120982
2550 0.000229760 2550 0.000026372 add_time= 0.000281358
2860 0.000232807 2860 0.000015770 add_time= 0.002052026
2550 0.000164336 2550 0.000009105 add_time= 0.000191318
2550 0.000090022 2550 0.000010052 add_time= 0.000120917
2500 0.000054378 2500 0.000007338 add_time= 0.000077704
2750 0.000086724 2750 0.000006820 add_time= 0.000110325
1250 0.000154425 1250 0.000005579 add_time= 0.000172831
2500 0.000177144 2500 0.000028812 add_time= 0.000237520
2805 0.000008625 2805 0.000034860 add_time= 0.000063767
2500 0.000290721 2500 0.000007662 add_time= 0.000320524
2750 0.000112743 2750 0.000007830 add_time= 0.000139285
1250 0.000271214 1250 0.000006661 add_time= 0.000294162
2750 0.000380076 2750 0.000029882 add_time= 0.000454431
2550 0.000310407 2550 0.000025861 add_time= 0.000352570
2862 0.000017041 2862 0.000014382 add_time= 0.000046487
2500 0.000265244 2500 0.000007533 add_time= 0.000292884
2750 0.000063390 2750 0.000007357 add_time= 0.000098582
2600 0.000129551 2600 0.000007305 add_time= 0.000155198
2652 0.000087062 2652 0.000033749 add_time= 0.000151822
2500 0.000052536 2500 0.000007006 add_time= 0.000076095
3025 0.000053838 3025 0.000007011 add_time= 0.000077852
2500 0.000068143 2500 0.000006595 add_time= 0.000091579
2750 0.000095799 2750 0.000009610 add_time= 0.000188292
2500 0.000033391 2500 0.000008784 add_time= 0.000081442
2700 0.000049948 2700 0.000008641 add_time= 0.000111699
