2500 0.000286863 2500 0.000025224 add_time= 0.001769281
1250 0.000060921 1250 0.000006338 add_time= 0.000088795
2860 0.000019336 2860 0.000035871 add_time= 0.000072861
2500 0.000485955 2500 0.000008302 add_time= 0.000513706
2550 0.000070724 2550 0.000008185 add_time= 0.000095324
2750 0.000114617 2750 0.000014412 add_time= 0.000178639
2500 0.000067227 2500 0.000007453 add_time= 0.000112968
2500 0.000080610 2500 0.000012993 add_time= 0.000121256
2750 0.000849861 2750 0.000008288 add_time= 0.000911106
2550 0.000140453 2550 0.000007740 add_time= 0.000175335
2750 0.000085405 2750 0.000009973 add_time= 0.000126861
2703 0.001157476 2703 0.000009503 add_time= 0.001205954
3025 0.000420076 3025 0.000008587 add_time= 0.000446688
2700 0.000019424 2700 0.000015691 add_time= 0.000059539
2750 0.000137890 2750 0.000008617 add_time= 0.000167056
2860 0.000213458 2860 0.000007546 add_time= 0.000256384
2500 0.000121594 2500 0.000006306 add_time= 0.000141429
2750 0.000008091 2750 0.000038420 add_time= 0.000062246
1250 0.000069008 1250 0.000006425 add_time= 0.000104453
2650 0.000375193 2650 0.000009495 add_time= 0.000422432
2500 0.000068491 2500 0.000006402 add_time= 0.000090324
2700 0.000016834 2700 0.000027116 add_time= 0.000070707
2650 0.000340295 2650 0.000009199 add_time= 0.000435420
2500 0.000107675 2500 0.000008431 add_time= 0.000151637
2805 0.000075993 2805 0.000017029 add_time= 0.000120013
2809 0.000262470 2809 0.000015611 add_time= 0.001836225
3025 0.000045447 3025 0.000010033 add_time= 0.000073942
2500 0.000069836 2500 0.000020137 add_time= 0.000114807
2500 0.000253485 2500 0.000007832 add_time= 0.000281595
2601 0.000042632 2601 0.000015905 add_time= 0.000074580
2600 0.000146801 2600 0.000030324 add_time= 0.000225048
2500 0.000077766 2500 0.000016614 add_time= 0.000111631
1250 0.000127346 1250 0.000006112 add_time= 0.000155337
2860 0.000117600 2860 0.000007609 add_time= 0.000144286
2750 0.000157955 2750 0.000007035 add_time= 0.000181662
1375 0.000312364 1375 0.000006178 add_time= 0.000331816
2500 0.000573738 2500 0.000036648 add_time= 0.000652064
2550 0.000104719 2550 0.000007386 add_time= 0.000136874
2700 0.000016323 2700 0.000016051 add_time= 0.000049980
2750 0.000108570 2750 0.000010062 add_time= 0.000140298
3025 0.000133880 3025 0.000010561 add_time= 0.000162322
2700 0.000008378 2700 0.000031173 add_time= 0.000056832
2750 0.000191091 2750 0.000009955 add_time= 0.000231529
2550 0.000052012 2550 0.000006134 add_time= 0.000073933
2970 0.000021069 2970 0.000036115 add_time= 0.000094291
2500 0.000322503 2500 0.000010352 add_time= 0.000480845
2750 0.000179882 2750 0.000009131 add_time= 0.000225837
2970 0.000063952 2970 0.000029544 add_time= 0.000140769
