2550 0.000198644 2550 0.000014996 add_time= 0.001899786
2550 0.000058106 2550 0.000009200 add_time= 0.000083761
2750 0.000007314 2750 0.000014493 add_time= 0.000040299
2600 0.000182702 2600 0.000008982 add_time= 0.000210881
1275 0.000052313 1275 0.000007001 add_time= 0.000074239
1375 0.000005734 1375 0.000009346 add_time= 0.000028619
1300 0.000052390 1300 0.000012038 add_time= 0.000106238
2750 0.000073277 2750 0.000007536 add_time= 0.000104064
2700 0.000099459 2700 0.000025835 add_time= 0.000145807
2652 0.000235624 2652 0.000007996 add_time= 0.000267688
2500 0.000172846 2500 0.000007261 add_time= 0.000197663
2970 0.000072015 2970 0.000008691 add_time= 0.000112179
2808 0.000106916 2808 0.000009558 add_time= 0.000179429
2500 0.000115935 2500 0.000008861 add_time= 0.000143067
2750 0.000007528 2750 0.000024931 add_time= 0.000049682
2750 0.000257589 2750 0.000012722 add_time= 0.000303141
2805 0.001592521 2805 0.000007650 add_time= 0.001617498
2750 0.000280141 2750 0.000016517 add_time= 0.000324213
2750 0.000136902 2750 0.000008105 add_time= 0.000161546
2970 0.000125822 2970 0.000038422 add_time= 0.000182417
2750 0.000090877 2750 0.000028520 add_time= 0.000283428
2700 0.000062872 2700 0.000078497 add_time= 0.000197592
2500 0.000564772 2500 0.000013993 add_time= 0.001742540
2500 0.000079026 2500 0.000007895 add_time= 0.000101924
2805 0.000016987 2805 0.000014639 add_time= 0.000048543
2756 0.000341907 2756 0.000008188 add_time= 0.000371946
2600 0.000138816 2600 0.000019027 add_time= 0.000174213
2700 0.000125885 2700 0.000007512 add_time= 0.000150091
2915 0.000372350 2915 0.000008088 add_time= 0.000414440
2970 0.000159318 2970 0.000007050 add_time= 0.000191373
1250 0.000004909 1250 0.000011072 add_time= 0.000029592
2600 0.000103594 2600 0.000007856 add_time= 0.000132798
2600 0.000162433 2600 0.000017795 add_time= 0.000197135
2805 0.000157299 2805 0.000005955 add_time= 0.000178289
2500 0.000201828 2500 0.000015282 add_time= 0.000233516
2500 0.000009427 2500 0.000078102 add_time= 0.000122712
2500 0.000318517 2500 0.000008862 add_time= 0.000368820
2860 0.000177720 2860 0.000007849 add_time= 0.000210648
2500 0.000157088 2500 0.000007636 add_time= 0.000205846
2600 0.000266887 2600 0.000007060 add_time= 0.000294453
2805 0.000280388 2805 0.000007528 add_time= 0.000304830
1350 0.000005727 1350 0.000011860 add_time= 0.000052032
2703 0.000212998 2703 0.000008900 add_time= 0.000244153
2652 0.000079775 2652 0.000015822 add_time= 0.000121711
2500 0.000068682 2500 0.000005982 add_time= 0.000089770
2600 0.000158259 2600 0.000010542 add_time= 0.000266215
2750 0.000068443 2750 0.000009209 add_time= 0.000108035
2550 0.000063100 2550 0.000020958 add_time= 0.000112229
