#capacity sum_comm_cmp max(sum_comm,sum_comp) sum_comm sum_comp
87120 1.264964919 0.892538525 0.892538525 0.372426394
91960 1.264964919 0.892538525 0.892538525 0.372426394
96800 1.264964919 0.892538525 0.892538525 0.372426394
101640 1.264964919 0.892538525 0.892538525 0.372426394
106480 1.264964919 0.892538525 0.892538525 0.372426394
111320 1.264964919 0.892538525 0.892538525 0.372426394
116160 1.264964919 0.892538525 0.892538525 0.372426394
121000 1.264964919 0.892538525 0.892538525 0.372426394
125840 1.264964919 0.892538525 0.892538525 0.372426394
130680 1.264964919 0.892538525 0.892538525 0.372426394
87120 1.278532655 0.943129239 0.943129239 0.335403416
91960 1.278532655 0.943129239 0.943129239 0.335403416
96800 1.278532655 0.943129239 0.943129239 0.335403416
101640 1.278532655 0.943129239 0.943129239 0.335403416
106480 1.278532655 0.943129239 0.943129239 0.335403416
111320 1.278532655 0.943129239 0.943129239 0.335403416
116160 1.278532655 0.943129239 0.943129239 0.335403416
121000 1.278532655 0.943129239 0.943129239 0.335403416
125840 1.278532655 0.943129239 0.943129239 0.335403416
130680 1.278532655 0.943129239 0.943129239 0.335403416
87120 1.257328044 0.887793322 0.887793322 0.369534722
91960 1.257328044 0.887793322 0.887793322 0.369534722
96800 1.257328044 0.887793322 0.887793322 0.369534722
101640 1.257328044 0.887793322 0.887793322 0.369534722
106480 1.257328044 0.887793322 0.887793322 0.369534722
111320 1.257328044 0.887793322 0.887793322 0.369534722
116160 1.257328044 0.887793322 0.887793322 0.369534722
121000 1.257328044 0.887793322 0.887793322 0.369534722
125840 1.257328044 0.887793322 0.887793322 0.369534722
130680 1.257328044 0.887793322 0.887793322 0.369534722
87120 1.240917166 0.882542426 0.882542426 0.358374740
91960 1.240917166 0.882542426 0.882542426 0.358374740
96800 1.240917166 0.882542426 0.882542426 0.358374740
101640 1.240917166 0.882542426 0.882542426 0.358374740
106480 1.240917166 0.882542426 0.882542426 0.358374740
111320 1.240917166 0.882542426 0.882542426 0.358374740
116160 1.240917166 0.882542426 0.882542426 0.358374740
121000 1.240917166 0.882542426 0.882542426 0.358374740
125840 1.240917166 0.882542426 0.882542426 0.358374740
130680 1.240917166 0.882542426 0.882542426 0.358374740
87120 1.255957193 0.888833663 0.888833663 0.367123530
91960 1.255957193 0.888833663 0.888833663 0.367123530
96800 1.255957193 0.888833663 0.888833663 0.367123530
101640 1.255957193 0.888833663 0.888833663 0.367123530
106480 1.255957193 0.888833663 0.888833663 0.367123530
111320 1.255957193 0.888833663 0.888833663 0.367123530
116160 1.255957193 0.888833663 0.888833663 0.367123530
121000 1.255957193 0.888833663 0.888833663 0.367123530
125840 1.255957193 0.888833663 0.888833663 0.367123530
130680 1.255957193 0.888833663 0.888833663 0.367123530
87120 1.283161964 0.941327293 0.941327293 0.341834671
91960 1.283161964 0.941327293 0.941327293 0.341834671
96800 1.283161964 0.941327293 0.941327293 0.341834671
101640 1.283161964 0.941327293 0.941327293 0.341834671
106480 1.283161964 0.941327293 0.941327293 0.341834671
111320 1.283161964 0.941327293 0.941327293 0.341834671
116160 1.283161964 0.941327293 0.941327293 0.341834671
121000 1.283161964 0.941327293 0.941327293 0.341834671
125840 1.283161964 0.941327293 0.941327293 0.341834671
130680 1.283161964 0.941327293 0.941327293 0.341834671
87120 1.279779171 0.940778119 0.940778119 0.339001052
91960 1.279779171 0.940778119 0.940778119 0.339001052
96800 1.279779171 0.940778119 0.940778119 0.339001052
101640 1.279779171 0.940778119 0.940778119 0.339001052
106480 1.279779171 0.940778119 0.940778119 0.339001052
111320 1.279779171 0.940778119 0.940778119 0.339001052
116160 1.279779171 0.940778119 0.940778119 0.339001052
121000 1.279779171 0.940778119 0.940778119 0.339001052
125840 1.279779171 0.940778119 0.940778119 0.339001052
130680 1.279779171 0.940778119 0.940778119 0.339001052
87120 1.272939130 0.926162968 0.926162968 0.346776162
91960 1.272939130 0.926162968 0.926162968 0.346776162
96800 1.272939130 0.926162968 0.926162968 0.346776162
101640 1.272939130 0.926162968 0.926162968 0.346776162
106480 1.272939130 0.926162968 0.926162968 0.346776162
111320 1.272939130 0.926162968 0.926162968 0.346776162
116160 1.272939130 0.926162968 0.926162968 0.346776162
121000 1.272939130 0.926162968 0.926162968 0.346776162
125840 1.272939130 0.926162968 0.926162968 0.346776162
130680 1.272939130 0.926162968 0.926162968 0.346776162
87120 1.260362709 0.895518306 0.895518306 0.364844403
91960 1.260362709 0.895518306 0.895518306 0.364844403
96800 1.260362709 0.895518306 0.895518306 0.364844403
101640 1.260362709 0.895518306 0.895518306 0.364844403
106480 1.260362709 0.895518306 0.895518306 0.364844403
111320 1.260362709 0.895518306 0.895518306 0.364844403
116160 1.260362709 0.895518306 0.895518306 0.364844403
121000 1.260362709 0.895518306 0.895518306 0.364844403
125840 1.260362709 0.895518306 0.895518306 0.364844403
130680 1.260362709 0.895518306 0.895518306 0.364844403
87120 1.276810389 0.940317650 0.940317650 0.336492739
91960 1.276810389 0.940317650 0.940317650 0.336492739
96800 1.276810389 0.940317650 0.940317650 0.336492739
101640 1.276810389 0.940317650 0.940317650 0.336492739
106480 1.276810389 0.940317650 0.940317650 0.336492739
111320 1.276810389 0.940317650 0.940317650 0.336492739
116160 1.276810389 0.940317650 0.940317650 0.336492739
121000 1.276810389 0.940317650 0.940317650 0.336492739
125840 1.276810389 0.940317650 0.940317650 0.336492739
130680 1.276810389 0.940317650 0.940317650 0.336492739
87120 1.281992504 0.936353232 0.936353232 0.345639272
91960 1.281992504 0.936353232 0.936353232 0.345639272
96800 1.281992504 0.936353232 0.936353232 0.345639272
101640 1.281992504 0.936353232 0.936353232 0.345639272
106480 1.281992504 0.936353232 0.936353232 0.345639272
111320 1.281992504 0.936353232 0.936353232 0.345639272
116160 1.281992504 0.936353232 0.936353232 0.345639272
121000 1.281992504 0.936353232 0.936353232 0.345639272
125840 1.281992504 0.936353232 0.936353232 0.345639272
130680 1.281992504 0.936353232 0.936353232 0.345639272
87120 1.258951592 0.920472070 0.920472070 0.338479522
91960 1.258951592 0.920472070 0.920472070 0.338479522
96800 1.258951592 0.920472070 0.920472070 0.338479522
101640 1.258951592 0.920472070 0.920472070 0.338479522
106480 1.258951592 0.920472070 0.920472070 0.338479522
111320 1.258951592 0.920472070 0.920472070 0.338479522
116160 1.258951592 0.920472070 0.920472070 0.338479522
121000 1.258951592 0.920472070 0.920472070 0.338479522
125840 1.258951592 0.920472070 0.920472070 0.338479522
130680 1.258951592 0.920472070 0.920472070 0.338479522
87120 1.286978587 0.949068234 0.949068234 0.337910353
91960 1.286978587 0.949068234 0.949068234 0.337910353
96800 1.286978587 0.949068234 0.949068234 0.337910353
101640 1.286978587 0.949068234 0.949068234 0.337910353
106480 1.286978587 0.949068234 0.949068234 0.337910353
111320 1.286978587 0.949068234 0.949068234 0.337910353
116160 1.286978587 0.949068234 0.949068234 0.337910353
121000 1.286978587 0.949068234 0.949068234 0.337910353
125840 1.286978587 0.949068234 0.949068234 0.337910353
130680 1.286978587 0.949068234 0.949068234 0.337910353
87120 1.250995867 0.892692711 0.892692711 0.358303156
91960 1.250995867 0.892692711 0.892692711 0.358303156
96800 1.250995867 0.892692711 0.892692711 0.358303156
101640 1.250995867 0.892692711 0.892692711 0.358303156
106480 1.250995867 0.892692711 0.892692711 0.358303156
111320 1.250995867 0.892692711 0.892692711 0.358303156
116160 1.250995867 0.892692711 0.892692711 0.358303156
121000 1.250995867 0.892692711 0.892692711 0.358303156
125840 1.250995867 0.892692711 0.892692711 0.358303156
130680 1.250995867 0.892692711 0.892692711 0.358303156
87120 1.262371076 0.900336683 0.900336683 0.362034393
91960 1.262371076 0.900336683 0.900336683 0.362034393
96800 1.262371076 0.900336683 0.900336683 0.362034393
101640 1.262371076 0.900336683 0.900336683 0.362034393
106480 1.262371076 0.900336683 0.900336683 0.362034393
111320 1.262371076 0.900336683 0.900336683 0.362034393
116160 1.262371076 0.900336683 0.900336683 0.362034393
121000 1.262371076 0.900336683 0.900336683 0.362034393
125840 1.262371076 0.900336683 0.900336683 0.362034393
130680 1.262371076 0.900336683 0.900336683 0.362034393
87120 1.237527957 0.886741821 0.886741821 0.350786136
91960 1.237527957 0.886741821 0.886741821 0.350786136
96800 1.237527957 0.886741821 0.886741821 0.350786136
101640 1.237527957 0.886741821 0.886741821 0.350786136
106480 1.237527957 0.886741821 0.886741821 0.350786136
111320 1.237527957 0.886741821 0.886741821 0.350786136
116160 1.237527957 0.886741821 0.886741821 0.350786136
121000 1.237527957 0.886741821 0.886741821 0.350786136
125840 1.237527957 0.886741821 0.886741821 0.350786136
130680 1.237527957 0.886741821 0.886741821 0.350786136
87120 1.261784599 0.911011322 0.911011322 0.350773277
91960 1.261784599 0.911011322 0.911011322 0.350773277
96800 1.261784599 0.911011322 0.911011322 0.350773277
101640 1.261784599 0.911011322 0.911011322 0.350773277
106480 1.261784599 0.911011322 0.911011322 0.350773277
111320 1.261784599 0.911011322 0.911011322 0.350773277
116160 1.261784599 0.911011322 0.911011322 0.350773277
121000 1.261784599 0.911011322 0.911011322 0.350773277
125840 1.261784599 0.911011322 0.911011322 0.350773277
130680 1.261784599 0.911011322 0.911011322 0.350773277
87120 1.234084844 0.878284546 0.878284546 0.355800298
91960 1.234084844 0.878284546 0.878284546 0.355800298
96800 1.234084844 0.878284546 0.878284546 0.355800298
101640 1.234084844 0.878284546 0.878284546 0.355800298
106480 1.234084844 0.878284546 0.878284546 0.355800298
111320 1.234084844 0.878284546 0.878284546 0.355800298
116160 1.234084844 0.878284546 0.878284546 0.355800298
121000 1.234084844 0.878284546 0.878284546 0.355800298
125840 1.234084844 0.878284546 0.878284546 0.355800298
130680 1.234084844 0.878284546 0.878284546 0.355800298
87120 1.278033985 0.942019732 0.942019732 0.336014253
91960 1.278033985 0.942019732 0.942019732 0.336014253
96800 1.278033985 0.942019732 0.942019732 0.336014253
101640 1.278033985 0.942019732 0.942019732 0.336014253
106480 1.278033985 0.942019732 0.942019732 0.336014253
111320 1.278033985 0.942019732 0.942019732 0.336014253
116160 1.278033985 0.942019732 0.942019732 0.336014253
121000 1.278033985 0.942019732 0.942019732 0.336014253
125840 1.278033985 0.942019732 0.942019732 0.336014253
130680 1.278033985 0.942019732 0.942019732 0.336014253
87120 1.274258042 0.942999213 0.942999213 0.331258829
91960 1.274258042 0.942999213 0.942999213 0.331258829
96800 1.274258042 0.942999213 0.942999213 0.331258829
101640 1.274258042 0.942999213 0.942999213 0.331258829
106480 1.274258042 0.942999213 0.942999213 0.331258829
111320 1.274258042 0.942999213 0.942999213 0.331258829
116160 1.274258042 0.942999213 0.942999213 0.331258829
121000 1.274258042 0.942999213 0.942999213 0.331258829
125840 1.274258042 0.942999213 0.942999213 0.331258829
130680 1.274258042 0.942999213 0.942999213 0.331258829
87120 1.251774066 0.892131356 0.892131356 0.359642710
91960 1.251774066 0.892131356 0.892131356 0.359642710
96800 1.251774066 0.892131356 0.892131356 0.359642710
101640 1.251774066 0.892131356 0.892131356 0.359642710
106480 1.251774066 0.892131356 0.892131356 0.359642710
111320 1.251774066 0.892131356 0.892131356 0.359642710
116160 1.251774066 0.892131356 0.892131356 0.359642710
121000 1.251774066 0.892131356 0.892131356 0.359642710
125840 1.251774066 0.892131356 0.892131356 0.359642710
130680 1.251774066 0.892131356 0.892131356 0.359642710
87120 1.250801447 0.890535077 0.890535077 0.360266370
91960 1.250801447 0.890535077 0.890535077 0.360266370
96800 1.250801447 0.890535077 0.890535077 0.360266370
101640 1.250801447 0.890535077 0.890535077 0.360266370
106480 1.250801447 0.890535077 0.890535077 0.360266370
111320 1.250801447 0.890535077 0.890535077 0.360266370
116160 1.250801447 0.890535077 0.890535077 0.360266370
121000 1.250801447 0.890535077 0.890535077 0.360266370
125840 1.250801447 0.890535077 0.890535077 0.360266370
130680 1.250801447 0.890535077 0.890535077 0.360266370
87120 1.266247941 0.927826408 0.927826408 0.338421533
91960 1.266247941 0.927826408 0.927826408 0.338421533
96800 1.266247941 0.927826408 0.927826408 0.338421533
101640 1.266247941 0.927826408 0.927826408 0.338421533
106480 1.266247941 0.927826408 0.927826408 0.338421533
111320 1.266247941 0.927826408 0.927826408 0.338421533
116160 1.266247941 0.927826408 0.927826408 0.338421533
121000 1.266247941 0.927826408 0.927826408 0.338421533
125840 1.266247941 0.927826408 0.927826408 0.338421533
130680 1.266247941 0.927826408 0.927826408 0.338421533
87120 1.270798176 0.903675767 0.903675767 0.367122409
91960 1.270798176 0.903675767 0.903675767 0.367122409
96800 1.270798176 0.903675767 0.903675767 0.367122409
101640 1.270798176 0.903675767 0.903675767 0.367122409
106480 1.270798176 0.903675767 0.903675767 0.367122409
111320 1.270798176 0.903675767 0.903675767 0.367122409
116160 1.270798176 0.903675767 0.903675767 0.367122409
121000 1.270798176 0.903675767 0.903675767 0.367122409
125840 1.270798176 0.903675767 0.903675767 0.367122409
130680 1.270798176 0.903675767 0.903675767 0.367122409
87120 1.250944848 0.887005956 0.887005956 0.363938892
91960 1.250944848 0.887005956 0.887005956 0.363938892
96800 1.250944848 0.887005956 0.887005956 0.363938892
101640 1.250944848 0.887005956 0.887005956 0.363938892
106480 1.250944848 0.887005956 0.887005956 0.363938892
111320 1.250944848 0.887005956 0.887005956 0.363938892
116160 1.250944848 0.887005956 0.887005956 0.363938892
121000 1.250944848 0.887005956 0.887005956 0.363938892
125840 1.250944848 0.887005956 0.887005956 0.363938892
130680 1.250944848 0.887005956 0.887005956 0.363938892
87120 1.257141766 0.901157928 0.901157928 0.355983838
91960 1.257141766 0.901157928 0.901157928 0.355983838
96800 1.257141766 0.901157928 0.901157928 0.355983838
101640 1.257141766 0.901157928 0.901157928 0.355983838
106480 1.257141766 0.901157928 0.901157928 0.355983838
111320 1.257141766 0.901157928 0.901157928 0.355983838
116160 1.257141766 0.901157928 0.901157928 0.355983838
121000 1.257141766 0.901157928 0.901157928 0.355983838
125840 1.257141766 0.901157928 0.901157928 0.355983838
130680 1.257141766 0.901157928 0.901157928 0.355983838
87120 1.238318733 0.882456329 0.882456329 0.355862404
91960 1.238318733 0.882456329 0.882456329 0.355862404
96800 1.238318733 0.882456329 0.882456329 0.355862404
101640 1.238318733 0.882456329 0.882456329 0.355862404
106480 1.238318733 0.882456329 0.882456329 0.355862404
111320 1.238318733 0.882456329 0.882456329 0.355862404
116160 1.238318733 0.882456329 0.882456329 0.355862404
121000 1.238318733 0.882456329 0.882456329 0.355862404
125840 1.238318733 0.882456329 0.882456329 0.355862404
130680 1.238318733 0.882456329 0.882456329 0.355862404
87120 1.277188872 0.942922127 0.942922127 0.334266745
91960 1.277188872 0.942922127 0.942922127 0.334266745
96800 1.277188872 0.942922127 0.942922127 0.334266745
101640 1.277188872 0.942922127 0.942922127 0.334266745
106480 1.277188872 0.942922127 0.942922127 0.334266745
111320 1.277188872 0.942922127 0.942922127 0.334266745
116160 1.277188872 0.942922127 0.942922127 0.334266745
121000 1.277188872 0.942922127 0.942922127 0.334266745
125840 1.277188872 0.942922127 0.942922127 0.334266745
130680 1.277188872 0.942922127 0.942922127 0.334266745
87120 1.278712860 0.933805264 0.933805264 0.344907596
91960 1.278712860 0.933805264 0.933805264 0.344907596
96800 1.278712860 0.933805264 0.933805264 0.344907596
101640 1.278712860 0.933805264 0.933805264 0.344907596
106480 1.278712860 0.933805264 0.933805264 0.344907596
111320 1.278712860 0.933805264 0.933805264 0.344907596
116160 1.278712860 0.933805264 0.933805264 0.344907596
121000 1.278712860 0.933805264 0.933805264 0.344907596
125840 1.278712860 0.933805264 0.933805264 0.344907596
130680 1.278712860 0.933805264 0.933805264 0.344907596
87120 1.274706203 0.926560681 0.926560681 0.348145522
91960 1.274706203 0.926560681 0.926560681 0.348145522
96800 1.274706203 0.926560681 0.926560681 0.348145522
101640 1.274706203 0.926560681 0.926560681 0.348145522
106480 1.274706203 0.926560681 0.926560681 0.348145522
111320 1.274706203 0.926560681 0.926560681 0.348145522
116160 1.274706203 0.926560681 0.926560681 0.348145522
121000 1.274706203 0.926560681 0.926560681 0.348145522
125840 1.274706203 0.926560681 0.926560681 0.348145522
130680 1.274706203 0.926560681 0.926560681 0.348145522
87120 1.268015991 0.938757692 0.938757692 0.329258299
91960 1.268015991 0.938757692 0.938757692 0.329258299
96800 1.268015991 0.938757692 0.938757692 0.329258299
101640 1.268015991 0.938757692 0.938757692 0.329258299
106480 1.268015991 0.938757692 0.938757692 0.329258299
111320 1.268015991 0.938757692 0.938757692 0.329258299
116160 1.268015991 0.938757692 0.938757692 0.329258299
121000 1.268015991 0.938757692 0.938757692 0.329258299
125840 1.268015991 0.938757692 0.938757692 0.329258299
130680 1.268015991 0.938757692 0.938757692 0.329258299
87120 1.229738302 0.877884501 0.877884501 0.351853801
91960 1.229738302 0.877884501 0.877884501 0.351853801
96800 1.229738302 0.877884501 0.877884501 0.351853801
101640 1.229738302 0.877884501 0.877884501 0.351853801
106480 1.229738302 0.877884501 0.877884501 0.351853801
111320 1.229738302 0.877884501 0.877884501 0.351853801
116160 1.229738302 0.877884501 0.877884501 0.351853801
121000 1.229738302 0.877884501 0.877884501 0.351853801
125840 1.229738302 0.877884501 0.877884501 0.351853801
130680 1.229738302 0.877884501 0.877884501 0.351853801
87120 1.244258211 0.913982127 0.913982127 0.330276084
91960 1.244258211 0.913982127 0.913982127 0.330276084
96800 1.244258211 0.913982127 0.913982127 0.330276084
101640 1.244258211 0.913982127 0.913982127 0.330276084
106480 1.244258211 0.913982127 0.913982127 0.330276084
111320 1.244258211 0.913982127 0.913982127 0.330276084
116160 1.244258211 0.913982127 0.913982127 0.330276084
121000 1.244258211 0.913982127 0.913982127 0.330276084
125840 1.244258211 0.913982127 0.913982127 0.330276084
130680 1.244258211 0.913982127 0.913982127 0.330276084
87120 1.232121946 0.884882737 0.884882737 0.347239209
91960 1.232121946 0.884882737 0.884882737 0.347239209
96800 1.232121946 0.884882737 0.884882737 0.347239209
101640 1.232121946 0.884882737 0.884882737 0.347239209
106480 1.232121946 0.884882737 0.884882737 0.347239209
111320 1.232121946 0.884882737 0.884882737 0.347239209
116160 1.232121946 0.884882737 0.884882737 0.347239209
121000 1.232121946 0.884882737 0.884882737 0.347239209
125840 1.232121946 0.884882737 0.884882737 0.347239209
130680 1.232121946 0.884882737 0.884882737 0.347239209
87120 1.228349304 0.887543262 0.887543262 0.340806042
91960 1.228349304 0.887543262 0.887543262 0.340806042
96800 1.228349304 0.887543262 0.887543262 0.340806042
101640 1.228349304 0.887543262 0.887543262 0.340806042
106480 1.228349304 0.887543262 0.887543262 0.340806042
111320 1.228349304 0.887543262 0.887543262 0.340806042
116160 1.228349304 0.887543262 0.887543262 0.340806042
121000 1.228349304 0.887543262 0.887543262 0.340806042
125840 1.228349304 0.887543262 0.887543262 0.340806042
130680 1.228349304 0.887543262 0.887543262 0.340806042
87120 1.242131523 0.908735929 0.908735929 0.333395594
91960 1.242131523 0.908735929 0.908735929 0.333395594
96800 1.242131523 0.908735929 0.908735929 0.333395594
101640 1.242131523 0.908735929 0.908735929 0.333395594
106480 1.242131523 0.908735929 0.908735929 0.333395594
111320 1.242131523 0.908735929 0.908735929 0.333395594
116160 1.242131523 0.908735929 0.908735929 0.333395594
121000 1.242131523 0.908735929 0.908735929 0.333395594
125840 1.242131523 0.908735929 0.908735929 0.333395594
130680 1.242131523 0.908735929 0.908735929 0.333395594
87120 1.259501186 0.917823001 0.917823001 0.341678185
91960 1.259501186 0.917823001 0.917823001 0.341678185
96800 1.259501186 0.917823001 0.917823001 0.341678185
101640 1.259501186 0.917823001 0.917823001 0.341678185
106480 1.259501186 0.917823001 0.917823001 0.341678185
111320 1.259501186 0.917823001 0.917823001 0.341678185
116160 1.259501186 0.917823001 0.917823001 0.341678185
121000 1.259501186 0.917823001 0.917823001 0.341678185
125840 1.259501186 0.917823001 0.917823001 0.341678185
130680 1.259501186 0.917823001 0.917823001 0.341678185
87120 1.248980227 0.898871564 0.898871564 0.350108663
91960 1.248980227 0.898871564 0.898871564 0.350108663
96800 1.248980227 0.898871564 0.898871564 0.350108663
101640 1.248980227 0.898871564 0.898871564 0.350108663
106480 1.248980227 0.898871564 0.898871564 0.350108663
111320 1.248980227 0.898871564 0.898871564 0.350108663
116160 1.248980227 0.898871564 0.898871564 0.350108663
121000 1.248980227 0.898871564 0.898871564 0.350108663
125840 1.248980227 0.898871564 0.898871564 0.350108663
130680 1.248980227 0.898871564 0.898871564 0.350108663
87120 1.253112606 0.918985434 0.918985434 0.334127172
91960 1.253112606 0.918985434 0.918985434 0.334127172
96800 1.253112606 0.918985434 0.918985434 0.334127172
101640 1.253112606 0.918985434 0.918985434 0.334127172
106480 1.253112606 0.918985434 0.918985434 0.334127172
111320 1.253112606 0.918985434 0.918985434 0.334127172
116160 1.253112606 0.918985434 0.918985434 0.334127172
121000 1.253112606 0.918985434 0.918985434 0.334127172
125840 1.253112606 0.918985434 0.918985434 0.334127172
130680 1.253112606 0.918985434 0.918985434 0.334127172
87120 1.238364461 0.880014129 0.880014129 0.358350332
91960 1.238364461 0.880014129 0.880014129 0.358350332
96800 1.238364461 0.880014129 0.880014129 0.358350332
101640 1.238364461 0.880014129 0.880014129 0.358350332
106480 1.238364461 0.880014129 0.880014129 0.358350332
111320 1.238364461 0.880014129 0.880014129 0.358350332
116160 1.238364461 0.880014129 0.880014129 0.358350332
121000 1.238364461 0.880014129 0.880014129 0.358350332
125840 1.238364461 0.880014129 0.880014129 0.358350332
130680 1.238364461 0.880014129 0.880014129 0.358350332
87120 1.217592432 0.869896511 0.869896511 0.347695921
91960 1.217592432 0.869896511 0.869896511 0.347695921
96800 1.217592432 0.869896511 0.869896511 0.347695921
101640 1.217592432 0.869896511 0.869896511 0.347695921
106480 1.217592432 0.869896511 0.869896511 0.347695921
111320 1.217592432 0.869896511 0.869896511 0.347695921
116160 1.217592432 0.869896511 0.869896511 0.347695921
121000 1.217592432 0.869896511 0.869896511 0.347695921
125840 1.217592432 0.869896511 0.869896511 0.347695921
130680 1.217592432 0.869896511 0.869896511 0.347695921
87120 1.208887151 0.857702231 0.857702231 0.351184920
91960 1.208887151 0.857702231 0.857702231 0.351184920
96800 1.208887151 0.857702231 0.857702231 0.351184920
101640 1.208887151 0.857702231 0.857702231 0.351184920
106480 1.208887151 0.857702231 0.857702231 0.351184920
111320 1.208887151 0.857702231 0.857702231 0.351184920
116160 1.208887151 0.857702231 0.857702231 0.351184920
121000 1.208887151 0.857702231 0.857702231 0.351184920
125840 1.208887151 0.857702231 0.857702231 0.351184920
130680 1.208887151 0.857702231 0.857702231 0.351184920
87120 1.231700100 0.900983983 0.900983983 0.330716117
91960 1.231700100 0.900983983 0.900983983 0.330716117
96800 1.231700100 0.900983983 0.900983983 0.330716117
101640 1.231700100 0.900983983 0.900983983 0.330716117
106480 1.231700100 0.900983983 0.900983983 0.330716117
111320 1.231700100 0.900983983 0.900983983 0.330716117
116160 1.231700100 0.900983983 0.900983983 0.330716117
121000 1.231700100 0.900983983 0.900983983 0.330716117
125840 1.231700100 0.900983983 0.900983983 0.330716117
130680 1.231700100 0.900983983 0.900983983 0.330716117
87120 1.227798261 0.882788572 0.882788572 0.345009689
91960 1.227798261 0.882788572 0.882788572 0.345009689
96800 1.227798261 0.882788572 0.882788572 0.345009689
101640 1.227798261 0.882788572 0.882788572 0.345009689
106480 1.227798261 0.882788572 0.882788572 0.345009689
111320 1.227798261 0.882788572 0.882788572 0.345009689
116160 1.227798261 0.882788572 0.882788572 0.345009689
121000 1.227798261 0.882788572 0.882788572 0.345009689
125840 1.227798261 0.882788572 0.882788572 0.345009689
130680 1.227798261 0.882788572 0.882788572 0.345009689
87120 1.221624036 0.876610040 0.876610040 0.345013996
91960 1.221624036 0.876610040 0.876610040 0.345013996
96800 1.221624036 0.876610040 0.876610040 0.345013996
101640 1.221624036 0.876610040 0.876610040 0.345013996
106480 1.221624036 0.876610040 0.876610040 0.345013996
111320 1.221624036 0.876610040 0.876610040 0.345013996
116160 1.221624036 0.876610040 0.876610040 0.345013996
121000 1.221624036 0.876610040 0.876610040 0.345013996
125840 1.221624036 0.876610040 0.876610040 0.345013996
130680 1.221624036 0.876610040 0.876610040 0.345013996
87120 1.222005164 0.903525549 0.903525549 0.318479615
91960 1.222005164 0.903525549 0.903525549 0.318479615
96800 1.222005164 0.903525549 0.903525549 0.318479615
101640 1.222005164 0.903525549 0.903525549 0.318479615
106480 1.222005164 0.903525549 0.903525549 0.318479615
111320 1.222005164 0.903525549 0.903525549 0.318479615
116160 1.222005164 0.903525549 0.903525549 0.318479615
121000 1.222005164 0.903525549 0.903525549 0.318479615
125840 1.222005164 0.903525549 0.903525549 0.318479615
130680 1.222005164 0.903525549 0.903525549 0.318479615
87120 1.242149896 0.898827804 0.898827804 0.343322092
91960 1.242149896 0.898827804 0.898827804 0.343322092
96800 1.242149896 0.898827804 0.898827804 0.343322092
101640 1.242149896 0.898827804 0.898827804 0.343322092
106480 1.242149896 0.898827804 0.898827804 0.343322092
111320 1.242149896 0.898827804 0.898827804 0.343322092
116160 1.242149896 0.898827804 0.898827804 0.343322092
121000 1.242149896 0.898827804 0.898827804 0.343322092
125840 1.242149896 0.898827804 0.898827804 0.343322092
130680 1.242149896 0.898827804 0.898827804 0.343322092
87120 1.249800846 0.928526847 0.928526847 0.321273999
91960 1.249800846 0.928526847 0.928526847 0.321273999
96800 1.249800846 0.928526847 0.928526847 0.321273999
101640 1.249800846 0.928526847 0.928526847 0.321273999
106480 1.249800846 0.928526847 0.928526847 0.321273999
111320 1.249800846 0.928526847 0.928526847 0.321273999
116160 1.249800846 0.928526847 0.928526847 0.321273999
121000 1.249800846 0.928526847 0.928526847 0.321273999
125840 1.249800846 0.928526847 0.928526847 0.321273999
130680 1.249800846 0.928526847 0.928526847 0.321273999
87120 1.242164237 0.903116174 0.903116174 0.339048063
91960 1.242164237 0.903116174 0.903116174 0.339048063
96800 1.242164237 0.903116174 0.903116174 0.339048063
101640 1.242164237 0.903116174 0.903116174 0.339048063
106480 1.242164237 0.903116174 0.903116174 0.339048063
111320 1.242164237 0.903116174 0.903116174 0.339048063
116160 1.242164237 0.903116174 0.903116174 0.339048063
121000 1.242164237 0.903116174 0.903116174 0.339048063
125840 1.242164237 0.903116174 0.903116174 0.339048063
130680 1.242164237 0.903116174 0.903116174 0.339048063
87120 1.223884283 0.871086373 0.871086373 0.352797910
91960 1.223884283 0.871086373 0.871086373 0.352797910
96800 1.223884283 0.871086373 0.871086373 0.352797910
101640 1.223884283 0.871086373 0.871086373 0.352797910
106480 1.223884283 0.871086373 0.871086373 0.352797910
111320 1.223884283 0.871086373 0.871086373 0.352797910
116160 1.223884283 0.871086373 0.871086373 0.352797910
121000 1.223884283 0.871086373 0.871086373 0.352797910
125840 1.223884283 0.871086373 0.871086373 0.352797910
130680 1.223884283 0.871086373 0.871086373 0.352797910
87120 1.238491354 0.889289121 0.889289121 0.349202233
91960 1.238491354 0.889289121 0.889289121 0.349202233
96800 1.238491354 0.889289121 0.889289121 0.349202233
101640 1.238491354 0.889289121 0.889289121 0.349202233
106480 1.238491354 0.889289121 0.889289121 0.349202233
111320 1.238491354 0.889289121 0.889289121 0.349202233
116160 1.238491354 0.889289121 0.889289121 0.349202233
121000 1.238491354 0.889289121 0.889289121 0.349202233
125840 1.238491354 0.889289121 0.889289121 0.349202233
130680 1.238491354 0.889289121 0.889289121 0.349202233
87120 1.240425562 0.900625778 0.900625778 0.339799784
91960 1.240425562 0.900625778 0.900625778 0.339799784
96800 1.240425562 0.900625778 0.900625778 0.339799784
101640 1.240425562 0.900625778 0.900625778 0.339799784
106480 1.240425562 0.900625778 0.900625778 0.339799784
111320 1.240425562 0.900625778 0.900625778 0.339799784
116160 1.240425562 0.900625778 0.900625778 0.339799784
121000 1.240425562 0.900625778 0.900625778 0.339799784
125840 1.240425562 0.900625778 0.900625778 0.339799784
130680 1.240425562 0.900625778 0.900625778 0.339799784
87120 1.242617167 0.905435645 0.905435645 0.337181522
91960 1.242617167 0.905435645 0.905435645 0.337181522
96800 1.242617167 0.905435645 0.905435645 0.337181522
101640 1.242617167 0.905435645 0.905435645 0.337181522
106480 1.242617167 0.905435645 0.905435645 0.337181522
111320 1.242617167 0.905435645 0.905435645 0.337181522
116160 1.242617167 0.905435645 0.905435645 0.337181522
121000 1.242617167 0.905435645 0.905435645 0.337181522
125840 1.242617167 0.905435645 0.905435645 0.337181522
130680 1.242617167 0.905435645 0.905435645 0.337181522
87120 1.220022517 0.869000859 0.869000859 0.351021658
91960 1.220022517 0.869000859 0.869000859 0.351021658
96800 1.220022517 0.869000859 0.869000859 0.351021658
101640 1.220022517 0.869000859 0.869000859 0.351021658
106480 1.220022517 0.869000859 0.869000859 0.351021658
111320 1.220022517 0.869000859 0.869000859 0.351021658
116160 1.220022517 0.869000859 0.869000859 0.351021658
121000 1.220022517 0.869000859 0.869000859 0.351021658
125840 1.220022517 0.869000859 0.869000859 0.351021658
130680 1.220022517 0.869000859 0.869000859 0.351021658
87120 1.259284043 0.925996258 0.925996258 0.333287785
91960 1.259284043 0.925996258 0.925996258 0.333287785
96800 1.259284043 0.925996258 0.925996258 0.333287785
101640 1.259284043 0.925996258 0.925996258 0.333287785
106480 1.259284043 0.925996258 0.925996258 0.333287785
111320 1.259284043 0.925996258 0.925996258 0.333287785
116160 1.259284043 0.925996258 0.925996258 0.333287785
121000 1.259284043 0.925996258 0.925996258 0.333287785
125840 1.259284043 0.925996258 0.925996258 0.333287785
130680 1.259284043 0.925996258 0.925996258 0.333287785
87120 1.236846514 0.879878908 0.879878908 0.356967606
91960 1.236846514 0.879878908 0.879878908 0.356967606
96800 1.236846514 0.879878908 0.879878908 0.356967606
101640 1.236846514 0.879878908 0.879878908 0.356967606
106480 1.236846514 0.879878908 0.879878908 0.356967606
111320 1.236846514 0.879878908 0.879878908 0.356967606
116160 1.236846514 0.879878908 0.879878908 0.356967606
121000 1.236846514 0.879878908 0.879878908 0.356967606
125840 1.236846514 0.879878908 0.879878908 0.356967606
130680 1.236846514 0.879878908 0.879878908 0.356967606
87120 1.267147074 0.888097042 0.888097042 0.379050032
91960 1.267147074 0.888097042 0.888097042 0.379050032
96800 1.267147074 0.888097042 0.888097042 0.379050032
101640 1.267147074 0.888097042 0.888097042 0.379050032
106480 1.267147074 0.888097042 0.888097042 0.379050032
111320 1.267147074 0.888097042 0.888097042 0.379050032
116160 1.267147074 0.888097042 0.888097042 0.379050032
121000 1.267147074 0.888097042 0.888097042 0.379050032
125840 1.267147074 0.888097042 0.888097042 0.379050032
130680 1.267147074 0.888097042 0.888097042 0.379050032
87120 1.245351567 0.917726565 0.917726565 0.327625002
91960 1.245351567 0.917726565 0.917726565 0.327625002
96800 1.245351567 0.917726565 0.917726565 0.327625002
101640 1.245351567 0.917726565 0.917726565 0.327625002
106480 1.245351567 0.917726565 0.917726565 0.327625002
111320 1.245351567 0.917726565 0.917726565 0.327625002
116160 1.245351567 0.917726565 0.917726565 0.327625002
121000 1.245351567 0.917726565 0.917726565 0.327625002
125840 1.245351567 0.917726565 0.917726565 0.327625002
130680 1.245351567 0.917726565 0.917726565 0.327625002
87120 1.247280564 0.887788707 0.887788707 0.359491857
91960 1.247280564 0.887788707 0.887788707 0.359491857
96800 1.247280564 0.887788707 0.887788707 0.359491857
101640 1.247280564 0.887788707 0.887788707 0.359491857
106480 1.247280564 0.887788707 0.887788707 0.359491857
111320 1.247280564 0.887788707 0.887788707 0.359491857
116160 1.247280564 0.887788707 0.887788707 0.359491857
121000 1.247280564 0.887788707 0.887788707 0.359491857
125840 1.247280564 0.887788707 0.887788707 0.359491857
130680 1.247280564 0.887788707 0.887788707 0.359491857
87120 1.254901099 0.922407104 0.922407104 0.332493995
91960 1.254901099 0.922407104 0.922407104 0.332493995
96800 1.254901099 0.922407104 0.922407104 0.332493995
101640 1.254901099 0.922407104 0.922407104 0.332493995
106480 1.254901099 0.922407104 0.922407104 0.332493995
111320 1.254901099 0.922407104 0.922407104 0.332493995
116160 1.254901099 0.922407104 0.922407104 0.332493995
121000 1.254901099 0.922407104 0.922407104 0.332493995
125840 1.254901099 0.922407104 0.922407104 0.332493995
130680 1.254901099 0.922407104 0.922407104 0.332493995
87120 1.254542841 0.891707879 0.891707879 0.362834962
91960 1.254542841 0.891707879 0.891707879 0.362834962
96800 1.254542841 0.891707879 0.891707879 0.362834962
101640 1.254542841 0.891707879 0.891707879 0.362834962
106480 1.254542841 0.891707879 0.891707879 0.362834962
111320 1.254542841 0.891707879 0.891707879 0.362834962
116160 1.254542841 0.891707879 0.891707879 0.362834962
121000 1.254542841 0.891707879 0.891707879 0.362834962
125840 1.254542841 0.891707879 0.891707879 0.362834962
130680 1.254542841 0.891707879 0.891707879 0.362834962
87120 1.270166960 0.922247502 0.922247502 0.347919458
91960 1.270166960 0.922247502 0.922247502 0.347919458
96800 1.270166960 0.922247502 0.922247502 0.347919458
101640 1.270166960 0.922247502 0.922247502 0.347919458
106480 1.270166960 0.922247502 0.922247502 0.347919458
111320 1.270166960 0.922247502 0.922247502 0.347919458
116160 1.270166960 0.922247502 0.922247502 0.347919458
121000 1.270166960 0.922247502 0.922247502 0.347919458
125840 1.270166960 0.922247502 0.922247502 0.347919458
130680 1.270166960 0.922247502 0.922247502 0.347919458
87120 1.240126101 0.885780475 0.885780475 0.354345626
91960 1.240126101 0.885780475 0.885780475 0.354345626
96800 1.240126101 0.885780475 0.885780475 0.354345626
101640 1.240126101 0.885780475 0.885780475 0.354345626
106480 1.240126101 0.885780475 0.885780475 0.354345626
111320 1.240126101 0.885780475 0.885780475 0.354345626
116160 1.240126101 0.885780475 0.885780475 0.354345626
121000 1.240126101 0.885780475 0.885780475 0.354345626
125840 1.240126101 0.885780475 0.885780475 0.354345626
130680 1.240126101 0.885780475 0.885780475 0.354345626
87120 1.247422905 0.912406569 0.912406569 0.335016336
91960 1.247422905 0.912406569 0.912406569 0.335016336
96800 1.247422905 0.912406569 0.912406569 0.335016336
101640 1.247422905 0.912406569 0.912406569 0.335016336
106480 1.247422905 0.912406569 0.912406569 0.335016336
111320 1.247422905 0.912406569 0.912406569 0.335016336
116160 1.247422905 0.912406569 0.912406569 0.335016336
121000 1.247422905 0.912406569 0.912406569 0.335016336
125840 1.247422905 0.912406569 0.912406569 0.335016336
130680 1.247422905 0.912406569 0.912406569 0.335016336
87120 1.278417348 0.928788258 0.928788258 0.349629090
91960 1.278417348 0.928788258 0.928788258 0.349629090
96800 1.278417348 0.928788258 0.928788258 0.349629090
101640 1.278417348 0.928788258 0.928788258 0.349629090
106480 1.278417348 0.928788258 0.928788258 0.349629090
111320 1.278417348 0.928788258 0.928788258 0.349629090
116160 1.278417348 0.928788258 0.928788258 0.349629090
121000 1.278417348 0.928788258 0.928788258 0.349629090
125840 1.278417348 0.928788258 0.928788258 0.349629090
130680 1.278417348 0.928788258 0.928788258 0.349629090
87120 1.278468471 0.915447646 0.915447646 0.363020825
91960 1.278468471 0.915447646 0.915447646 0.363020825
96800 1.278468471 0.915447646 0.915447646 0.363020825
101640 1.278468471 0.915447646 0.915447646 0.363020825
106480 1.278468471 0.915447646 0.915447646 0.363020825
111320 1.278468471 0.915447646 0.915447646 0.363020825
116160 1.278468471 0.915447646 0.915447646 0.363020825
121000 1.278468471 0.915447646 0.915447646 0.363020825
125840 1.278468471 0.915447646 0.915447646 0.363020825
130680 1.278468471 0.915447646 0.915447646 0.363020825
87120 1.246098815 0.882794412 0.882794412 0.363304403
91960 1.246098815 0.882794412 0.882794412 0.363304403
96800 1.246098815 0.882794412 0.882794412 0.363304403
101640 1.246098815 0.882794412 0.882794412 0.363304403
106480 1.246098815 0.882794412 0.882794412 0.363304403
111320 1.246098815 0.882794412 0.882794412 0.363304403
116160 1.246098815 0.882794412 0.882794412 0.363304403
121000 1.246098815 0.882794412 0.882794412 0.363304403
125840 1.246098815 0.882794412 0.882794412 0.363304403
130680 1.246098815 0.882794412 0.882794412 0.363304403
87120 1.274182304 0.932828325 0.932828325 0.341353979
91960 1.274182304 0.932828325 0.932828325 0.341353979
96800 1.274182304 0.932828325 0.932828325 0.341353979
101640 1.274182304 0.932828325 0.932828325 0.341353979
106480 1.274182304 0.932828325 0.932828325 0.341353979
111320 1.274182304 0.932828325 0.932828325 0.341353979
116160 1.274182304 0.932828325 0.932828325 0.341353979
121000 1.274182304 0.932828325 0.932828325 0.341353979
125840 1.274182304 0.932828325 0.932828325 0.341353979
130680 1.274182304 0.932828325 0.932828325 0.341353979
87120 1.255045545 0.889712337 0.889712337 0.365333208
91960 1.255045545 0.889712337 0.889712337 0.365333208
96800 1.255045545 0.889712337 0.889712337 0.365333208
101640 1.255045545 0.889712337 0.889712337 0.365333208
106480 1.255045545 0.889712337 0.889712337 0.365333208
111320 1.255045545 0.889712337 0.889712337 0.365333208
116160 1.255045545 0.889712337 0.889712337 0.365333208
121000 1.255045545 0.889712337 0.889712337 0.365333208
125840 1.255045545 0.889712337 0.889712337 0.365333208
130680 1.255045545 0.889712337 0.889712337 0.365333208
87120 1.259274154 0.903826593 0.903826593 0.355447561
91960 1.259274154 0.903826593 0.903826593 0.355447561
96800 1.259274154 0.903826593 0.903826593 0.355447561
101640 1.259274154 0.903826593 0.903826593 0.355447561
106480 1.259274154 0.903826593 0.903826593 0.355447561
111320 1.259274154 0.903826593 0.903826593 0.355447561
116160 1.259274154 0.903826593 0.903826593 0.355447561
121000 1.259274154 0.903826593 0.903826593 0.355447561
125840 1.259274154 0.903826593 0.903826593 0.355447561
130680 1.259274154 0.903826593 0.903826593 0.355447561
87120 1.271774242 0.931146083 0.931146083 0.340628159
91960 1.271774242 0.931146083 0.931146083 0.340628159
96800 1.271774242 0.931146083 0.931146083 0.340628159
101640 1.271774242 0.931146083 0.931146083 0.340628159
106480 1.271774242 0.931146083 0.931146083 0.340628159
111320 1.271774242 0.931146083 0.931146083 0.340628159
116160 1.271774242 0.931146083 0.931146083 0.340628159
121000 1.271774242 0.931146083 0.931146083 0.340628159
125840 1.271774242 0.931146083 0.931146083 0.340628159
130680 1.271774242 0.931146083 0.931146083 0.340628159
87120 1.266261639 0.932063158 0.932063158 0.334198481
91960 1.266261639 0.932063158 0.932063158 0.334198481
96800 1.266261639 0.932063158 0.932063158 0.334198481
101640 1.266261639 0.932063158 0.932063158 0.334198481
106480 1.266261639 0.932063158 0.932063158 0.334198481
111320 1.266261639 0.932063158 0.932063158 0.334198481
116160 1.266261639 0.932063158 0.932063158 0.334198481
121000 1.266261639 0.932063158 0.932063158 0.334198481
125840 1.266261639 0.932063158 0.932063158 0.334198481
130680 1.266261639 0.932063158 0.932063158 0.334198481
87120 1.215178759 0.861576505 0.861576505 0.353602254
91960 1.215178759 0.861576505 0.861576505 0.353602254
96800 1.215178759 0.861576505 0.861576505 0.353602254
101640 1.215178759 0.861576505 0.861576505 0.353602254
106480 1.215178759 0.861576505 0.861576505 0.353602254
111320 1.215178759 0.861576505 0.861576505 0.353602254
116160 1.215178759 0.861576505 0.861576505 0.353602254
121000 1.215178759 0.861576505 0.861576505 0.353602254
125840 1.215178759 0.861576505 0.861576505 0.353602254
130680 1.215178759 0.861576505 0.861576505 0.353602254
87120 1.240328204 0.906061222 0.906061222 0.334266982
91960 1.240328204 0.906061222 0.906061222 0.334266982
96800 1.240328204 0.906061222 0.906061222 0.334266982
101640 1.240328204 0.906061222 0.906061222 0.334266982
106480 1.240328204 0.906061222 0.906061222 0.334266982
111320 1.240328204 0.906061222 0.906061222 0.334266982
116160 1.240328204 0.906061222 0.906061222 0.334266982
121000 1.240328204 0.906061222 0.906061222 0.334266982
125840 1.240328204 0.906061222 0.906061222 0.334266982
130680 1.240328204 0.906061222 0.906061222 0.334266982
87120 1.232685552 0.881857828 0.881857828 0.350827724
91960 1.232685552 0.881857828 0.881857828 0.350827724
96800 1.232685552 0.881857828 0.881857828 0.350827724
101640 1.232685552 0.881857828 0.881857828 0.350827724
106480 1.232685552 0.881857828 0.881857828 0.350827724
111320 1.232685552 0.881857828 0.881857828 0.350827724
116160 1.232685552 0.881857828 0.881857828 0.350827724
121000 1.232685552 0.881857828 0.881857828 0.350827724
125840 1.232685552 0.881857828 0.881857828 0.350827724
130680 1.232685552 0.881857828 0.881857828 0.350827724
87120 1.257757899 0.924191102 0.924191102 0.333566797
91960 1.257757899 0.924191102 0.924191102 0.333566797
96800 1.257757899 0.924191102 0.924191102 0.333566797
101640 1.257757899 0.924191102 0.924191102 0.333566797
106480 1.257757899 0.924191102 0.924191102 0.333566797
111320 1.257757899 0.924191102 0.924191102 0.333566797
116160 1.257757899 0.924191102 0.924191102 0.333566797
121000 1.257757899 0.924191102 0.924191102 0.333566797
125840 1.257757899 0.924191102 0.924191102 0.333566797
130680 1.257757899 0.924191102 0.924191102 0.333566797
87120 1.225286322 0.898818507 0.898818507 0.326467815
91960 1.225286322 0.898818507 0.898818507 0.326467815
96800 1.225286322 0.898818507 0.898818507 0.326467815
101640 1.225286322 0.898818507 0.898818507 0.326467815
106480 1.225286322 0.898818507 0.898818507 0.326467815
111320 1.225286322 0.898818507 0.898818507 0.326467815
116160 1.225286322 0.898818507 0.898818507 0.326467815
121000 1.225286322 0.898818507 0.898818507 0.326467815
125840 1.225286322 0.898818507 0.898818507 0.326467815
130680 1.225286322 0.898818507 0.898818507 0.326467815
87120 1.211421175 0.862944403 0.862944403 0.348476772
91960 1.211421175 0.862944403 0.862944403 0.348476772
96800 1.211421175 0.862944403 0.862944403 0.348476772
101640 1.211421175 0.862944403 0.862944403 0.348476772
106480 1.211421175 0.862944403 0.862944403 0.348476772
111320 1.211421175 0.862944403 0.862944403 0.348476772
116160 1.211421175 0.862944403 0.862944403 0.348476772
121000 1.211421175 0.862944403 0.862944403 0.348476772
125840 1.211421175 0.862944403 0.862944403 0.348476772
130680 1.211421175 0.862944403 0.862944403 0.348476772
87120 1.226122363 0.876695357 0.876695357 0.349427006
91960 1.226122363 0.876695357 0.876695357 0.349427006
96800 1.226122363 0.876695357 0.876695357 0.349427006
101640 1.226122363 0.876695357 0.876695357 0.349427006
106480 1.226122363 0.876695357 0.876695357 0.349427006
111320 1.226122363 0.876695357 0.876695357 0.349427006
116160 1.226122363 0.876695357 0.876695357 0.349427006
121000 1.226122363 0.876695357 0.876695357 0.349427006
125840 1.226122363 0.876695357 0.876695357 0.349427006
130680 1.226122363 0.876695357 0.876695357 0.349427006
87120 1.203337524 0.856168472 0.856168472 0.347169052
91960 1.203337524 0.856168472 0.856168472 0.347169052
96800 1.203337524 0.856168472 0.856168472 0.347169052
101640 1.203337524 0.856168472 0.856168472 0.347169052
106480 1.203337524 0.856168472 0.856168472 0.347169052
111320 1.203337524 0.856168472 0.856168472 0.347169052
116160 1.203337524 0.856168472 0.856168472 0.347169052
121000 1.203337524 0.856168472 0.856168472 0.347169052
125840 1.203337524 0.856168472 0.856168472 0.347169052
130680 1.203337524 0.856168472 0.856168472 0.347169052
87120 0.196230050 0.174720722 0.174720722 0.021509328
91960 0.196230050 0.174720722 0.174720722 0.021509328
96800 0.196230050 0.174720722 0.174720722 0.021509328
101640 0.196230050 0.174720722 0.174720722 0.021509328
106480 0.196230050 0.174720722 0.174720722 0.021509328
111320 0.196230050 0.174720722 0.174720722 0.021509328
116160 0.196230050 0.174720722 0.174720722 0.021509328
121000 0.196230050 0.174720722 0.174720722 0.021509328
125840 0.196230050 0.174720722 0.174720722 0.021509328
130680 0.196230050 0.174720722 0.174720722 0.021509328
87120 0.201521109 0.183023416 0.183023416 0.018497693
91960 0.201521109 0.183023416 0.183023416 0.018497693
96800 0.201521109 0.183023416 0.183023416 0.018497693
101640 0.201521109 0.183023416 0.183023416 0.018497693
106480 0.201521109 0.183023416 0.183023416 0.018497693
111320 0.201521109 0.183023416 0.183023416 0.018497693
116160 0.201521109 0.183023416 0.183023416 0.018497693
121000 0.201521109 0.183023416 0.183023416 0.018497693
125840 0.201521109 0.183023416 0.183023416 0.018497693
130680 0.201521109 0.183023416 0.183023416 0.018497693
87120 0.202163890 0.182345987 0.182345987 0.019817903
91960 0.202163890 0.182345987 0.182345987 0.019817903
96800 0.202163890 0.182345987 0.182345987 0.019817903
101640 0.202163890 0.182345987 0.182345987 0.019817903
106480 0.202163890 0.182345987 0.182345987 0.019817903
111320 0.202163890 0.182345987 0.182345987 0.019817903
116160 0.202163890 0.182345987 0.182345987 0.019817903
121000 0.202163890 0.182345987 0.182345987 0.019817903
125840 0.202163890 0.182345987 0.182345987 0.019817903
130680 0.202163890 0.182345987 0.182345987 0.019817903
87120 0.201158602 0.182776677 0.182776677 0.018381925
91960 0.201158602 0.182776677 0.182776677 0.018381925
96800 0.201158602 0.182776677 0.182776677 0.018381925
101640 0.201158602 0.182776677 0.182776677 0.018381925
106480 0.201158602 0.182776677 0.182776677 0.018381925
111320 0.201158602 0.182776677 0.182776677 0.018381925
116160 0.201158602 0.182776677 0.182776677 0.018381925
121000 0.201158602 0.182776677 0.182776677 0.018381925
125840 0.201158602 0.182776677 0.182776677 0.018381925
130680 0.201158602 0.182776677 0.182776677 0.018381925
87120 0.196741634 0.176795232 0.176795232 0.019946402
91960 0.196741634 0.176795232 0.176795232 0.019946402
96800 0.196741634 0.176795232 0.176795232 0.019946402
101640 0.196741634 0.176795232 0.176795232 0.019946402
106480 0.196741634 0.176795232 0.176795232 0.019946402
111320 0.196741634 0.176795232 0.176795232 0.019946402
116160 0.196741634 0.176795232 0.176795232 0.019946402
121000 0.196741634 0.176795232 0.176795232 0.019946402
125840 0.196741634 0.176795232 0.176795232 0.019946402
130680 0.196741634 0.176795232 0.176795232 0.019946402
87120 0.206329470 0.187487170 0.187487170 0.018842300
91960 0.206329470 0.187487170 0.187487170 0.018842300
96800 0.206329470 0.187487170 0.187487170 0.018842300
101640 0.206329470 0.187487170 0.187487170 0.018842300
106480 0.206329470 0.187487170 0.187487170 0.018842300
111320 0.206329470 0.187487170 0.187487170 0.018842300
116160 0.206329470 0.187487170 0.187487170 0.018842300
121000 0.206329470 0.187487170 0.187487170 0.018842300
125840 0.206329470 0.187487170 0.187487170 0.018842300
130680 0.206329470 0.187487170 0.187487170 0.018842300
87120 0.198528169 0.180033384 0.180033384 0.018494785
91960 0.198528169 0.180033384 0.180033384 0.018494785
96800 0.198528169 0.180033384 0.180033384 0.018494785
101640 0.198528169 0.180033384 0.180033384 0.018494785
106480 0.198528169 0.180033384 0.180033384 0.018494785
111320 0.198528169 0.180033384 0.180033384 0.018494785
116160 0.198528169 0.180033384 0.180033384 0.018494785
121000 0.198528169 0.180033384 0.180033384 0.018494785
125840 0.198528169 0.180033384 0.180033384 0.018494785
130680 0.198528169 0.180033384 0.180033384 0.018494785
87120 0.199562849 0.180281084 0.180281084 0.019281765
91960 0.199562849 0.180281084 0.180281084 0.019281765
96800 0.199562849 0.180281084 0.180281084 0.019281765
101640 0.199562849 0.180281084 0.180281084 0.019281765
106480 0.199562849 0.180281084 0.180281084 0.019281765
111320 0.199562849 0.180281084 0.180281084 0.019281765
116160 0.199562849 0.180281084 0.180281084 0.019281765
121000 0.199562849 0.180281084 0.180281084 0.019281765
125840 0.199562849 0.180281084 0.180281084 0.019281765
130680 0.199562849 0.180281084 0.180281084 0.019281765
87120 0.193000782 0.173767888 0.173767888 0.019232894
91960 0.193000782 0.173767888 0.173767888 0.019232894
96800 0.193000782 0.173767888 0.173767888 0.019232894
101640 0.193000782 0.173767888 0.173767888 0.019232894
106480 0.193000782 0.173767888 0.173767888 0.019232894
111320 0.193000782 0.173767888 0.173767888 0.019232894
116160 0.193000782 0.173767888 0.173767888 0.019232894
121000 0.193000782 0.173767888 0.173767888 0.019232894
125840 0.193000782 0.173767888 0.173767888 0.019232894
130680 0.193000782 0.173767888 0.173767888 0.019232894
87120 0.191598847 0.171868647 0.171868647 0.019730200
91960 0.191598847 0.171868647 0.171868647 0.019730200
96800 0.191598847 0.171868647 0.171868647 0.019730200
101640 0.191598847 0.171868647 0.171868647 0.019730200
106480 0.191598847 0.171868647 0.171868647 0.019730200
111320 0.191598847 0.171868647 0.171868647 0.019730200
116160 0.191598847 0.171868647 0.171868647 0.019730200
121000 0.191598847 0.171868647 0.171868647 0.019730200
125840 0.191598847 0.171868647 0.171868647 0.019730200
130680 0.191598847 0.171868647 0.171868647 0.019730200
87120 0.191894468 0.172266055 0.172266055 0.019628413
91960 0.191894468 0.172266055 0.172266055 0.019628413
96800 0.191894468 0.172266055 0.172266055 0.019628413
101640 0.191894468 0.172266055 0.172266055 0.019628413
106480 0.191894468 0.172266055 0.172266055 0.019628413
111320 0.191894468 0.172266055 0.172266055 0.019628413
116160 0.191894468 0.172266055 0.172266055 0.019628413
121000 0.191894468 0.172266055 0.172266055 0.019628413
125840 0.191894468 0.172266055 0.172266055 0.019628413
130680 0.191894468 0.172266055 0.172266055 0.019628413
87120 0.187388776 0.166083778 0.166083778 0.021304998
91960 0.187388776 0.166083778 0.166083778 0.021304998
96800 0.187388776 0.166083778 0.166083778 0.021304998
101640 0.187388776 0.166083778 0.166083778 0.021304998
106480 0.187388776 0.166083778 0.166083778 0.021304998
111320 0.187388776 0.166083778 0.166083778 0.021304998
116160 0.187388776 0.166083778 0.166083778 0.021304998
121000 0.187388776 0.166083778 0.166083778 0.021304998
125840 0.187388776 0.166083778 0.166083778 0.021304998
130680 0.187388776 0.166083778 0.166083778 0.021304998
87120 0.201284485 0.183363599 0.183363599 0.017920886
91960 0.201284485 0.183363599 0.183363599 0.017920886
96800 0.201284485 0.183363599 0.183363599 0.017920886
101640 0.201284485 0.183363599 0.183363599 0.017920886
106480 0.201284485 0.183363599 0.183363599 0.017920886
111320 0.201284485 0.183363599 0.183363599 0.017920886
116160 0.201284485 0.183363599 0.183363599 0.017920886
121000 0.201284485 0.183363599 0.183363599 0.017920886
125840 0.201284485 0.183363599 0.183363599 0.017920886
130680 0.201284485 0.183363599 0.183363599 0.017920886
87120 0.200558825 0.180227725 0.180227725 0.020331100
91960 0.200558825 0.180227725 0.180227725 0.020331100
96800 0.200558825 0.180227725 0.180227725 0.020331100
101640 0.200558825 0.180227725 0.180227725 0.020331100
106480 0.200558825 0.180227725 0.180227725 0.020331100
111320 0.200558825 0.180227725 0.180227725 0.020331100
116160 0.200558825 0.180227725 0.180227725 0.020331100
121000 0.200558825 0.180227725 0.180227725 0.020331100
125840 0.200558825 0.180227725 0.180227725 0.020331100
130680 0.200558825 0.180227725 0.180227725 0.020331100
87120 0.205995282 0.187749962 0.187749962 0.018245320
91960 0.205995282 0.187749962 0.187749962 0.018245320
96800 0.205995282 0.187749962 0.187749962 0.018245320
101640 0.205995282 0.187749962 0.187749962 0.018245320
106480 0.205995282 0.187749962 0.187749962 0.018245320
111320 0.205995282 0.187749962 0.187749962 0.018245320
116160 0.205995282 0.187749962 0.187749962 0.018245320
121000 0.205995282 0.187749962 0.187749962 0.018245320
125840 0.205995282 0.187749962 0.187749962 0.018245320
130680 0.205995282 0.187749962 0.187749962 0.018245320
87120 0.194213713 0.174501255 0.174501255 0.019712458
91960 0.194213713 0.174501255 0.174501255 0.019712458
96800 0.194213713 0.174501255 0.174501255 0.019712458
101640 0.194213713 0.174501255 0.174501255 0.019712458
106480 0.194213713 0.174501255 0.174501255 0.019712458
111320 0.194213713 0.174501255 0.174501255 0.019712458
116160 0.194213713 0.174501255 0.174501255 0.019712458
121000 0.194213713 0.174501255 0.174501255 0.019712458
125840 0.194213713 0.174501255 0.174501255 0.019712458
130680 0.194213713 0.174501255 0.174501255 0.019712458
87120 0.196539960 0.176651358 0.176651358 0.019888602
91960 0.196539960 0.176651358 0.176651358 0.019888602
96800 0.196539960 0.176651358 0.176651358 0.019888602
101640 0.196539960 0.176651358 0.176651358 0.019888602
106480 0.196539960 0.176651358 0.176651358 0.019888602
111320 0.196539960 0.176651358 0.176651358 0.019888602
116160 0.196539960 0.176651358 0.176651358 0.019888602
121000 0.196539960 0.176651358 0.176651358 0.019888602
125840 0.196539960 0.176651358 0.176651358 0.019888602
130680 0.196539960 0.176651358 0.176651358 0.019888602
87120 0.187181647 0.168033895 0.168033895 0.019147752
91960 0.187181647 0.168033895 0.168033895 0.019147752
96800 0.187181647 0.168033895 0.168033895 0.019147752
101640 0.187181647 0.168033895 0.168033895 0.019147752
106480 0.187181647 0.168033895 0.168033895 0.019147752
111320 0.187181647 0.168033895 0.168033895 0.019147752
116160 0.187181647 0.168033895 0.168033895 0.019147752
121000 0.187181647 0.168033895 0.168033895 0.019147752
125840 0.187181647 0.168033895 0.168033895 0.019147752
130680 0.187181647 0.168033895 0.168033895 0.019147752
87120 0.186649529 0.166988476 0.166988476 0.019661053
91960 0.186649529 0.166988476 0.166988476 0.019661053
96800 0.186649529 0.166988476 0.166988476 0.019661053
101640 0.186649529 0.166988476 0.166988476 0.019661053
106480 0.186649529 0.166988476 0.166988476 0.019661053
111320 0.186649529 0.166988476 0.166988476 0.019661053
116160 0.186649529 0.166988476 0.166988476 0.019661053
121000 0.186649529 0.166988476 0.166988476 0.019661053
125840 0.186649529 0.166988476 0.166988476 0.019661053
130680 0.186649529 0.166988476 0.166988476 0.019661053
87120 0.188426011 0.167371275 0.167371275 0.021054736
91960 0.188426011 0.167371275 0.167371275 0.021054736
96800 0.188426011 0.167371275 0.167371275 0.021054736
101640 0.188426011 0.167371275 0.167371275 0.021054736
106480 0.188426011 0.167371275 0.167371275 0.021054736
111320 0.188426011 0.167371275 0.167371275 0.021054736
116160 0.188426011 0.167371275 0.167371275 0.021054736
121000 0.188426011 0.167371275 0.167371275 0.021054736
125840 0.188426011 0.167371275 0.167371275 0.021054736
130680 0.188426011 0.167371275 0.167371275 0.021054736
87120 0.186290257 0.166599273 0.166599273 0.019690984
91960 0.186290257 0.166599273 0.166599273 0.019690984
96800 0.186290257 0.166599273 0.166599273 0.019690984
101640 0.186290257 0.166599273 0.166599273 0.019690984
106480 0.186290257 0.166599273 0.166599273 0.019690984
111320 0.186290257 0.166599273 0.166599273 0.019690984
116160 0.186290257 0.166599273 0.166599273 0.019690984
121000 0.186290257 0.166599273 0.166599273 0.019690984
125840 0.186290257 0.166599273 0.166599273 0.019690984
130680 0.186290257 0.166599273 0.166599273 0.019690984
87120 0.185839972 0.165683594 0.165683594 0.020156378
91960 0.185839972 0.165683594 0.165683594 0.020156378
96800 0.185839972 0.165683594 0.165683594 0.020156378
101640 0.185839972 0.165683594 0.165683594 0.020156378
106480 0.185839972 0.165683594 0.165683594 0.020156378
111320 0.185839972 0.165683594 0.165683594 0.020156378
116160 0.185839972 0.165683594 0.165683594 0.020156378
121000 0.185839972 0.165683594 0.165683594 0.020156378
125840 0.185839972 0.165683594 0.165683594 0.020156378
130680 0.185839972 0.165683594 0.165683594 0.020156378
87120 0.189905361 0.170516168 0.170516168 0.019389193
91960 0.189905361 0.170516168 0.170516168 0.019389193
96800 0.189905361 0.170516168 0.170516168 0.019389193
101640 0.189905361 0.170516168 0.170516168 0.019389193
106480 0.189905361 0.170516168 0.170516168 0.019389193
111320 0.189905361 0.170516168 0.170516168 0.019389193
116160 0.189905361 0.170516168 0.170516168 0.019389193
121000 0.189905361 0.170516168 0.170516168 0.019389193
125840 0.189905361 0.170516168 0.170516168 0.019389193
130680 0.189905361 0.170516168 0.170516168 0.019389193
87120 0.193433918 0.173431722 0.173431722 0.020002196
91960 0.193433918 0.173431722 0.173431722 0.020002196
96800 0.193433918 0.173431722 0.173431722 0.020002196
101640 0.193433918 0.173431722 0.173431722 0.020002196
106480 0.193433918 0.173431722 0.173431722 0.020002196
111320 0.193433918 0.173431722 0.173431722 0.020002196
116160 0.193433918 0.173431722 0.173431722 0.020002196
121000 0.193433918 0.173431722 0.173431722 0.020002196
125840 0.193433918 0.173431722 0.173431722 0.020002196
130680 0.193433918 0.173431722 0.173431722 0.020002196
87120 0.188123997 0.167657434 0.167657434 0.020466563
91960 0.188123997 0.167657434 0.167657434 0.020466563
96800 0.188123997 0.167657434 0.167657434 0.020466563
101640 0.188123997 0.167657434 0.167657434 0.020466563
106480 0.188123997 0.167657434 0.167657434 0.020466563
111320 0.188123997 0.167657434 0.167657434 0.020466563
116160 0.188123997 0.167657434 0.167657434 0.020466563
121000 0.188123997 0.167657434 0.167657434 0.020466563
125840 0.188123997 0.167657434 0.167657434 0.020466563
130680 0.188123997 0.167657434 0.167657434 0.020466563
87120 0.192163141 0.172884378 0.172884378 0.019278763
91960 0.192163141 0.172884378 0.172884378 0.019278763
96800 0.192163141 0.172884378 0.172884378 0.019278763
101640 0.192163141 0.172884378 0.172884378 0.019278763
106480 0.192163141 0.172884378 0.172884378 0.019278763
111320 0.192163141 0.172884378 0.172884378 0.019278763
116160 0.192163141 0.172884378 0.172884378 0.019278763
121000 0.192163141 0.172884378 0.172884378 0.019278763
125840 0.192163141 0.172884378 0.172884378 0.019278763
130680 0.192163141 0.172884378 0.172884378 0.019278763
87120 0.191058403 0.171439316 0.171439316 0.019619087
91960 0.191058403 0.171439316 0.171439316 0.019619087
96800 0.191058403 0.171439316 0.171439316 0.019619087
101640 0.191058403 0.171439316 0.171439316 0.019619087
106480 0.191058403 0.171439316 0.171439316 0.019619087
111320 0.191058403 0.171439316 0.171439316 0.019619087
116160 0.191058403 0.171439316 0.171439316 0.019619087
121000 0.191058403 0.171439316 0.171439316 0.019619087
125840 0.191058403 0.171439316 0.171439316 0.019619087
130680 0.191058403 0.171439316 0.171439316 0.019619087
87120 0.191886092 0.171722794 0.171722794 0.020163298
91960 0.191886092 0.171722794 0.171722794 0.020163298
96800 0.191886092 0.171722794 0.171722794 0.020163298
101640 0.191886092 0.171722794 0.171722794 0.020163298
106480 0.191886092 0.171722794 0.171722794 0.020163298
111320 0.191886092 0.171722794 0.171722794 0.020163298
116160 0.191886092 0.171722794 0.171722794 0.020163298
121000 0.191886092 0.171722794 0.171722794 0.020163298
125840 0.191886092 0.171722794 0.171722794 0.020163298
130680 0.191886092 0.171722794 0.171722794 0.020163298
87120 0.185894786 0.166892231 0.166892231 0.019002555
91960 0.185894786 0.166892231 0.166892231 0.019002555
96800 0.185894786 0.166892231 0.166892231 0.019002555
101640 0.185894786 0.166892231 0.166892231 0.019002555
106480 0.185894786 0.166892231 0.166892231 0.019002555
111320 0.185894786 0.166892231 0.166892231 0.019002555
116160 0.185894786 0.166892231 0.166892231 0.019002555
121000 0.185894786 0.166892231 0.166892231 0.019002555
125840 0.185894786 0.166892231 0.166892231 0.019002555
130680 0.185894786 0.166892231 0.166892231 0.019002555
87120 0.188014307 0.169282424 0.169282424 0.018731883
91960 0.188014307 0.169282424 0.169282424 0.018731883
96800 0.188014307 0.169282424 0.169282424 0.018731883
101640 0.188014307 0.169282424 0.169282424 0.018731883
106480 0.188014307 0.169282424 0.169282424 0.018731883
111320 0.188014307 0.169282424 0.169282424 0.018731883
116160 0.188014307 0.169282424 0.169282424 0.018731883
121000 0.188014307 0.169282424 0.169282424 0.018731883
125840 0.188014307 0.169282424 0.169282424 0.018731883
130680 0.188014307 0.169282424 0.169282424 0.018731883
87120 0.192474364 0.171755330 0.171755330 0.020719034
91960 0.192474364 0.171755330 0.171755330 0.020719034
96800 0.192474364 0.171755330 0.171755330 0.020719034
101640 0.192474364 0.171755330 0.171755330 0.020719034
106480 0.192474364 0.171755330 0.171755330 0.020719034
111320 0.192474364 0.171755330 0.171755330 0.020719034
116160 0.192474364 0.171755330 0.171755330 0.020719034
121000 0.192474364 0.171755330 0.171755330 0.020719034
125840 0.192474364 0.171755330 0.171755330 0.020719034
130680 0.192474364 0.171755330 0.171755330 0.020719034
87120 0.196013116 0.176721873 0.176721873 0.019291243
91960 0.196013116 0.176721873 0.176721873 0.019291243
96800 0.196013116 0.176721873 0.176721873 0.019291243
101640 0.196013116 0.176721873 0.176721873 0.019291243
106480 0.196013116 0.176721873 0.176721873 0.019291243
111320 0.196013116 0.176721873 0.176721873 0.019291243
116160 0.196013116 0.176721873 0.176721873 0.019291243
121000 0.196013116 0.176721873 0.176721873 0.019291243
125840 0.196013116 0.176721873 0.176721873 0.019291243
130680 0.196013116 0.176721873 0.176721873 0.019291243
87120 0.196522071 0.177481577 0.177481577 0.019040494
91960 0.196522071 0.177481577 0.177481577 0.019040494
96800 0.196522071 0.177481577 0.177481577 0.019040494
101640 0.196522071 0.177481577 0.177481577 0.019040494
106480 0.196522071 0.177481577 0.177481577 0.019040494
111320 0.196522071 0.177481577 0.177481577 0.019040494
116160 0.196522071 0.177481577 0.177481577 0.019040494
121000 0.196522071 0.177481577 0.177481577 0.019040494
125840 0.196522071 0.177481577 0.177481577 0.019040494
130680 0.196522071 0.177481577 0.177481577 0.019040494
87120 0.201686142 0.182097975 0.182097975 0.019588167
91960 0.201686142 0.182097975 0.182097975 0.019588167
96800 0.201686142 0.182097975 0.182097975 0.019588167
101640 0.201686142 0.182097975 0.182097975 0.019588167
106480 0.201686142 0.182097975 0.182097975 0.019588167
111320 0.201686142 0.182097975 0.182097975 0.019588167
116160 0.201686142 0.182097975 0.182097975 0.019588167
121000 0.201686142 0.182097975 0.182097975 0.019588167
125840 0.201686142 0.182097975 0.182097975 0.019588167
130680 0.201686142 0.182097975 0.182097975 0.019588167
87120 0.198081697 0.179170698 0.179170698 0.018910999
91960 0.198081697 0.179170698 0.179170698 0.018910999
96800 0.198081697 0.179170698 0.179170698 0.018910999
101640 0.198081697 0.179170698 0.179170698 0.018910999
106480 0.198081697 0.179170698 0.179170698 0.018910999
111320 0.198081697 0.179170698 0.179170698 0.018910999
116160 0.198081697 0.179170698 0.179170698 0.018910999
121000 0.198081697 0.179170698 0.179170698 0.018910999
125840 0.198081697 0.179170698 0.179170698 0.018910999
130680 0.198081697 0.179170698 0.179170698 0.018910999
87120 0.197356520 0.178001160 0.178001160 0.019355360
91960 0.197356520 0.178001160 0.178001160 0.019355360
96800 0.197356520 0.178001160 0.178001160 0.019355360
101640 0.197356520 0.178001160 0.178001160 0.019355360
106480 0.197356520 0.178001160 0.178001160 0.019355360
111320 0.197356520 0.178001160 0.178001160 0.019355360
116160 0.197356520 0.178001160 0.178001160 0.019355360
121000 0.197356520 0.178001160 0.178001160 0.019355360
125840 0.197356520 0.178001160 0.178001160 0.019355360
130680 0.197356520 0.178001160 0.178001160 0.019355360
87120 0.195028785 0.175578452 0.175578452 0.019450333
91960 0.195028785 0.175578452 0.175578452 0.019450333
96800 0.195028785 0.175578452 0.175578452 0.019450333
101640 0.195028785 0.175578452 0.175578452 0.019450333
106480 0.195028785 0.175578452 0.175578452 0.019450333
111320 0.195028785 0.175578452 0.175578452 0.019450333
116160 0.195028785 0.175578452 0.175578452 0.019450333
121000 0.195028785 0.175578452 0.175578452 0.019450333
125840 0.195028785 0.175578452 0.175578452 0.019450333
130680 0.195028785 0.175578452 0.175578452 0.019450333
87120 0.197782140 0.178246505 0.178246505 0.019535635
91960 0.197782140 0.178246505 0.178246505 0.019535635
96800 0.197782140 0.178246505 0.178246505 0.019535635
101640 0.197782140 0.178246505 0.178246505 0.019535635
106480 0.197782140 0.178246505 0.178246505 0.019535635
111320 0.197782140 0.178246505 0.178246505 0.019535635
116160 0.197782140 0.178246505 0.178246505 0.019535635
121000 0.197782140 0.178246505 0.178246505 0.019535635
125840 0.197782140 0.178246505 0.178246505 0.019535635
130680 0.197782140 0.178246505 0.178246505 0.019535635
87120 0.196620177 0.177400855 0.177400855 0.019219322
91960 0.196620177 0.177400855 0.177400855 0.019219322
96800 0.196620177 0.177400855 0.177400855 0.019219322
101640 0.196620177 0.177400855 0.177400855 0.019219322
106480 0.196620177 0.177400855 0.177400855 0.019219322
111320 0.196620177 0.177400855 0.177400855 0.019219322
116160 0.196620177 0.177400855 0.177400855 0.019219322
121000 0.196620177 0.177400855 0.177400855 0.019219322
125840 0.196620177 0.177400855 0.177400855 0.019219322
130680 0.196620177 0.177400855 0.177400855 0.019219322
87120 0.201428501 0.181770916 0.181770916 0.019657585
91960 0.201428501 0.181770916 0.181770916 0.019657585
96800 0.201428501 0.181770916 0.181770916 0.019657585
101640 0.201428501 0.181770916 0.181770916 0.019657585
106480 0.201428501 0.181770916 0.181770916 0.019657585
111320 0.201428501 0.181770916 0.181770916 0.019657585
116160 0.201428501 0.181770916 0.181770916 0.019657585
121000 0.201428501 0.181770916 0.181770916 0.019657585
125840 0.201428501 0.181770916 0.181770916 0.019657585
130680 0.201428501 0.181770916 0.181770916 0.019657585
87120 0.196936901 0.177061489 0.177061489 0.019875412
91960 0.196936901 0.177061489 0.177061489 0.019875412
96800 0.196936901 0.177061489 0.177061489 0.019875412
101640 0.196936901 0.177061489 0.177061489 0.019875412
106480 0.196936901 0.177061489 0.177061489 0.019875412
111320 0.196936901 0.177061489 0.177061489 0.019875412
116160 0.196936901 0.177061489 0.177061489 0.019875412
121000 0.196936901 0.177061489 0.177061489 0.019875412
125840 0.196936901 0.177061489 0.177061489 0.019875412
130680 0.196936901 0.177061489 0.177061489 0.019875412
87120 0.195839088 0.177002500 0.177002500 0.018836588
91960 0.195839088 0.177002500 0.177002500 0.018836588
96800 0.195839088 0.177002500 0.177002500 0.018836588
101640 0.195839088 0.177002500 0.177002500 0.018836588
106480 0.195839088 0.177002500 0.177002500 0.018836588
111320 0.195839088 0.177002500 0.177002500 0.018836588
116160 0.195839088 0.177002500 0.177002500 0.018836588
121000 0.195839088 0.177002500 0.177002500 0.018836588
125840 0.195839088 0.177002500 0.177002500 0.018836588
130680 0.195839088 0.177002500 0.177002500 0.018836588
87120 0.200777739 0.181708571 0.181708571 0.019069168
91960 0.200777739 0.181708571 0.181708571 0.019069168
96800 0.200777739 0.181708571 0.181708571 0.019069168
101640 0.200777739 0.181708571 0.181708571 0.019069168
106480 0.200777739 0.181708571 0.181708571 0.019069168
111320 0.200777739 0.181708571 0.181708571 0.019069168
116160 0.200777739 0.181708571 0.181708571 0.019069168
121000 0.200777739 0.181708571 0.181708571 0.019069168
125840 0.200777739 0.181708571 0.181708571 0.019069168
130680 0.200777739 0.181708571 0.181708571 0.019069168
87120 0.198053755 0.179783906 0.179783906 0.018269849
91960 0.198053755 0.179783906 0.179783906 0.018269849
96800 0.198053755 0.179783906 0.179783906 0.018269849
101640 0.198053755 0.179783906 0.179783906 0.018269849
106480 0.198053755 0.179783906 0.179783906 0.018269849
111320 0.198053755 0.179783906 0.179783906 0.018269849
116160 0.198053755 0.179783906 0.179783906 0.018269849
121000 0.198053755 0.179783906 0.179783906 0.018269849
125840 0.198053755 0.179783906 0.179783906 0.018269849
130680 0.198053755 0.179783906 0.179783906 0.018269849
87120 0.198125455 0.178495039 0.178495039 0.019630416
91960 0.198125455 0.178495039 0.178495039 0.019630416
96800 0.198125455 0.178495039 0.178495039 0.019630416
101640 0.198125455 0.178495039 0.178495039 0.019630416
106480 0.198125455 0.178495039 0.178495039 0.019630416
111320 0.198125455 0.178495039 0.178495039 0.019630416
116160 0.198125455 0.178495039 0.178495039 0.019630416
121000 0.198125455 0.178495039 0.178495039 0.019630416
125840 0.198125455 0.178495039 0.178495039 0.019630416
130680 0.198125455 0.178495039 0.178495039 0.019630416
87120 0.194984228 0.176130282 0.176130282 0.018853946
91960 0.194984228 0.176130282 0.176130282 0.018853946
96800 0.194984228 0.176130282 0.176130282 0.018853946
101640 0.194984228 0.176130282 0.176130282 0.018853946
106480 0.194984228 0.176130282 0.176130282 0.018853946
111320 0.194984228 0.176130282 0.176130282 0.018853946
116160 0.194984228 0.176130282 0.176130282 0.018853946
121000 0.194984228 0.176130282 0.176130282 0.018853946
125840 0.194984228 0.176130282 0.176130282 0.018853946
130680 0.194984228 0.176130282 0.176130282 0.018853946
87120 0.182569441 0.163648594 0.163648594 0.018920847
91960 0.182569441 0.163648594 0.163648594 0.018920847
96800 0.182569441 0.163648594 0.163648594 0.018920847
101640 0.182569441 0.163648594 0.163648594 0.018920847
106480 0.182569441 0.163648594 0.163648594 0.018920847
111320 0.182569441 0.163648594 0.163648594 0.018920847
116160 0.182569441 0.163648594 0.163648594 0.018920847
121000 0.182569441 0.163648594 0.163648594 0.018920847
125840 0.182569441 0.163648594 0.163648594 0.018920847
130680 0.182569441 0.163648594 0.163648594 0.018920847
87120 0.195609434 0.175729276 0.175729276 0.019880158
91960 0.195609434 0.175729276 0.175729276 0.019880158
96800 0.195609434 0.175729276 0.175729276 0.019880158
101640 0.195609434 0.175729276 0.175729276 0.019880158
106480 0.195609434 0.175729276 0.175729276 0.019880158
111320 0.195609434 0.175729276 0.175729276 0.019880158
116160 0.195609434 0.175729276 0.175729276 0.019880158
121000 0.195609434 0.175729276 0.175729276 0.019880158
125840 0.195609434 0.175729276 0.175729276 0.019880158
130680 0.195609434 0.175729276 0.175729276 0.019880158
87120 0.202370409 0.183030849 0.183030849 0.019339560
91960 0.202370409 0.183030849 0.183030849 0.019339560
96800 0.202370409 0.183030849 0.183030849 0.019339560
101640 0.202370409 0.183030849 0.183030849 0.019339560
106480 0.202370409 0.183030849 0.183030849 0.019339560
111320 0.202370409 0.183030849 0.183030849 0.019339560
116160 0.202370409 0.183030849 0.183030849 0.019339560
121000 0.202370409 0.183030849 0.183030849 0.019339560
125840 0.202370409 0.183030849 0.183030849 0.019339560
130680 0.202370409 0.183030849 0.183030849 0.019339560
87120 0.207544852 0.189557281 0.189557281 0.017987571
91960 0.207544852 0.189557281 0.189557281 0.017987571
96800 0.207544852 0.189557281 0.189557281 0.017987571
101640 0.207544852 0.189557281 0.189557281 0.017987571
106480 0.207544852 0.189557281 0.189557281 0.017987571
111320 0.207544852 0.189557281 0.189557281 0.017987571
116160 0.207544852 0.189557281 0.189557281 0.017987571
121000 0.207544852 0.189557281 0.189557281 0.017987571
125840 0.207544852 0.189557281 0.189557281 0.017987571
130680 0.207544852 0.189557281 0.189557281 0.017987571
87120 0.201420539 0.182501522 0.182501522 0.018919017
91960 0.201420539 0.182501522 0.182501522 0.018919017
96800 0.201420539 0.182501522 0.182501522 0.018919017
101640 0.201420539 0.182501522 0.182501522 0.018919017
106480 0.201420539 0.182501522 0.182501522 0.018919017
111320 0.201420539 0.182501522 0.182501522 0.018919017
116160 0.201420539 0.182501522 0.182501522 0.018919017
121000 0.201420539 0.182501522 0.182501522 0.018919017
125840 0.201420539 0.182501522 0.182501522 0.018919017
130680 0.201420539 0.182501522 0.182501522 0.018919017
87120 0.195183654 0.171830946 0.171830946 0.023352708
91960 0.195183654 0.171830946 0.171830946 0.023352708
96800 0.195183654 0.171830946 0.171830946 0.023352708
101640 0.195183654 0.171830946 0.171830946 0.023352708
106480 0.195183654 0.171830946 0.171830946 0.023352708
111320 0.195183654 0.171830946 0.171830946 0.023352708
116160 0.195183654 0.171830946 0.171830946 0.023352708
121000 0.195183654 0.171830946 0.171830946 0.023352708
125840 0.195183654 0.171830946 0.171830946 0.023352708
130680 0.195183654 0.171830946 0.171830946 0.023352708
87120 0.201166561 0.181215262 0.181215262 0.019951299
91960 0.201166561 0.181215262 0.181215262 0.019951299
96800 0.201166561 0.181215262 0.181215262 0.019951299
101640 0.201166561 0.181215262 0.181215262 0.019951299
106480 0.201166561 0.181215262 0.181215262 0.019951299
111320 0.201166561 0.181215262 0.181215262 0.019951299
116160 0.201166561 0.181215262 0.181215262 0.019951299
121000 0.201166561 0.181215262 0.181215262 0.019951299
125840 0.201166561 0.181215262 0.181215262 0.019951299
130680 0.201166561 0.181215262 0.181215262 0.019951299
87120 0.199644090 0.180431035 0.180431035 0.019213055
91960 0.199644090 0.180431035 0.180431035 0.019213055
96800 0.199644090 0.180431035 0.180431035 0.019213055
101640 0.199644090 0.180431035 0.180431035 0.019213055
106480 0.199644090 0.180431035 0.180431035 0.019213055
111320 0.199644090 0.180431035 0.180431035 0.019213055
116160 0.199644090 0.180431035 0.180431035 0.019213055
121000 0.199644090 0.180431035 0.180431035 0.019213055
125840 0.199644090 0.180431035 0.180431035 0.019213055
130680 0.199644090 0.180431035 0.180431035 0.019213055
87120 0.200995759 0.181457184 0.181457184 0.019538575
91960 0.200995759 0.181457184 0.181457184 0.019538575
96800 0.200995759 0.181457184 0.181457184 0.019538575
101640 0.200995759 0.181457184 0.181457184 0.019538575
106480 0.200995759 0.181457184 0.181457184 0.019538575
111320 0.200995759 0.181457184 0.181457184 0.019538575
116160 0.200995759 0.181457184 0.181457184 0.019538575
121000 0.200995759 0.181457184 0.181457184 0.019538575
125840 0.200995759 0.181457184 0.181457184 0.019538575
130680 0.200995759 0.181457184 0.181457184 0.019538575
87120 0.194531670 0.174619336 0.174619336 0.019912334
91960 0.194531670 0.174619336 0.174619336 0.019912334
96800 0.194531670 0.174619336 0.174619336 0.019912334
101640 0.194531670 0.174619336 0.174619336 0.019912334
106480 0.194531670 0.174619336 0.174619336 0.019912334
111320 0.194531670 0.174619336 0.174619336 0.019912334
116160 0.194531670 0.174619336 0.174619336 0.019912334
121000 0.194531670 0.174619336 0.174619336 0.019912334
125840 0.194531670 0.174619336 0.174619336 0.019912334
130680 0.194531670 0.174619336 0.174619336 0.019912334
87120 0.202585039 0.182431970 0.182431970 0.020153069
91960 0.202585039 0.182431970 0.182431970 0.020153069
96800 0.202585039 0.182431970 0.182431970 0.020153069
101640 0.202585039 0.182431970 0.182431970 0.020153069
106480 0.202585039 0.182431970 0.182431970 0.020153069
111320 0.202585039 0.182431970 0.182431970 0.020153069
116160 0.202585039 0.182431970 0.182431970 0.020153069
121000 0.202585039 0.182431970 0.182431970 0.020153069
125840 0.202585039 0.182431970 0.182431970 0.020153069
130680 0.202585039 0.182431970 0.182431970 0.020153069
87120 0.200196547 0.179871826 0.179871826 0.020324721
91960 0.200196547 0.179871826 0.179871826 0.020324721
96800 0.200196547 0.179871826 0.179871826 0.020324721
101640 0.200196547 0.179871826 0.179871826 0.020324721
106480 0.200196547 0.179871826 0.179871826 0.020324721
111320 0.200196547 0.179871826 0.179871826 0.020324721
116160 0.200196547 0.179871826 0.179871826 0.020324721
121000 0.200196547 0.179871826 0.179871826 0.020324721
125840 0.200196547 0.179871826 0.179871826 0.020324721
130680 0.200196547 0.179871826 0.179871826 0.020324721
87120 0.197786646 0.178828032 0.178828032 0.018958614
91960 0.197786646 0.178828032 0.178828032 0.018958614
96800 0.197786646 0.178828032 0.178828032 0.018958614
101640 0.197786646 0.178828032 0.178828032 0.018958614
106480 0.197786646 0.178828032 0.178828032 0.018958614
111320 0.197786646 0.178828032 0.178828032 0.018958614
116160 0.197786646 0.178828032 0.178828032 0.018958614
121000 0.197786646 0.178828032 0.178828032 0.018958614
125840 0.197786646 0.178828032 0.178828032 0.018958614
130680 0.197786646 0.178828032 0.178828032 0.018958614
87120 0.200060117 0.181422256 0.181422256 0.018637861
91960 0.200060117 0.181422256 0.181422256 0.018637861
96800 0.200060117 0.181422256 0.181422256 0.018637861
101640 0.200060117 0.181422256 0.181422256 0.018637861
106480 0.200060117 0.181422256 0.181422256 0.018637861
111320 0.200060117 0.181422256 0.181422256 0.018637861
116160 0.200060117 0.181422256 0.181422256 0.018637861
121000 0.200060117 0.181422256 0.181422256 0.018637861
125840 0.200060117 0.181422256 0.181422256 0.018637861
130680 0.200060117 0.181422256 0.181422256 0.018637861
87120 0.195027180 0.173250397 0.173250397 0.021776783
91960 0.195027180 0.173250397 0.173250397 0.021776783
96800 0.195027180 0.173250397 0.173250397 0.021776783
101640 0.195027180 0.173250397 0.173250397 0.021776783
106480 0.195027180 0.173250397 0.173250397 0.021776783
111320 0.195027180 0.173250397 0.173250397 0.021776783
116160 0.195027180 0.173250397 0.173250397 0.021776783
121000 0.195027180 0.173250397 0.173250397 0.021776783
125840 0.195027180 0.173250397 0.173250397 0.021776783
130680 0.195027180 0.173250397 0.173250397 0.021776783
87120 0.197342652 0.177404476 0.177404476 0.019938176
91960 0.197342652 0.177404476 0.177404476 0.019938176
96800 0.197342652 0.177404476 0.177404476 0.019938176
101640 0.197342652 0.177404476 0.177404476 0.019938176
106480 0.197342652 0.177404476 0.177404476 0.019938176
111320 0.197342652 0.177404476 0.177404476 0.019938176
116160 0.197342652 0.177404476 0.177404476 0.019938176
121000 0.197342652 0.177404476 0.177404476 0.019938176
125840 0.197342652 0.177404476 0.177404476 0.019938176
130680 0.197342652 0.177404476 0.177404476 0.019938176
87120 0.200419406 0.180571755 0.180571755 0.019847651
91960 0.200419406 0.180571755 0.180571755 0.019847651
96800 0.200419406 0.180571755 0.180571755 0.019847651
101640 0.200419406 0.180571755 0.180571755 0.019847651
106480 0.200419406 0.180571755 0.180571755 0.019847651
111320 0.200419406 0.180571755 0.180571755 0.019847651
116160 0.200419406 0.180571755 0.180571755 0.019847651
121000 0.200419406 0.180571755 0.180571755 0.019847651
125840 0.200419406 0.180571755 0.180571755 0.019847651
130680 0.200419406 0.180571755 0.180571755 0.019847651
87120 0.192112940 0.172481599 0.172481599 0.019631341
91960 0.192112940 0.172481599 0.172481599 0.019631341
96800 0.192112940 0.172481599 0.172481599 0.019631341
101640 0.192112940 0.172481599 0.172481599 0.019631341
106480 0.192112940 0.172481599 0.172481599 0.019631341
111320 0.192112940 0.172481599 0.172481599 0.019631341
116160 0.192112940 0.172481599 0.172481599 0.019631341
121000 0.192112940 0.172481599 0.172481599 0.019631341
125840 0.192112940 0.172481599 0.172481599 0.019631341
130680 0.192112940 0.172481599 0.172481599 0.019631341
87120 0.209004610 0.190798962 0.190798962 0.018205648
91960 0.209004610 0.190798962 0.190798962 0.018205648
96800 0.209004610 0.190798962 0.190798962 0.018205648
101640 0.209004610 0.190798962 0.190798962 0.018205648
106480 0.209004610 0.190798962 0.190798962 0.018205648
111320 0.209004610 0.190798962 0.190798962 0.018205648
116160 0.209004610 0.190798962 0.190798962 0.018205648
121000 0.209004610 0.190798962 0.190798962 0.018205648
125840 0.209004610 0.190798962 0.190798962 0.018205648
130680 0.209004610 0.190798962 0.190798962 0.018205648
87120 0.211254071 0.191696477 0.191696477 0.019557594
91960 0.211254071 0.191696477 0.191696477 0.019557594
96800 0.211254071 0.191696477 0.191696477 0.019557594
101640 0.211254071 0.191696477 0.191696477 0.019557594
106480 0.211254071 0.191696477 0.191696477 0.019557594
111320 0.211254071 0.191696477 0.191696477 0.019557594
116160 0.211254071 0.191696477 0.191696477 0.019557594
121000 0.211254071 0.191696477 0.191696477 0.019557594
125840 0.211254071 0.191696477 0.191696477 0.019557594
130680 0.211254071 0.191696477 0.191696477 0.019557594
87120 0.207697283 0.188807706 0.188807706 0.018889577
91960 0.207697283 0.188807706 0.188807706 0.018889577
96800 0.207697283 0.188807706 0.188807706 0.018889577
101640 0.207697283 0.188807706 0.188807706 0.018889577
106480 0.207697283 0.188807706 0.188807706 0.018889577
111320 0.207697283 0.188807706 0.188807706 0.018889577
116160 0.207697283 0.188807706 0.188807706 0.018889577
121000 0.207697283 0.188807706 0.188807706 0.018889577
125840 0.207697283 0.188807706 0.188807706 0.018889577
130680 0.207697283 0.188807706 0.188807706 0.018889577
87120 0.211790405 0.191591438 0.191591438 0.020198967
91960 0.211790405 0.191591438 0.191591438 0.020198967
96800 0.211790405 0.191591438 0.191591438 0.020198967
101640 0.211790405 0.191591438 0.191591438 0.020198967
106480 0.211790405 0.191591438 0.191591438 0.020198967
111320 0.211790405 0.191591438 0.191591438 0.020198967
116160 0.211790405 0.191591438 0.191591438 0.020198967
121000 0.211790405 0.191591438 0.191591438 0.020198967
125840 0.211790405 0.191591438 0.191591438 0.020198967
130680 0.211790405 0.191591438 0.191591438 0.020198967
87120 0.205239045 0.185691927 0.185691927 0.019547118
91960 0.205239045 0.185691927 0.185691927 0.019547118
96800 0.205239045 0.185691927 0.185691927 0.019547118
101640 0.205239045 0.185691927 0.185691927 0.019547118
106480 0.205239045 0.185691927 0.185691927 0.019547118
111320 0.205239045 0.185691927 0.185691927 0.019547118
116160 0.205239045 0.185691927 0.185691927 0.019547118
121000 0.205239045 0.185691927 0.185691927 0.019547118
125840 0.205239045 0.185691927 0.185691927 0.019547118
130680 0.205239045 0.185691927 0.185691927 0.019547118
87120 0.201540699 0.183184056 0.183184056 0.018356643
91960 0.201540699 0.183184056 0.183184056 0.018356643
96800 0.201540699 0.183184056 0.183184056 0.018356643
101640 0.201540699 0.183184056 0.183184056 0.018356643
106480 0.201540699 0.183184056 0.183184056 0.018356643
111320 0.201540699 0.183184056 0.183184056 0.018356643
116160 0.201540699 0.183184056 0.183184056 0.018356643
121000 0.201540699 0.183184056 0.183184056 0.018356643
125840 0.201540699 0.183184056 0.183184056 0.018356643
130680 0.201540699 0.183184056 0.183184056 0.018356643
87120 0.210092137 0.190781357 0.190781357 0.019310780
91960 0.210092137 0.190781357 0.190781357 0.019310780
96800 0.210092137 0.190781357 0.190781357 0.019310780
101640 0.210092137 0.190781357 0.190781357 0.019310780
106480 0.210092137 0.190781357 0.190781357 0.019310780
111320 0.210092137 0.190781357 0.190781357 0.019310780
116160 0.210092137 0.190781357 0.190781357 0.019310780
121000 0.210092137 0.190781357 0.190781357 0.019310780
125840 0.210092137 0.190781357 0.190781357 0.019310780
130680 0.210092137 0.190781357 0.190781357 0.019310780
87120 0.205559343 0.187470205 0.187470205 0.018089138
91960 0.205559343 0.187470205 0.187470205 0.018089138
96800 0.205559343 0.187470205 0.187470205 0.018089138
101640 0.205559343 0.187470205 0.187470205 0.018089138
106480 0.205559343 0.187470205 0.187470205 0.018089138
111320 0.205559343 0.187470205 0.187470205 0.018089138
116160 0.205559343 0.187470205 0.187470205 0.018089138
121000 0.205559343 0.187470205 0.187470205 0.018089138
125840 0.205559343 0.187470205 0.187470205 0.018089138
130680 0.205559343 0.187470205 0.187470205 0.018089138
87120 0.201419622 0.182749204 0.182749204 0.018670418
91960 0.201419622 0.182749204 0.182749204 0.018670418
96800 0.201419622 0.182749204 0.182749204 0.018670418
101640 0.201419622 0.182749204 0.182749204 0.018670418
106480 0.201419622 0.182749204 0.182749204 0.018670418
111320 0.201419622 0.182749204 0.182749204 0.018670418
116160 0.201419622 0.182749204 0.182749204 0.018670418
121000 0.201419622 0.182749204 0.182749204 0.018670418
125840 0.201419622 0.182749204 0.182749204 0.018670418
130680 0.201419622 0.182749204 0.182749204 0.018670418
87120 0.200046675 0.179836877 0.179836877 0.020209798
91960 0.200046675 0.179836877 0.179836877 0.020209798
96800 0.200046675 0.179836877 0.179836877 0.020209798
101640 0.200046675 0.179836877 0.179836877 0.020209798
106480 0.200046675 0.179836877 0.179836877 0.020209798
111320 0.200046675 0.179836877 0.179836877 0.020209798
116160 0.200046675 0.179836877 0.179836877 0.020209798
121000 0.200046675 0.179836877 0.179836877 0.020209798
125840 0.200046675 0.179836877 0.179836877 0.020209798
130680 0.200046675 0.179836877 0.179836877 0.020209798
87120 0.203052824 0.184692925 0.184692925 0.018359899
91960 0.203052824 0.184692925 0.184692925 0.018359899
96800 0.203052824 0.184692925 0.184692925 0.018359899
101640 0.203052824 0.184692925 0.184692925 0.018359899
106480 0.203052824 0.184692925 0.184692925 0.018359899
111320 0.203052824 0.184692925 0.184692925 0.018359899
116160 0.203052824 0.184692925 0.184692925 0.018359899
121000 0.203052824 0.184692925 0.184692925 0.018359899
125840 0.203052824 0.184692925 0.184692925 0.018359899
130680 0.203052824 0.184692925 0.184692925 0.018359899
87120 0.206890731 0.187384217 0.187384217 0.019506514
91960 0.206890731 0.187384217 0.187384217 0.019506514
96800 0.206890731 0.187384217 0.187384217 0.019506514
101640 0.206890731 0.187384217 0.187384217 0.019506514
106480 0.206890731 0.187384217 0.187384217 0.019506514
111320 0.206890731 0.187384217 0.187384217 0.019506514
116160 0.206890731 0.187384217 0.187384217 0.019506514
121000 0.206890731 0.187384217 0.187384217 0.019506514
125840 0.206890731 0.187384217 0.187384217 0.019506514
130680 0.206890731 0.187384217 0.187384217 0.019506514
87120 0.203994049 0.184142135 0.184142135 0.019851914
91960 0.203994049 0.184142135 0.184142135 0.019851914
96800 0.203994049 0.184142135 0.184142135 0.019851914
101640 0.203994049 0.184142135 0.184142135 0.019851914
106480 0.203994049 0.184142135 0.184142135 0.019851914
111320 0.203994049 0.184142135 0.184142135 0.019851914
116160 0.203994049 0.184142135 0.184142135 0.019851914
121000 0.203994049 0.184142135 0.184142135 0.019851914
125840 0.203994049 0.184142135 0.184142135 0.019851914
130680 0.203994049 0.184142135 0.184142135 0.019851914
87120 0.204621938 0.184879666 0.184879666 0.019742272
91960 0.204621938 0.184879666 0.184879666 0.019742272
96800 0.204621938 0.184879666 0.184879666 0.019742272
101640 0.204621938 0.184879666 0.184879666 0.019742272
106480 0.204621938 0.184879666 0.184879666 0.019742272
111320 0.204621938 0.184879666 0.184879666 0.019742272
116160 0.204621938 0.184879666 0.184879666 0.019742272
121000 0.204621938 0.184879666 0.184879666 0.019742272
125840 0.204621938 0.184879666 0.184879666 0.019742272
130680 0.204621938 0.184879666 0.184879666 0.019742272
87120 0.200928911 0.181474689 0.181474689 0.019454222
91960 0.200928911 0.181474689 0.181474689 0.019454222
96800 0.200928911 0.181474689 0.181474689 0.019454222
101640 0.200928911 0.181474689 0.181474689 0.019454222
106480 0.200928911 0.181474689 0.181474689 0.019454222
111320 0.200928911 0.181474689 0.181474689 0.019454222
116160 0.200928911 0.181474689 0.181474689 0.019454222
121000 0.200928911 0.181474689 0.181474689 0.019454222
125840 0.200928911 0.181474689 0.181474689 0.019454222
130680 0.200928911 0.181474689 0.181474689 0.019454222
87120 0.204689768 0.182096464 0.182096464 0.022593304
91960 0.204689768 0.182096464 0.182096464 0.022593304
96800 0.204689768 0.182096464 0.182096464 0.022593304
101640 0.204689768 0.182096464 0.182096464 0.022593304
106480 0.204689768 0.182096464 0.182096464 0.022593304
111320 0.204689768 0.182096464 0.182096464 0.022593304
116160 0.204689768 0.182096464 0.182096464 0.022593304
121000 0.204689768 0.182096464 0.182096464 0.022593304
125840 0.204689768 0.182096464 0.182096464 0.022593304
130680 0.204689768 0.182096464 0.182096464 0.022593304
