#input_size get_time acc_size acc_time op_type overall_time
2650 0.000332257 2650 0.000013513 add_time= 0.001952249
2652 0.000051046 2652 0.000007455 add_time= 0.000074037
2700 0.000399600 2700 0.000006750 add_time= 0.000427228
2500 0.000093989 2500 0.000018110 add_time= 0.000128192
1250 0.000127669 1250 0.000005193 add_time= 0.000147926
2600 0.000712118 2600 0.000028305 add_time= 0.000781414
2601 0.000457545 2601 0.000010041 add_time= 0.000486187
2500 0.000887997 2500 0.000053113 add_time= 0.000963392
2550 0.000262354 2550 0.000007161 add_time= 0.000285558
2500 0.001077623 2500 0.000010437 add_time= 0.001128117
2805 0.000077270 2805 0.000007091 add_time= 0.000122834
2652 0.000158975 2652 0.000007006 add_time= 0.000182625
2600 0.000663839 2600 0.000007723 add_time= 0.000701796
2652 0.000087373 2652 0.000007112 add_time= 0.000114607
5355 0.001960906 2756 0.000012243 mult_time= 0.002151234
5940 0.002000091 2915 0.000008661 mult_time= 0.002086645
5150 0.001185780 2650 0.000008487 mult_time= 0.001249533
5000 0.001142809 2500 0.000008230 mult_time= 0.001208822
5151 0.001204026 2550 0.000008007 mult_time= 0.001263787
3825 0.001206395 1250 0.000030043 mult_time= 0.001304971
5500 0.000564399 2500 0.000008038 mult_time= 0.000624745
5151 0.002807120 2550 0.000007582 mult_time= 0.002865122
5200 0.001766911 2704 0.000008927 mult_time= 0.001827446
5100 0.003204208 2600 0.000008039 mult_time= 0.003260667
5100 0.003128658 2600 0.000008078 mult_time= 0.003189177
5778 0.000118469 2860 0.000008465 mult_time= 0.000183799
5665 0.000138637 2652 0.000008230 mult_time= 0.000202998
5300 0.000169967 2808 0.000027409 mult_time= 0.000248371
5202 0.000350717 2600 0.000007877 mult_time= 0.000410864
5100 0.000768374 2600 0.000007607 mult_time= 0.000846441
5151 0.001751918 2550 0.000007430 mult_time= 0.001810869
5355 0.000111633 2750 0.000008259 mult_time= 0.000170728
5720 0.002949893 3025 0.000029080 mult_time= 0.003037618
5665 0.001003835 2650 0.000007831 mult_time= 0.001065326
5000 0.001809534 2500 0.000009153 mult_time= 0.001894274
5250 0.005816086 2750 0.000007997 mult_time= 0.005879498
5250 0.000143803 2750 0.000008508 mult_time= 0.000204222
5457 0.000270014 2860 0.000027713 mult_time= 0.000352794
5250 0.007333885 2750 0.000008451 mult_time= 0.007395723
5500 0.001449264 2500 0.000007926 mult_time= 0.001507025
5000 0.006420133 2500 0.000008473 mult_time= 0.006476432
3900 0.004048179 1250 0.000006847 mult_time= 0.004092071
5000 0.008737533 2500 0.000007940 mult_time= 0.008793790
5250 0.000571960 2750 0.000008016 mult_time= 0.000631601
5250 0.001752811 2750 0.000008727 mult_time= 0.001817295
5250 0.002783638 2750 0.000027675 mult_time= 0.002859461
5720 0.004037137 2703 0.000009994 mult_time= 0.004104287
5300 0.001119681 2805 0.000008463 mult_time= 0.001183539
5250 0.002893451 2754 0.000008410 mult_time= 0.002951983
5500 0.001828375 2500 0.000008156 mult_time= 0.001884295
5000 0.001415841 2500 0.000007794 mult_time= 0.001469423
5050 0.002443632 2550 0.000021852 mult_time= 0.002518799
3750 0.004524504 1250 0.000007354 mult_time= 0.004578265
5050 0.003202331 2550 0.000007604 mult_time= 0.003256814
5050 0.002359943 2550 0.000007348 mult_time= 0.002419118
5512 0.001787021 2703 0.000008681 mult_time= 0.001851522
5406 0.001055985 2805 0.000008220 mult_time= 0.001117426
5775 0.001131350 2754 0.000008626 mult_time= 0.001232115
5500 0.000948588 2500 0.000008573 mult_time= 0.001076000
5151 0.003196723 2550 0.000008516 mult_time= 0.003257580
5200 0.000028493 2700 0.000007770 mult_time= 0.000094888
5300 0.000039883 2808 0.000008864 mult_time= 0.000097701
5450 0.000093319 2970 0.000027918 mult_time= 0.000175679
5355 0.000039845 2754 0.000023797 mult_time= 0.000110728
5508 0.000052626 2916 0.000023349 mult_time= 0.000135953
5253 0.000038325 2650 0.000025095 mult_time= 0.000136459
5100 0.000050683 2600 0.000025094 mult_time= 0.000127402
5500 0.000035696 2500 0.000030102 mult_time= 0.000116661
5000 0.000073312 2500 0.000101554 mult_time= 0.000225239
5000 0.000078239 2500 0.000090349 mult_time= 0.000226786
5564 0.000091399 2860 0.000025490 mult_time= 0.000170658
5670 0.000090865 2750 0.000008232 mult_time= 0.000150596
5250 0.000058469 2750 0.000009069 mult_time= 0.000119301
5100 0.000874200 2500 0.000008123 mult_time= 0.000930072
5000 0.001462028 2500 0.000011877 mult_time= 0.001556650
5720 0.001537045 2700 0.000025563 mult_time= 0.001616004
3900 0.001722096 1250 0.000007142 mult_time= 0.001767815
3825 0.001598624 1250 0.000006677 mult_time= 0.001641075
3750 0.001294915 1250 0.000006709 mult_time= 0.001338065
4000 0.001140352 1375 0.000025961 mult_time= 0.001203029
5508 0.001272487 2915 0.000013756 mult_time= 0.001378204
5356 0.001511100 2650 0.000028052 mult_time= 0.001593679
5150 0.001483858 2650 0.000007366 mult_time= 0.001543143
5000 0.001516033 2500 0.000007458 mult_time= 0.001582123
5670 0.001278319 2750 0.000008362 mult_time= 0.001345349
5000 0.001369862 2500 0.000007293 mult_time= 0.001428397
5100 0.002347714 2600 0.000038145 mult_time= 0.002489510
2525 0.001163843 2550 0.000028208 mult_time= 0.001243172
5610 0.002006664 2600 0.000007678 mult_time= 0.002069110
5350 0.001612892 2860 0.000008037 mult_time= 0.001677221
5665 0.002484422 2652 0.000007454 mult_time= 0.002545997
5202 0.003959555 2600 0.000026697 mult_time= 0.004038676
5253 0.000206571 2652 0.000007083 mult_time= 0.000264193
5512 0.001071603 2808 0.000007844 mult_time= 0.001135037
5000 0.001236567 2500 0.000026895 mult_time= 0.001314503
5460 0.000713777 2750 0.000019591 mult_time= 0.000864870
5304 0.000682083 2700 0.000007201 mult_time= 0.000759785
5885 0.000922764 2860 0.000007265 mult_time= 0.000986742
5300 0.000295883 2805 0.000007667 mult_time= 0.000360377
5150 0.000187069 2650 0.000008168 mult_time= 0.000267208
5775 0.000229357 2750 0.000007705 mult_time= 0.000294645
5050 0.000500448 2550 0.000008445 mult_time= 0.000577448
5250 0.000388834 2750 0.000007912 mult_time= 0.000451478
5775 0.000418905 2750 0.000007632 mult_time= 0.000481138
5670 0.000531626 2750 0.000008210 mult_time= 0.000604275
5300 0.000521995 2500 0.000012522 mult_time= 0.000611855
5555 0.000480065 2550 0.000008055 mult_time= 0.000543765
3750 0.000561604 1250 0.000007414 mult_time= 0.000635686
5202 0.000614875 2600 0.000010847 mult_time= 0.000674305
5355 0.000752774 2750 0.000011660 mult_time= 0.000815574
5500 0.000602685 2500 0.000007440 mult_time= 0.000670898
5100 0.000249939 2500 0.000007316 mult_time= 0.000302914
5885 0.000546112 2860 0.000011555 mult_time= 0.000642915
5460 0.000733815 2750 0.000007270 mult_time= 0.000791395
2750 0.000811993 3025 0.000007729 mult_time= 0.000868854
5356 0.001167806 2652 0.000007332 mult_time= 0.001240714
5300 0.001596189 2805 0.000007727 mult_time= 0.001654694
5150 0.000163579 2650 0.000007580 mult_time= 0.000220545
2550 0.001761311 2600 0.000007802 mult_time= 0.001810060
5250 0.002421063 2750 0.000008594 mult_time= 0.002489921
5720 0.008049583 2700 0.000008032 mult_time= 0.008111217
5454 0.002777071 2550 0.000008021 mult_time= 0.002833889
5355 0.003325648 2754 0.000007594 mult_time= 0.003381272
5150 0.000083783 2652 0.000007864 mult_time= 0.000137394
5830 0.000128218 2805 0.000007443 mult_time= 0.000187455
5555 0.000246454 2550 0.000035473 mult_time= 0.000330680
5830 0.000308817 2805 0.000007686 mult_time= 0.000374543
5100 0.000269010 2600 0.000008190 mult_time= 0.000337455
5000 0.000236146 2500 0.000006977 mult_time= 0.000300435
3750 0.000365017 1250 0.000024787 mult_time= 0.000438653
5450 0.000062623 2970 0.000244536 mult_time= 0.000371647
5775 0.000061109 2754 0.000032821 mult_time= 0.000156584
5150 0.000105398 2650 0.000081870 mult_time= 0.000237810
5250 0.000034239 2750 0.000024926 mult_time= 0.000121624
5250 0.000041182 2750 0.000081253 mult_time= 0.000173498
5050 0.000027962 2550 0.000024893 mult_time= 0.000115064
5355 0.000145911 2750 0.000084378 mult_time= 0.000282767
5500 0.000053982 3025 0.000027146 mult_time= 0.000133226
5300 0.000164331 2805 0.000008175 mult_time= 0.000223043
5150 0.001094502 2650 0.000008109 mult_time= 0.001154048
5100 0.000627009 2500 0.000008000 mult_time= 0.000680696
5100 0.001713974 2500 0.000026712 mult_time= 0.001789118
5555 0.004811182 2550 0.000008079 mult_time= 0.004870262
3927 0.002109001 1300 0.000006909 mult_time= 0.002153232
4125 0.001684797 1250 0.000006510 mult_time= 0.001729168
3825 0.001638337 1250 0.000006682 mult_time= 0.001682588
2704 0.000082688 2704 0.000007211 add_time= 0.000111274
3025 0.000079171 3025 0.000007766 add_time= 0.000105574
2550 0.000072209 2550 0.000005577 add_time= 0.000091880
2750 0.000014691 2750 0.000023007 add_time= 0.000062604
2500 0.000018883 2500 0.000014330 add_time= 0.000149314
2500 0.000087324 2500 0.000009410 add_time= 0.000124314
2600 0.000071806 2600 0.000036859 add_time= 0.000139043
2915 0.000339290 2915 0.000026477 add_time= 0.002082914
2601 0.000218210 2601 0.000010021 add_time= 0.000245064
2650 0.000240214 2650 0.000008282 add_time= 0.000277382
2700 0.000033744 2700 0.000024389 add_time= 0.000083745
2600 0.000194336 2600 0.000020609 add_time= 0.000254959
2600 0.000179790 2600 0.000006601 add_time= 0.000201429
3025 0.000007929 3025 0.000048351 add_time= 0.000072668
2600 0.000348332 2600 0.000007193 add_time= 0.000376675
2703 0.000260959 2703 0.000006924 add_time= 0.000283272
1250 0.000476057 1250 0.000006810 add_time= 0.000510994
2500 0.000212230 2500 0.000006794 add_time= 0.000245007
2500 0.000109241 2500 0.000006867 add_time= 0.000147154
1325 0.000525630 1325 0.000006811 add_time= 0.000550456
2550 0.000096178 2550 0.000006768 add_time= 0.000122305
2550 0.000217707 2550 0.000006656 add_time= 0.000240656
2550 0.000120993 2550 0.000006562 add_time= 0.000141936
5406 0.001189606 2809 0.000011440 mult_time= 0.001341155
5150 0.002294927 2650 0.000008427 mult_time= 0.002356995
5304 0.002115858 2703 0.000008799 mult_time= 0.002179938
5150 0.001991131 2650 0.000008552 mult_time= 0.002061673
5250 0.002134909 2750 0.000008030 mult_time= 0.002193518
5555 0.002134939 2550 0.000007506 mult_time= 0.002196199
5000 0.000051092 2500 0.000008065 mult_time= 0.000128259
5250 0.000093237 2750 0.000007856 mult_time= 0.000152029
5500 0.000452637 2500 0.000008031 mult_time= 0.000521462
5000 0.000636177 2500 0.000007094 mult_time= 0.000724830
5100 0.000441414 2600 0.000008438 mult_time= 0.000499357
5356 0.000446473 2652 0.000007970 mult_time= 0.000506414
5100 0.000144735 2600 0.000007971 mult_time= 0.000203830
5200 0.000174680 2704 0.000007748 mult_time= 0.000238946
5350 0.000122885 2860 0.000007743 mult_time= 0.000188692
5150 0.001543196 2652 0.000008613 mult_time= 0.001605030
5150 0.000999319 2650 0.000008802 mult_time= 0.001067957
5355 0.001132615 2750 0.000008266 mult_time= 0.001196749
5555 0.001960100 2550 0.000029509 mult_time= 0.002044744
5100 0.001255690 2500 0.000008353 mult_time= 0.001311443
5400 0.000099055 2915 0.000008173 mult_time= 0.000159805
5885 0.000142480 2860 0.000016232 mult_time= 0.000225817
5720 0.003350340 3025 0.000008673 mult_time= 0.003416394
5450 0.001854556 2970 0.000008134 mult_time= 0.001915421
5460 0.000870687 2750 0.000008295 mult_time= 0.000930628
5000 0.001151288 2500 0.000008399 mult_time= 0.001208964
2625 0.000072832 2750 0.000008514 mult_time= 0.000129686
5350 0.000218750 2860 0.000009399 mult_time= 0.000280237
5610 0.000090172 3025 0.000008587 mult_time= 0.000152107
5670 0.000089044 2750 0.000008193 mult_time= 0.000144941
5300 0.000111526 2805 0.000008358 mult_time= 0.000171312
5250 0.001568337 2750 0.000031610 mult_time= 0.001656446
5355 0.001257449 2750 0.000008478 mult_time= 0.001320394
5050 0.003427474 2550 0.000008699 mult_time= 0.003487055
2575 0.000120909 2650 0.000008006 mult_time= 0.000166704
5400 0.000059722 2500 0.000007534 mult_time= 0.000123462
5250 0.005582389 2750 0.000008050 mult_time= 0.005638612
5250 0.000835395 2750 0.000007860 mult_time= 0.000890638
5250 0.001086195 2750 0.000009722 mult_time= 0.001150882
5500 0.002986366 3025 0.000009235 mult_time= 0.003065407
5775 0.003006265 2750 0.000008282 mult_time= 0.003067326
5150 0.002193058 2652 0.000008659 mult_time= 0.002252472
2525 0.000111559 2550 0.000007320 mult_time= 0.000155701
5100 0.000684648 2601 0.000007739 mult_time= 0.000740896
5050 0.002554920 2550 0.000028698 mult_time= 0.002629196
5100 0.000855951 2600 0.000007720 mult_time= 0.000909072
5555 0.002278874 2550 0.000008884 mult_time= 0.002340943
5500 0.001162548 2500 0.000008836 mult_time= 0.001223479
5555 0.001693596 2550 0.000008316 mult_time= 0.001750338
5555 0.002606815 2550 0.000008115 mult_time= 0.002664773
5050 0.001726212 2550 0.000007995 mult_time= 0.001781386
5200 0.000515477 2703 0.000008042 mult_time= 0.000570956
5555 0.000683342 2550 0.000008470 mult_time= 0.000738436
5610 0.001773248 2601 0.000008243 mult_time= 0.001832086
5050 0.001986331 2550 0.000008005 mult_time= 0.002040925
5000 0.006324554 2500 0.000008620 mult_time= 0.006384383
5775 0.001830369 2750 0.000008647 mult_time= 0.001897954
5406 0.002291918 2808 0.000008831 mult_time= 0.002351057
5400 0.000039454 2916 0.000028212 mult_time= 0.000113587
5000 0.000046370 2500 0.000025192 mult_time= 0.000119273
5775 0.000053380 2750 0.000040191 mult_time= 0.000146491
5000 0.000045674 2500 0.000024998 mult_time= 0.000118902
5775 0.000076417 2750 0.000027254 mult_time= 0.000168291
5775 0.000286883 2750 0.000028748 mult_time= 0.000370876
5565 0.000062573 2750 0.000026038 mult_time= 0.000139575
5500 0.000325597 3025 0.000009530 mult_time= 0.000386233
5250 0.000523919 2750 0.000008602 mult_time= 0.000583412
5100 0.000463762 2500 0.000007851 mult_time= 0.000516644
5775 0.000423246 2750 0.000007985 mult_time= 0.000492026
5200 0.000531772 2700 0.000008194 mult_time= 0.000588793
4081 0.000265235 1300 0.000007365 mult_time= 0.000312241
3825 0.000065013 1250 0.000006908 mult_time= 0.000107355
3825 0.000122523 1250 0.000006911 mult_time= 0.000163781
5250 0.001372837 2756 0.000011014 mult_time= 0.001463618
5400 0.001669449 2915 0.000008914 mult_time= 0.001737570
5150 0.001923981 2650 0.000008020 mult_time= 0.001980804
5202 0.001790930 2600 0.000007965 mult_time= 0.001849023
5400 0.001858271 2500 0.000007665 mult_time= 0.001916212
5000 0.003225550 2500 0.000007414 mult_time= 0.003280820
5250 0.001132617 2750 0.000030331 mult_time= 0.001216561
5500 0.001153655 2500 0.000008433 mult_time= 0.001222258
5720 0.001759176 2704 0.000008218 mult_time= 0.001819486
5508 0.002673411 2600 0.000009253 mult_time= 0.002736933
5304 0.003916444 2600 0.000009699 mult_time= 0.003978041
5150 0.000582537 2650 0.000008010 mult_time= 0.000640037
5202 0.000520599 2600 0.000007590 mult_time= 0.000573688
5000 0.000439056 2500 0.000014954 mult_time= 0.000518121
5200 0.000733909 2500 0.000008178 mult_time= 0.000793531
5500 0.000519313 2500 0.000007714 mult_time= 0.000586386
5500 0.000161986 3025 0.000009287 mult_time= 0.000225813
5250 0.000779913 2750 0.000040670 mult_time= 0.000867417
5670 0.000827181 2750 0.000009243 mult_time= 0.000891033
5000 0.001020897 2500 0.000007542 mult_time= 0.001076827
5353 0.001313028 2550 0.000008308 mult_time= 0.001371533
5355 0.001120216 2750 0.000008386 mult_time= 0.001186793
5885 0.001662268 2860 0.000008354 mult_time= 0.001722508
5300 0.003731904 2805 0.000030721 mult_time= 0.003820347
5300 0.000671344 2500 0.000008391 mult_time= 0.000727667
5775 0.001155738 2750 0.000009032 mult_time= 0.001222264
5000 0.001971623 2500 0.000008892 mult_time= 0.002031899
5610 0.002955557 2600 0.000008922 mult_time= 0.003016856
5304 0.002355575 2700 0.000008349 mult_time= 0.002412455
5355 0.001155227 2750 0.000008029 mult_time= 0.001212770
5406 0.001144017 2805 0.000008399 mult_time= 0.001212756
5353 0.001595531 2550 0.000036602 mult_time= 0.001687794
5050 0.002155517 2550 0.000008321 mult_time= 0.002212235
5353 0.000918700 2550 0.000008852 mult_time= 0.000978611
5000 0.000547182 2500 0.000007569 mult_time= 0.000603991
5000 0.000483758 2500 0.000008928 mult_time= 0.000544080
5100 0.001612714 2500 0.000007946 mult_time= 0.001668906
5150 0.003256862 2652 0.000008191 mult_time= 0.003311747
5300 0.002868187 2805 0.000007935 mult_time= 0.002924397
5050 0.005135804 2550 0.000008040 mult_time= 0.005188708
5202 0.000906393 2601 0.000007777 mult_time= 0.000960246
5150 0.002095116 2650 0.000007596 mult_time= 0.002148750
5250 0.002153960 2750 0.000027135 mult_time= 0.002228449
5050 0.002476053 2550 0.000007762 mult_time= 0.002530509
2500 0.002217331 2500 0.000007271 mult_time= 0.002261133
5559 0.002367524 2970 0.000028000 mult_time= 0.002447905
5200 0.000058458 2700 0.000024606 mult_time= 0.000126646
5250 0.000081072 2750 0.000030647 mult_time= 0.000160042
5400 0.000024432 2500 0.000022883 mult_time= 0.000090876
3750 0.000100900 1250 0.000014944 mult_time= 0.000150229
5775 0.000063508 2750 0.000026463 mult_time= 0.000141276
5830 0.000171785 2805 0.000007911 mult_time= 0.000243431
5250 0.000063567 2750 0.000027637 mult_time= 0.000138916
5610 0.000320404 2600 0.000007627 mult_time= 0.000375335
5500 0.000390988 2500 0.000007624 mult_time= 0.000445875
3750 0.000449555 1250 0.000007248 mult_time= 0.000497104
4000 0.000075542 1375 0.000027608 mult_time= 0.000143290
3952 0.000151924 1275 0.000006585 mult_time= 0.000193818
2550 0.000075983 625 0.000029671 mult_time= 0.000140125
2805 0.000282840 2805 0.000008061 add_time= 0.000346142
2750 0.000078652 2750 0.000035223 add_time= 0.000152681
2600 0.000017594 2600 0.000033552 add_time= 0.000077856
2600 0.000122271 2600 0.000006831 add_time= 0.000152958
2550 0.000085268 2550 0.000010969 add_time= 0.000214000
2750 0.000045290 2750 0.000009695 add_time= 0.000105459
2650 0.000047948 2650 0.000026981 add_time= 0.000121289
