20000 0.000015053 0.001639662
20800 0.000003304 0.000018799
10400 0.000000744 0.000014998
20800 0.000005775 0.000020188
24200 0.000006224 0.000025456
23760 0.000001125 0.000024290
20800 0.000033533 0.000034316
20400 0.000025425 0.000032995
20800 0.000014449 0.000020492
20400 0.000009732 0.000016131
20400 0.000000452 0.000014608
20800 0.000010325 0.000025893
10200 0.000014244 0.000014446
22000 0.000011752 0.000056467
22000 0.000013834 0.000018613
20000 0.000005261 0.000018970
46656 0.000131155 0.000231542
41600 0.000066660 0.000102750
32448 0.000085624 0.000094014
40000 0.000073364 0.000083646
40400 0.000094777 0.000079600
43680 0.000099076 0.000083514
40000 0.000137285 0.000082546
43264 0.000199325 0.000082798
42432 0.000189849 0.000089727
47080 0.000198096 0.000092665
40800 0.000213344 0.000077842
45320 0.000013953 0.000081501
40800 0.000012883 0.000077237
42800 0.000022518 0.000082855
40000 0.000072200 0.000084293
40000 0.000107787 0.000078452
40000 0.000115586 0.000084168
45368 0.000148702 0.000086539
44944 0.000211204 0.000086324
44000 0.000067066 0.000083238
46200 0.000061922 0.000082574
40000 0.000058927 0.000081377
40800 0.000187471 0.000080907
42000 0.000113932 0.000084302
42400 0.000004527 0.000082993
42000 0.000191265 0.000072511
41600 0.000038447 0.000073543
40000 0.000073312 0.000049966
40400 0.000388187 0.000051013
40000 0.000002380 0.000048486
44880 0.000117732 0.000049151
40400 0.000180281 0.000063252
40000 0.000002315 0.000047451
40000 0.000136667 0.000048077
45760 0.000098495 0.000076885
45360 0.000133193 0.000053949
44000 0.000380014 0.000053423
42400 0.000215740 0.000053576
40000 0.000023998 0.000049412
44000 0.000107409 0.000051916
40400 0.000095999 0.000050178
41600 0.000217009 0.000054034
42400 0.000227819 0.000051685
40400 0.000149263 0.000047995
43248 0.000288290 0.000052428
41616 0.000070770 0.000050169
44496 0.000294321 0.000051223
40800 0.000156082 0.000050786
46200 0.000178128 0.000056513
43600 0.000016844 0.000055065
45760 0.000024952 0.000052232
45360 0.000349516 0.000053513
40000 0.000215868 0.000047891
41600 0.000147542 0.000048188
42000 0.000141809 0.000050465
43656 0.000004394 0.000050060
43680 0.000089712 0.000053083
44096 0.000043200 0.000054104
48400 0.000000537 0.000054165
42024 0.000006457 0.000066381
42840 0.000006524 0.000053405
44928 0.000005952 0.000053146
33880 0.000003032 0.000045365
30600 0.000003952 0.000039915
32000 0.000004399 0.000042739
41200 0.000197066 0.000074670
42432 0.000101772 0.000057328
41200 0.000245223 0.000054787
42000 0.000083797 0.000051880
40000 0.000081849 0.000046981
44880 0.000008121 0.000052470
40800 0.000029693 0.000047646
41600 0.000079038 0.000053301
20800 0.000145196 0.000045507
47080 0.000073554 0.000058942
40800 0.000144902 0.000051524
42432 0.000350859 0.000050096
40800 0.000031068 0.000048142
40800 0.000049014 0.000047089
40800 0.000042594 0.000072929
42432 0.000043799 0.000061030
42840 0.000004800 0.000056842
44000 0.000004322 0.000074994
42000 0.000003960 0.000064778
44880 0.000009136 0.000062340
44440 0.000052547 0.000057839
43200 0.000005697 0.000078208
46200 0.000052860 0.000056220
21000 0.000020441 0.000043542
40000 0.000019876 0.000049304
21000 0.000024818 0.000042482
44000 0.000031727 0.000052359
43248 0.000044643 0.000059591
40000 0.000039732 0.000045979
41600 0.000035829 0.000045061
42840 0.000014551 0.000060173
42840 0.000033792 0.000049753
43600 0.000053683 0.000052480
40400 0.000072758 0.000047478
42824 0.000088464 0.000048426
46200 0.000068637 0.000051569
40800 0.000080457 0.000047193
44440 0.000226516 0.000051649
45760 0.000198378 0.000052964
21200 0.000164180 0.000043746
40400 0.000211570 0.000047451
31616 0.000215123 0.000038868
40400 0.000009884 0.000047992
40400 0.000028576 0.000050269
41200 0.000028527 0.000049213
44000 0.000022805 0.000049546
41208 0.000025788 0.000055000
42400 0.000018667 0.000049786
43600 0.000009792 0.000064178
46200 0.000044291 0.000054827
41200 0.000061088 0.000051583
42000 0.000049450 0.000052258
46200 0.000123419 0.000055709
41600 0.000070918 0.000046529
46200 0.000099355 0.000052031
46200 0.000001028 0.000050611
48400 0.000003582 0.000053288
40000 0.000003119 0.000044881
46200 0.000004173 0.000050258
43264 0.000004049 0.000047300
30000 0.000002904 0.000064692
30000 0.000005912 0.000036595
30600 0.000002791 0.000036310
31600 0.000003522 0.000037339
21632 0.000009523 0.000023814
22000 0.000005725 0.000016678
24200 0.000053536 0.000015610
20400 0.000012421 0.000026827
20800 0.000010293 0.000081814
22000 0.000004241 0.000031054
21200 0.000004079 0.000030447
20000 0.000003240 0.000959194
20000 0.000002358 0.000024626
20400 0.000002331 0.000012164
20800 0.000021009 0.000021348
10000 0.000004980 0.000026609
10200 0.000001537 0.000015012
22000 0.000029631 0.000137263
20400 0.000004592 0.000037172
21600 0.000004690 0.000035565
22000 0.000000548 0.000026518
22880 0.000012415 0.000034918
22440 0.000012001 0.000057461
21216 0.000012930 0.000029490
20800 0.000013046 0.000028347
22000 0.000011115 0.000017664
20800 0.000013757 0.000024263
22440 0.000006807 0.000017353
22000 0.000000487 0.000016977
10000 0.000000319 0.000014405
45320 0.000093231 0.000202788
42024 0.000072517 0.000095178
41200 0.000089030 0.000059219
40000 0.000098332 0.000052407
40400 0.000120330 0.000049674
42024 0.000003875 0.000053120
44000 0.000006704 0.000056091
43680 0.000009728 0.000056210
41600 0.000042506 0.000069550
42432 0.000058292 0.000053047
42800 0.000034083 0.000066045
43248 0.000019026 0.000051258
21000 0.000002216 0.000044432
43656 0.000025535 0.000077042
40800 0.000098892 0.000049255
42400 0.000052259 0.000063237
42000 0.000074160 0.000054698
42016 0.000251522 0.000054246
44520 0.000077915 0.000055942
43680 0.000171540 0.000053825
42000 0.000066874 0.000052138
44064 0.000043458 0.000069796
44000 0.000120895 0.000053162
42000 0.000074799 0.000058539
44000 0.000223359 0.000056869
44000 0.000013916 0.000057008
20000 0.000054353 0.000040159
40000 0.000095766 0.000047881
40000 0.000092580 0.000047916
30600 0.000111088 0.000037375
42000 0.000151786 0.000052251
42016 0.000121766 0.000050790
43200 0.000007014 0.000051700
42800 0.000170534 0.000050527
42400 0.000193730 0.000058514
42000 0.000175444 0.000048017
41200 0.000159410 0.000047544
40400 0.000002385 0.000046143
42016 0.000043857 0.000045654
40000 0.000006998 0.000047002
44000 0.000110489 0.000053086
21000 0.000182704 0.000041658
42824 0.000079209 0.000052611
40400 0.000192579 0.000063314
43264 0.000021225 0.000074199
42400 0.000040170 0.000052534
40800 0.000105948 0.000048610
42824 0.000002754 0.000047372
41200 0.000059854 0.000058160
44880 0.000191422 0.000058578
40000 0.000153736 0.000048846
40000 0.000305874 0.000047850
44928 0.000098711 0.000060076
31600 0.000237455 0.000039968
42000 0.000459571 0.000053088
40000 0.000215416 0.000067410
47080 0.000006434 0.000064339
42840 0.000004133 0.000055040
46200 0.000001175 0.000057480
44000 0.000005013 0.000057465
42400 0.000130781 0.000054971
40800 0.000003972 0.000081881
40000 0.000003291 0.000064374
43632 0.000003275 0.000053136
30000 0.000003491 0.000048355
30000 0.000004855 0.000042741
15800 0.000001365 0.000061567
41200 0.000085855 0.000371741
44096 0.000178510 0.000227677
15600 0.000094882 0.000193496
40000 0.000100281 0.000166132
40400 0.000118002 0.000200772
41600 0.000115845 0.000194328
40400 0.000033646 0.000187855
33000 0.000091767 0.000184806
42800 0.000150738 0.000179516
43248 0.000108853 0.000180237
44064 0.000017302 0.000165308
47080 0.000008293 0.000230398
42800 0.000186284 0.000181075
41200 0.000042264 0.000236092
42000 0.000032827 0.000226820
44000 0.000028840 0.000178043
21600 0.000003273 0.000168469
42000 0.000028128 0.000221271
43600 0.000044743 0.000219796
45320 0.000073413 0.000212971
40000 0.000065668 0.000151563
40000 0.000148055 0.000177747
42800 0.000127232 0.000178552
21200 0.000004979 0.000154906
42000 0.000145087 0.000209215
42432 0.000046505 0.000141607
20000 0.000065052 0.000039255
40000 0.000039087 0.000044431
41200 0.000150628 0.000049370
44000 0.000006611 0.000047662
42840 0.000065705 0.000048763
43200 0.000010274 0.000049174
42840 0.000035240 0.000050659
42000 0.000015326 0.000046339
43656 0.000045095 0.000052634
47520 0.000051449 0.000070680
45360 0.000035496 0.000093475
45320 0.000235977 0.000050624
30400 0.000117974 0.000038122
40000 0.000032292 0.000047014
42000 0.000142435 0.000048842
45320 0.000189271 0.000049649
41208 0.000195882 0.000052414
45320 0.000011265 0.000053450
40800 0.000042152 0.000067102
43248 0.000095802 0.000054867
40800 0.000116662 0.000046606
42840 0.000296022 0.000053792
42400 0.000013308 0.000054926
43600 0.000127775 0.000055190
44000 0.000061664 0.000049810
41208 0.000139153 0.000052747
40800 0.000143404 0.000045253
45360 0.000122468 0.000061321
42000 0.000001514 0.000048192
41200 0.000005011 0.000047848
40000 0.000005194 0.000066459
40000 0.000004486 0.000043592
30800 0.000005187 0.000034337
30400 0.000004896 0.000045928
15200 0.000000794 0.000028134
23320 0.000010152 0.000057149
22000 0.000003757 0.000017057
20800 0.000015386 0.000168623
22032 0.000003818 0.000035532
20000 0.000002957 0.000041465
