#capacity sum_comm_cmp max(sum_comm,sum_comp) sum_comm sum_comp
48400 0.818695669 0.446269275 0.446269275 0.372426394
53240 0.818695669 0.446269275 0.446269275 0.372426394
58080 0.818695669 0.446269275 0.446269275 0.372426394
62920 0.818695669 0.446269275 0.446269275 0.372426394
67760 0.818695669 0.446269275 0.446269275 0.372426394
72600 0.818695669 0.446269275 0.446269275 0.372426394
77440 0.818695669 0.446269275 0.446269275 0.372426394
82280 0.818695669 0.446269275 0.446269275 0.372426394
87120 0.818695669 0.446269275 0.446269275 0.372426394
91960 0.818695669 0.446269275 0.446269275 0.372426394
48400 0.806968047 0.471564631 0.471564631 0.335403416
53240 0.806968047 0.471564631 0.471564631 0.335403416
58080 0.806968047 0.471564631 0.471564631 0.335403416
62920 0.806968047 0.471564631 0.471564631 0.335403416
67760 0.806968047 0.471564631 0.471564631 0.335403416
72600 0.806968047 0.471564631 0.471564631 0.335403416
77440 0.806968047 0.471564631 0.471564631 0.335403416
82280 0.806968047 0.471564631 0.471564631 0.335403416
87120 0.806968047 0.471564631 0.471564631 0.335403416
91960 0.806968047 0.471564631 0.471564631 0.335403416
48400 0.813431351 0.443896629 0.443896629 0.369534722
53240 0.813431351 0.443896629 0.443896629 0.369534722
58080 0.813431351 0.443896629 0.443896629 0.369534722
62920 0.813431351 0.443896629 0.443896629 0.369534722
67760 0.813431351 0.443896629 0.443896629 0.369534722
72600 0.813431351 0.443896629 0.443896629 0.369534722
77440 0.813431351 0.443896629 0.443896629 0.369534722
82280 0.813431351 0.443896629 0.443896629 0.369534722
87120 0.813431351 0.443896629 0.443896629 0.369534722
91960 0.813431351 0.443896629 0.443896629 0.369534722
48400 0.799645988 0.441271248 0.441271248 0.358374740
53240 0.799645988 0.441271248 0.441271248 0.358374740
58080 0.799645988 0.441271248 0.441271248 0.358374740
62920 0.799645988 0.441271248 0.441271248 0.358374740
67760 0.799645988 0.441271248 0.441271248 0.358374740
72600 0.799645988 0.441271248 0.441271248 0.358374740
77440 0.799645988 0.441271248 0.441271248 0.358374740
82280 0.799645988 0.441271248 0.441271248 0.358374740
87120 0.799645988 0.441271248 0.441271248 0.358374740
91960 0.799645988 0.441271248 0.441271248 0.358374740
48400 0.811540338 0.444416808 0.444416808 0.367123530
53240 0.811540338 0.444416808 0.444416808 0.367123530
58080 0.811540338 0.444416808 0.444416808 0.367123530
62920 0.811540338 0.444416808 0.444416808 0.367123530
67760 0.811540338 0.444416808 0.444416808 0.367123530
72600 0.811540338 0.444416808 0.444416808 0.367123530
77440 0.811540338 0.444416808 0.444416808 0.367123530
82280 0.811540338 0.444416808 0.444416808 0.367123530
87120 0.811540338 0.444416808 0.444416808 0.367123530
91960 0.811540338 0.444416808 0.444416808 0.367123530
48400 0.812498351 0.470663680 0.470663680 0.341834671
53240 0.812498351 0.470663680 0.470663680 0.341834671
58080 0.812498351 0.470663680 0.470663680 0.341834671
62920 0.812498351 0.470663680 0.470663680 0.341834671
67760 0.812498351 0.470663680 0.470663680 0.341834671
72600 0.812498351 0.470663680 0.470663680 0.341834671
77440 0.812498351 0.470663680 0.470663680 0.341834671
82280 0.812498351 0.470663680 0.470663680 0.341834671
87120 0.812498351 0.470663680 0.470663680 0.341834671
91960 0.812498351 0.470663680 0.470663680 0.341834671
48400 0.809390148 0.470389096 0.470389096 0.339001052
53240 0.809390148 0.470389096 0.470389096 0.339001052
58080 0.809390148 0.470389096 0.470389096 0.339001052
62920 0.809390148 0.470389096 0.470389096 0.339001052
67760 0.809390148 0.470389096 0.470389096 0.339001052
72600 0.809390148 0.470389096 0.470389096 0.339001052
77440 0.809390148 0.470389096 0.470389096 0.339001052
82280 0.809390148 0.470389096 0.470389096 0.339001052
87120 0.809390148 0.470389096 0.470389096 0.339001052
91960 0.809390148 0.470389096 0.470389096 0.339001052
48400 0.809857615 0.463081453 0.463081453 0.346776162
53240 0.809857615 0.463081453 0.463081453 0.346776162
58080 0.809857615 0.463081453 0.463081453 0.346776162
62920 0.809857615 0.463081453 0.463081453 0.346776162
67760 0.809857615 0.463081453 0.463081453 0.346776162
72600 0.809857615 0.463081453 0.463081453 0.346776162
77440 0.809857615 0.463081453 0.463081453 0.346776162
82280 0.809857615 0.463081453 0.463081453 0.346776162
87120 0.809857615 0.463081453 0.463081453 0.346776162
91960 0.809857615 0.463081453 0.463081453 0.346776162
48400 0.812603516 0.447759113 0.447759113 0.364844403
53240 0.812603516 0.447759113 0.447759113 0.364844403
58080 0.812603516 0.447759113 0.447759113 0.364844403
62920 0.812603516 0.447759113 0.447759113 0.364844403
67760 0.812603516 0.447759113 0.447759113 0.364844403
72600 0.812603516 0.447759113 0.447759113 0.364844403
77440 0.812603516 0.447759113 0.447759113 0.364844403
82280 0.812603516 0.447759113 0.447759113 0.364844403
87120 0.812603516 0.447759113 0.447759113 0.364844403
91960 0.812603516 0.447759113 0.447759113 0.364844403
48400 0.806651551 0.470158812 0.470158812 0.336492739
53240 0.806651551 0.470158812 0.470158812 0.336492739
58080 0.806651551 0.470158812 0.470158812 0.336492739
62920 0.806651551 0.470158812 0.470158812 0.336492739
67760 0.806651551 0.470158812 0.470158812 0.336492739
72600 0.806651551 0.470158812 0.470158812 0.336492739
77440 0.806651551 0.470158812 0.470158812 0.336492739
82280 0.806651551 0.470158812 0.470158812 0.336492739
87120 0.806651551 0.470158812 0.470158812 0.336492739
91960 0.806651551 0.470158812 0.470158812 0.336492739
48400 0.813815864 0.468176592 0.468176592 0.345639272
53240 0.813815864 0.468176592 0.468176592 0.345639272
58080 0.813815864 0.468176592 0.468176592 0.345639272
62920 0.813815864 0.468176592 0.468176592 0.345639272
67760 0.813815864 0.468176592 0.468176592 0.345639272
72600 0.813815864 0.468176592 0.468176592 0.345639272
77440 0.813815864 0.468176592 0.468176592 0.345639272
82280 0.813815864 0.468176592 0.468176592 0.345639272
87120 0.813815864 0.468176592 0.468176592 0.345639272
91960 0.813815864 0.468176592 0.468176592 0.345639272
48400 0.798715545 0.460236023 0.460236023 0.338479522
53240 0.798715545 0.460236023 0.460236023 0.338479522
58080 0.798715545 0.460236023 0.460236023 0.338479522
62920 0.798715545 0.460236023 0.460236023 0.338479522
67760 0.798715545 0.460236023 0.460236023 0.338479522
72600 0.798715545 0.460236023 0.460236023 0.338479522
77440 0.798715545 0.460236023 0.460236023 0.338479522
82280 0.798715545 0.460236023 0.460236023 0.338479522
87120 0.798715545 0.460236023 0.460236023 0.338479522
91960 0.798715545 0.460236023 0.460236023 0.338479522
48400 0.812444441 0.474534088 0.474534088 0.337910353
53240 0.812444441 0.474534088 0.474534088 0.337910353
58080 0.812444441 0.474534088 0.474534088 0.337910353
62920 0.812444441 0.474534088 0.474534088 0.337910353
67760 0.812444441 0.474534088 0.474534088 0.337910353
72600 0.812444441 0.474534088 0.474534088 0.337910353
77440 0.812444441 0.474534088 0.474534088 0.337910353
82280 0.812444441 0.474534088 0.474534088 0.337910353
87120 0.812444441 0.474534088 0.474534088 0.337910353
91960 0.812444441 0.474534088 0.474534088 0.337910353
48400 0.804649534 0.446346378 0.446346378 0.358303156
53240 0.804649534 0.446346378 0.446346378 0.358303156
58080 0.804649534 0.446346378 0.446346378 0.358303156
62920 0.804649534 0.446346378 0.446346378 0.358303156
67760 0.804649534 0.446346378 0.446346378 0.358303156
72600 0.804649534 0.446346378 0.446346378 0.358303156
77440 0.804649534 0.446346378 0.446346378 0.358303156
82280 0.804649534 0.446346378 0.446346378 0.358303156
87120 0.804649534 0.446346378 0.446346378 0.358303156
91960 0.804649534 0.446346378 0.446346378 0.358303156
48400 0.812202778 0.450168385 0.450168385 0.362034393
53240 0.812202778 0.450168385 0.450168385 0.362034393
58080 0.812202778 0.450168385 0.450168385 0.362034393
62920 0.812202778 0.450168385 0.450168385 0.362034393
67760 0.812202778 0.450168385 0.450168385 0.362034393
72600 0.812202778 0.450168385 0.450168385 0.362034393
77440 0.812202778 0.450168385 0.450168385 0.362034393
82280 0.812202778 0.450168385 0.450168385 0.362034393
87120 0.812202778 0.450168385 0.450168385 0.362034393
91960 0.812202778 0.450168385 0.450168385 0.362034393
48400 0.794157092 0.443370956 0.443370956 0.350786136
53240 0.794157092 0.443370956 0.443370956 0.350786136
58080 0.794157092 0.443370956 0.443370956 0.350786136
62920 0.794157092 0.443370956 0.443370956 0.350786136
67760 0.794157092 0.443370956 0.443370956 0.350786136
72600 0.794157092 0.443370956 0.443370956 0.350786136
77440 0.794157092 0.443370956 0.443370956 0.350786136
82280 0.794157092 0.443370956 0.443370956 0.350786136
87120 0.794157092 0.443370956 0.443370956 0.350786136
91960 0.794157092 0.443370956 0.443370956 0.350786136
48400 0.806278906 0.455505629 0.455505629 0.350773277
53240 0.806278906 0.455505629 0.455505629 0.350773277
58080 0.806278906 0.455505629 0.455505629 0.350773277
62920 0.806278906 0.455505629 0.455505629 0.350773277
67760 0.806278906 0.455505629 0.455505629 0.350773277
72600 0.806278906 0.455505629 0.455505629 0.350773277
77440 0.806278906 0.455505629 0.455505629 0.350773277
82280 0.806278906 0.455505629 0.455505629 0.350773277
87120 0.806278906 0.455505629 0.455505629 0.350773277
91960 0.806278906 0.455505629 0.455505629 0.350773277
48400 0.794942553 0.439142255 0.439142255 0.355800298
53240 0.794942553 0.439142255 0.439142255 0.355800298
58080 0.794942553 0.439142255 0.439142255 0.355800298
62920 0.794942553 0.439142255 0.439142255 0.355800298
67760 0.794942553 0.439142255 0.439142255 0.355800298
72600 0.794942553 0.439142255 0.439142255 0.355800298
77440 0.794942553 0.439142255 0.439142255 0.355800298
82280 0.794942553 0.439142255 0.439142255 0.355800298
87120 0.794942553 0.439142255 0.439142255 0.355800298
91960 0.794942553 0.439142255 0.439142255 0.355800298
48400 0.807024141 0.471009888 0.471009888 0.336014253
53240 0.807024141 0.471009888 0.471009888 0.336014253
58080 0.807024141 0.471009888 0.471009888 0.336014253
62920 0.807024141 0.471009888 0.471009888 0.336014253
67760 0.807024141 0.471009888 0.471009888 0.336014253
72600 0.807024141 0.471009888 0.471009888 0.336014253
77440 0.807024141 0.471009888 0.471009888 0.336014253
82280 0.807024141 0.471009888 0.471009888 0.336014253
87120 0.807024141 0.471009888 0.471009888 0.336014253
91960 0.807024141 0.471009888 0.471009888 0.336014253
48400 0.802758446 0.471499617 0.471499617 0.331258829
53240 0.802758446 0.471499617 0.471499617 0.331258829
58080 0.802758446 0.471499617 0.471499617 0.331258829
62920 0.802758446 0.471499617 0.471499617 0.331258829
67760 0.802758446 0.471499617 0.471499617 0.331258829
72600 0.802758446 0.471499617 0.471499617 0.331258829
77440 0.802758446 0.471499617 0.471499617 0.331258829
82280 0.802758446 0.471499617 0.471499617 0.331258829
87120 0.802758446 0.471499617 0.471499617 0.331258829
91960 0.802758446 0.471499617 0.471499617 0.331258829
48400 0.805708369 0.446065659 0.446065659 0.359642710
53240 0.805708369 0.446065659 0.446065659 0.359642710
58080 0.805708369 0.446065659 0.446065659 0.359642710
62920 0.805708369 0.446065659 0.446065659 0.359642710
67760 0.805708369 0.446065659 0.446065659 0.359642710
72600 0.805708369 0.446065659 0.446065659 0.359642710
77440 0.805708369 0.446065659 0.446065659 0.359642710
82280 0.805708369 0.446065659 0.446065659 0.359642710
87120 0.805708369 0.446065659 0.446065659 0.359642710
91960 0.805708369 0.446065659 0.446065659 0.359642710
48400 0.805533932 0.445267562 0.445267562 0.360266370
53240 0.805533932 0.445267562 0.445267562 0.360266370
58080 0.805533932 0.445267562 0.445267562 0.360266370
62920 0.805533932 0.445267562 0.445267562 0.360266370
67760 0.805533932 0.445267562 0.445267562 0.360266370
72600 0.805533932 0.445267562 0.445267562 0.360266370
77440 0.805533932 0.445267562 0.445267562 0.360266370
82280 0.805533932 0.445267562 0.445267562 0.360266370
87120 0.805533932 0.445267562 0.445267562 0.360266370
91960 0.805533932 0.445267562 0.445267562 0.360266370
48400 0.802334738 0.463913205 0.463913205 0.338421533
53240 0.802334738 0.463913205 0.463913205 0.338421533
58080 0.802334738 0.463913205 0.463913205 0.338421533
62920 0.802334738 0.463913205 0.463913205 0.338421533
67760 0.802334738 0.463913205 0.463913205 0.338421533
72600 0.802334738 0.463913205 0.463913205 0.338421533
77440 0.802334738 0.463913205 0.463913205 0.338421533
82280 0.802334738 0.463913205 0.463913205 0.338421533
87120 0.802334738 0.463913205 0.463913205 0.338421533
91960 0.802334738 0.463913205 0.463913205 0.338421533
48400 0.818960316 0.451837907 0.451837907 0.367122409
53240 0.818960316 0.451837907 0.451837907 0.367122409
58080 0.818960316 0.451837907 0.451837907 0.367122409
62920 0.818960316 0.451837907 0.451837907 0.367122409
67760 0.818960316 0.451837907 0.451837907 0.367122409
72600 0.818960316 0.451837907 0.451837907 0.367122409
77440 0.818960316 0.451837907 0.451837907 0.367122409
82280 0.818960316 0.451837907 0.451837907 0.367122409
87120 0.818960316 0.451837907 0.451837907 0.367122409
91960 0.818960316 0.451837907 0.451837907 0.367122409
48400 0.807441856 0.443502964 0.443502964 0.363938892
53240 0.807441856 0.443502964 0.443502964 0.363938892
58080 0.807441856 0.443502964 0.443502964 0.363938892
62920 0.807441856 0.443502964 0.443502964 0.363938892
67760 0.807441856 0.443502964 0.443502964 0.363938892
72600 0.807441856 0.443502964 0.443502964 0.363938892
77440 0.807441856 0.443502964 0.443502964 0.363938892
82280 0.807441856 0.443502964 0.443502964 0.363938892
87120 0.807441856 0.443502964 0.443502964 0.363938892
91960 0.807441856 0.443502964 0.443502964 0.363938892
48400 0.806562783 0.450578945 0.450578945 0.355983838
53240 0.806562783 0.450578945 0.450578945 0.355983838
58080 0.806562783 0.450578945 0.450578945 0.355983838
62920 0.806562783 0.450578945 0.450578945 0.355983838
67760 0.806562783 0.450578945 0.450578945 0.355983838
72600 0.806562783 0.450578945 0.450578945 0.355983838
77440 0.806562783 0.450578945 0.450578945 0.355983838
82280 0.806562783 0.450578945 0.450578945 0.355983838
87120 0.806562783 0.450578945 0.450578945 0.355983838
91960 0.806562783 0.450578945 0.450578945 0.355983838
48400 0.797090570 0.441228166 0.441228166 0.355862404
53240 0.797090570 0.441228166 0.441228166 0.355862404
58080 0.797090570 0.441228166 0.441228166 0.355862404
62920 0.797090570 0.441228166 0.441228166 0.355862404
67760 0.797090570 0.441228166 0.441228166 0.355862404
72600 0.797090570 0.441228166 0.441228166 0.355862404
77440 0.797090570 0.441228166 0.441228166 0.355862404
82280 0.797090570 0.441228166 0.441228166 0.355862404
87120 0.797090570 0.441228166 0.441228166 0.355862404
91960 0.797090570 0.441228166 0.441228166 0.355862404
48400 0.805727804 0.471461059 0.471461059 0.334266745
53240 0.805727804 0.471461059 0.471461059 0.334266745
58080 0.805727804 0.471461059 0.471461059 0.334266745
62920 0.805727804 0.471461059 0.471461059 0.334266745
67760 0.805727804 0.471461059 0.471461059 0.334266745
72600 0.805727804 0.471461059 0.471461059 0.334266745
77440 0.805727804 0.471461059 0.471461059 0.334266745
82280 0.805727804 0.471461059 0.471461059 0.334266745
87120 0.805727804 0.471461059 0.471461059 0.334266745
91960 0.805727804 0.471461059 0.471461059 0.334266745
48400 0.811810244 0.466902648 0.466902648 0.344907596
53240 0.811810244 0.466902648 0.466902648 0.344907596
58080 0.811810244 0.466902648 0.466902648 0.344907596
62920 0.811810244 0.466902648 0.466902648 0.344907596
67760 0.811810244 0.466902648 0.466902648 0.344907596
72600 0.811810244 0.466902648 0.466902648 0.344907596
77440 0.811810244 0.466902648 0.466902648 0.344907596
82280 0.811810244 0.466902648 0.466902648 0.344907596
87120 0.811810244 0.466902648 0.466902648 0.344907596
91960 0.811810244 0.466902648 0.466902648 0.344907596
48400 0.811425820 0.463280298 0.463280298 0.348145522
53240 0.811425820 0.463280298 0.463280298 0.348145522
58080 0.811425820 0.463280298 0.463280298 0.348145522
62920 0.811425820 0.463280298 0.463280298 0.348145522
67760 0.811425820 0.463280298 0.463280298 0.348145522
72600 0.811425820 0.463280298 0.463280298 0.348145522
77440 0.811425820 0.463280298 0.463280298 0.348145522
82280 0.811425820 0.463280298 0.463280298 0.348145522
87120 0.811425820 0.463280298 0.463280298 0.348145522
91960 0.811425820 0.463280298 0.463280298 0.348145522
48400 0.798637177 0.469378878 0.469378878 0.329258299
53240 0.798637177 0.469378878 0.469378878 0.329258299
58080 0.798637177 0.469378878 0.469378878 0.329258299
62920 0.798637177 0.469378878 0.469378878 0.329258299
67760 0.798637177 0.469378878 0.469378878 0.329258299
72600 0.798637177 0.469378878 0.469378878 0.329258299
77440 0.798637177 0.469378878 0.469378878 0.329258299
82280 0.798637177 0.469378878 0.469378878 0.329258299
87120 0.798637177 0.469378878 0.469378878 0.329258299
91960 0.798637177 0.469378878 0.469378878 0.329258299
48400 0.790796020 0.438942219 0.438942219 0.351853801
53240 0.790796020 0.438942219 0.438942219 0.351853801
58080 0.790796020 0.438942219 0.438942219 0.351853801
62920 0.790796020 0.438942219 0.438942219 0.351853801
67760 0.790796020 0.438942219 0.438942219 0.351853801
72600 0.790796020 0.438942219 0.438942219 0.351853801
77440 0.790796020 0.438942219 0.438942219 0.351853801
82280 0.790796020 0.438942219 0.438942219 0.351853801
87120 0.790796020 0.438942219 0.438942219 0.351853801
91960 0.790796020 0.438942219 0.438942219 0.351853801
48400 0.787267146 0.456991062 0.456991062 0.330276084
53240 0.787267146 0.456991062 0.456991062 0.330276084
58080 0.787267146 0.456991062 0.456991062 0.330276084
62920 0.787267146 0.456991062 0.456991062 0.330276084
67760 0.787267146 0.456991062 0.456991062 0.330276084
72600 0.787267146 0.456991062 0.456991062 0.330276084
77440 0.787267146 0.456991062 0.456991062 0.330276084
82280 0.787267146 0.456991062 0.456991062 0.330276084
87120 0.787267146 0.456991062 0.456991062 0.330276084
91960 0.787267146 0.456991062 0.456991062 0.330276084
48400 0.789680575 0.442441366 0.442441366 0.347239209
53240 0.789680575 0.442441366 0.442441366 0.347239209
58080 0.789680575 0.442441366 0.442441366 0.347239209
62920 0.789680575 0.442441366 0.442441366 0.347239209
67760 0.789680575 0.442441366 0.442441366 0.347239209
72600 0.789680575 0.442441366 0.442441366 0.347239209
77440 0.789680575 0.442441366 0.442441366 0.347239209
82280 0.789680575 0.442441366 0.442441366 0.347239209
87120 0.789680575 0.442441366 0.442441366 0.347239209
91960 0.789680575 0.442441366 0.442441366 0.347239209
48400 0.784577682 0.443771640 0.443771640 0.340806042
53240 0.784577682 0.443771640 0.443771640 0.340806042
58080 0.784577682 0.443771640 0.443771640 0.340806042
62920 0.784577682 0.443771640 0.443771640 0.340806042
67760 0.784577682 0.443771640 0.443771640 0.340806042
72600 0.784577682 0.443771640 0.443771640 0.340806042
77440 0.784577682 0.443771640 0.443771640 0.340806042
82280 0.784577682 0.443771640 0.443771640 0.340806042
87120 0.784577682 0.443771640 0.443771640 0.340806042
91960 0.784577682 0.443771640 0.443771640 0.340806042
48400 0.787763609 0.454368015 0.454368015 0.333395594
53240 0.787763609 0.454368015 0.454368015 0.333395594
58080 0.787763609 0.454368015 0.454368015 0.333395594
62920 0.787763609 0.454368015 0.454368015 0.333395594
67760 0.787763609 0.454368015 0.454368015 0.333395594
72600 0.787763609 0.454368015 0.454368015 0.333395594
77440 0.787763609 0.454368015 0.454368015 0.333395594
82280 0.787763609 0.454368015 0.454368015 0.333395594
87120 0.787763609 0.454368015 0.454368015 0.333395594
91960 0.787763609 0.454368015 0.454368015 0.333395594
48400 0.800589663 0.458911478 0.458911478 0.341678185
53240 0.800589663 0.458911478 0.458911478 0.341678185
58080 0.800589663 0.458911478 0.458911478 0.341678185
62920 0.800589663 0.458911478 0.458911478 0.341678185
67760 0.800589663 0.458911478 0.458911478 0.341678185
72600 0.800589663 0.458911478 0.458911478 0.341678185
77440 0.800589663 0.458911478 0.458911478 0.341678185
82280 0.800589663 0.458911478 0.458911478 0.341678185
87120 0.800589663 0.458911478 0.458911478 0.341678185
91960 0.800589663 0.458911478 0.458911478 0.341678185
48400 0.799544419 0.449435756 0.449435756 0.350108663
53240 0.799544419 0.449435756 0.449435756 0.350108663
58080 0.799544419 0.449435756 0.449435756 0.350108663
62920 0.799544419 0.449435756 0.449435756 0.350108663
67760 0.799544419 0.449435756 0.449435756 0.350108663
72600 0.799544419 0.449435756 0.449435756 0.350108663
77440 0.799544419 0.449435756 0.449435756 0.350108663
82280 0.799544419 0.449435756 0.449435756 0.350108663
87120 0.799544419 0.449435756 0.449435756 0.350108663
91960 0.799544419 0.449435756 0.449435756 0.350108663
48400 0.793619871 0.459492699 0.459492699 0.334127172
53240 0.793619871 0.459492699 0.459492699 0.334127172
58080 0.793619871 0.459492699 0.459492699 0.334127172
62920 0.793619871 0.459492699 0.459492699 0.334127172
67760 0.793619871 0.459492699 0.459492699 0.334127172
72600 0.793619871 0.459492699 0.459492699 0.334127172
77440 0.793619871 0.459492699 0.459492699 0.334127172
82280 0.793619871 0.459492699 0.459492699 0.334127172
87120 0.793619871 0.459492699 0.459492699 0.334127172
91960 0.793619871 0.459492699 0.459492699 0.334127172
48400 0.798357387 0.440007055 0.440007055 0.358350332
53240 0.798357387 0.440007055 0.440007055 0.358350332
58080 0.798357387 0.440007055 0.440007055 0.358350332
62920 0.798357387 0.440007055 0.440007055 0.358350332
67760 0.798357387 0.440007055 0.440007055 0.358350332
72600 0.798357387 0.440007055 0.440007055 0.358350332
77440 0.798357387 0.440007055 0.440007055 0.358350332
82280 0.798357387 0.440007055 0.440007055 0.358350332
87120 0.798357387 0.440007055 0.440007055 0.358350332
91960 0.798357387 0.440007055 0.440007055 0.358350332
48400 0.782644143 0.434948222 0.434948222 0.347695921
53240 0.782644143 0.434948222 0.434948222 0.347695921
58080 0.782644143 0.434948222 0.434948222 0.347695921
62920 0.782644143 0.434948222 0.434948222 0.347695921
67760 0.782644143 0.434948222 0.434948222 0.347695921
72600 0.782644143 0.434948222 0.434948222 0.347695921
77440 0.782644143 0.434948222 0.434948222 0.347695921
82280 0.782644143 0.434948222 0.434948222 0.347695921
87120 0.782644143 0.434948222 0.434948222 0.347695921
91960 0.782644143 0.434948222 0.434948222 0.347695921
48400 0.780036026 0.428851106 0.428851106 0.351184920
53240 0.780036026 0.428851106 0.428851106 0.351184920
58080 0.780036026 0.428851106 0.428851106 0.351184920
62920 0.780036026 0.428851106 0.428851106 0.351184920
67760 0.780036026 0.428851106 0.428851106 0.351184920
72600 0.780036026 0.428851106 0.428851106 0.351184920
77440 0.780036026 0.428851106 0.428851106 0.351184920
82280 0.780036026 0.428851106 0.428851106 0.351184920
87120 0.780036026 0.428851106 0.428851106 0.351184920
91960 0.780036026 0.428851106 0.428851106 0.351184920
48400 0.781208119 0.450492002 0.450492002 0.330716117
53240 0.781208119 0.450492002 0.450492002 0.330716117
58080 0.781208119 0.450492002 0.450492002 0.330716117
62920 0.781208119 0.450492002 0.450492002 0.330716117
67760 0.781208119 0.450492002 0.450492002 0.330716117
72600 0.781208119 0.450492002 0.450492002 0.330716117
77440 0.781208119 0.450492002 0.450492002 0.330716117
82280 0.781208119 0.450492002 0.450492002 0.330716117
87120 0.781208119 0.450492002 0.450492002 0.330716117
91960 0.781208119 0.450492002 0.450492002 0.330716117
48400 0.786403989 0.441394300 0.441394300 0.345009689
53240 0.786403989 0.441394300 0.441394300 0.345009689
58080 0.786403989 0.441394300 0.441394300 0.345009689
62920 0.786403989 0.441394300 0.441394300 0.345009689
67760 0.786403989 0.441394300 0.441394300 0.345009689
72600 0.786403989 0.441394300 0.441394300 0.345009689
77440 0.786403989 0.441394300 0.441394300 0.345009689
82280 0.786403989 0.441394300 0.441394300 0.345009689
87120 0.786403989 0.441394300 0.441394300 0.345009689
91960 0.786403989 0.441394300 0.441394300 0.345009689
48400 0.783319021 0.438305025 0.438305025 0.345013996
53240 0.783319021 0.438305025 0.438305025 0.345013996
58080 0.783319021 0.438305025 0.438305025 0.345013996
62920 0.783319021 0.438305025 0.438305025 0.345013996
67760 0.783319021 0.438305025 0.438305025 0.345013996
72600 0.783319021 0.438305025 0.438305025 0.345013996
77440 0.783319021 0.438305025 0.438305025 0.345013996
82280 0.783319021 0.438305025 0.438305025 0.345013996
87120 0.783319021 0.438305025 0.438305025 0.345013996
91960 0.783319021 0.438305025 0.438305025 0.345013996
48400 0.770242402 0.451762787 0.451762787 0.318479615
53240 0.770242402 0.451762787 0.451762787 0.318479615
58080 0.770242402 0.451762787 0.451762787 0.318479615
62920 0.770242402 0.451762787 0.451762787 0.318479615
67760 0.770242402 0.451762787 0.451762787 0.318479615
72600 0.770242402 0.451762787 0.451762787 0.318479615
77440 0.770242402 0.451762787 0.451762787 0.318479615
82280 0.770242402 0.451762787 0.451762787 0.318479615
87120 0.770242402 0.451762787 0.451762787 0.318479615
91960 0.770242402 0.451762787 0.451762787 0.318479615
48400 0.792735932 0.449413840 0.449413840 0.343322092
53240 0.792735932 0.449413840 0.449413840 0.343322092
58080 0.792735932 0.449413840 0.449413840 0.343322092
62920 0.792735932 0.449413840 0.449413840 0.343322092
67760 0.792735932 0.449413840 0.449413840 0.343322092
72600 0.792735932 0.449413840 0.449413840 0.343322092
77440 0.792735932 0.449413840 0.449413840 0.343322092
82280 0.792735932 0.449413840 0.449413840 0.343322092
87120 0.792735932 0.449413840 0.449413840 0.343322092
91960 0.792735932 0.449413840 0.449413840 0.343322092
48400 0.785537414 0.464263415 0.464263415 0.321273999
53240 0.785537414 0.464263415 0.464263415 0.321273999
58080 0.785537414 0.464263415 0.464263415 0.321273999
62920 0.785537414 0.464263415 0.464263415 0.321273999
67760 0.785537414 0.464263415 0.464263415 0.321273999
72600 0.785537414 0.464263415 0.464263415 0.321273999
77440 0.785537414 0.464263415 0.464263415 0.321273999
82280 0.785537414 0.464263415 0.464263415 0.321273999
87120 0.785537414 0.464263415 0.464263415 0.321273999
91960 0.785537414 0.464263415 0.464263415 0.321273999
48400 0.790606143 0.451558080 0.451558080 0.339048063
53240 0.790606143 0.451558080 0.451558080 0.339048063
58080 0.790606143 0.451558080 0.451558080 0.339048063
62920 0.790606143 0.451558080 0.451558080 0.339048063
67760 0.790606143 0.451558080 0.451558080 0.339048063
72600 0.790606143 0.451558080 0.451558080 0.339048063
77440 0.790606143 0.451558080 0.451558080 0.339048063
82280 0.790606143 0.451558080 0.451558080 0.339048063
87120 0.790606143 0.451558080 0.451558080 0.339048063
91960 0.790606143 0.451558080 0.451558080 0.339048063
48400 0.788341071 0.435543161 0.435543161 0.352797910
53240 0.788341071 0.435543161 0.435543161 0.352797910
58080 0.788341071 0.435543161 0.435543161 0.352797910
62920 0.788341071 0.435543161 0.435543161 0.352797910
67760 0.788341071 0.435543161 0.435543161 0.352797910
72600 0.788341071 0.435543161 0.435543161 0.352797910
77440 0.788341071 0.435543161 0.435543161 0.352797910
82280 0.788341071 0.435543161 0.435543161 0.352797910
87120 0.788341071 0.435543161 0.435543161 0.352797910
91960 0.788341071 0.435543161 0.435543161 0.352797910
48400 0.793846785 0.444644552 0.444644552 0.349202233
53240 0.793846785 0.444644552 0.444644552 0.349202233
58080 0.793846785 0.444644552 0.444644552 0.349202233
62920 0.793846785 0.444644552 0.444644552 0.349202233
67760 0.793846785 0.444644552 0.444644552 0.349202233
72600 0.793846785 0.444644552 0.444644552 0.349202233
77440 0.793846785 0.444644552 0.444644552 0.349202233
82280 0.793846785 0.444644552 0.444644552 0.349202233
87120 0.793846785 0.444644552 0.444644552 0.349202233
91960 0.793846785 0.444644552 0.444644552 0.349202233
48400 0.790112692 0.450312908 0.450312908 0.339799784
53240 0.790112692 0.450312908 0.450312908 0.339799784
58080 0.790112692 0.450312908 0.450312908 0.339799784
62920 0.790112692 0.450312908 0.450312908 0.339799784
67760 0.790112692 0.450312908 0.450312908 0.339799784
72600 0.790112692 0.450312908 0.450312908 0.339799784
77440 0.790112692 0.450312908 0.450312908 0.339799784
82280 0.790112692 0.450312908 0.450312908 0.339799784
87120 0.790112692 0.450312908 0.450312908 0.339799784
91960 0.790112692 0.450312908 0.450312908 0.339799784
48400 0.789899363 0.452717841 0.452717841 0.337181522
53240 0.789899363 0.452717841 0.452717841 0.337181522
58080 0.789899363 0.452717841 0.452717841 0.337181522
62920 0.789899363 0.452717841 0.452717841 0.337181522
67760 0.789899363 0.452717841 0.452717841 0.337181522
72600 0.789899363 0.452717841 0.452717841 0.337181522
77440 0.789899363 0.452717841 0.452717841 0.337181522
82280 0.789899363 0.452717841 0.452717841 0.337181522
87120 0.789899363 0.452717841 0.452717841 0.337181522
91960 0.789899363 0.452717841 0.452717841 0.337181522
48400 0.785522117 0.434500459 0.434500459 0.351021658
53240 0.785522117 0.434500459 0.434500459 0.351021658
58080 0.785522117 0.434500459 0.434500459 0.351021658
62920 0.785522117 0.434500459 0.434500459 0.351021658
67760 0.785522117 0.434500459 0.434500459 0.351021658
72600 0.785522117 0.434500459 0.434500459 0.351021658
77440 0.785522117 0.434500459 0.434500459 0.351021658
82280 0.785522117 0.434500459 0.434500459 0.351021658
87120 0.785522117 0.434500459 0.434500459 0.351021658
91960 0.785522117 0.434500459 0.434500459 0.351021658
48400 0.796285974 0.462998189 0.462998189 0.333287785
53240 0.796285974 0.462998189 0.462998189 0.333287785
58080 0.796285974 0.462998189 0.462998189 0.333287785
62920 0.796285974 0.462998189 0.462998189 0.333287785
67760 0.796285974 0.462998189 0.462998189 0.333287785
72600 0.796285974 0.462998189 0.462998189 0.333287785
77440 0.796285974 0.462998189 0.462998189 0.333287785
82280 0.796285974 0.462998189 0.462998189 0.333287785
87120 0.796285974 0.462998189 0.462998189 0.333287785
91960 0.796285974 0.462998189 0.462998189 0.333287785
48400 0.796907059 0.439939453 0.439939453 0.356967606
53240 0.796907059 0.439939453 0.439939453 0.356967606
58080 0.796907059 0.439939453 0.439939453 0.356967606
62920 0.796907059 0.439939453 0.439939453 0.356967606
67760 0.796907059 0.439939453 0.439939453 0.356967606
72600 0.796907059 0.439939453 0.439939453 0.356967606
77440 0.796907059 0.439939453 0.439939453 0.356967606
82280 0.796907059 0.439939453 0.439939453 0.356967606
87120 0.796907059 0.439939453 0.439939453 0.356967606
91960 0.796907059 0.439939453 0.439939453 0.356967606
48400 0.823098548 0.444048516 0.444048516 0.379050032
53240 0.823098548 0.444048516 0.444048516 0.379050032
58080 0.823098548 0.444048516 0.444048516 0.379050032
62920 0.823098548 0.444048516 0.444048516 0.379050032
67760 0.823098548 0.444048516 0.444048516 0.379050032
72600 0.823098548 0.444048516 0.444048516 0.379050032
77440 0.823098548 0.444048516 0.444048516 0.379050032
82280 0.823098548 0.444048516 0.444048516 0.379050032
87120 0.823098548 0.444048516 0.444048516 0.379050032
91960 0.823098548 0.444048516 0.444048516 0.379050032
48400 0.786488277 0.458863275 0.458863275 0.327625002
53240 0.786488277 0.458863275 0.458863275 0.327625002
58080 0.786488277 0.458863275 0.458863275 0.327625002
62920 0.786488277 0.458863275 0.458863275 0.327625002
67760 0.786488277 0.458863275 0.458863275 0.327625002
72600 0.786488277 0.458863275 0.458863275 0.327625002
77440 0.786488277 0.458863275 0.458863275 0.327625002
82280 0.786488277 0.458863275 0.458863275 0.327625002
87120 0.786488277 0.458863275 0.458863275 0.327625002
91960 0.786488277 0.458863275 0.458863275 0.327625002
48400 0.803386256 0.443894399 0.443894399 0.359491857
53240 0.803386256 0.443894399 0.443894399 0.359491857
58080 0.803386256 0.443894399 0.443894399 0.359491857
62920 0.803386256 0.443894399 0.443894399 0.359491857
67760 0.803386256 0.443894399 0.443894399 0.359491857
72600 0.803386256 0.443894399 0.443894399 0.359491857
77440 0.803386256 0.443894399 0.443894399 0.359491857
82280 0.803386256 0.443894399 0.443894399 0.359491857
87120 0.803386256 0.443894399 0.443894399 0.359491857
91960 0.803386256 0.443894399 0.443894399 0.359491857
48400 0.793697538 0.461203543 0.461203543 0.332493995
53240 0.793697538 0.461203543 0.461203543 0.332493995
58080 0.793697538 0.461203543 0.461203543 0.332493995
62920 0.793697538 0.461203543 0.461203543 0.332493995
67760 0.793697538 0.461203543 0.461203543 0.332493995
72600 0.793697538 0.461203543 0.461203543 0.332493995
77440 0.793697538 0.461203543 0.461203543 0.332493995
82280 0.793697538 0.461203543 0.461203543 0.332493995
87120 0.793697538 0.461203543 0.461203543 0.332493995
91960 0.793697538 0.461203543 0.461203543 0.332493995
48400 0.808688895 0.445853933 0.445853933 0.362834962
53240 0.808688895 0.445853933 0.445853933 0.362834962
58080 0.808688895 0.445853933 0.445853933 0.362834962
62920 0.808688895 0.445853933 0.445853933 0.362834962
67760 0.808688895 0.445853933 0.445853933 0.362834962
72600 0.808688895 0.445853933 0.445853933 0.362834962
77440 0.808688895 0.445853933 0.445853933 0.362834962
82280 0.808688895 0.445853933 0.445853933 0.362834962
87120 0.808688895 0.445853933 0.445853933 0.362834962
91960 0.808688895 0.445853933 0.445853933 0.362834962
48400 0.809043198 0.461123740 0.461123740 0.347919458
53240 0.809043198 0.461123740 0.461123740 0.347919458
58080 0.809043198 0.461123740 0.461123740 0.347919458
62920 0.809043198 0.461123740 0.461123740 0.347919458
67760 0.809043198 0.461123740 0.461123740 0.347919458
72600 0.809043198 0.461123740 0.461123740 0.347919458
77440 0.809043198 0.461123740 0.461123740 0.347919458
82280 0.809043198 0.461123740 0.461123740 0.347919458
87120 0.809043198 0.461123740 0.461123740 0.347919458
91960 0.809043198 0.461123740 0.461123740 0.347919458
48400 0.797235862 0.442890236 0.442890236 0.354345626
53240 0.797235862 0.442890236 0.442890236 0.354345626
58080 0.797235862 0.442890236 0.442890236 0.354345626
62920 0.797235862 0.442890236 0.442890236 0.354345626
67760 0.797235862 0.442890236 0.442890236 0.354345626
72600 0.797235862 0.442890236 0.442890236 0.354345626
77440 0.797235862 0.442890236 0.442890236 0.354345626
82280 0.797235862 0.442890236 0.442890236 0.354345626
87120 0.797235862 0.442890236 0.442890236 0.354345626
91960 0.797235862 0.442890236 0.442890236 0.354345626
48400 0.791219623 0.456203287 0.456203287 0.335016336
53240 0.791219623 0.456203287 0.456203287 0.335016336
58080 0.791219623 0.456203287 0.456203287 0.335016336
62920 0.791219623 0.456203287 0.456203287 0.335016336
67760 0.791219623 0.456203287 0.456203287 0.335016336
72600 0.791219623 0.456203287 0.456203287 0.335016336
77440 0.791219623 0.456203287 0.456203287 0.335016336
82280 0.791219623 0.456203287 0.456203287 0.335016336
87120 0.791219623 0.456203287 0.456203287 0.335016336
91960 0.791219623 0.456203287 0.456203287 0.335016336
48400 0.814023194 0.464394104 0.464394104 0.349629090
53240 0.814023194 0.464394104 0.464394104 0.349629090
58080 0.814023194 0.464394104 0.464394104 0.349629090
62920 0.814023194 0.464394104 0.464394104 0.349629090
67760 0.814023194 0.464394104 0.464394104 0.349629090
72600 0.814023194 0.464394104 0.464394104 0.349629090
77440 0.814023194 0.464394104 0.464394104 0.349629090
82280 0.814023194 0.464394104 0.464394104 0.349629090
87120 0.814023194 0.464394104 0.464394104 0.349629090
91960 0.814023194 0.464394104 0.464394104 0.349629090
48400 0.820744668 0.457723843 0.457723843 0.363020825
53240 0.820744668 0.457723843 0.457723843 0.363020825
58080 0.820744668 0.457723843 0.457723843 0.363020825
62920 0.820744668 0.457723843 0.457723843 0.363020825
67760 0.820744668 0.457723843 0.457723843 0.363020825
72600 0.820744668 0.457723843 0.457723843 0.363020825
77440 0.820744668 0.457723843 0.457723843 0.363020825
82280 0.820744668 0.457723843 0.457723843 0.363020825
87120 0.820744668 0.457723843 0.457723843 0.363020825
91960 0.820744668 0.457723843 0.457723843 0.363020825
48400 0.804701624 0.441397221 0.441397221 0.363304403
53240 0.804701624 0.441397221 0.441397221 0.363304403
58080 0.804701624 0.441397221 0.441397221 0.363304403
62920 0.804701624 0.441397221 0.441397221 0.363304403
67760 0.804701624 0.441397221 0.441397221 0.363304403
72600 0.804701624 0.441397221 0.441397221 0.363304403
77440 0.804701624 0.441397221 0.441397221 0.363304403
82280 0.804701624 0.441397221 0.441397221 0.363304403
87120 0.804701624 0.441397221 0.441397221 0.363304403
91960 0.804701624 0.441397221 0.441397221 0.363304403
48400 0.807768199 0.466414220 0.466414220 0.341353979
53240 0.807768199 0.466414220 0.466414220 0.341353979
58080 0.807768199 0.466414220 0.466414220 0.341353979
62920 0.807768199 0.466414220 0.466414220 0.341353979
67760 0.807768199 0.466414220 0.466414220 0.341353979
72600 0.807768199 0.466414220 0.466414220 0.341353979
77440 0.807768199 0.466414220 0.466414220 0.341353979
82280 0.807768199 0.466414220 0.466414220 0.341353979
87120 0.807768199 0.466414220 0.466414220 0.341353979
91960 0.807768199 0.466414220 0.466414220 0.341353979
48400 0.810189344 0.444856136 0.444856136 0.365333208
53240 0.810189344 0.444856136 0.444856136 0.365333208
58080 0.810189344 0.444856136 0.444856136 0.365333208
62920 0.810189344 0.444856136 0.444856136 0.365333208
67760 0.810189344 0.444856136 0.444856136 0.365333208
72600 0.810189344 0.444856136 0.444856136 0.365333208
77440 0.810189344 0.444856136 0.444856136 0.365333208
82280 0.810189344 0.444856136 0.444856136 0.365333208
87120 0.810189344 0.444856136 0.444856136 0.365333208
91960 0.810189344 0.444856136 0.444856136 0.365333208
48400 0.807360842 0.451913281 0.451913281 0.355447561
53240 0.807360842 0.451913281 0.451913281 0.355447561
58080 0.807360842 0.451913281 0.451913281 0.355447561
62920 0.807360842 0.451913281 0.451913281 0.355447561
67760 0.807360842 0.451913281 0.451913281 0.355447561
72600 0.807360842 0.451913281 0.451913281 0.355447561
77440 0.807360842 0.451913281 0.451913281 0.355447561
82280 0.807360842 0.451913281 0.451913281 0.355447561
87120 0.807360842 0.451913281 0.451913281 0.355447561
91960 0.807360842 0.451913281 0.451913281 0.355447561
48400 0.806201193 0.465573034 0.465573034 0.340628159
53240 0.806201193 0.465573034 0.465573034 0.340628159
58080 0.806201193 0.465573034 0.465573034 0.340628159
62920 0.806201193 0.465573034 0.465573034 0.340628159
67760 0.806201193 0.465573034 0.465573034 0.340628159
72600 0.806201193 0.465573034 0.465573034 0.340628159
77440 0.806201193 0.465573034 0.465573034 0.340628159
82280 0.806201193 0.465573034 0.465573034 0.340628159
87120 0.806201193 0.465573034 0.465573034 0.340628159
91960 0.806201193 0.465573034 0.465573034 0.340628159
48400 0.800230089 0.466031608 0.466031608 0.334198481
53240 0.800230089 0.466031608 0.466031608 0.334198481
58080 0.800230089 0.466031608 0.466031608 0.334198481
62920 0.800230089 0.466031608 0.466031608 0.334198481
67760 0.800230089 0.466031608 0.466031608 0.334198481
72600 0.800230089 0.466031608 0.466031608 0.334198481
77440 0.800230089 0.466031608 0.466031608 0.334198481
82280 0.800230089 0.466031608 0.466031608 0.334198481
87120 0.800230089 0.466031608 0.466031608 0.334198481
91960 0.800230089 0.466031608 0.466031608 0.334198481
48400 0.784390478 0.430788224 0.430788224 0.353602254
53240 0.784390478 0.430788224 0.430788224 0.353602254
58080 0.784390478 0.430788224 0.430788224 0.353602254
62920 0.784390478 0.430788224 0.430788224 0.353602254
67760 0.784390478 0.430788224 0.430788224 0.353602254
72600 0.784390478 0.430788224 0.430788224 0.353602254
77440 0.784390478 0.430788224 0.430788224 0.353602254
82280 0.784390478 0.430788224 0.430788224 0.353602254
87120 0.784390478 0.430788224 0.430788224 0.353602254
91960 0.784390478 0.430788224 0.430788224 0.353602254
48400 0.787297569 0.453030587 0.453030587 0.334266982
53240 0.787297569 0.453030587 0.453030587 0.334266982
58080 0.787297569 0.453030587 0.453030587 0.334266982
62920 0.787297569 0.453030587 0.453030587 0.334266982
67760 0.787297569 0.453030587 0.453030587 0.334266982
72600 0.787297569 0.453030587 0.453030587 0.334266982
77440 0.787297569 0.453030587 0.453030587 0.334266982
82280 0.787297569 0.453030587 0.453030587 0.334266982
87120 0.787297569 0.453030587 0.453030587 0.334266982
91960 0.787297569 0.453030587 0.453030587 0.334266982
48400 0.791756652 0.440928928 0.440928928 0.350827724
53240 0.791756652 0.440928928 0.440928928 0.350827724
58080 0.791756652 0.440928928 0.440928928 0.350827724
62920 0.791756652 0.440928928 0.440928928 0.350827724
67760 0.791756652 0.440928928 0.440928928 0.350827724
72600 0.791756652 0.440928928 0.440928928 0.350827724
77440 0.791756652 0.440928928 0.440928928 0.350827724
82280 0.791756652 0.440928928 0.440928928 0.350827724
87120 0.791756652 0.440928928 0.440928928 0.350827724
91960 0.791756652 0.440928928 0.440928928 0.350827724
48400 0.795662291 0.462095494 0.462095494 0.333566797
53240 0.795662291 0.462095494 0.462095494 0.333566797
58080 0.795662291 0.462095494 0.462095494 0.333566797
62920 0.795662291 0.462095494 0.462095494 0.333566797
67760 0.795662291 0.462095494 0.462095494 0.333566797
72600 0.795662291 0.462095494 0.462095494 0.333566797
77440 0.795662291 0.462095494 0.462095494 0.333566797
82280 0.795662291 0.462095494 0.462095494 0.333566797
87120 0.795662291 0.462095494 0.462095494 0.333566797
91960 0.795662291 0.462095494 0.462095494 0.333566797
48400 0.775877090 0.449409275 0.449409275 0.326467815
53240 0.775877090 0.449409275 0.449409275 0.326467815
58080 0.775877090 0.449409275 0.449409275 0.326467815
62920 0.775877090 0.449409275 0.449409275 0.326467815
67760 0.775877090 0.449409275 0.449409275 0.326467815
72600 0.775877090 0.449409275 0.449409275 0.326467815
77440 0.775877090 0.449409275 0.449409275 0.326467815
82280 0.775877090 0.449409275 0.449409275 0.326467815
87120 0.775877090 0.449409275 0.449409275 0.326467815
91960 0.775877090 0.449409275 0.449409275 0.326467815
48400 0.779948982 0.431472210 0.431472210 0.348476772
53240 0.779948982 0.431472210 0.431472210 0.348476772
58080 0.779948982 0.431472210 0.431472210 0.348476772
62920 0.779948982 0.431472210 0.431472210 0.348476772
67760 0.779948982 0.431472210 0.431472210 0.348476772
72600 0.779948982 0.431472210 0.431472210 0.348476772
77440 0.779948982 0.431472210 0.431472210 0.348476772
82280 0.779948982 0.431472210 0.431472210 0.348476772
87120 0.779948982 0.431472210 0.431472210 0.348476772
91960 0.779948982 0.431472210 0.431472210 0.348476772
48400 0.787774703 0.438347697 0.438347697 0.349427006
53240 0.787774703 0.438347697 0.438347697 0.349427006
58080 0.787774703 0.438347697 0.438347697 0.349427006
62920 0.787774703 0.438347697 0.438347697 0.349427006
67760 0.787774703 0.438347697 0.438347697 0.349427006
72600 0.787774703 0.438347697 0.438347697 0.349427006
77440 0.787774703 0.438347697 0.438347697 0.349427006
82280 0.787774703 0.438347697 0.438347697 0.349427006
87120 0.787774703 0.438347697 0.438347697 0.349427006
91960 0.787774703 0.438347697 0.438347697 0.349427006
48400 0.775253321 0.428084269 0.428084269 0.347169052
53240 0.775253321 0.428084269 0.428084269 0.347169052
58080 0.775253321 0.428084269 0.428084269 0.347169052
62920 0.775253321 0.428084269 0.428084269 0.347169052
67760 0.775253321 0.428084269 0.428084269 0.347169052
72600 0.775253321 0.428084269 0.428084269 0.347169052
77440 0.775253321 0.428084269 0.428084269 0.347169052
82280 0.775253321 0.428084269 0.428084269 0.347169052
87120 0.775253321 0.428084269 0.428084269 0.347169052
91960 0.775253321 0.428084269 0.428084269 0.347169052
48400 0.108869689 0.087360361 0.087360361 0.021509328
53240 0.108869689 0.087360361 0.087360361 0.021509328
58080 0.108869689 0.087360361 0.087360361 0.021509328
62920 0.108869689 0.087360361 0.087360361 0.021509328
67760 0.108869689 0.087360361 0.087360361 0.021509328
72600 0.108869689 0.087360361 0.087360361 0.021509328
77440 0.108869689 0.087360361 0.087360361 0.021509328
82280 0.108869689 0.087360361 0.087360361 0.021509328
87120 0.108869689 0.087360361 0.087360361 0.021509328
91960 0.108869689 0.087360361 0.087360361 0.021509328
48400 0.110009394 0.091511701 0.091511701 0.018497693
53240 0.110009394 0.091511701 0.091511701 0.018497693
58080 0.110009394 0.091511701 0.091511701 0.018497693
62920 0.110009394 0.091511701 0.091511701 0.018497693
67760 0.110009394 0.091511701 0.091511701 0.018497693
72600 0.110009394 0.091511701 0.091511701 0.018497693
77440 0.110009394 0.091511701 0.091511701 0.018497693
82280 0.110009394 0.091511701 0.091511701 0.018497693
87120 0.110009394 0.091511701 0.091511701 0.018497693
91960 0.110009394 0.091511701 0.091511701 0.018497693
48400 0.110990901 0.091172998 0.091172998 0.019817903
53240 0.110990901 0.091172998 0.091172998 0.019817903
58080 0.110990901 0.091172998 0.091172998 0.019817903
62920 0.110990901 0.091172998 0.091172998 0.019817903
67760 0.110990901 0.091172998 0.091172998 0.019817903
72600 0.110990901 0.091172998 0.091172998 0.019817903
77440 0.110990901 0.091172998 0.091172998 0.019817903
82280 0.110990901 0.091172998 0.091172998 0.019817903
87120 0.110990901 0.091172998 0.091172998 0.019817903
91960 0.110990901 0.091172998 0.091172998 0.019817903
48400 0.109770267 0.091388342 0.091388342 0.018381925
53240 0.109770267 0.091388342 0.091388342 0.018381925
58080 0.109770267 0.091388342 0.091388342 0.018381925
62920 0.109770267 0.091388342 0.091388342 0.018381925
67760 0.109770267 0.091388342 0.091388342 0.018381925
72600 0.109770267 0.091388342 0.091388342 0.018381925
77440 0.109770267 0.091388342 0.091388342 0.018381925
82280 0.109770267 0.091388342 0.091388342 0.018381925
87120 0.109770267 0.091388342 0.091388342 0.018381925
91960 0.109770267 0.091388342 0.091388342 0.018381925
48400 0.108344015 0.088397613 0.088397613 0.019946402
53240 0.108344015 0.088397613 0.088397613 0.019946402
58080 0.108344015 0.088397613 0.088397613 0.019946402
62920 0.108344015 0.088397613 0.088397613 0.019946402
67760 0.108344015 0.088397613 0.088397613 0.019946402
72600 0.108344015 0.088397613 0.088397613 0.019946402
77440 0.108344015 0.088397613 0.088397613 0.019946402
82280 0.108344015 0.088397613 0.088397613 0.019946402
87120 0.108344015 0.088397613 0.088397613 0.019946402
91960 0.108344015 0.088397613 0.088397613 0.019946402
48400 0.112585890 0.093743590 0.093743590 0.018842300
53240 0.112585890 0.093743590 0.093743590 0.018842300
58080 0.112585890 0.093743590 0.093743590 0.018842300
62920 0.112585890 0.093743590 0.093743590 0.018842300
67760 0.112585890 0.093743590 0.093743590 0.018842300
72600 0.112585890 0.093743590 0.093743590 0.018842300
77440 0.112585890 0.093743590 0.093743590 0.018842300
82280 0.112585890 0.093743590 0.093743590 0.018842300
87120 0.112585890 0.093743590 0.093743590 0.018842300
91960 0.112585890 0.093743590 0.093743590 0.018842300
48400 0.108511477 0.090016692 0.090016692 0.018494785
53240 0.108511477 0.090016692 0.090016692 0.018494785
58080 0.108511477 0.090016692 0.090016692 0.018494785
62920 0.108511477 0.090016692 0.090016692 0.018494785
67760 0.108511477 0.090016692 0.090016692 0.018494785
72600 0.108511477 0.090016692 0.090016692 0.018494785
77440 0.108511477 0.090016692 0.090016692 0.018494785
82280 0.108511477 0.090016692 0.090016692 0.018494785
87120 0.108511477 0.090016692 0.090016692 0.018494785
91960 0.108511477 0.090016692 0.090016692 0.018494785
48400 0.109422312 0.090140547 0.090140547 0.019281765
53240 0.109422312 0.090140547 0.090140547 0.019281765
58080 0.109422312 0.090140547 0.090140547 0.019281765
62920 0.109422312 0.090140547 0.090140547 0.019281765
67760 0.109422312 0.090140547 0.090140547 0.019281765
72600 0.109422312 0.090140547 0.090140547 0.019281765
77440 0.109422312 0.090140547 0.090140547 0.019281765
82280 0.109422312 0.090140547 0.090140547 0.019281765
87120 0.109422312 0.090140547 0.090140547 0.019281765
91960 0.109422312 0.090140547 0.090140547 0.019281765
48400 0.106116835 0.086883941 0.086883941 0.019232894
53240 0.106116835 0.086883941 0.086883941 0.019232894
58080 0.106116835 0.086883941 0.086883941 0.019232894
62920 0.106116835 0.086883941 0.086883941 0.019232894
67760 0.106116835 0.086883941 0.086883941 0.019232894
72600 0.106116835 0.086883941 0.086883941 0.019232894
77440 0.106116835 0.086883941 0.086883941 0.019232894
82280 0.106116835 0.086883941 0.086883941 0.019232894
87120 0.106116835 0.086883941 0.086883941 0.019232894
91960 0.106116835 0.086883941 0.086883941 0.019232894
48400 0.105664521 0.085934321 0.085934321 0.019730200
53240 0.105664521 0.085934321 0.085934321 0.019730200
58080 0.105664521 0.085934321 0.085934321 0.019730200
62920 0.105664521 0.085934321 0.085934321 0.019730200
67760 0.105664521 0.085934321 0.085934321 0.019730200
72600 0.105664521 0.085934321 0.085934321 0.019730200
77440 0.105664521 0.085934321 0.085934321 0.019730200
82280 0.105664521 0.085934321 0.085934321 0.019730200
87120 0.105664521 0.085934321 0.085934321 0.019730200
91960 0.105664521 0.085934321 0.085934321 0.019730200
48400 0.105761439 0.086133026 0.086133026 0.019628413
53240 0.105761439 0.086133026 0.086133026 0.019628413
58080 0.105761439 0.086133026 0.086133026 0.019628413
62920 0.105761439 0.086133026 0.086133026 0.019628413
67760 0.105761439 0.086133026 0.086133026 0.019628413
72600 0.105761439 0.086133026 0.086133026 0.019628413
77440 0.105761439 0.086133026 0.086133026 0.019628413
82280 0.105761439 0.086133026 0.086133026 0.019628413
87120 0.105761439 0.086133026 0.086133026 0.019628413
91960 0.105761439 0.086133026 0.086133026 0.019628413
48400 0.104346891 0.083041893 0.083041893 0.021304998
53240 0.104346891 0.083041893 0.083041893 0.021304998
58080 0.104346891 0.083041893 0.083041893 0.021304998
62920 0.104346891 0.083041893 0.083041893 0.021304998
67760 0.104346891 0.083041893 0.083041893 0.021304998
72600 0.104346891 0.083041893 0.083041893 0.021304998
77440 0.104346891 0.083041893 0.083041893 0.021304998
82280 0.104346891 0.083041893 0.083041893 0.021304998
87120 0.104346891 0.083041893 0.083041893 0.021304998
91960 0.104346891 0.083041893 0.083041893 0.021304998
48400 0.109602678 0.091681792 0.091681792 0.017920886
53240 0.109602678 0.091681792 0.091681792 0.017920886
58080 0.109602678 0.091681792 0.091681792 0.017920886
62920 0.109602678 0.091681792 0.091681792 0.017920886
67760 0.109602678 0.091681792 0.091681792 0.017920886
72600 0.109602678 0.091681792 0.091681792 0.017920886
77440 0.109602678 0.091681792 0.091681792 0.017920886
82280 0.109602678 0.091681792 0.091681792 0.017920886
87120 0.109602678 0.091681792 0.091681792 0.017920886
91960 0.109602678 0.091681792 0.091681792 0.017920886
48400 0.110444962 0.090113862 0.090113862 0.020331100
53240 0.110444962 0.090113862 0.090113862 0.020331100
58080 0.110444962 0.090113862 0.090113862 0.020331100
62920 0.110444962 0.090113862 0.090113862 0.020331100
67760 0.110444962 0.090113862 0.090113862 0.020331100
72600 0.110444962 0.090113862 0.090113862 0.020331100
77440 0.110444962 0.090113862 0.090113862 0.020331100
82280 0.110444962 0.090113862 0.090113862 0.020331100
87120 0.110444962 0.090113862 0.090113862 0.020331100
91960 0.110444962 0.090113862 0.090113862 0.020331100
48400 0.112120297 0.093874977 0.093874977 0.018245320
53240 0.112120297 0.093874977 0.093874977 0.018245320
58080 0.112120297 0.093874977 0.093874977 0.018245320
62920 0.112120297 0.093874977 0.093874977 0.018245320
67760 0.112120297 0.093874977 0.093874977 0.018245320
72600 0.112120297 0.093874977 0.093874977 0.018245320
77440 0.112120297 0.093874977 0.093874977 0.018245320
82280 0.112120297 0.093874977 0.093874977 0.018245320
87120 0.112120297 0.093874977 0.093874977 0.018245320
91960 0.112120297 0.093874977 0.093874977 0.018245320
48400 0.106963085 0.087250627 0.087250627 0.019712458
53240 0.106963085 0.087250627 0.087250627 0.019712458
58080 0.106963085 0.087250627 0.087250627 0.019712458
62920 0.106963085 0.087250627 0.087250627 0.019712458
67760 0.106963085 0.087250627 0.087250627 0.019712458
72600 0.106963085 0.087250627 0.087250627 0.019712458
77440 0.106963085 0.087250627 0.087250627 0.019712458
82280 0.106963085 0.087250627 0.087250627 0.019712458
87120 0.106963085 0.087250627 0.087250627 0.019712458
91960 0.106963085 0.087250627 0.087250627 0.019712458
48400 0.108214289 0.088325687 0.088325687 0.019888602
53240 0.108214289 0.088325687 0.088325687 0.019888602
58080 0.108214289 0.088325687 0.088325687 0.019888602
62920 0.108214289 0.088325687 0.088325687 0.019888602
67760 0.108214289 0.088325687 0.088325687 0.019888602
72600 0.108214289 0.088325687 0.088325687 0.019888602
77440 0.108214289 0.088325687 0.088325687 0.019888602
82280 0.108214289 0.088325687 0.088325687 0.019888602
87120 0.108214289 0.088325687 0.088325687 0.019888602
91960 0.108214289 0.088325687 0.088325687 0.019888602
48400 0.103164695 0.084016943 0.084016943 0.019147752
53240 0.103164695 0.084016943 0.084016943 0.019147752
58080 0.103164695 0.084016943 0.084016943 0.019147752
62920 0.103164695 0.084016943 0.084016943 0.019147752
67760 0.103164695 0.084016943 0.084016943 0.019147752
72600 0.103164695 0.084016943 0.084016943 0.019147752
77440 0.103164695 0.084016943 0.084016943 0.019147752
82280 0.103164695 0.084016943 0.084016943 0.019147752
87120 0.103164695 0.084016943 0.084016943 0.019147752
91960 0.103164695 0.084016943 0.084016943 0.019147752
48400 0.103155293 0.083494240 0.083494240 0.019661053
53240 0.103155293 0.083494240 0.083494240 0.019661053
58080 0.103155293 0.083494240 0.083494240 0.019661053
62920 0.103155293 0.083494240 0.083494240 0.019661053
67760 0.103155293 0.083494240 0.083494240 0.019661053
72600 0.103155293 0.083494240 0.083494240 0.019661053
77440 0.103155293 0.083494240 0.083494240 0.019661053
82280 0.103155293 0.083494240 0.083494240 0.019661053
87120 0.103155293 0.083494240 0.083494240 0.019661053
91960 0.103155293 0.083494240 0.083494240 0.019661053
48400 0.104740372 0.083685636 0.083685636 0.021054736
53240 0.104740372 0.083685636 0.083685636 0.021054736
58080 0.104740372 0.083685636 0.083685636 0.021054736
62920 0.104740372 0.083685636 0.083685636 0.021054736
67760 0.104740372 0.083685636 0.083685636 0.021054736
72600 0.104740372 0.083685636 0.083685636 0.021054736
77440 0.104740372 0.083685636 0.083685636 0.021054736
82280 0.104740372 0.083685636 0.083685636 0.021054736
87120 0.104740372 0.083685636 0.083685636 0.021054736
91960 0.104740372 0.083685636 0.083685636 0.021054736
48400 0.102990623 0.083299639 0.083299639 0.019690984
53240 0.102990623 0.083299639 0.083299639 0.019690984
58080 0.102990623 0.083299639 0.083299639 0.019690984
62920 0.102990623 0.083299639 0.083299639 0.019690984
67760 0.102990623 0.083299639 0.083299639 0.019690984
72600 0.102990623 0.083299639 0.083299639 0.019690984
77440 0.102990623 0.083299639 0.083299639 0.019690984
82280 0.102990623 0.083299639 0.083299639 0.019690984
87120 0.102990623 0.083299639 0.083299639 0.019690984
91960 0.102990623 0.083299639 0.083299639 0.019690984
48400 0.102998184 0.082841806 0.082841806 0.020156378
53240 0.102998184 0.082841806 0.082841806 0.020156378
58080 0.102998184 0.082841806 0.082841806 0.020156378
62920 0.102998184 0.082841806 0.082841806 0.020156378
67760 0.102998184 0.082841806 0.082841806 0.020156378
72600 0.102998184 0.082841806 0.082841806 0.020156378
77440 0.102998184 0.082841806 0.082841806 0.020156378
82280 0.102998184 0.082841806 0.082841806 0.020156378
87120 0.102998184 0.082841806 0.082841806 0.020156378
91960 0.102998184 0.082841806 0.082841806 0.020156378
48400 0.104647279 0.085258086 0.085258086 0.019389193
53240 0.104647279 0.085258086 0.085258086 0.019389193
58080 0.104647279 0.085258086 0.085258086 0.019389193
62920 0.104647279 0.085258086 0.085258086 0.019389193
67760 0.104647279 0.085258086 0.085258086 0.019389193
72600 0.104647279 0.085258086 0.085258086 0.019389193
77440 0.104647279 0.085258086 0.085258086 0.019389193
82280 0.104647279 0.085258086 0.085258086 0.019389193
87120 0.104647279 0.085258086 0.085258086 0.019389193
91960 0.104647279 0.085258086 0.085258086 0.019389193
48400 0.106718066 0.086715870 0.086715870 0.020002196
53240 0.106718066 0.086715870 0.086715870 0.020002196
58080 0.106718066 0.086715870 0.086715870 0.020002196
62920 0.106718066 0.086715870 0.086715870 0.020002196
67760 0.106718066 0.086715870 0.086715870 0.020002196
72600 0.106718066 0.086715870 0.086715870 0.020002196
77440 0.106718066 0.086715870 0.086715870 0.020002196
82280 0.106718066 0.086715870 0.086715870 0.020002196
87120 0.106718066 0.086715870 0.086715870 0.020002196
91960 0.106718066 0.086715870 0.086715870 0.020002196
48400 0.104295279 0.083828716 0.083828716 0.020466563
53240 0.104295279 0.083828716 0.083828716 0.020466563
58080 0.104295279 0.083828716 0.083828716 0.020466563
62920 0.104295279 0.083828716 0.083828716 0.020466563
67760 0.104295279 0.083828716 0.083828716 0.020466563
72600 0.104295279 0.083828716 0.083828716 0.020466563
77440 0.104295279 0.083828716 0.083828716 0.020466563
82280 0.104295279 0.083828716 0.083828716 0.020466563
87120 0.104295279 0.083828716 0.083828716 0.020466563
91960 0.104295279 0.083828716 0.083828716 0.020466563
48400 0.105720943 0.086442180 0.086442180 0.019278763
53240 0.105720943 0.086442180 0.086442180 0.019278763
58080 0.105720943 0.086442180 0.086442180 0.019278763
62920 0.105720943 0.086442180 0.086442180 0.019278763
67760 0.105720943 0.086442180 0.086442180 0.019278763
72600 0.105720943 0.086442180 0.086442180 0.019278763
77440 0.105720943 0.086442180 0.086442180 0.019278763
82280 0.105720943 0.086442180 0.086442180 0.019278763
87120 0.105720943 0.086442180 0.086442180 0.019278763
91960 0.105720943 0.086442180 0.086442180 0.019278763
48400 0.105338741 0.085719654 0.085719654 0.019619087
53240 0.105338741 0.085719654 0.085719654 0.019619087
58080 0.105338741 0.085719654 0.085719654 0.019619087
62920 0.105338741 0.085719654 0.085719654 0.019619087
67760 0.105338741 0.085719654 0.085719654 0.019619087
72600 0.105338741 0.085719654 0.085719654 0.019619087
77440 0.105338741 0.085719654 0.085719654 0.019619087
82280 0.105338741 0.085719654 0.085719654 0.019619087
87120 0.105338741 0.085719654 0.085719654 0.019619087
91960 0.105338741 0.085719654 0.085719654 0.019619087
48400 0.106024695 0.085861397 0.085861397 0.020163298
53240 0.106024695 0.085861397 0.085861397 0.020163298
58080 0.106024695 0.085861397 0.085861397 0.020163298
62920 0.106024695 0.085861397 0.085861397 0.020163298
67760 0.106024695 0.085861397 0.085861397 0.020163298
72600 0.106024695 0.085861397 0.085861397 0.020163298
77440 0.106024695 0.085861397 0.085861397 0.020163298
82280 0.106024695 0.085861397 0.085861397 0.020163298
87120 0.106024695 0.085861397 0.085861397 0.020163298
91960 0.106024695 0.085861397 0.085861397 0.020163298
48400 0.102448663 0.083446108 0.083446108 0.019002555
53240 0.102448663 0.083446108 0.083446108 0.019002555
58080 0.102448663 0.083446108 0.083446108 0.019002555
62920 0.102448663 0.083446108 0.083446108 0.019002555
67760 0.102448663 0.083446108 0.083446108 0.019002555
72600 0.102448663 0.083446108 0.083446108 0.019002555
77440 0.102448663 0.083446108 0.083446108 0.019002555
82280 0.102448663 0.083446108 0.083446108 0.019002555
87120 0.102448663 0.083446108 0.083446108 0.019002555
91960 0.102448663 0.083446108 0.083446108 0.019002555
48400 0.103373103 0.084641220 0.084641220 0.018731883
53240 0.103373103 0.084641220 0.084641220 0.018731883
58080 0.103373103 0.084641220 0.084641220 0.018731883
62920 0.103373103 0.084641220 0.084641220 0.018731883
67760 0.103373103 0.084641220 0.084641220 0.018731883
72600 0.103373103 0.084641220 0.084641220 0.018731883
77440 0.103373103 0.084641220 0.084641220 0.018731883
82280 0.103373103 0.084641220 0.084641220 0.018731883
87120 0.103373103 0.084641220 0.084641220 0.018731883
91960 0.103373103 0.084641220 0.084641220 0.018731883
48400 0.106596702 0.085877668 0.085877668 0.020719034
53240 0.106596702 0.085877668 0.085877668 0.020719034
58080 0.106596702 0.085877668 0.085877668 0.020719034
62920 0.106596702 0.085877668 0.085877668 0.020719034
67760 0.106596702 0.085877668 0.085877668 0.020719034
72600 0.106596702 0.085877668 0.085877668 0.020719034
77440 0.106596702 0.085877668 0.085877668 0.020719034
82280 0.106596702 0.085877668 0.085877668 0.020719034
87120 0.106596702 0.085877668 0.085877668 0.020719034
91960 0.106596702 0.085877668 0.085877668 0.020719034
48400 0.107652185 0.088360942 0.088360942 0.019291243
53240 0.107652185 0.088360942 0.088360942 0.019291243
58080 0.107652185 0.088360942 0.088360942 0.019291243
62920 0.107652185 0.088360942 0.088360942 0.019291243
67760 0.107652185 0.088360942 0.088360942 0.019291243
72600 0.107652185 0.088360942 0.088360942 0.019291243
77440 0.107652185 0.088360942 0.088360942 0.019291243
82280 0.107652185 0.088360942 0.088360942 0.019291243
87120 0.107652185 0.088360942 0.088360942 0.019291243
91960 0.107652185 0.088360942 0.088360942 0.019291243
48400 0.107781286 0.088740792 0.088740792 0.019040494
53240 0.107781286 0.088740792 0.088740792 0.019040494
58080 0.107781286 0.088740792 0.088740792 0.019040494
62920 0.107781286 0.088740792 0.088740792 0.019040494
67760 0.107781286 0.088740792 0.088740792 0.019040494
72600 0.107781286 0.088740792 0.088740792 0.019040494
77440 0.107781286 0.088740792 0.088740792 0.019040494
82280 0.107781286 0.088740792 0.088740792 0.019040494
87120 0.107781286 0.088740792 0.088740792 0.019040494
91960 0.107781286 0.088740792 0.088740792 0.019040494
48400 0.110637155 0.091048988 0.091048988 0.019588167
53240 0.110637155 0.091048988 0.091048988 0.019588167
58080 0.110637155 0.091048988 0.091048988 0.019588167
62920 0.110637155 0.091048988 0.091048988 0.019588167
67760 0.110637155 0.091048988 0.091048988 0.019588167
72600 0.110637155 0.091048988 0.091048988 0.019588167
77440 0.110637155 0.091048988 0.091048988 0.019588167
82280 0.110637155 0.091048988 0.091048988 0.019588167
87120 0.110637155 0.091048988 0.091048988 0.019588167
91960 0.110637155 0.091048988 0.091048988 0.019588167
48400 0.108496351 0.089585352 0.089585352 0.018910999
53240 0.108496351 0.089585352 0.089585352 0.018910999
58080 0.108496351 0.089585352 0.089585352 0.018910999
62920 0.108496351 0.089585352 0.089585352 0.018910999
67760 0.108496351 0.089585352 0.089585352 0.018910999
72600 0.108496351 0.089585352 0.089585352 0.018910999
77440 0.108496351 0.089585352 0.089585352 0.018910999
82280 0.108496351 0.089585352 0.089585352 0.018910999
87120 0.108496351 0.089585352 0.089585352 0.018910999
91960 0.108496351 0.089585352 0.089585352 0.018910999
48400 0.108355949 0.089000589 0.089000589 0.019355360
53240 0.108355949 0.089000589 0.089000589 0.019355360
58080 0.108355949 0.089000589 0.089000589 0.019355360
62920 0.108355949 0.089000589 0.089000589 0.019355360
67760 0.108355949 0.089000589 0.089000589 0.019355360
72600 0.108355949 0.089000589 0.089000589 0.019355360
77440 0.108355949 0.089000589 0.089000589 0.019355360
82280 0.108355949 0.089000589 0.089000589 0.019355360
87120 0.108355949 0.089000589 0.089000589 0.019355360
91960 0.108355949 0.089000589 0.089000589 0.019355360
48400 0.107239561 0.087789228 0.087789228 0.019450333
53240 0.107239561 0.087789228 0.087789228 0.019450333
58080 0.107239561 0.087789228 0.087789228 0.019450333
62920 0.107239561 0.087789228 0.087789228 0.019450333
67760 0.107239561 0.087789228 0.087789228 0.019450333
72600 0.107239561 0.087789228 0.087789228 0.019450333
77440 0.107239561 0.087789228 0.087789228 0.019450333
82280 0.107239561 0.087789228 0.087789228 0.019450333
87120 0.107239561 0.087789228 0.087789228 0.019450333
91960 0.107239561 0.087789228 0.087789228 0.019450333
48400 0.108658886 0.089123251 0.089123251 0.019535635
53240 0.108658886 0.089123251 0.089123251 0.019535635
58080 0.108658886 0.089123251 0.089123251 0.019535635
62920 0.108658886 0.089123251 0.089123251 0.019535635
67760 0.108658886 0.089123251 0.089123251 0.019535635
72600 0.108658886 0.089123251 0.089123251 0.019535635
77440 0.108658886 0.089123251 0.089123251 0.019535635
82280 0.108658886 0.089123251 0.089123251 0.019535635
87120 0.108658886 0.089123251 0.089123251 0.019535635
91960 0.108658886 0.089123251 0.089123251 0.019535635
48400 0.107919751 0.088700429 0.088700429 0.019219322
53240 0.107919751 0.088700429 0.088700429 0.019219322
58080 0.107919751 0.088700429 0.088700429 0.019219322
62920 0.107919751 0.088700429 0.088700429 0.019219322
67760 0.107919751 0.088700429 0.088700429 0.019219322
72600 0.107919751 0.088700429 0.088700429 0.019219322
77440 0.107919751 0.088700429 0.088700429 0.019219322
82280 0.107919751 0.088700429 0.088700429 0.019219322
87120 0.107919751 0.088700429 0.088700429 0.019219322
91960 0.107919751 0.088700429 0.088700429 0.019219322
48400 0.110543039 0.090885454 0.090885454 0.019657585
53240 0.110543039 0.090885454 0.090885454 0.019657585
58080 0.110543039 0.090885454 0.090885454 0.019657585
62920 0.110543039 0.090885454 0.090885454 0.019657585
67760 0.110543039 0.090885454 0.090885454 0.019657585
72600 0.110543039 0.090885454 0.090885454 0.019657585
77440 0.110543039 0.090885454 0.090885454 0.019657585
82280 0.110543039 0.090885454 0.090885454 0.019657585
87120 0.110543039 0.090885454 0.090885454 0.019657585
91960 0.110543039 0.090885454 0.090885454 0.019657585
48400 0.108406161 0.088530749 0.088530749 0.019875412
53240 0.108406161 0.088530749 0.088530749 0.019875412
58080 0.108406161 0.088530749 0.088530749 0.019875412
62920 0.108406161 0.088530749 0.088530749 0.019875412
67760 0.108406161 0.088530749 0.088530749 0.019875412
72600 0.108406161 0.088530749 0.088530749 0.019875412
77440 0.108406161 0.088530749 0.088530749 0.019875412
82280 0.108406161 0.088530749 0.088530749 0.019875412
87120 0.108406161 0.088530749 0.088530749 0.019875412
91960 0.108406161 0.088530749 0.088530749 0.019875412
48400 0.107337827 0.088501239 0.088501239 0.018836588
53240 0.107337827 0.088501239 0.088501239 0.018836588
58080 0.107337827 0.088501239 0.088501239 0.018836588
62920 0.107337827 0.088501239 0.088501239 0.018836588
67760 0.107337827 0.088501239 0.088501239 0.018836588
72600 0.107337827 0.088501239 0.088501239 0.018836588
77440 0.107337827 0.088501239 0.088501239 0.018836588
82280 0.107337827 0.088501239 0.088501239 0.018836588
87120 0.107337827 0.088501239 0.088501239 0.018836588
91960 0.107337827 0.088501239 0.088501239 0.018836588
48400 0.109923447 0.090854279 0.090854279 0.019069168
53240 0.109923447 0.090854279 0.090854279 0.019069168
58080 0.109923447 0.090854279 0.090854279 0.019069168
62920 0.109923447 0.090854279 0.090854279 0.019069168
67760 0.109923447 0.090854279 0.090854279 0.019069168
72600 0.109923447 0.090854279 0.090854279 0.019069168
77440 0.109923447 0.090854279 0.090854279 0.019069168
82280 0.109923447 0.090854279 0.090854279 0.019069168
87120 0.109923447 0.090854279 0.090854279 0.019069168
91960 0.109923447 0.090854279 0.090854279 0.019069168
48400 0.108161799 0.089891950 0.089891950 0.018269849
53240 0.108161799 0.089891950 0.089891950 0.018269849
58080 0.108161799 0.089891950 0.089891950 0.018269849
62920 0.108161799 0.089891950 0.089891950 0.018269849
67760 0.108161799 0.089891950 0.089891950 0.018269849
72600 0.108161799 0.089891950 0.089891950 0.018269849
77440 0.108161799 0.089891950 0.089891950 0.018269849
82280 0.108161799 0.089891950 0.089891950 0.018269849
87120 0.108161799 0.089891950 0.089891950 0.018269849
91960 0.108161799 0.089891950 0.089891950 0.018269849
48400 0.108877931 0.089247515 0.089247515 0.019630416
53240 0.108877931 0.089247515 0.089247515 0.019630416
58080 0.108877931 0.089247515 0.089247515 0.019630416
62920 0.108877931 0.089247515 0.089247515 0.019630416
67760 0.108877931 0.089247515 0.089247515 0.019630416
72600 0.108877931 0.089247515 0.089247515 0.019630416
77440 0.108877931 0.089247515 0.089247515 0.019630416
82280 0.108877931 0.089247515 0.089247515 0.019630416
87120 0.108877931 0.089247515 0.089247515 0.019630416
91960 0.108877931 0.089247515 0.089247515 0.019630416
48400 0.106919086 0.088065140 0.088065140 0.018853946
53240 0.106919086 0.088065140 0.088065140 0.018853946
58080 0.106919086 0.088065140 0.088065140 0.018853946
62920 0.106919086 0.088065140 0.088065140 0.018853946
67760 0.106919086 0.088065140 0.088065140 0.018853946
72600 0.106919086 0.088065140 0.088065140 0.018853946
77440 0.106919086 0.088065140 0.088065140 0.018853946
82280 0.106919086 0.088065140 0.088065140 0.018853946
87120 0.106919086 0.088065140 0.088065140 0.018853946
91960 0.106919086 0.088065140 0.088065140 0.018853946
48400 0.100745147 0.081824300 0.081824300 0.018920847
53240 0.100745147 0.081824300 0.081824300 0.018920847
58080 0.100745147 0.081824300 0.081824300 0.018920847
62920 0.100745147 0.081824300 0.081824300 0.018920847
67760 0.100745147 0.081824300 0.081824300 0.018920847
72600 0.100745147 0.081824300 0.081824300 0.018920847
77440 0.100745147 0.081824300 0.081824300 0.018920847
82280 0.100745147 0.081824300 0.081824300 0.018920847
87120 0.100745147 0.081824300 0.081824300 0.018920847
91960 0.100745147 0.081824300 0.081824300 0.018920847
48400 0.107744795 0.087864637 0.087864637 0.019880158
53240 0.107744795 0.087864637 0.087864637 0.019880158
58080 0.107744795 0.087864637 0.087864637 0.019880158
62920 0.107744795 0.087864637 0.087864637 0.019880158
67760 0.107744795 0.087864637 0.087864637 0.019880158
72600 0.107744795 0.087864637 0.087864637 0.019880158
77440 0.107744795 0.087864637 0.087864637 0.019880158
82280 0.107744795 0.087864637 0.087864637 0.019880158
87120 0.107744795 0.087864637 0.087864637 0.019880158
91960 0.107744795 0.087864637 0.087864637 0.019880158
48400 0.110854983 0.091515423 0.091515423 0.019339560
53240 0.110854983 0.091515423 0.091515423 0.019339560
58080 0.110854983 0.091515423 0.091515423 0.019339560
62920 0.110854983 0.091515423 0.091515423 0.019339560
67760 0.110854983 0.091515423 0.091515423 0.019339560
72600 0.110854983 0.091515423 0.091515423 0.019339560
77440 0.110854983 0.091515423 0.091515423 0.019339560
82280 0.110854983 0.091515423 0.091515423 0.019339560
87120 0.110854983 0.091515423 0.091515423 0.019339560
91960 0.110854983 0.091515423 0.091515423 0.019339560
48400 0.112766222 0.094778651 0.094778651 0.017987571
53240 0.112766222 0.094778651 0.094778651 0.017987571
58080 0.112766222 0.094778651 0.094778651 0.017987571
62920 0.112766222 0.094778651 0.094778651 0.017987571
67760 0.112766222 0.094778651 0.094778651 0.017987571
72600 0.112766222 0.094778651 0.094778651 0.017987571
77440 0.112766222 0.094778651 0.094778651 0.017987571
82280 0.112766222 0.094778651 0.094778651 0.017987571
87120 0.112766222 0.094778651 0.094778651 0.017987571
91960 0.112766222 0.094778651 0.094778651 0.017987571
48400 0.110169791 0.091250774 0.091250774 0.018919017
53240 0.110169791 0.091250774 0.091250774 0.018919017
58080 0.110169791 0.091250774 0.091250774 0.018919017
62920 0.110169791 0.091250774 0.091250774 0.018919017
67760 0.110169791 0.091250774 0.091250774 0.018919017
72600 0.110169791 0.091250774 0.091250774 0.018919017
77440 0.110169791 0.091250774 0.091250774 0.018919017
82280 0.110169791 0.091250774 0.091250774 0.018919017
87120 0.110169791 0.091250774 0.091250774 0.018919017
91960 0.110169791 0.091250774 0.091250774 0.018919017
48400 0.109268169 0.085915461 0.085915461 0.023352708
53240 0.109268169 0.085915461 0.085915461 0.023352708
58080 0.109268169 0.085915461 0.085915461 0.023352708
62920 0.109268169 0.085915461 0.085915461 0.023352708
67760 0.109268169 0.085915461 0.085915461 0.023352708
72600 0.109268169 0.085915461 0.085915461 0.023352708
77440 0.109268169 0.085915461 0.085915461 0.023352708
82280 0.109268169 0.085915461 0.085915461 0.023352708
87120 0.109268169 0.085915461 0.085915461 0.023352708
91960 0.109268169 0.085915461 0.085915461 0.023352708
48400 0.110558935 0.090607636 0.090607636 0.019951299
53240 0.110558935 0.090607636 0.090607636 0.019951299
58080 0.110558935 0.090607636 0.090607636 0.019951299
62920 0.110558935 0.090607636 0.090607636 0.019951299
67760 0.110558935 0.090607636 0.090607636 0.019951299
72600 0.110558935 0.090607636 0.090607636 0.019951299
77440 0.110558935 0.090607636 0.090607636 0.019951299
82280 0.110558935 0.090607636 0.090607636 0.019951299
87120 0.110558935 0.090607636 0.090607636 0.019951299
91960 0.110558935 0.090607636 0.090607636 0.019951299
48400 0.109428570 0.090215515 0.090215515 0.019213055
53240 0.109428570 0.090215515 0.090215515 0.019213055
58080 0.109428570 0.090215515 0.090215515 0.019213055
62920 0.109428570 0.090215515 0.090215515 0.019213055
67760 0.109428570 0.090215515 0.090215515 0.019213055
72600 0.109428570 0.090215515 0.090215515 0.019213055
77440 0.109428570 0.090215515 0.090215515 0.019213055
82280 0.109428570 0.090215515 0.090215515 0.019213055
87120 0.109428570 0.090215515 0.090215515 0.019213055
91960 0.109428570 0.090215515 0.090215515 0.019213055
48400 0.110267169 0.090728594 0.090728594 0.019538575
53240 0.110267169 0.090728594 0.090728594 0.019538575
58080 0.110267169 0.090728594 0.090728594 0.019538575
62920 0.110267169 0.090728594 0.090728594 0.019538575
67760 0.110267169 0.090728594 0.090728594 0.019538575
72600 0.110267169 0.090728594 0.090728594 0.019538575
77440 0.110267169 0.090728594 0.090728594 0.019538575
82280 0.110267169 0.090728594 0.090728594 0.019538575
87120 0.110267169 0.090728594 0.090728594 0.019538575
91960 0.110267169 0.090728594 0.090728594 0.019538575
48400 0.107222000 0.087309666 0.087309666 0.019912334
53240 0.107222000 0.087309666 0.087309666 0.019912334
58080 0.107222000 0.087309666 0.087309666 0.019912334
62920 0.107222000 0.087309666 0.087309666 0.019912334
67760 0.107222000 0.087309666 0.087309666 0.019912334
72600 0.107222000 0.087309666 0.087309666 0.019912334
77440 0.107222000 0.087309666 0.087309666 0.019912334
82280 0.107222000 0.087309666 0.087309666 0.019912334
87120 0.107222000 0.087309666 0.087309666 0.019912334
91960 0.107222000 0.087309666 0.087309666 0.019912334
48400 0.111369048 0.091215979 0.091215979 0.020153069
53240 0.111369048 0.091215979 0.091215979 0.020153069
58080 0.111369048 0.091215979 0.091215979 0.020153069
62920 0.111369048 0.091215979 0.091215979 0.020153069
67760 0.111369048 0.091215979 0.091215979 0.020153069
72600 0.111369048 0.091215979 0.091215979 0.020153069
77440 0.111369048 0.091215979 0.091215979 0.020153069
82280 0.111369048 0.091215979 0.091215979 0.020153069
87120 0.111369048 0.091215979 0.091215979 0.020153069
91960 0.111369048 0.091215979 0.091215979 0.020153069
48400 0.110260619 0.089935898 0.089935898 0.020324721
53240 0.110260619 0.089935898 0.089935898 0.020324721
58080 0.110260619 0.089935898 0.089935898 0.020324721
62920 0.110260619 0.089935898 0.089935898 0.020324721
67760 0.110260619 0.089935898 0.089935898 0.020324721
72600 0.110260619 0.089935898 0.089935898 0.020324721
77440 0.110260619 0.089935898 0.089935898 0.020324721
82280 0.110260619 0.089935898 0.089935898 0.020324721
87120 0.110260619 0.089935898 0.089935898 0.020324721
91960 0.110260619 0.089935898 0.089935898 0.020324721
48400 0.108372631 0.089414017 0.089414017 0.018958614
53240 0.108372631 0.089414017 0.089414017 0.018958614
58080 0.108372631 0.089414017 0.089414017 0.018958614
62920 0.108372631 0.089414017 0.089414017 0.018958614
67760 0.108372631 0.089414017 0.089414017 0.018958614
72600 0.108372631 0.089414017 0.089414017 0.018958614
77440 0.108372631 0.089414017 0.089414017 0.018958614
82280 0.108372631 0.089414017 0.089414017 0.018958614
87120 0.108372631 0.089414017 0.089414017 0.018958614
91960 0.108372631 0.089414017 0.089414017 0.018958614
48400 0.109348988 0.090711127 0.090711127 0.018637861
53240 0.109348988 0.090711127 0.090711127 0.018637861
58080 0.109348988 0.090711127 0.090711127 0.018637861
62920 0.109348988 0.090711127 0.090711127 0.018637861
67760 0.109348988 0.090711127 0.090711127 0.018637861
72600 0.109348988 0.090711127 0.090711127 0.018637861
77440 0.109348988 0.090711127 0.090711127 0.018637861
82280 0.109348988 0.090711127 0.090711127 0.018637861
87120 0.109348988 0.090711127 0.090711127 0.018637861
91960 0.109348988 0.090711127 0.090711127 0.018637861
48400 0.108401974 0.086625191 0.086625191 0.021776783
53240 0.108401974 0.086625191 0.086625191 0.021776783
58080 0.108401974 0.086625191 0.086625191 0.021776783
62920 0.108401974 0.086625191 0.086625191 0.021776783
67760 0.108401974 0.086625191 0.086625191 0.021776783
72600 0.108401974 0.086625191 0.086625191 0.021776783
77440 0.108401974 0.086625191 0.086625191 0.021776783
82280 0.108401974 0.086625191 0.086625191 0.021776783
87120 0.108401974 0.086625191 0.086625191 0.021776783
91960 0.108401974 0.086625191 0.086625191 0.021776783
48400 0.108640410 0.088702234 0.088702234 0.019938176
53240 0.108640410 0.088702234 0.088702234 0.019938176
58080 0.108640410 0.088702234 0.088702234 0.019938176
62920 0.108640410 0.088702234 0.088702234 0.019938176
67760 0.108640410 0.088702234 0.088702234 0.019938176
72600 0.108640410 0.088702234 0.088702234 0.019938176
77440 0.108640410 0.088702234 0.088702234 0.019938176
82280 0.108640410 0.088702234 0.088702234 0.019938176
87120 0.108640410 0.088702234 0.088702234 0.019938176
91960 0.108640410 0.088702234 0.088702234 0.019938176
48400 0.110133536 0.090285885 0.090285885 0.019847651
53240 0.110133536 0.090285885 0.090285885 0.019847651
58080 0.110133536 0.090285885 0.090285885 0.019847651
62920 0.110133536 0.090285885 0.090285885 0.019847651
67760 0.110133536 0.090285885 0.090285885 0.019847651
72600 0.110133536 0.090285885 0.090285885 0.019847651
77440 0.110133536 0.090285885 0.090285885 0.019847651
82280 0.110133536 0.090285885 0.090285885 0.019847651
87120 0.110133536 0.090285885 0.090285885 0.019847651
91960 0.110133536 0.090285885 0.090285885 0.019847651
48400 0.105872138 0.086240797 0.086240797 0.019631341
53240 0.105872138 0.086240797 0.086240797 0.019631341
58080 0.105872138 0.086240797 0.086240797 0.019631341
62920 0.105872138 0.086240797 0.086240797 0.019631341
67760 0.105872138 0.086240797 0.086240797 0.019631341
72600 0.105872138 0.086240797 0.086240797 0.019631341
77440 0.105872138 0.086240797 0.086240797 0.019631341
82280 0.105872138 0.086240797 0.086240797 0.019631341
87120 0.105872138 0.086240797 0.086240797 0.019631341
91960 0.105872138 0.086240797 0.086240797 0.019631341
48400 0.113605134 0.095399486 0.095399486 0.018205648
53240 0.113605134 0.095399486 0.095399486 0.018205648
58080 0.113605134 0.095399486 0.095399486 0.018205648
62920 0.113605134 0.095399486 0.095399486 0.018205648
67760 0.113605134 0.095399486 0.095399486 0.018205648
72600 0.113605134 0.095399486 0.095399486 0.018205648
77440 0.113605134 0.095399486 0.095399486 0.018205648
82280 0.113605134 0.095399486 0.095399486 0.018205648
87120 0.113605134 0.095399486 0.095399486 0.018205648
91960 0.113605134 0.095399486 0.095399486 0.018205648
48400 0.115405826 0.095848232 0.095848232 0.019557594
53240 0.115405826 0.095848232 0.095848232 0.019557594
58080 0.115405826 0.095848232 0.095848232 0.019557594
62920 0.115405826 0.095848232 0.095848232 0.019557594
67760 0.115405826 0.095848232 0.095848232 0.019557594
72600 0.115405826 0.095848232 0.095848232 0.019557594
77440 0.115405826 0.095848232 0.095848232 0.019557594
82280 0.115405826 0.095848232 0.095848232 0.019557594
87120 0.115405826 0.095848232 0.095848232 0.019557594
91960 0.115405826 0.095848232 0.095848232 0.019557594
48400 0.113293421 0.094403844 0.094403844 0.018889577
53240 0.113293421 0.094403844 0.094403844 0.018889577
58080 0.113293421 0.094403844 0.094403844 0.018889577
62920 0.113293421 0.094403844 0.094403844 0.018889577
67760 0.113293421 0.094403844 0.094403844 0.018889577
72600 0.113293421 0.094403844 0.094403844 0.018889577
77440 0.113293421 0.094403844 0.094403844 0.018889577
82280 0.113293421 0.094403844 0.094403844 0.018889577
87120 0.113293421 0.094403844 0.094403844 0.018889577
91960 0.113293421 0.094403844 0.094403844 0.018889577
48400 0.115994687 0.095795720 0.095795720 0.020198967
53240 0.115994687 0.095795720 0.095795720 0.020198967
58080 0.115994687 0.095795720 0.095795720 0.020198967
62920 0.115994687 0.095795720 0.095795720 0.020198967
67760 0.115994687 0.095795720 0.095795720 0.020198967
72600 0.115994687 0.095795720 0.095795720 0.020198967
77440 0.115994687 0.095795720 0.095795720 0.020198967
82280 0.115994687 0.095795720 0.095795720 0.020198967
87120 0.115994687 0.095795720 0.095795720 0.020198967
91960 0.115994687 0.095795720 0.095795720 0.020198967
48400 0.112393076 0.092845958 0.092845958 0.019547118
53240 0.112393076 0.092845958 0.092845958 0.019547118
58080 0.112393076 0.092845958 0.092845958 0.019547118
62920 0.112393076 0.092845958 0.092845958 0.019547118
67760 0.112393076 0.092845958 0.092845958 0.019547118
72600 0.112393076 0.092845958 0.092845958 0.019547118
77440 0.112393076 0.092845958 0.092845958 0.019547118
82280 0.112393076 0.092845958 0.092845958 0.019547118
87120 0.112393076 0.092845958 0.092845958 0.019547118
91960 0.112393076 0.092845958 0.092845958 0.019547118
48400 0.109948678 0.091592035 0.091592035 0.018356643
53240 0.109948678 0.091592035 0.091592035 0.018356643
58080 0.109948678 0.091592035 0.091592035 0.018356643
62920 0.109948678 0.091592035 0.091592035 0.018356643
67760 0.109948678 0.091592035 0.091592035 0.018356643
72600 0.109948678 0.091592035 0.091592035 0.018356643
77440 0.109948678 0.091592035 0.091592035 0.018356643
82280 0.109948678 0.091592035 0.091592035 0.018356643
87120 0.109948678 0.091592035 0.091592035 0.018356643
91960 0.109948678 0.091592035 0.091592035 0.018356643
48400 0.114701459 0.095390679 0.095390679 0.019310780
53240 0.114701459 0.095390679 0.095390679 0.019310780
58080 0.114701459 0.095390679 0.095390679 0.019310780
62920 0.114701459 0.095390679 0.095390679 0.019310780
67760 0.114701459 0.095390679 0.095390679 0.019310780
72600 0.114701459 0.095390679 0.095390679 0.019310780
77440 0.114701459 0.095390679 0.095390679 0.019310780
82280 0.114701459 0.095390679 0.095390679 0.019310780
87120 0.114701459 0.095390679 0.095390679 0.019310780
91960 0.114701459 0.095390679 0.095390679 0.019310780
48400 0.111824226 0.093735088 0.093735088 0.018089138
53240 0.111824226 0.093735088 0.093735088 0.018089138
58080 0.111824226 0.093735088 0.093735088 0.018089138
62920 0.111824226 0.093735088 0.093735088 0.018089138
67760 0.111824226 0.093735088 0.093735088 0.018089138
72600 0.111824226 0.093735088 0.093735088 0.018089138
77440 0.111824226 0.093735088 0.093735088 0.018089138
82280 0.111824226 0.093735088 0.093735088 0.018089138
87120 0.111824226 0.093735088 0.093735088 0.018089138
91960 0.111824226 0.093735088 0.093735088 0.018089138
48400 0.110045023 0.091374605 0.091374605 0.018670418
53240 0.110045023 0.091374605 0.091374605 0.018670418
58080 0.110045023 0.091374605 0.091374605 0.018670418
62920 0.110045023 0.091374605 0.091374605 0.018670418
67760 0.110045023 0.091374605 0.091374605 0.018670418
72600 0.110045023 0.091374605 0.091374605 0.018670418
77440 0.110045023 0.091374605 0.091374605 0.018670418
82280 0.110045023 0.091374605 0.091374605 0.018670418
87120 0.110045023 0.091374605 0.091374605 0.018670418
91960 0.110045023 0.091374605 0.091374605 0.018670418
48400 0.110128235 0.089918437 0.089918437 0.020209798
53240 0.110128235 0.089918437 0.089918437 0.020209798
58080 0.110128235 0.089918437 0.089918437 0.020209798
62920 0.110128235 0.089918437 0.089918437 0.020209798
67760 0.110128235 0.089918437 0.089918437 0.020209798
72600 0.110128235 0.089918437 0.089918437 0.020209798
77440 0.110128235 0.089918437 0.089918437 0.020209798
82280 0.110128235 0.089918437 0.089918437 0.020209798
87120 0.110128235 0.089918437 0.089918437 0.020209798
91960 0.110128235 0.089918437 0.089918437 0.020209798
48400 0.110706362 0.092346463 0.092346463 0.018359899
53240 0.110706362 0.092346463 0.092346463 0.018359899
58080 0.110706362 0.092346463 0.092346463 0.018359899
62920 0.110706362 0.092346463 0.092346463 0.018359899
67760 0.110706362 0.092346463 0.092346463 0.018359899
72600 0.110706362 0.092346463 0.092346463 0.018359899
77440 0.110706362 0.092346463 0.092346463 0.018359899
82280 0.110706362 0.092346463 0.092346463 0.018359899
87120 0.110706362 0.092346463 0.092346463 0.018359899
91960 0.110706362 0.092346463 0.092346463 0.018359899
48400 0.113198619 0.093692105 0.093692105 0.019506514
53240 0.113198619 0.093692105 0.093692105 0.019506514
58080 0.113198619 0.093692105 0.093692105 0.019506514
62920 0.113198619 0.093692105 0.093692105 0.019506514
67760 0.113198619 0.093692105 0.093692105 0.019506514
72600 0.113198619 0.093692105 0.093692105 0.019506514
77440 0.113198619 0.093692105 0.093692105 0.019506514
82280 0.113198619 0.093692105 0.093692105 0.019506514
87120 0.113198619 0.093692105 0.093692105 0.019506514
91960 0.113198619 0.093692105 0.093692105 0.019506514
48400 0.111922971 0.092071057 0.092071057 0.019851914
53240 0.111922971 0.092071057 0.092071057 0.019851914
58080 0.111922971 0.092071057 0.092071057 0.019851914
62920 0.111922971 0.092071057 0.092071057 0.019851914
67760 0.111922971 0.092071057 0.092071057 0.019851914
72600 0.111922971 0.092071057 0.092071057 0.019851914
77440 0.111922971 0.092071057 0.092071057 0.019851914
82280 0.111922971 0.092071057 0.092071057 0.019851914
87120 0.111922971 0.092071057 0.092071057 0.019851914
91960 0.111922971 0.092071057 0.092071057 0.019851914
48400 0.112182107 0.092439835 0.092439835 0.019742272
53240 0.112182107 0.092439835 0.092439835 0.019742272
58080 0.112182107 0.092439835 0.092439835 0.019742272
62920 0.112182107 0.092439835 0.092439835 0.019742272
67760 0.112182107 0.092439835 0.092439835 0.019742272
72600 0.112182107 0.092439835 0.092439835 0.019742272
77440 0.112182107 0.092439835 0.092439835 0.019742272
82280 0.112182107 0.092439835 0.092439835 0.019742272
87120 0.112182107 0.092439835 0.092439835 0.019742272
91960 0.112182107 0.092439835 0.092439835 0.019742272
48400 0.110191563 0.090737341 0.090737341 0.019454222
53240 0.110191563 0.090737341 0.090737341 0.019454222
58080 0.110191563 0.090737341 0.090737341 0.019454222
62920 0.110191563 0.090737341 0.090737341 0.019454222
67760 0.110191563 0.090737341 0.090737341 0.019454222
72600 0.110191563 0.090737341 0.090737341 0.019454222
77440 0.110191563 0.090737341 0.090737341 0.019454222
82280 0.110191563 0.090737341 0.090737341 0.019454222
87120 0.110191563 0.090737341 0.090737341 0.019454222
91960 0.110191563 0.090737341 0.090737341 0.019454222
48400 0.113641536 0.091048232 0.091048232 0.022593304
53240 0.113641536 0.091048232 0.091048232 0.022593304
58080 0.113641536 0.091048232 0.091048232 0.022593304
62920 0.113641536 0.091048232 0.091048232 0.022593304
67760 0.113641536 0.091048232 0.091048232 0.022593304
72600 0.113641536 0.091048232 0.091048232 0.022593304
77440 0.113641536 0.091048232 0.091048232 0.022593304
82280 0.113641536 0.091048232 0.091048232 0.022593304
87120 0.113641536 0.091048232 0.091048232 0.022593304
91960 0.113641536 0.091048232 0.091048232 0.022593304
