#input_size get_time acc_size acc_time op_type overall_time
2650 0.000253132 2650 0.000014259 add_time= 0.001975218
2750 0.000149847 2750 0.000008456 add_time= 0.000174194
1250 0.000010870 1250 0.000010237 add_time= 0.000035389
2600 0.000088673 2600 0.000009431 add_time= 0.000118290
2750 0.000099414 2750 0.000007004 add_time= 0.000122729
2805 0.000019868 2805 0.000023796 add_time= 0.000069007
2650 0.000092008 2650 0.000011835 add_time= 0.000167505
2600 0.000059305 2600 0.000007726 add_time= 0.000083539
2860 0.000065994 2860 0.000006680 add_time= 0.000092344
1250 0.000006769 1250 0.000018374 add_time= 0.000040900
2600 0.000236303 2600 0.000010373 add_time= 0.000296958
2652 0.000074814 2652 0.000016718 add_time= 0.000119708
2652 0.000053995 2652 0.000011710 add_time= 0.000095302
2500 0.000149275 2500 0.000012597 add_time= 0.000187385
2970 0.000138870 2970 0.000007377 add_time= 0.000169811
2805 0.000120534 2805 0.000013809 add_time= 0.000208285
2500 0.001128402 2500 0.000009500 add_time= 0.001172825
2750 0.000176439 2750 0.000013100 add_time= 0.000212078
5150 0.001917416 2650 0.000021462 mult_time= 0.002137070
5356 0.001581034 2650 0.000010189 mult_time= 0.001711915
3900 0.001317998 1325 0.000008261 mult_time= 0.001451175
2500 0.001112767 2500 0.000008094 mult_time= 0.001193284
5050 0.001503949 2550 0.000009154 mult_time= 0.001598670
5775 0.001553295 2750 0.000008499 mult_time= 0.001651824
5000 0.000169119 2500 0.000008301 mult_time= 0.000299396
5775 0.001361103 2750 0.000010078 mult_time= 0.001457973
5460 0.001648350 2750 0.000009022 mult_time= 0.001744240
5304 0.002760459 2704 0.000008355 mult_time= 0.002850414
5100 0.002771852 2600 0.000008473 mult_time= 0.002859246
5665 0.003228013 2652 0.000009892 mult_time= 0.003320398
5775 0.000181873 2756 0.000008568 mult_time= 0.000274592
5304 0.000146145 2704 0.000008417 mult_time= 0.000249137
5457 0.000083974 2860 0.000008109 mult_time= 0.000171633
5457 0.000171500 2860 0.000008161 mult_time= 0.000260427
5150 0.000215372 2652 0.000007879 mult_time= 0.000300886
5610 0.000311597 2600 0.000007840 mult_time= 0.000398459
3850 0.000427436 1300 0.000006444 mult_time= 0.000500348
5250 0.001596258 2750 0.000008054 mult_time= 0.001683140
5000 0.001281536 2500 0.000008261 mult_time= 0.001378110
5355 0.001927726 2750 0.000007987 mult_time= 0.001999965
5350 0.000162443 2860 0.000010599 mult_time= 0.000239055
5775 0.001161843 2750 0.000008790 mult_time= 0.001234488
5300 0.000375951 2805 0.000008154 mult_time= 0.000438205
2725 0.000246030 2970 0.000008149 mult_time= 0.000296900
4080 0.000480480 1375 0.000010305 mult_time= 0.000533814
5250 0.002985399 2750 0.000008715 mult_time= 0.003047052
5151 0.002831593 2550 0.000007920 mult_time= 0.002887401
4125 0.002901011 1250 0.000006517 mult_time= 0.002944628
5250 0.004693231 2750 0.000011165 mult_time= 0.004755890
5250 0.000095784 2750 0.000008058 mult_time= 0.000151417
5355 0.000123930 2750 0.000007746 mult_time= 0.000179073
5406 0.001905267 2600 0.000007928 mult_time= 0.001961574
5775 0.001935257 2750 0.000011987 mult_time= 0.002001867
5050 0.004626729 2550 0.000008204 mult_time= 0.004682608
5562 0.000145021 2650 0.000009173 mult_time= 0.000217076
5000 0.000069168 2500 0.000008623 mult_time= 0.000124432
5100 0.007662035 2600 0.000008195 mult_time= 0.007723627
5000 0.003047935 2500 0.000010449 mult_time= 0.003102858
5355 0.003916107 2750 0.000008032 mult_time= 0.003972071
2625 0.003255358 2750 0.000007509 mult_time= 0.003300185
5151 0.002713038 2550 0.000008348 mult_time= 0.002767049
5304 0.002470535 2601 0.000007685 mult_time= 0.002526193
5353 0.003028504 2550 0.000008335 mult_time= 0.003086890
5775 0.002215783 2750 0.000011485 mult_time= 0.002280375
2525 0.002847877 2550 0.000007471 mult_time= 0.002892107
5253 0.001623720 2652 0.000009363 mult_time= 0.001700005
5512 0.003017787 2805 0.000008030 mult_time= 0.003082170
5610 0.002278268 2601 0.000027323 mult_time= 0.002362207
3952 0.002392801 1275 0.000007075 mult_time= 0.002444440
5512 0.000524810 2805 0.000008362 mult_time= 0.000587187
5050 0.001424564 2550 0.000008739 mult_time= 0.001514432
5100 0.001432196 2600 0.000008472 mult_time= 0.001511026
5250 0.002723013 2750 0.000008558 mult_time= 0.002786702
5050 0.006085265 2550 0.000066889 mult_time= 0.006224306
5200 0.000463758 2700 0.000007972 mult_time= 0.000539140
5250 0.005269537 2754 0.000008223 mult_time= 0.005331397
5000 0.003080190 2500 0.000007749 mult_time= 0.003136115
5555 0.002371752 2550 0.000026660 mult_time= 0.002450253
5000 0.002290405 2500 0.000007764 mult_time= 0.002345376
5355 0.000162535 2750 0.000009127 mult_time= 0.000311008
5610 0.000037003 3025 0.000026997 mult_time= 0.000121610
5720 0.001728628 3025 0.000112732 mult_time= 0.001909428
5000 0.000030319 2500 0.000022842 mult_time= 0.000100771
5000 0.000045385 2500 0.000022972 mult_time= 0.000115000
5565 0.000028933 2750 0.000026360 mult_time= 0.000121996
2500 0.000012178 2500 0.000021913 mult_time= 0.000073835
3750 0.000034102 1250 0.000016738 mult_time= 0.000093659
3750 0.000043476 1250 0.000015542 mult_time= 0.000097371
3876 0.000032661 1275 0.000015964 mult_time= 0.000088137
5250 0.001051856 2756 0.000020255 mult_time= 0.001154570
5720 0.001533585 2703 0.000008431 mult_time= 0.001616578
5400 0.001750758 2915 0.000009202 mult_time= 0.001820875
5100 0.001616474 2600 0.000007846 mult_time= 0.001685557
5050 0.001282337 2550 0.000008901 mult_time= 0.001346882
4125 0.001299760 1250 0.000007968 mult_time= 0.001402587
5000 0.000434024 2500 0.000008133 mult_time= 0.000493170
5720 0.001222486 2700 0.000008796 mult_time= 0.001297840
5720 0.002403361 2704 0.000008702 mult_time= 0.002471367
5610 0.001249947 2600 0.000008653 mult_time= 0.001314341
5100 0.003095800 2600 0.000008363 mult_time= 0.003154899
5720 0.003429499 2704 0.000008017 mult_time= 0.003490439
5253 0.000186064 2652 0.000007963 mult_time= 0.000243346
5304 0.001589806 2600 0.000007699 mult_time= 0.001652191
5100 0.000713108 2600 0.000027691 mult_time= 0.000790520
5100 0.000753012 2500 0.000008216 mult_time= 0.000820466
5000 0.000636289 2500 0.000007692 mult_time= 0.000693270
5250 0.000538683 2750 0.000008214 mult_time= 0.000599140
5565 0.000378595 2750 0.000030004 mult_time= 0.000461072
5460 0.000063327 2750 0.000037469 mult_time= 0.000156454
5355 0.000340519 2750 0.000007892 mult_time= 0.000401547
5000 0.000148368 2500 0.000007392 mult_time= 0.000212150
5250 0.000402263 2750 0.000007620 mult_time= 0.000469567
2500 0.000549601 2500 0.000039941 mult_time= 0.000630672
5500 0.000314064 3025 0.000008440 mult_time= 0.000390850
5300 0.000218939 2805 0.000007938 mult_time= 0.000290002
5100 0.000309774 2500 0.000007822 mult_time= 0.000374197
5500 0.000558826 2500 0.000015553 mult_time= 0.000634705
5100 0.000504186 2500 0.000008505 mult_time= 0.000563990
5000 0.000533430 2500 0.000007696 mult_time= 0.000588245
5050 0.000048268 2550 0.000028682 mult_time= 0.000130739
5460 0.000519792 2750 0.000008114 mult_time= 0.000578862
5564 0.000507272 2860 0.000007818 mult_time= 0.000565537
5250 0.000477493 2750 0.000007823 mult_time= 0.000534689
5460 0.000786165 2750 0.000007712 mult_time= 0.000842038
5665 0.002349319 2652 0.000007736 mult_time= 0.002409313
5100 0.000605906 2601 0.000031524 mult_time= 0.000712299
5050 0.001453418 2550 0.000008142 mult_time= 0.001510947
5000 0.002130351 2500 0.000008254 mult_time= 0.002185864
5050 0.001032385 2550 0.000008142 mult_time= 0.001090632
5250 0.006412362 2750 0.000008299 mult_time= 0.006469624
5050 0.002575895 2550 0.000007612 mult_time= 0.002628380
5050 0.003650477 2550 0.000007648 mult_time= 0.003704105
5050 0.000066096 2550 0.000007634 mult_time= 0.000116731
5618 0.002099951 2805 0.000008282 mult_time= 0.002161748
5300 0.000336741 2805 0.000008851 mult_time= 0.000412253
5100 0.000348937 2600 0.000007818 mult_time= 0.000403923
5555 0.000289294 2550 0.000027855 mult_time= 0.000368793
5250 0.000196112 2750 0.000007815 mult_time= 0.000256136
5200 0.000200216 2700 0.000007990 mult_time= 0.000265540
5250 0.000673688 2754 0.000007841 mult_time= 0.000731098
5000 0.000928791 2500 0.000008920 mult_time= 0.001014376
5250 0.001584505 2750 0.000008359 mult_time= 0.001642858
5000 0.001603115 2500 0.000007527 mult_time= 0.001655583
5460 0.001502578 2750 0.000008055 mult_time= 0.001560085
5350 0.000068822 2860 0.000008025 mult_time= 0.000127259
2750 0.000017619 3025 0.000081627 mult_time= 0.000146442
5300 0.001239379 2805 0.000081439 mult_time= 0.001371259
5400 0.000038770 2500 0.000032310 mult_time= 0.000118511
2500 0.000013709 2500 0.000023127 mult_time= 0.000072090
5050 0.000162385 2550 0.000025674 mult_time= 0.000234141
5000 0.000036214 2500 0.000023693 mult_time= 0.000104486
3850 0.000035377 1300 0.000024031 mult_time= 0.000094950
3750 0.000043463 1250 0.000014987 mult_time= 0.000092358
3800 0.000043490 1275 0.000015773 mult_time= 0.000101713
3750 0.001526021 1250 0.000016428 mult_time= 0.001577515
2652 0.000234179 2652 0.000007673 add_time= 0.000264888
2600 0.000070352 2600 0.000006982 add_time= 0.000094345
2500 0.000018484 2500 0.000029523 add_time= 0.000066457
2600 0.000145677 2600 0.000011631 add_time= 0.000289208
2750 0.000040182 2750 0.000010435 add_time= 0.000096279
2750 0.000056676 2750 0.000034761 add_time= 0.000124558
2750 0.000062367 2750 0.000024792 add_time= 0.001033345
2750 0.000033295 2750 0.000008706 add_time= 0.000059730
2700 0.000103481 2700 0.000010170 add_time= 0.000152295
2500 0.000332659 2500 0.000007319 add_time= 0.000361478
2550 0.000058700 2550 0.000006893 add_time= 0.000082333
1250 0.000013884 1250 0.000017686 add_time= 0.000047526
2750 0.000320233 2750 0.000011081 add_time= 0.000385751
2550 0.000191955 2550 0.000005993 add_time= 0.000213863
2500 0.000227615 2500 0.000007432 add_time= 0.000252181
2600 0.000163683 2600 0.000008367 add_time= 0.000194724
2500 0.000109433 2500 0.000007354 add_time= 0.000144946
2550 0.000007584 2550 0.000044599 add_time= 0.000069426
2750 0.000270404 2750 0.000012571 add_time= 0.000319328
2550 0.000099062 2550 0.000009232 add_time= 0.000126692
2808 0.000173835 2808 0.000008863 add_time= 0.000206261
2750 0.000109388 2750 0.000031188 add_time= 0.000157059
2700 0.000066136 2700 0.000007290 add_time= 0.000099358
5253 0.001440796 2650 0.000009862 mult_time= 0.001560548
5508 0.001566356 2915 0.000010053 mult_time= 0.001668077
5724 0.003105594 2915 0.000008473 mult_time= 0.003180444
5000 0.001670331 2500 0.000007808 mult_time= 0.001731059
5050 0.001587906 2550 0.000008018 mult_time= 0.001649856
5150 0.003963183 2650 0.000015819 mult_time= 0.004120745
5555 0.000559250 2550 0.000009676 mult_time= 0.000653990
5355 0.000673356 2756 0.000008259 mult_time= 0.000779381
5100 0.000486982 2600 0.000007427 mult_time= 0.000566968
5356 0.000454226 2652 0.000016611 mult_time= 0.000568615
3850 0.000218139 1300 0.000008547 mult_time= 0.000305893
5100 0.000228384 2600 0.000008235 mult_time= 0.000315858
5610 0.001593533 2600 0.000009405 mult_time= 0.001696186
5000 0.001017621 2500 0.000007900 mult_time= 0.001096658
5775 0.004454337 2750 0.000010292 mult_time= 0.004551864
2500 0.001251455 2500 0.000007801 mult_time= 0.001332257
5460 0.001575561 2750 0.000008159 mult_time= 0.001663839
6050 0.000116391 3025 0.000007926 mult_time= 0.000211275
6050 0.000202650 3025 0.000008684 mult_time= 0.000299423
5100 0.000679304 2600 0.000008695 mult_time= 0.000777789
5500 0.000868050 2500 0.000007917 mult_time= 0.000955932
5000 0.001253018 2500 0.000007927 mult_time= 0.001348549
5250 0.001405793 2750 0.000008190 mult_time= 0.001495370
5355 0.000181476 2750 0.000008650 mult_time= 0.000270125
5610 0.000105025 3025 0.000008715 mult_time= 0.000194429
5250 0.000104925 2750 0.000008399 mult_time= 0.000189542
5250 0.000862019 2750 0.000015622 mult_time= 0.000958454
4400 0.000400834 1375 0.000006751 mult_time= 0.000471796
5400 0.001431094 2500 0.000007766 mult_time= 0.001512335
5000 0.001569822 2500 0.000007612 mult_time= 0.001645665
5250 0.002128884 2750 0.000008338 mult_time= 0.002210675
5100 0.000131458 2600 0.000007617 mult_time= 0.000187983
5000 0.001258080 2500 0.000008161 mult_time= 0.001316115
2625 0.000060997 2750 0.000007641 mult_time= 0.000105893
5000 0.001468321 2500 0.000007930 mult_time= 0.001521976
5000 0.000050304 2500 0.000007441 mult_time= 0.000102589
3750 0.000185640 1250 0.000008830 mult_time= 0.000230294
5250 0.000994298 2750 0.000007301 mult_time= 0.001048113
5500 0.002165785 3025 0.000013112 mult_time= 0.002235840
5250 0.003306866 2750 0.000007990 mult_time= 0.003364491
5775 0.003057752 2750 0.000012785 mult_time= 0.003124042
5454 0.002576461 2550 0.000008067 mult_time= 0.002641119
5610 0.001572421 2601 0.000007762 mult_time= 0.001629955
5610 0.000878888 2600 0.000008702 mult_time= 0.000963987
5050 0.002219807 2550 0.000008649 mult_time= 0.002277931
5250 0.002284785 2750 0.000007822 mult_time= 0.002340515
5050 0.001991549 2550 0.000010762 mult_time= 0.002048033
5050 0.002542901 2550 0.000007737 mult_time= 0.002595160
5252 0.001701819 2550 0.000007388 mult_time= 0.001753495
5454 0.002323593 2550 0.000007373 mult_time= 0.002377215
5253 0.000963834 2652 0.000008324 mult_time= 0.001020661
5151 0.001478064 2550 0.000014491 mult_time= 0.001537042
5565 0.000153217 2754 0.000010731 mult_time= 0.000213665
5406 0.000640525 2805 0.000007633 mult_time= 0.000696892
5000 0.003207647 2500 0.000007311 mult_time= 0.003258843
5300 0.003178324 2500 0.000007397 mult_time= 0.003230629
5000 0.002186341 2500 0.000009906 mult_time= 0.002239287
2675 0.000099273 2862 0.000007576 mult_time= 0.000143155
5512 0.001506444 2808 0.000008086 mult_time= 0.001561931
5250 0.000819702 2754 0.000007899 mult_time= 0.000891427
5400 0.000128885 2916 0.000008478 mult_time= 0.000186402
5000 0.003631499 2500 0.000007689 mult_time= 0.003684525
5250 0.003773412 2750 0.000007949 mult_time= 0.003829828
5555 0.003488327 2550 0.000007583 mult_time= 0.003545656
5400 0.003680637 2915 0.000019405 mult_time= 0.003748626
5250 0.000065667 2750 0.000026046 mult_time= 0.000137406
5670 0.000412552 2750 0.000024400 mult_time= 0.000482516
5565 0.000044223 2750 0.000023725 mult_time= 0.000115159
5050 0.000092098 2550 0.000154280 mult_time= 0.000294185
3900 0.000047755 1250 0.000014712 mult_time= 0.000099774
3850 0.000070945 1300 0.000015322 mult_time= 0.000121076
4400 0.000055025 1375 0.000127844 mult_time= 0.000228054
4240 0.000098598 1375 0.000101145 mult_time= 0.000241982
5150 0.001804829 2650 0.000008851 mult_time= 0.001899865
5720 0.001494055 2703 0.000008434 mult_time= 0.001568266
5400 0.001749387 2915 0.000008857 mult_time= 0.001818682
5202 0.001487898 2600 0.000007536 mult_time= 0.001548840
5775 0.001832232 2750 0.000007556 mult_time= 0.001895421
4050 0.001755294 1250 0.000006686 mult_time= 0.001804212
5100 0.000278314 2500 0.000008667 mult_time= 0.000344638
5000 0.001110982 2500 0.000011670 mult_time= 0.001202080
5100 0.001667123 2600 0.000008425 mult_time= 0.001728807
5100 0.004472629 2600 0.000008328 mult_time= 0.004535756
2550 0.000054018 2600 0.000008040 mult_time= 0.000102018
5610 0.000178939 2600 0.000007623 mult_time= 0.000241934
5100 0.000163209 2600 0.000007840 mult_time= 0.000224009
5304 0.001787006 2600 0.000007526 mult_time= 0.001866182
5304 0.000506472 2600 0.000007241 mult_time= 0.000564958
5250 0.000466507 2750 0.000016136 mult_time= 0.000559570
5250 0.000419017 2750 0.000007204 mult_time= 0.000477766
5350 0.000095504 2860 0.000007789 mult_time= 0.000157876
5300 0.000395699 2805 0.000016809 mult_time= 0.000472692
5355 0.000831099 2750 0.000007228 mult_time= 0.000888172
2500 0.000894135 2500 0.000007525 mult_time= 0.000946687
5050 0.001409119 2550 0.000007286 mult_time= 0.001475861
5000 0.001292261 2500 0.000007421 mult_time= 0.001349637
5775 0.003053018 2750 0.000008040 mult_time= 0.003119485
5150 0.000351678 2650 0.000007855 mult_time= 0.000413204
5000 0.001068863 2500 0.000007426 mult_time= 0.001126965
5200 0.004274983 2700 0.000008520 mult_time= 0.004338726
5250 0.002071587 2750 0.000008170 mult_time= 0.002131100
5050 0.003859313 2550 0.000007804 mult_time= 0.003915533
5500 0.000615028 3025 0.000008174 mult_time= 0.000690474
5300 0.001026652 2805 0.000008228 mult_time= 0.001104678
2750 0.000548197 3025 0.000007695 mult_time= 0.000622146
2575 0.000049832 2652 0.000007279 mult_time= 0.000093963
5050 0.001326671 2550 0.000010398 mult_time= 0.001382819
5050 0.001303416 2550 0.000007854 mult_time= 0.001360168
5618 0.001730361 2805 0.000008335 mult_time= 0.001791425
5000 0.000537535 2500 0.000010225 mult_time= 0.000595388
5400 0.001387534 2500 0.000007428 mult_time= 0.001443856
5000 0.001489700 2500 0.000007806 mult_time= 0.001544135
5253 0.003035205 2652 0.000007570 mult_time= 0.003089503
5610 0.003231491 2601 0.000011534 mult_time= 0.003296761
5555 0.000087752 2550 0.000008181 mult_time= 0.000147475
5050 0.000124783 2550 0.000007336 mult_time= 0.000177247
5050 0.000859094 2550 0.000007752 mult_time= 0.000925827
5555 0.001728122 2550 0.000008985 mult_time= 0.001789281
5100 0.001686462 2500 0.000007777 mult_time= 0.001742266
5050 0.002080946 2550 0.000007770 mult_time= 0.002138982
5304 0.002321789 2700 0.000008085 mult_time= 0.002384106
5200 0.000111696 2700 0.000007678 mult_time= 0.000165551
5200 0.000102753 2700 0.000010659 mult_time= 0.000162471
5250 0.000155472 2754 0.000008055 mult_time= 0.000213092
5408 0.000279051 2700 0.000008341 mult_time= 0.000340510
5610 0.001067821 2600 0.000007936 mult_time= 0.001123186
5500 0.002300179 2500 0.000008225 mult_time= 0.002360585
5775 0.000098435 2750 0.000011300 mult_time= 0.000163563
5406 0.000066508 2805 0.000025740 mult_time= 0.000164421
5775 0.000025998 2750 0.000023338 mult_time= 0.000105177
5250 0.000051093 2750 0.000027274 mult_time= 0.000134234
5000 0.000060952 2500 0.000023285 mult_time= 0.000136936
5250 0.000050004 2750 0.000097664 mult_time= 0.000211408
5100 0.000044933 2500 0.000078396 mult_time= 0.000181619
3975 0.000074127 1250 0.000015353 mult_time= 0.000140321
3800 0.000032144 1275 0.000072228 mult_time= 0.000144079
2915 0.000085356 2915 0.000007451 add_time= 0.000119718
2500 0.000122323 2500 0.000006129 add_time= 0.000143783
2750 0.000098665 2750 0.000006486 add_time= 0.000119577
2750 0.000007140 2750 0.000026470 add_time= 0.000048376
2600 0.000194796 2600 0.000021990 add_time= 0.000327843
3025 0.000017937 3025 0.000009325 add_time= 0.000063715
2750 0.000034349 2750 0.000009631 add_time= 0.000070211
