2500 0.000112211 2500 0.000016195 add_time= 0.002172512
2754 0.000082114 2754 0.000020756 add_time= 0.000120327
2700 0.000196298 2700 0.000017801 add_time= 0.000230565
2652 0.000008538 2652 0.000016215 add_time= 0.000046857
2860 0.000058930 2860 0.000007191 add_time= 0.000084402
2970 0.000033229 2970 0.000007448 add_time= 0.000058583
2500 0.000616242 2500 0.000047524 add_time= 0.000715668
2601 0.000392632 2601 0.000017149 add_time= 0.000427824
2650 0.000718206 2650 0.000008871 add_time= 0.000756975
2650 0.000308676 2650 0.000008144 add_time= 0.000334254
2750 0.000162888 2750 0.000008852 add_time= 0.000197095
2750 0.001179923 2750 0.000019319 add_time= 0.001283146
2600 0.000057272 2600 0.000005990 add_time= 0.000079925
2915 0.000657023 2915 0.000010240 add_time= 0.000709281
2500 0.000128612 2500 0.000007582 add_time= 0.000165707
2550 0.000048152 2550 0.000006686 add_time= 0.000079478
1275 0.000042602 1275 0.000005952 add_time= 0.000102959
2652 0.000016391 2652 0.000016716 add_time= 0.000082153
3025 0.000090727 3025 0.000014387 add_time= 0.000138356
2750 0.000056917 2750 0.000043732 add_time= 0.000127330
2550 0.000396302 2550 0.000017721 add_time= 0.000547099
2500 0.000028354 2500 0.000009186 add_time= 0.000085771
3025 0.000394096 3025 0.000022075 add_time= 0.002071313
2550 0.000048286 2550 0.000008639 add_time= 0.000082289
2500 0.000449696 2500 0.000017802 add_time= 0.000488912
2754 0.000059761 2754 0.000018117 add_time= 0.000097194
2600 0.000471793 2600 0.000045951 add_time= 0.000572360
3025 0.000075229 3025 0.000010089 add_time= 0.000118447
3025 0.000109913 3025 0.000007087 add_time= 0.000134894
2500 0.000247805 2500 0.000007430 add_time= 0.000277867
2754 0.000060285 2754 0.000006748 add_time= 0.000084130
2500 0.000121644 2500 0.000010517 add_time= 0.000172390
2500 0.000125169 2500 0.000008068 add_time= 0.000150578
2500 0.000179939 2500 0.000015036 add_time= 0.000212458
2500 0.000072750 2500 0.000007456 add_time= 0.000097775
2500 0.000678469 2500 0.000007722 add_time= 0.000716845
2703 0.000237002 2703 0.000010783 add_time= 0.000274066
2550 0.000135897 2550 0.000008161 add_time= 0.000167825
2750 0.000061076 2750 0.000007541 add_time= 0.000087813
2750 0.000056926 2750 0.000006300 add_time= 0.000078696
2750 0.000101426 2750 0.000006875 add_time= 0.000124540
1275 0.000054474 1275 0.000009586 add_time= 0.000087407
2500 0.000208234 2500 0.000016481 add_time= 0.000322833
1250 0.000032241 1250 0.000009657 add_time= 0.000071206
2970 0.000066825 2970 0.000008868 add_time= 0.000126839
2703 0.000107245 2703 0.000012443 add_time= 0.001343236
2860 0.000053748 2860 0.000006684 add_time= 0.000077453
2750 0.000005727 2750 0.000014493 add_time= 0.000034561
2500 0.000072467 2500 0.000006362 add_time= 0.000111049
2750 0.000080858 2750 0.000006963 add_time= 0.000104132
2500 0.000192395 2500 0.000007033 add_time= 0.000216833
2915 0.000090758 2915 0.000009079 add_time= 0.000115339
2500 0.000007188 2500 0.000013252 add_time= 0.000045785
2703 0.000048639 2703 0.000013040 add_time= 0.000076746
2500 0.000062230 2500 0.000006334 add_time= 0.000084546
1250 0.000029670 1250 0.000007065 add_time= 0.000069550
2600 0.000431581 2600 0.000011655 add_time= 0.000483453
2805 0.000100650 2805 0.000009592 add_time= 0.000129124
2500 0.000008213 2500 0.000015739 add_time= 0.000041098
2550 0.000084739 2550 0.000007283 add_time= 0.000108994
2970 0.000128796 2970 0.000007342 add_time= 0.000153857
1250 0.000062989 1250 0.000006585 add_time= 0.000085906
2809 0.000291401 2809 0.000007953 add_time= 0.000323382
2704 0.000056645 2704 0.000006547 add_time= 0.000079450
2750 0.000097443 2750 0.000006751 add_time= 0.000119781
2601 0.000071622 2601 0.000006319 add_time= 0.000093642
2500 0.000080877 2500 0.000007437 add_time= 0.000124388
2750 0.000075053 2750 0.000006833 add_time= 0.000099010
2704 0.000223669 2704 0.000007543 add_time= 0.000272109
2750 0.000147529 2750 0.000006944 add_time= 0.000174480
2500 0.000007888 2500 0.000036010 add_time= 0.000060726
2601 0.000391845 2601 0.000008219 add_time= 0.000422373
2550 0.000238430 2550 0.000006978 add_time= 0.000260218
1325 0.000071675 1325 0.000006062 add_time= 0.000133605
2500 0.000472113 2500 0.000007472 add_time= 0.000498536
2600 0.000050451 2600 0.000014426 add_time= 0.000088689
2750 0.000276063 2750 0.000006767 add_time= 0.000309101
2550 0.000011958 2550 0.000021766 add_time= 0.000054954
2601 0.000294473 2601 0.000030349 add_time= 0.000341507
2750 0.000170055 2750 0.000028428 add_time= 0.000224824
1250 0.000053657 1250 0.000005684 add_time= 0.000081225
2750 0.000426355 2750 0.000007454 add_time= 0.000460019
2860 0.000109856 2860 0.000006526 add_time= 0.000132248
2700 0.000094572 2700 0.000014138 add_time= 0.000123320
3025 0.000242262 3025 0.000011704 add_time= 0.000276291
2750 0.000177306 2750 0.000010042 add_time= 0.000206991
2750 0.000071472 2750 0.000007005 add_time= 0.000092534
2750 0.000056789 2750 0.000010955 add_time= 0.000222879
3025 0.000060990 3025 0.000007858 add_time= 0.000106493
2500 0.000017848 2500 0.000018835 add_time= 0.000064682
2500 0.000049795 2500 0.000007828 add_time= 0.000079829
2750 0.000038754 2750 0.000008503 add_time= 0.000073027
2500 0.000199661 2500 0.000015763 add_time= 0.000272296
2860 0.000045657 2860 0.000037945 add_time= 0.000123654
2700 0.000102131 2700 0.000006471 add_time= 0.000155801
3025 0.000138760 3025 0.000008103 add_time= 0.000178999
2550 0.000074156 2550 0.000032690 add_time= 0.000131611
2805 0.000069041 2805 0.000007535 add_time= 0.000102367
2500 0.000445804 2500 0.000007270 add_time= 0.000481621
2500 0.000140416 2500 0.000007232 add_time= 0.000174222
2750 0.000230489 2750 0.000007541 add_time= 0.000267780
2805 0.000115845 2805 0.000006762 add_time= 0.000150074
2500 0.000044524 2500 0.000006907 add_time= 0.000093298
2915 0.000159679 2915 0.000007166 add_time= 0.000195786
2652 0.000127865 2652 0.000006897 add_time= 0.000160984
3025 0.000012404 3025 0.000025351 add_time= 0.000073450
2805 0.000266429 2805 0.000007791 add_time= 0.000312276
2601 0.000303892 2601 0.000006638 add_time= 0.000334901
2700 0.000047697 2700 0.000006710 add_time= 0.000089624
2500 0.000243590 2500 0.000007026 add_time= 0.000277627
2600 0.000151633 2600 0.000007851 add_time= 0.000185324
2500 0.000009681 2500 0.000025853 add_time= 0.000065315
2500 0.000167434 2500 0.000007273 add_time= 0.000213297
2500 0.000342468 2500 0.000007086 add_time= 0.000372356
2600 0.000410944 2600 0.000007089 add_time= 0.000446011
3025 0.000048783 3025 0.000007783 add_time= 0.000104598
2500 0.000007220 2500 0.000013822 add_time= 0.000054697
2805 0.000080783 2805 0.000006189 add_time= 0.000120991
2550 0.000124770 2550 0.000006418 add_time= 0.000152192
2754 0.000128415 2754 0.000029810 add_time= 0.000180801
2750 0.000129602 2750 0.000007953 add_time= 0.000182882
2600 0.000113273 2600 0.000007130 add_time= 0.000137075
2500 0.000008068 2500 0.000022528 add_time= 0.000049872
1275 0.000160245 1275 0.000005814 add_time= 0.000186441
2750 0.000359800 2750 0.000007215 add_time= 0.000388463
1250 0.000076267 1250 0.000007139 add_time= 0.000097733
2500 0.000114180 2500 0.000032224 add_time= 0.000163692
2860 0.000039703 2860 0.000006303 add_time= 0.000070612
2805 0.000008481 2805 0.000019585 add_time= 0.000052089
2500 0.000142221 2500 0.000007949 add_time= 0.000166418
2970 0.000051207 2970 0.000007280 add_time= 0.000075433
2500 0.000075263 2500 0.000007153 add_time= 0.000098605
2550 0.000048164 2550 0.000006644 add_time= 0.000074469
2600 0.000033550 2600 0.000006607 add_time= 0.000062220
2750 0.000060792 2750 0.000007222 add_time= 0.000083474
2700 0.000049480 2700 0.000006910 add_time= 0.000073810
2550 0.000032898 2550 0.000006241 add_time= 0.000053834
2700 0.000232194 2700 0.000006711 add_time= 0.000254472
2650 0.000062691 2650 0.000016626 add_time= 0.000156168
2500 0.000037607 2500 0.000008103 add_time= 0.000072418
3025 0.000069925 3025 0.000019778 add_time= 0.000119479
2600 0.000073689 2600 0.000009089 add_time= 0.000120511
2808 0.000049294 2808 0.000008328 add_time= 0.000087219
1250 0.000060621 1250 0.000008336 add_time= 0.000125647
2500 0.000253047 2500 0.000006806 add_time= 0.000277684
2808 0.000062478 2808 0.000014690 add_time= 0.000093334
3025 0.000008404 3025 0.000025616 add_time= 0.000050383
2601 0.000106529 2601 0.000007910 add_time= 0.000131100
2750 0.000089887 2750 0.000007307 add_time= 0.000120061
1300 0.000119980 1300 0.000006887 add_time= 0.000141554
2500 0.000070723 2500 0.000006647 add_time= 0.000094871
2860 0.000041174 2860 0.000006157 add_time= 0.000082328
2500 0.000007960 2500 0.000014407 add_time= 0.000038411
2500 0.000105047 2500 0.000006410 add_time= 0.000125885
2500 0.000133537 2500 0.000007810 add_time= 0.000157428
2550 0.000208706 2550 0.000006520 add_time= 0.000237026
2704 0.000053255 2704 0.000006666 add_time= 0.000076692
2500 0.000097332 2500 0.000006374 add_time= 0.000118317
2750 0.000007281 2750 0.000016587 add_time= 0.000051203
2754 0.000091625 2754 0.000007044 add_time= 0.000124729
2550 0.000141794 2550 0.000006899 add_time= 0.000163810
3025 0.000120538 3025 0.000006178 add_time= 0.000145384
2500 0.000268809 2500 0.000007196 add_time= 0.000293323
2500 0.000129350 2500 0.000007528 add_time= 0.000152090
2550 0.000006571 2550 0.000014805 add_time= 0.000035797
2500 0.000182409 2500 0.000007028 add_time= 0.000205285
2500 0.000074709 2500 0.000007544 add_time= 0.000096701
2550 0.000075484 2550 0.000006636 add_time= 0.000097768
2600 0.000174117 2600 0.000006306 add_time= 0.000196070
2915 0.000156831 2915 0.000006642 add_time= 0.000180729
2550 0.000108136 2550 0.000014229 add_time= 0.000138238
2550 0.000163195 2550 0.000006400 add_time= 0.000183160
2700 0.000067837 2700 0.000006699 add_time= 0.000090524
2500 0.000324042 2500 0.000007522 add_time= 0.000348682
2805 0.000055701 2805 0.000007039 add_time= 0.000079323
2550 0.000008041 2550 0.000019045 add_time= 0.000048878
1250 0.000068574 1250 0.000006536 add_time= 0.000089402
2650 0.000109909 2650 0.000007131 add_time= 0.000133343
2750 0.000102315 2750 0.000007294 add_time= 0.000127379
2750 0.000127640 2750 0.000014083 add_time= 0.000157590
2750 0.000008090 2750 0.000042553 add_time= 0.000066386
2550 0.000058337 2550 0.000006853 add_time= 0.000089665
2500 0.000076628 2500 0.000007044 add_time= 0.000098810
2750 0.000162592 2750 0.000009250 add_time= 0.000216931
2750 0.000031600 2750 0.000007235 add_time= 0.000063466
2500 0.000009930 2500 0.000084667 add_time= 0.000116556
2500 0.000187703 2500 0.000006766 add_time= 0.000210447
2700 0.000132257 2700 0.000014347 add_time= 0.000161274
2500 0.000183736 2500 0.000007385 add_time= 0.000208573
2652 0.000068302 2652 0.000006008 add_time= 0.000089100
2750 0.000008137 2750 0.000023080 add_time= 0.000051419
2550 0.000060796 2550 0.000006977 add_time= 0.000084059
2500 0.000289637 2500 0.000005951 add_time= 0.000310033
2862 0.000157011 2862 0.000007014 add_time= 0.000197198
2750 0.000007395 2750 0.000015424 add_time= 0.000040247
2805 0.000100215 2805 0.000007019 add_time= 0.000126158
2750 0.000986222 2750 0.000007303 add_time= 0.001011965
1250 0.000639888 1250 0.000006986 add_time= 0.000663698
2500 0.000007333 2500 0.000009936 add_time= 0.000091518
2600 0.000071997 2600 0.000007563 add_time= 0.000108544
2550 0.000032321 2550 0.000008571 add_time= 0.000069060
3025 0.000026716 3025 0.000008199 add_time= 0.000091818
2550 0.000005893 2550 0.000008776 add_time= 0.000057981
2970 0.000025842 2970 0.000016569 add_time= 0.000079445
2600 0.000249620 2600 0.000007605 add_time= 0.000278400
2750 0.000098789 2750 0.000018515 add_time= 0.000135418
2500 0.000007529 2500 0.000013122 add_time= 0.000036910
2601 0.000064351 2601 0.000018474 add_time= 0.000100009
2500 0.000306322 2500 0.000006725 add_time= 0.000339006
625 0.000321206 625 0.000006761 add_time= 0.000347297
2650 0.000132325 2650 0.000006723 add_time= 0.000157773
2550 0.000168227 2550 0.000006210 add_time= 0.000190528
2550 0.000007365 2550 0.000020106 add_time= 0.000044362
2805 0.000102701 2805 0.000013018 add_time= 0.000132621
2750 0.000055371 2750 0.000007024 add_time= 0.000079314
2500 0.000039374 2500 0.000007153 add_time= 0.000064478
2860 0.000031617 2860 0.000006591 add_time= 0.000053693
2600 0.000082280 2600 0.000005732 add_time= 0.000102189
2500 0.000006159 2500 0.000014032 add_time= 0.000034341
2550 0.000067365 2550 0.000006243 add_time= 0.000087648
2700 0.000030528 2700 0.000007111 add_time= 0.000054678
2550 0.000569413 2550 0.000007535 add_time= 0.000599407
2750 0.000163636 2750 0.000006988 add_time= 0.000187217
2500 0.000015473 2500 0.000015112 add_time= 0.000056282
2750 0.000084254 2750 0.000007107 add_time= 0.000107653
2808 0.000394779 2808 0.000007454 add_time= 0.000418555
1275 0.000084094 1275 0.000006473 add_time= 0.000105049
2500 0.000059981 2500 0.000028692 add_time= 0.000104640
2600 0.000082737 2600 0.000006951 add_time= 0.000109464
3025 0.000136873 3025 0.000062802 add_time= 0.000215278
2500 0.000125233 2500 0.000013996 add_time= 0.000155050
2700 0.000257314 2700 0.000026286 add_time= 0.000299434
2750 0.000040647 2750 0.000006616 add_time= 0.000061872
2600 0.000138638 2600 0.000006487 add_time= 0.000165489
2652 0.000085495 2652 0.000014668 add_time= 0.000122288
2750 0.000290524 2750 0.000006665 add_time= 0.000311239
2750 0.000223900 2750 0.000077685 add_time= 0.000326156
1350 0.000202750 1350 0.000009726 add_time= 0.000248585
2500 0.000252364 2500 0.000007747 add_time= 0.000284011
2500 0.000075144 2500 0.000007316 add_time= 0.000098103
2805 0.000054699 2805 0.000008648 add_time= 0.000090025
2805 0.000148028 2805 0.000007135 add_time= 0.000171172
3025 0.000198705 3025 0.000025308 add_time= 0.000240761
2500 0.000091753 2500 0.000009009 add_time= 0.000118882
2756 0.000055113 2756 0.000006964 add_time= 0.000078274
2500 0.000121490 2500 0.000006564 add_time= 0.000143545
2500 0.000006859 2500 0.000022548 add_time= 0.000043401
2550 0.000084344 2550 0.000006309 add_time= 0.000105803
2700 0.000034338 2700 0.000006878 add_time= 0.000057255
1300 0.000110327 1300 0.000006768 add_time= 0.000130623
2750 0.000195133 2750 0.000008835 add_time= 0.000241660
2750 0.000145567 2750 0.000008127 add_time= 0.000170000
2550 0.000007913 2550 0.000191277 add_time= 0.000215641
2805 0.000378100 2805 0.000008001 add_time= 0.000402982
2500 0.000271478 2500 0.000006195 add_time= 0.000293070
2600 0.000146198 2600 0.000007757 add_time= 0.000172257
2652 0.000088316 2652 0.000006395 add_time= 0.000110093
2750 0.000231827 2750 0.000008310 add_time= 0.000269364
2805 0.000208077 2805 0.000007537 add_time= 0.000232760
2500 0.000309958 2500 0.000013806 add_time= 0.000340213
2750 0.000091783 2750 0.000007244 add_time= 0.000115657
2750 0.000222336 2750 0.000007322 add_time= 0.000255285
2652 0.000047676 2652 0.000007005 add_time= 0.000072222
2750 0.000063828 2750 0.000006466 add_time= 0.000086439
2652 0.000113473 2652 0.000006761 add_time= 0.000137079
2750 0.000077172 2750 0.000006916 add_time= 0.000111970
3025 0.000038385 3025 0.000006853 add_time= 0.000062792
1275 0.000065199 1275 0.000005915 add_time= 0.000085635
2500 0.000007560 2500 0.000008913 add_time= 0.000067264
2600 0.000044949 2600 0.000008234 add_time= 0.000100215
2500 0.000042334 2500 0.000008475 add_time= 0.000078282
2805 0.000088836 2805 0.000008406 add_time= 0.000126968
2500 0.000015181 2500 0.000025502 add_time= 0.000069395
2500 0.000062348 2500 0.000008365 add_time= 0.000097876
2500 0.000223118 2500 0.000006825 add_time= 0.000249113
2600 0.000026441 2600 0.000006132 add_time= 0.000049080
2500 0.000007715 2500 0.000024995 add_time= 0.000049223
3025 0.000114436 3025 0.000018377 add_time= 0.000149496
2601 0.000035105 2601 0.000006335 add_time= 0.000057883
2500 0.000062932 2500 0.000007398 add_time= 0.000098722
2500 0.000047114 2500 0.000007143 add_time= 0.000071897
2600 0.000052008 2600 0.000007193 add_time= 0.000104435
2750 0.000089204 2750 0.000007097 add_time= 0.000112100
2750 0.000107376 2750 0.000007260 add_time= 0.000134614
2805 0.000045414 2805 0.000006934 add_time= 0.000079700
2700 0.000041910 2700 0.000006933 add_time= 0.000064412
2650 0.000206036 2650 0.000007093 add_time= 0.000229976
2600 0.000054432 2600 0.000006265 add_time= 0.000082686
2650 0.000008107 2650 0.000014971 add_time= 0.000037939
2500 0.000092118 2500 0.000006729 add_time= 0.000114564
2550 0.000124308 2550 0.000007347 add_time= 0.000147444
1300 0.000190664 1300 0.000006610 add_time= 0.000212629
2600 0.000096291 2600 0.000007089 add_time= 0.000120290
2600 0.000062372 2600 0.000005777 add_time= 0.000086816
2750 0.000011046 2750 0.000021675 add_time= 0.000050612
2601 0.000105961 2601 0.000007221 add_time= 0.000128150
2860 0.000152406 2860 0.000030584 add_time= 0.000198920
2550 0.000253301 2550 0.000008143 add_time= 0.000291285
2500 0.000192231 2500 0.000006838 add_time= 0.000215167
1250 0.000019163 1250 0.000011613 add_time= 0.000074790
2550 0.000322092 2550 0.000016828 add_time= 0.000369155
2550 0.000134469 2550 0.000006760 add_time= 0.000157181
2600 0.000241659 2600 0.000006714 add_time= 0.000275305
2970 0.000012931 2970 0.000016518 add_time= 0.000056928
2550 0.000025785 2550 0.000024749 add_time= 0.000072905
1275 0.000289242 1275 0.000006443 add_time= 0.000310198
2754 0.000063038 2754 0.000005965 add_time= 0.000091036
1250 0.000090853 1250 0.000006278 add_time= 0.000110449
2600 0.000128777 2600 0.000007299 add_time= 0.000153808
1375 0.000121867 1375 0.000038246 add_time= 0.000175268
2500 0.000008428 2500 0.000023400 add_time= 0.000048143
2754 0.000061962 2754 0.000015511 add_time= 0.000093825
2700 0.000059982 2700 0.000006878 add_time= 0.000091818
2500 0.000055759 2500 0.000008086 add_time= 0.000081832
2600 0.000103071 2600 0.000006611 add_time= 0.000124742
2860 0.000311898 2860 0.000006705 add_time= 0.000336782
2601 0.000081672 2601 0.000014238 add_time= 0.000110117
2500 0.000157513 2500 0.000006847 add_time= 0.000186821
2550 0.000138393 2550 0.000007855 add_time= 0.000166069
2650 0.000493549 2650 0.000009777 add_time= 0.000520290
2500 0.000143194 2500 0.000007286 add_time= 0.000166105
1250 0.000254214 1250 0.000006587 add_time= 0.000278809
2750 0.000047064 2750 0.000006470 add_time= 0.000079466
2500 0.000112487 2500 0.000027297 add_time= 0.000174114
2750 0.000069841 2750 0.000006139 add_time= 0.000090457
2750 0.000176776 2750 0.000010210 add_time= 0.000230708
2500 0.000062302 2500 0.000019453 add_time= 0.000098825
2600 0.000008134 2600 0.000015919 add_time= 0.000039865
2805 0.000076260 2805 0.000010096 add_time= 0.000110405
2550 0.000138210 2550 0.000006304 add_time= 0.000170258
2700 0.000094997 2700 0.000007712 add_time= 0.000119730
2550 0.000126176 2550 0.000007143 add_time= 0.000151200
2600 0.000047176 2600 0.000006970 add_time= 0.000068495
2500 0.000007455 2500 0.000015877 add_time= 0.000044090
2750 0.000085802 2750 0.000008376 add_time= 0.000119898
2700 0.000135680 2700 0.000007240 add_time= 0.000159598
1250 0.000087822 1250 0.000014682 add_time= 0.000122850
2500 0.000478416 2500 0.000007598 add_time= 0.000508192
3025 0.000043797 3025 0.000007650 add_time= 0.000070823
2750 0.000090016 2750 0.000006055 add_time= 0.000111877
2550 0.000051145 2550 0.000005679 add_time= 0.000070546
2700 0.000050054 2700 0.000006916 add_time= 0.000073763
2750 0.000060089 2750 0.000009315 add_time= 0.000120091
2600 0.000049949 2600 0.000007506 add_time= 0.000084635
2860 0.000031327 2860 0.000007092 add_time= 0.000080761
1375 0.000043535 1375 0.000008049 add_time= 0.000085596
2600 0.000028963 2600 0.000007722 add_time= 0.000075286
2600 0.000058926 2600 0.000007562 add_time= 0.000107177
1250 0.000337384 1250 0.000007777 add_time= 0.000369742
2500 0.000221394 2500 0.000007219 add_time= 0.000249024
2860 0.000034495 2860 0.000006251 add_time= 0.000067864
2805 0.000008128 2805 0.000016093 add_time= 0.000041621
2500 0.000044843 2500 0.000007952 add_time= 0.000078027
2700 0.000046554 2700 0.000026489 add_time= 0.000089559
2703 0.000451526 2703 0.000015419 add_time= 0.000487014
2700 0.000104752 2700 0.000018969 add_time= 0.000141359
2652 0.000035339 2652 0.000007209 add_time= 0.000068825
2550 0.000034122 2550 0.000010812 add_time= 0.000061901
2750 0.000097314 2750 0.000007691 add_time= 0.000131305
1250 0.000100201 1250 0.000006311 add_time= 0.000123544
2860 0.000037856 2860 0.000006228 add_time= 0.000073497
3025 0.000053387 3025 0.000005875 add_time= 0.000074853
2750 0.000071674 2750 0.000006488 add_time= 0.000103413
2754 0.000070000 2754 0.000006676 add_time= 0.000092535
2750 0.000097945 2750 0.000007304 add_time= 0.000130501
2500 0.000191046 2500 0.000006733 add_time= 0.000215443
2750 0.000063810 2750 0.000006669 add_time= 0.000095998
2500 0.000007067 2500 0.000013052 add_time= 0.000037525
2601 0.000063439 2601 0.000007314 add_time= 0.000099501
1250 0.000034097 1250 0.000006109 add_time= 0.000055175
2915 0.000510031 2915 0.000007264 add_time= 0.000536231
2750 0.000056994 2750 0.000007043 add_time= 0.000081285
2500 0.000006469 2500 0.000014309 add_time= 0.000035732
2750 0.000027184 2750 0.000006113 add_time= 0.000054214
2550 0.000097554 2550 0.000010638 add_time= 0.000122847
1375 0.000087229 1375 0.000006107 add_time= 0.000106436
2500 0.000085544 2500 0.000006970 add_time= 0.000114598
3025 0.000199190 3025 0.000026462 add_time= 0.000243423
2500 0.000012390 2500 0.000015376 add_time= 0.000045396
2750 0.000089388 2750 0.000007629 add_time= 0.000114332
2970 0.000091491 2970 0.000006784 add_time= 0.000120987
2750 0.000390933 2750 0.000027783 add_time= 0.000436184
2550 0.000128934 2550 0.000006296 add_time= 0.000158728
3025 0.000008635 3025 0.000016767 add_time= 0.000052878
2550 0.000053735 2550 0.000006569 add_time= 0.000077371
2750 0.000253877 2750 0.000006961 add_time= 0.000286480
2750 0.000124467 2750 0.000007247 add_time= 0.000160532
2860 0.000133599 2860 0.000015258 add_time= 0.000166563
2860 0.000159083 2860 0.000007421 add_time= 0.000186782
2500 0.000007332 2500 0.000025843 add_time= 0.000048904
2601 0.000089199 2601 0.000007480 add_time= 0.000113029
2750 0.000303668 2750 0.000007705 add_time= 0.000327428
1250 0.000076782 1250 0.000006265 add_time= 0.000095477
2600 0.000333437 2600 0.000007559 add_time= 0.000357008
2600 0.000045568 2600 0.000006351 add_time= 0.000073142
3025 0.000132700 3025 0.000056782 add_time= 0.000204390
2550 0.000048608 2550 0.000006655 add_time= 0.000083052
2916 0.000223013 2916 0.000006712 add_time= 0.000244495
2500 0.000079228 2500 0.000006730 add_time= 0.000099436
2650 0.000326389 2650 0.000006685 add_time= 0.000349279
2652 0.000109676 2652 0.000030934 add_time= 0.000166714
2650 0.000007548 2650 0.000024260 add_time= 0.000051030
2754 0.000096566 2754 0.000007037 add_time= 0.000117832
2550 0.000086814 2550 0.000006816 add_time= 0.000107485
2500 0.003897053 2500 0.000027269 add_time= 0.003957287
2600 0.000130666 2600 0.000008483 add_time= 0.000172251
2500 0.000072140 2500 0.000016595 add_time= 0.000110126
2550 0.000006150 2550 0.000014344 add_time= 0.000035884
2500 0.000057929 2500 0.000014458 add_time= 0.000106013
2805 0.000061107 2805 0.000006239 add_time= 0.000085407
2750 0.000049363 2750 0.000006351 add_time= 0.000070970
2700 0.000216447 2700 0.000007772 add_time= 0.000253484
2808 0.000041634 2808 0.000006145 add_time= 0.000081715
2500 0.000007772 2500 0.000020614 add_time= 0.000054690
2805 0.000148011 2805 0.000030703 add_time= 0.000195893
3025 0.000079769 3025 0.000006935 add_time= 0.000104525
2500 0.000086160 2500 0.000006852 add_time= 0.000114627
2550 0.000046656 2550 0.000007297 add_time= 0.000070939
2500 0.000006240 2500 0.000012961 add_time= 0.000034191
2750 0.000045868 2750 0.000006684 add_time= 0.000074241
2550 0.000172325 2550 0.000007968 add_time= 0.000197147
2916 0.000028703 2916 0.000006422 add_time= 0.000051381
1300 0.000052823 1300 0.000016306 add_time= 0.000100586
2703 0.000076227 2703 0.000010228 add_time= 0.000140806
2808 0.000046386 2808 0.000007854 add_time= 0.000085797
2750 0.000047940 2750 0.000007381 add_time= 0.000080307
2600 0.000067650 2600 0.000015045 add_time= 0.000139740
2550 0.000035799 2550 0.000008364 add_time= 0.000072227
2500 0.000114058 2500 0.000007656 add_time= 0.000156417
2750 0.000109404 2750 0.000007358 add_time= 0.000136981
2550 0.000070878 2550 0.000007142 add_time= 0.000094852
2500 0.000072940 2500 0.000005917 add_time= 0.000093606
2550 0.000116709 2550 0.000006327 add_time= 0.000146632
2700 0.000042682 2700 0.000006802 add_time= 0.000067116
3025 0.000085180 3025 0.000007186 add_time= 0.000109403
2750 0.000261779 2750 0.000007111 add_time= 0.000289216
2750 0.000108509 2750 0.000007460 add_time= 0.000132679
2500 0.000005797 2500 0.000032845 add_time= 0.000054445
2550 0.000038125 2550 0.000013309 add_time= 0.000091501
2703 0.000055985 2703 0.000009641 add_time= 0.000085319
2750 0.000037773 2750 0.000007601 add_time= 0.000068479
1325 0.000191169 1325 0.000006414 add_time= 0.000226901
2750 0.000107532 2750 0.000006879 add_time= 0.000140878
2550 0.000071838 2550 0.000010641 add_time= 0.000098925
2500 0.000045561 2500 0.000009572 add_time= 0.000070653
2500 0.000122362 2500 0.000007576 add_time= 0.000145806
2500 0.000284191 2500 0.000006674 add_time= 0.000308867
2805 0.000033615 2805 0.000007581 add_time= 0.000058457
2750 0.000007783 2750 0.000015206 add_time= 0.000039983
2550 0.000110292 2550 0.000012053 add_time= 0.000150391
2750 0.000077941 2750 0.000006723 add_time= 0.000100816
2500 0.000080987 2500 0.000007499 add_time= 0.000106883
2860 0.000055386 2860 0.000006841 add_time= 0.000079511
2750 0.000009905 2750 0.000030402 add_time= 0.000067503
2700 0.000095994 2700 0.000025202 add_time= 0.000139374
2550 0.000049091 2550 0.000006747 add_time= 0.000092261
2750 0.000035643 2750 0.000011040 add_time= 0.000063380
1375 0.000019212 1375 0.000006118 add_time= 0.000040016
2500 0.000403160 2500 0.000007202 add_time= 0.000429234
2600 0.000056708 2600 0.000006457 add_time= 0.000078217
2500 0.000015609 2500 0.000013901 add_time= 0.000045895
2754 0.000040755 2754 0.000007142 add_time= 0.000072111
2750 0.000117428 2750 0.000006172 add_time= 0.000139059
2550 0.000079346 2550 0.000006769 add_time= 0.000103153
2862 0.000490747 2862 0.000009796 add_time= 0.000532916
2600 0.000099491 2600 0.000006945 add_time= 0.000122060
2750 0.000162307 2750 0.000007563 add_time= 0.000193313
2700 0.000058147 2700 0.000007199 add_time= 0.000079592
2754 0.000265467 2754 0.000018873 add_time= 0.000301121
2500 0.000291563 2500 0.000006494 add_time= 0.000311106
2750 0.000268636 2750 0.000006934 add_time= 0.000292231
2500 0.000138875 2500 0.000006190 add_time= 0.000159070
2750 0.000027374 2750 0.000015638 add_time= 0.000056319
2550 0.000006106 2550 0.000035523 add_time= 0.000054234
2601 0.000339016 2601 0.000006349 add_time= 0.000360907
2700 0.000230800 2700 0.000007162 add_time= 0.000264456
1300 0.000043766 1300 0.000006537 add_time= 0.000063929
2500 0.000191578 2500 0.000008092 add_time= 0.000215843
2500 0.000148001 2500 0.000007810 add_time= 0.000180528
2750 0.000207084 2750 0.000015158 add_time= 0.000238423
2750 0.000043050 2750 0.000006780 add_time= 0.000074139
2600 0.000183335 2600 0.000005945 add_time= 0.000203025
2652 0.000042927 2652 0.000005613 add_time= 0.000061601
2750 0.000111571 2750 0.000007502 add_time= 0.000135225
2915 0.000430151 2915 0.000007487 add_time= 0.000454436
2756 0.000243950 2756 0.000012454 add_time= 0.000270665
2750 0.000007398 2750 0.000013438 add_time= 0.000046987
2805 0.000147165 2805 0.000006981 add_time= 0.000169659
2500 0.000112135 2500 0.000012722 add_time= 0.000138529
1375 0.000104878 1375 0.000006318 add_time= 0.000132044
2500 0.000238862 2500 0.000006893 add_time= 0.000263030
2500 0.000096623 2500 0.000006221 add_time= 0.000116470
2750 0.000006286 2750 0.000014876 add_time= 0.000039829
2601 0.000206464 2601 0.000006509 add_time= 0.000228444
2808 0.000074294 2808 0.000006847 add_time= 0.000097190
625 0.000036233 625 0.000006325 add_time= 0.000073864
2550 0.000159253 2550 0.000007170 add_time= 0.000198041
3025 0.000267309 3025 0.000006994 add_time= 0.000294983
2600 0.000008240 2600 0.000015217 add_time= 0.000040409
2703 0.000064738 2703 0.000007344 add_time= 0.000089043
2970 0.000048140 2970 0.000007473 add_time= 0.000082286
2805 0.000088191 2805 0.000007759 add_time= 0.000111992
2500 0.000269465 2500 0.000006478 add_time= 0.000293875
2500 0.000206792 2500 0.000006975 add_time= 0.000230430
2650 0.000007788 2650 0.000015743 add_time= 0.000040630
2652 0.000157937 2652 0.000007934 add_time= 0.000194085
2703 0.000180873 2703 0.000007347 add_time= 0.000203803
2500 0.000187022 2500 0.000006700 add_time= 0.000208306
2750 0.000151579 2750 0.000007060 add_time= 0.000183642
2600 0.000044534 2600 0.000007333 add_time= 0.000071583
2652 0.000053605 2652 0.000006120 add_time= 0.000073974
2750 0.000208744 2750 0.000006669 add_time= 0.000230577
2500 0.000056731 2500 0.000006695 add_time= 0.000078381
2750 0.000117445 2750 0.000005997 add_time= 0.000137564
2750 0.000125589 2750 0.000006381 add_time= 0.000145177
2550 0.000051452 2550 0.000008631 add_time= 0.000104443
2600 0.000081412 2600 0.000011252 add_time= 0.000118555
2970 0.000042842 2970 0.000026413 add_time= 0.000096287
2805 0.000059103 2805 0.000008003 add_time= 0.000094633
2805 0.000006460 2805 0.000007571 add_time= 0.000038389
2750 0.000007259 2750 0.000008532 add_time= 0.000043095
2500 0.000181963 2500 0.000006135 add_time= 0.000202637
2600 0.000072363 2600 0.000006524 add_time= 0.000093469
2650 0.000008239 2650 0.000015036 add_time= 0.000038387
2550 0.000144783 2550 0.000006286 add_time= 0.000164123
2500 0.000070910 2500 0.000006496 add_time= 0.000091908
1350 0.000204725 1350 0.000006524 add_time= 0.000224841
2600 0.000051724 2600 0.000006626 add_time= 0.000074213
2600 0.000048425 2600 0.000012762 add_time= 0.000074414
2500 0.000094666 2500 0.000006270 add_time= 0.000115658
2750 0.000040303 2750 0.000006319 add_time= 0.000061134
2550 0.000079068 2550 0.000017511 add_time= 0.000110836
2500 0.000048118 2500 0.000017395 add_time= 0.000077898
2500 0.000102786 2500 0.000008268 add_time= 0.000123591
2500 0.000054725 2500 0.000007025 add_time= 0.000076128
1300 0.000063306 1300 0.000004975 add_time= 0.000078847
3025 0.000141460 3025 0.000005844 add_time= 0.000160713
3025 0.000040929 3025 0.000006177 add_time= 0.000062143
2550 0.000073435 2550 0.000012277 add_time= 0.000100466
2500 0.000082036 2500 0.000006284 add_time= 0.000102739
2500 0.000175909 2500 0.000007040 add_time= 0.000198042
2704 0.000066511 2704 0.000005741 add_time= 0.000085279
2750 0.000084827 2750 0.000006502 add_time= 0.000106311
2650 0.000036526 2650 0.000006569 add_time= 0.000058046
2750 0.000044113 2750 0.000006675 add_time= 0.000065927
2650 0.000212763 2650 0.000006534 add_time= 0.000233798
2600 0.000083853 2600 0.000007091 add_time= 0.000106064
2600 0.000078578 2600 0.000007781 add_time= 0.000099678
2860 0.000140286 2860 0.000006837 add_time= 0.000162292
2805 0.000122700 2805 0.000006705 add_time= 0.000144368
2550 0.000067946 2550 0.000006694 add_time= 0.000089249
2500 0.000095642 2500 0.000006407 add_time= 0.000116739
2500 0.000213397 2500 0.000007097 add_time= 0.000235149
2750 0.000229761 2750 0.000007279 add_time= 0.000251933
2970 0.000006749 2970 0.000015580 add_time= 0.000035820
2550 0.000051580 2550 0.000007471 add_time= 0.000073927
2916 0.000070062 2916 0.000006799 add_time= 0.000092264
2500 0.000046123 2500 0.000007036 add_time= 0.000068334
1300 0.000053133 1300 0.000005350 add_time= 0.000069924
2500 0.000106828 2500 0.000016953 add_time= 0.000137974
2500 0.000045452 2500 0.000006237 add_time= 0.000065412
2754 0.000111269 2754 0.000007052 add_time= 0.000133606
2805 0.000080094 2805 0.000007161 add_time= 0.000102302
2500 0.000485865 2500 0.000009395 add_time= 0.000525373
2915 0.000470573 2915 0.000011974 add_time= 0.000500321
2500 0.000014077 2500 0.000022536 add_time= 0.000060849
2750 0.000510706 2750 0.000020088 add_time= 0.000551155
2805 0.000097272 2805 0.000009942 add_time= 0.000121996
2805 0.000058298 2805 0.000006448 add_time= 0.000078284
2500 0.000041958 2500 0.000007098 add_time= 0.000066549
2860 0.000267783 2860 0.000007240 add_time= 0.000292101
2600 0.000008434 2600 0.000021041 add_time= 0.000049281
2500 0.000062386 2500 0.000007571 add_time= 0.000085770
2550 0.000068994 2550 0.000006788 add_time= 0.000090372
3025 0.000123654 3025 0.000007370 add_time= 0.000147775
2600 0.000285130 2600 0.000007577 add_time= 0.000310286
2652 0.000089495 2652 0.000009256 add_time= 0.000114307
2500 0.000008007 2500 0.000019636 add_time= 0.000049421
2805 0.000048056 2805 0.000006704 add_time= 0.000069297
1250 0.000172583 1250 0.000005841 add_time= 0.000192869
1300 0.000053026 1300 0.000005519 add_time= 0.000071119
2600 0.000086978 2600 0.000006984 add_time= 0.000110387
2756 0.000040447 2756 0.000005717 add_time= 0.000060317
3025 0.000247687 3025 0.000005891 add_time= 0.000276737
3025 0.000013443 3025 0.000020485 add_time= 0.000055551
2550 0.000089273 2550 0.000006981 add_time= 0.000111820
2500 0.000118600 2500 0.000006381 add_time= 0.000139996
2704 0.000106301 2704 0.000006274 add_time= 0.000128824
2500 0.000041755 2500 0.000006457 add_time= 0.000063680
2805 0.000139692 2805 0.000007267 add_time= 0.000163600
2500 0.000068196 2500 0.000006706 add_time= 0.000090278
1375 0.000035640 1375 0.000006150 add_time= 0.000055900
2500 0.000042444 2500 0.000010039 add_time= 0.000080486
2500 0.000146797 2500 0.000008206 add_time= 0.000172063
2500 0.000007357 2500 0.000014703 add_time= 0.000048385
1275 0.000123609 1275 0.000022371 add_time= 0.000160969
2700 0.000090316 2700 0.000017693 add_time= 0.000123606
1300 0.000061983 1300 0.000005974 add_time= 0.000080830
2915 0.000130429 2915 0.000008129 add_time= 0.000157995
2750 0.000160753 2750 0.000007500 add_time= 0.000195867
2500 0.000007397 2500 0.000023343 add_time= 0.000046709
2500 0.000141474 2500 0.000006375 add_time= 0.000163806
2916 0.000088581 2916 0.000007016 add_time= 0.000111817
1375 0.000095359 1375 0.000006049 add_time= 0.000116070
2500 0.000099267 2500 0.000013671 add_time= 0.000132963
1300 0.000086990 1300 0.000006538 add_time= 0.000107578
2750 0.000035382 2750 0.000011993 add_time= 0.000061923
2750 0.000007403 2750 0.000015865 add_time= 0.000038691
2754 0.000059369 2754 0.000006842 add_time= 0.000082338
2750 0.000073457 2750 0.000014272 add_time= 0.000103533
2500 0.000007611 2500 0.000009087 add_time= 0.000065085
2860 0.000061016 2860 0.000013871 add_time= 0.000106344
2500 0.000044909 2500 0.000016299 add_time= 0.000086166
2805 0.000122489 2805 0.000008016 add_time= 0.000167118
2550 0.000053868 2550 0.000008187 add_time= 0.000088051
1250 0.000037124 1250 0.000007702 add_time= 0.000072303
2600 0.000045682 2600 0.000006731 add_time= 0.000068115
2600 0.000190639 2600 0.000006801 add_time= 0.000214033
1375 0.000006359 1375 0.000014292 add_time= 0.000045288
2754 0.000086592 2754 0.000007619 add_time= 0.000110299
2750 0.000147404 2750 0.000006555 add_time= 0.000169660
1375 0.000052234 1375 0.000005853 add_time= 0.000071291
2500 0.000312645 2500 0.000007021 add_time= 0.000337800
1250 0.000083237 1250 0.000005820 add_time= 0.000102858
2500 0.000007549 2500 0.000014828 add_time= 0.000038763
2550 0.000097996 2550 0.000007658 add_time= 0.000130677
2915 0.000050197 2915 0.000006772 add_time= 0.000073986
2750 0.000301226 2750 0.000008327 add_time= 0.000334814
2500 0.000108143 2500 0.000006653 add_time= 0.000132617
2750 0.000101942 2750 0.000007198 add_time= 0.000126483
2750 0.000042367 2750 0.000006709 add_time= 0.000066329
2500 0.000053252 2500 0.000009477 add_time= 0.000079404
2600 0.000105043 2600 0.000017983 add_time= 0.000149656
3025 0.000100397 3025 0.000006749 add_time= 0.000134917
2750 0.000092582 2750 0.000006710 add_time= 0.000116797
2750 0.000080099 2750 0.000006836 add_time= 0.000104607
2750 0.000109350 2750 0.000007096 add_time= 0.000145250
2915 0.000236245 2915 0.000007457 add_time= 0.000262340
2704 0.000108826 2704 0.000014873 add_time= 0.000150113
2550 0.000011143 2550 0.000014488 add_time= 0.000042096
3025 0.000090996 3025 0.000006322 add_time= 0.000113111
2500 0.000059275 2500 0.000007395 add_time= 0.000081885
2750 0.000192142 2750 0.000007410 add_time= 0.000216680
2750 0.000058040 2750 0.000007401 add_time= 0.000084245
2500 0.000069357 2500 0.000006658 add_time= 0.000092263
2500 0.000007697 2500 0.000014366 add_time= 0.000038207
2500 0.000070346 2500 0.000006602 add_time= 0.000092963
2600 0.000046745 2600 0.000006482 add_time= 0.000069727
2600 0.000084186 2600 0.000006797 add_time= 0.000109659
2550 0.000071109 2550 0.000007583 add_time= 0.000095251
2500 0.000009383 2500 0.000021839 add_time= 0.000049329
2500 0.000078309 2500 0.000006623 add_time= 0.000100991
2500 0.000065166 2500 0.000007216 add_time= 0.000088664
2500 0.000195934 2500 0.000006714 add_time= 0.000219754
2860 0.000047436 2860 0.000006586 add_time= 0.000070741
2750 0.000064702 2750 0.000007108 add_time= 0.000104789
2750 0.000077593 2750 0.000006307 add_time= 0.000100685
1275 0.000053697 1275 0.000005845 add_time= 0.000073077
2500 0.000049979 2500 0.000005790 add_time= 0.000070130
2750 0.000446808 2750 0.000006514 add_time= 0.000473842
2600 0.000167536 2600 0.000006674 add_time= 0.000189232
2750 0.000105463 2750 0.000007356 add_time= 0.000130702
2601 0.000143579 2601 0.000006111 add_time= 0.000175864
2750 0.000155466 2750 0.000008044 add_time= 0.000180521
1250 0.000217238 1250 0.000006551 add_time= 0.000239180
2600 0.000151567 2600 0.000006849 add_time= 0.000177834
2600 0.000154740 2600 0.000007274 add_time= 0.000178588
3025 0.000057699 3025 0.000006589 add_time= 0.000081252
2550 0.000007499 2550 0.000014604 add_time= 0.000036324
2550 0.000104899 2550 0.000007083 add_time= 0.000139288
2650 0.000076135 2650 0.000006711 add_time= 0.000097544
1250 0.000205520 1250 0.000006929 add_time= 0.000230110
2750 0.000162563 2750 0.000006981 add_time= 0.000187162
2500 0.000093203 2500 0.000006407 add_time= 0.000113509
2500 0.000006613 2500 0.000022224 add_time= 0.000043009
2601 0.000100244 2601 0.000006885 add_time= 0.000123382
2750 0.000112052 2750 0.000034150 add_time= 0.000162728
2500 0.000091735 2500 0.000006758 add_time= 0.000113176
2500 0.000177710 2500 0.000006741 add_time= 0.000202217
2805 0.000055816 2805 0.000007719 add_time= 0.000099555
2500 0.000007637 2500 0.000156627 add_time= 0.000179967
2550 0.000051196 2550 0.000006918 add_time= 0.000074170
2700 0.000142628 2700 0.000007171 add_time= 0.000166694
2550 0.000243661 2550 0.000014543 add_time= 0.000275849
2860 0.000061905 2860 0.000015344 add_time= 0.000093194
2915 0.000049829 2915 0.000006481 add_time= 0.000072185
2650 0.000006550 2650 0.000035778 add_time= 0.000056759
2750 0.000047752 2750 0.000006224 add_time= 0.000075677
2805 0.000053119 2805 0.000005953 add_time= 0.000072660
2860 0.000281375 2860 0.000007090 add_time= 0.000304533
2750 0.000458506 2750 0.000007923 add_time= 0.000509695
2550 0.000221813 2550 0.000013810 add_time= 0.000252180
3025 0.000319702 3025 0.000008310 add_time= 0.000350776
2550 0.000112741 2550 0.000061798 add_time= 0.000189544
2970 0.000037117 2970 0.000007258 add_time= 0.000061650
2805 0.000156852 2805 0.000007672 add_time= 0.000181733
2704 0.000250503 2704 0.000008241 add_time= 0.000277011
2970 0.000008263 2970 0.000022632 add_time= 0.000056501
2550 0.000095426 2550 0.000009561 add_time= 0.000128179
2808 0.000236973 2808 0.000007236 add_time= 0.000280170
2750 0.000086730 2750 0.000006288 add_time= 0.000107742
2915 0.000225233 2915 0.000015199 add_time= 0.000259385
2500 0.000134670 2500 0.000007078 add_time= 0.000155509
2805 0.000007500 2805 0.000015430 add_time= 0.000036813
2703 0.000127857 2703 0.000006328 add_time= 0.000147295
2500 0.000113525 2500 0.000014565 add_time= 0.000141385
3025 0.000088700 3025 0.000006414 add_time= 0.000117156
2500 0.000140315 2500 0.000009471 add_time= 0.000214559
2750 0.000078123 2750 0.000008395 add_time= 0.000121843
2750 0.000056412 2750 0.000008404 add_time= 0.000098437
2500 0.000007382 2500 0.000008235 add_time= 0.000043000
2750 0.000007337 2750 0.000008637 add_time= 0.000044243
2600 0.000274224 2600 0.000006441 add_time= 0.000308685
2750 0.000074718 2750 0.000006379 add_time= 0.000107141
2750 0.000008207 2750 0.000016024 add_time= 0.000040357
2500 0.000069960 2500 0.000006975 add_time= 0.000093194
2754 0.000066854 2754 0.000007244 add_time= 0.000108899
2700 0.000129106 2700 0.000008589 add_time= 0.000161077
2704 0.000188329 2704 0.000006928 add_time= 0.000209299
2750 0.000013766 2750 0.000018415 add_time= 0.000057276
3025 0.000086349 3025 0.000006637 add_time= 0.000108426
2550 0.000146460 2550 0.000007337 add_time= 0.000180246
2500 0.000095840 2500 0.000006814 add_time= 0.000118787
2750 0.000045691 2750 0.000007946 add_time= 0.000075293
2652 0.000058297 2652 0.000006535 add_time= 0.000097336
2750 0.000007599 2750 0.000016192 add_time= 0.000038557
2805 0.000078337 2805 0.000006829 add_time= 0.000100044
1275 0.000088074 1275 0.000005633 add_time= 0.000105513
1300 0.000064366 1300 0.000014927 add_time= 0.000111709
2600 0.000326066 2600 0.000006844 add_time= 0.000352093
2970 0.000065183 2970 0.000007399 add_time= 0.000089891
2650 0.000007209 2650 0.000014891 add_time= 0.000037447
2500 0.000112030 2500 0.000007001 add_time= 0.000135423
2970 0.000061860 2970 0.000006954 add_time= 0.000085989
2750 0.000593362 2750 0.000007018 add_time= 0.000620128
2500 0.000145987 2500 0.000015193 add_time= 0.000177875
2500 0.000007223 2500 0.000014265 add_time= 0.000037273
2500 0.000080239 2500 0.000006831 add_time= 0.000110387
2500 0.000078758 2500 0.000007188 add_time= 0.000102324
2500 0.000509784 2500 0.000007509 add_time= 0.000536225
2500 0.000115092 2500 0.000006990 add_time= 0.000138313
2550 0.000007240 2550 0.000015661 add_time= 0.000039743
2652 0.000058930 2652 0.000007449 add_time= 0.000082499
2750 0.000238668 2750 0.000007122 add_time= 0.000262646
2600 0.000058191 2600 0.000007620 add_time= 0.000086619
2600 0.000077023 2600 0.000006644 add_time= 0.000098426
2500 0.000007912 2500 0.000072621 add_time= 0.000096711
2500 0.000096612 2500 0.000006778 add_time= 0.000119474
2700 0.000093274 2700 0.000007006 add_time= 0.000119696
1250 0.000070710 1250 0.000006528 add_time= 0.000091206
2915 0.000150113 2915 0.000008122 add_time= 0.000187494
2805 0.000147447 2805 0.000008074 add_time= 0.000171729
2970 0.000008446 2970 0.000016836 add_time= 0.000039684
2500 0.000139985 2500 0.000007758 add_time= 0.000172276
2754 0.000088867 2754 0.000008523 add_time= 0.000114916
1250 0.000040332 1250 0.000006231 add_time= 0.000060920
2600 0.000259890 2600 0.000019543 add_time= 0.000298047
2750 0.000226822 2750 0.000017708 add_time= 0.000265650
2550 0.000068536 2550 0.000018795 add_time= 0.000105047
2652 0.000032159 2652 0.000014718 add_time= 0.000063044
3025 0.000088370 3025 0.000007829 add_time= 0.000113889
2915 0.000623850 2915 0.000013576 add_time= 0.000657329
2550 0.000099854 2550 0.000007339 add_time= 0.000122126
3025 0.000008763 3025 0.000017325 add_time= 0.000042946
2500 0.000048859 2500 0.000017591 add_time= 0.000080715
2550 0.000098287 2550 0.000006682 add_time= 0.000118940
1250 0.000175559 1250 0.000005244 add_time= 0.000192609
2500 0.000331719 2500 0.000006586 add_time= 0.000353735
2750 0.000151602 2750 0.000007443 add_time= 0.000174913
2750 0.000007492 2750 0.000015460 add_time= 0.000038053
2500 0.000110290 2500 0.000006723 add_time= 0.000143054
2750 0.000173527 2750 0.000006798 add_time= 0.000195645
2500 0.000397285 2500 0.000026402 add_time= 0.000439359
2970 0.000008589 2970 0.000045960 add_time= 0.000071472
2550 0.000311258 2550 0.000007280 add_time= 0.000333373
2550 0.000057265 2550 0.000006349 add_time= 0.000078504
2805 0.000081526 2805 0.000006910 add_time= 0.000103475
2500 0.000267070 2500 0.000007587 add_time= 0.000290833
2750 0.000075697 2750 0.000006363 add_time= 0.000097735
2550 0.000157455 2550 0.000005901 add_time= 0.000192866
2550 0.000155597 2550 0.000007525 add_time= 0.000178616
1275 0.000192610 1275 0.000005427 add_time= 0.000209663
2700 0.000110051 2700 0.000006456 add_time= 0.000129924
2600 0.000117925 2600 0.000006525 add_time= 0.000143789
2600 0.000154943 2600 0.000005977 add_time= 0.000175313
2915 0.000272860 2915 0.000007240 add_time= 0.000296531
2500 0.000006889 2500 0.000013842 add_time= 0.000034492
2750 0.000052478 2750 0.000006912 add_time= 0.000075168
2808 0.000146867 2808 0.000007538 add_time= 0.000177692
1250 0.000053144 1250 0.000005966 add_time= 0.000072219
2550 0.000205765 2550 0.000007461 add_time= 0.000244301
2860 0.000095807 2860 0.000007441 add_time= 0.000120891
2750 0.000017594 2750 0.000016168 add_time= 0.000049935
2500 0.000038622 2500 0.000006954 add_time= 0.000068395
2970 0.000111326 2970 0.000006984 add_time= 0.000133711
2550 0.000077037 2550 0.000007655 add_time= 0.000112832
2600 0.000131896 2600 0.000007286 add_time= 0.000156383
2500 0.000107655 2500 0.000006467 add_time= 0.000129326
2750 0.000007561 2750 0.000015912 add_time= 0.000039914
2550 0.000153989 2550 0.000007079 add_time= 0.000176952
2970 0.000072344 2970 0.000006388 add_time= 0.000102974
1250 0.000063625 1250 0.000006634 add_time= 0.000091747
2600 0.000208366 2600 0.000006784 add_time= 0.000242925
2805 0.000078352 2805 0.000006964 add_time= 0.000112059
2500 0.000008845 2500 0.000026280 add_time= 0.000059876
2652 0.000072316 2652 0.000010292 add_time= 0.000105775
2750 0.000124162 2750 0.000006346 add_time= 0.000155311
2500 0.000077620 2500 0.000014112 add_time= 0.000118811
2704 0.000044892 2704 0.000008089 add_time= 0.000106617
2500 0.000057864 2500 0.000017280 add_time= 0.000120453
2750 0.000083051 2750 0.000008268 add_time= 0.000142450
2750 0.000008663 2750 0.000008624 add_time= 0.000058851
2601 0.000067622 2601 0.000015945 add_time= 0.000129384
2750 0.000049930 2750 0.000008583 add_time= 0.000109970
2500 0.000543815 2500 0.000006864 add_time= 0.000577423
2650 0.000070965 2650 0.000006371 add_time= 0.000108240
2750 0.000100454 2750 0.000007946 add_time= 0.000152646
2750 0.000101441 2750 0.000006801 add_time= 0.000147481
2500 0.000118353 2500 0.000026262 add_time= 0.000176364
1325 0.000317053 1325 0.000007090 add_time= 0.000338856
2500 0.000039240 2500 0.000011751 add_time= 0.000067388
2860 0.000043792 2860 0.000006859 add_time= 0.000076907
2601 0.000101656 2601 0.000007115 add_time= 0.000124305
1375 0.000049027 1375 0.000005976 add_time= 0.000068401
2500 0.000052060 2500 0.000006936 add_time= 0.000076443
2600 0.000074657 2600 0.000006552 add_time= 0.000096459
2600 0.000007775 2600 0.000016107 add_time= 0.000039209
2550 0.000054820 2550 0.000017818 add_time= 0.000096414
2550 0.000058243 2550 0.000013780 add_time= 0.000085278
2750 0.000056272 2750 0.000006926 add_time= 0.000078677
1250 0.000071495 1250 0.000005286 add_time= 0.000088292
2500 0.000340117 2500 0.000007202 add_time= 0.000364240
1250 0.000112758 1250 0.000006524 add_time= 0.000143417
2750 0.000007239 2750 0.000026631 add_time= 0.000047876
2550 0.000062107 2550 0.000007213 add_time= 0.000083991
2808 0.000103666 2808 0.000007489 add_time= 0.000126457
1375 0.000045198 1375 0.000005670 add_time= 0.000062608
2650 0.000243192 2650 0.000006729 add_time= 0.000266821
2500 0.000083197 2500 0.000006163 add_time= 0.000104615
2550 0.000009649 2550 0.000019350 add_time= 0.000053542
2500 0.000105562 2500 0.000007166 add_time= 0.000126685
2750 0.000061896 2750 0.000006602 add_time= 0.000081992
2600 0.000123006 2600 0.000006501 add_time= 0.000142928
2750 0.000089332 2750 0.000007159 add_time= 0.000113822
1250 0.000051553 1250 0.000005387 add_time= 0.000068233
2600 0.000007040 2600 0.000014321 add_time= 0.000035278
2703 0.000078530 2703 0.000006398 add_time= 0.000098148
2805 0.000050313 2805 0.000009231 add_time= 0.000073610
2500 0.000247971 2500 0.000006315 add_time= 0.000270551
2860 0.000097185 2860 0.000007459 add_time= 0.000120417
2500 0.000006730 2500 0.000012705 add_time= 0.000033180
2652 0.000130505 2652 0.000006403 add_time= 0.000150984
2750 0.000081463 2750 0.000006401 add_time= 0.000101715
1300 0.000101475 1300 0.000011298 add_time= 0.000124106
2650 0.000194690 2650 0.000006628 add_time= 0.000228922
2805 0.000057676 2805 0.000006319 add_time= 0.000078689
2550 0.000172138 2550 0.000006342 add_time= 0.000192268
2500 0.000070697 2500 0.000006405 add_time= 0.000090822
2750 0.000080212 2750 0.000007080 add_time= 0.000109597
2500 0.000081416 2500 0.000006953 add_time= 0.000105778
2600 0.000094280 2600 0.000005682 add_time= 0.000114298
2500 0.000007018 2500 0.000014407 add_time= 0.000045415
2550 0.000039466 2550 0.000006683 add_time= 0.000059431
2500 0.000059413 2500 0.000005507 add_time= 0.000077817
2750 0.000117217 2750 0.000006215 add_time= 0.000137184
2550 0.000333743 2550 0.000014921 add_time= 0.000365179
2750 0.000103547 2750 0.000006236 add_time= 0.000124083
2500 0.000006917 2500 0.000014641 add_time= 0.000034514
2500 0.000059282 2500 0.000005978 add_time= 0.000078172
2754 0.000052403 2754 0.000005709 add_time= 0.000070872
2500 0.000446352 2500 0.000006824 add_time= 0.000472223
2750 0.000151219 2750 0.000006213 add_time= 0.000172067
2750 0.000007483 2750 0.000015089 add_time= 0.000036012
2805 0.000072604 2805 0.000006491 add_time= 0.000102849
2808 0.000116376 2808 0.000018901 add_time= 0.000151129
1250 0.000085794 1250 0.000013337 add_time= 0.000111989
2650 0.000504576 2650 0.000007201 add_time= 0.000528689
2860 0.000079104 2860 0.000006575 add_time= 0.000101209
2500 0.000275294 2500 0.000014939 add_time= 0.000305503
3025 0.000242009 3025 0.000006444 add_time= 0.000263335
2550 0.000056947 2550 0.000018243 add_time= 0.000091300
2805 0.000057313 2805 0.000006967 add_time= 0.000079479
2500 0.000195441 2500 0.000007395 add_time= 0.000218783
2600 0.000142749 2600 0.000006228 add_time= 0.000164640
2500 0.000148627 2500 0.000007361 add_time= 0.000170867
2601 0.000045886 2601 0.000006062 add_time= 0.000066708
2754 0.000050814 2754 0.000006508 add_time= 0.000081318
2600 0.000216043 2600 0.000007717 add_time= 0.000240001
2915 0.000138561 2915 0.000006430 add_time= 0.000160419
2805 0.000311814 2805 0.000007292 add_time= 0.000335054
2550 0.000146382 2550 0.000006289 add_time= 0.000166409
2500 0.000120473 2500 0.000007007 add_time= 0.000142857
1250 0.000089210 1250 0.000006293 add_time= 0.000106577
2500 0.000405360 2500 0.000006966 add_time= 0.000429185
2860 0.000148788 2860 0.000006965 add_time= 0.000171779
2805 0.000007302 2805 0.000015324 add_time= 0.000036529
2750 0.000137552 2750 0.000006896 add_time= 0.000158291
2500 0.000073932 2500 0.000005426 add_time= 0.000092094
1250 0.000044302 1250 0.000005532 add_time= 0.000061038
2550 0.000242812 2550 0.000007586 add_time= 0.000286856
2600 0.000098840 2600 0.000007321 add_time= 0.000122656
2750 0.000091888 2750 0.000006126 add_time= 0.000122182
2550 0.000309673 2550 0.000006580 add_time= 0.000339708
2754 0.000086946 2754 0.000006497 add_time= 0.000110977
2860 0.000344411 2860 0.000006289 add_time= 0.000366884
2862 0.000437133 2862 0.000006872 add_time= 0.000472543
2600 0.000084467 2600 0.000013311 add_time= 0.000113240
2750 0.000100207 2750 0.000006314 add_time= 0.000120967
3025 0.000081483 3025 0.000017683 add_time= 0.000115276
2500 0.000082238 2500 0.000006336 add_time= 0.000104019
2600 0.000168773 2600 0.000007469 add_time= 0.000192839
2750 0.000045398 2750 0.000018004 add_time= 0.000079167
2500 0.000071200 2500 0.000006974 add_time= 0.000102437
2600 0.000062580 2600 0.000005571 add_time= 0.000082225
2650 0.000007644 2650 0.000180354 add_time= 0.000202651
2805 0.000095915 2805 0.000006357 add_time= 0.000116383
2500 0.000069905 2500 0.000005721 add_time= 0.000088968
3025 0.000101338 3025 0.000005597 add_time= 0.000122103
2650 0.000157917 2650 0.000009321 add_time= 0.000198396
2704 0.000124949 2704 0.000007211 add_time= 0.000158917
2750 0.000007418 2750 0.000008367 add_time= 0.000045021
2500 0.000041901 2500 0.000015594 add_time= 0.000083109
2550 0.000038840 2550 0.000008429 add_time= 0.000073799
2750 0.000094882 2750 0.000016730 add_time= 0.000138085
2500 0.000167901 2500 0.000007190 add_time= 0.000197582
2860 0.000209163 2860 0.000007243 add_time= 0.000237146
2750 0.000119362 2750 0.000005923 add_time= 0.000139720
2500 0.000007149 2500 0.000013819 add_time= 0.000035075
2700 0.000154378 2700 0.000006583 add_time= 0.000176330
2970 0.000079852 2970 0.000006840 add_time= 0.000103894
1250 0.000055986 1250 0.000005853 add_time= 0.000074514
2500 0.000408815 2500 0.000006842 add_time= 0.000432507
2652 0.000140408 2652 0.000005858 add_time= 0.000160045
2750 0.000161540 2750 0.000006600 add_time= 0.000208650
2805 0.000222426 2805 0.000015594 add_time= 0.000253138
2550 0.000042534 2550 0.000006691 add_time= 0.000064093
2750 0.000053167 2750 0.000006541 add_time= 0.000074607
2600 0.000192510 2600 0.000006841 add_time= 0.000215057
2704 0.000090567 2704 0.000006488 add_time= 0.000110420
2750 0.000139819 2750 0.000007180 add_time= 0.000162290
2500 0.000089075 2500 0.000014318 add_time= 0.000118179
2500 0.000077252 2500 0.000006646 add_time= 0.000098176
2500 0.000249710 2500 0.000006123 add_time= 0.000270710
2600 0.000085707 2600 0.000007061 add_time= 0.000107443
2750 0.000007992 2750 0.000016480 add_time= 0.000039754
2550 0.000088261 2550 0.000006719 add_time= 0.000109933
2550 0.000122301 2550 0.000007233 add_time= 0.000144994
1375 0.000071765 1375 0.000006600 add_time= 0.000091117
2700 0.000198957 2700 0.000006617 add_time= 0.000220994
2600 0.000071088 2600 0.000006303 add_time= 0.000090554
3025 0.000134343 3025 0.000006056 add_time= 0.000153965
2550 0.000007356 2550 0.000014604 add_time= 0.000036399
2550 0.000069452 2550 0.000006336 add_time= 0.000090284
2750 0.000054004 2750 0.000006571 add_time= 0.000075579
2750 0.000048433 2750 0.000006924 add_time= 0.000071139
2600 0.000178094 2600 0.000006840 add_time= 0.000198136
2750 0.000007429 2750 0.000016451 add_time= 0.000042073
2550 0.000360584 2550 0.000006721 add_time= 0.000382413
1250 0.000145570 1250 0.000006289 add_time= 0.000164145
1375 0.000053683 1375 0.000006179 add_time= 0.000071973
1325 0.000095216 1325 0.000006029 add_time= 0.000113873
2600 0.000077602 2600 0.000006063 add_time= 0.000096713
2970 0.000007471 2970 0.000023273 add_time= 0.000045813
2500 0.000058623 2500 0.000006390 add_time= 0.000089192
2805 0.000124571 2805 0.000005976 add_time= 0.000147905
2500 0.001274193 2500 0.000007125 add_time= 0.001296440
2500 0.000046126 2500 0.000006332 add_time= 0.000067348
2704 0.000154610 2704 0.000007290 add_time= 0.000175804
2805 0.000007438 2805 0.000024700 add_time= 0.000047204
2550 0.000108921 2550 0.000006514 add_time= 0.000129697
2750 0.000743184 2750 0.000007046 add_time= 0.000765092
2500 0.000182676 2500 0.000007205 add_time= 0.000205296
2600 0.000062478 2600 0.000006201 add_time= 0.000081670
2500 0.000140636 2500 0.000006462 add_time= 0.000161645
2805 0.000079287 2805 0.000006440 add_time= 0.000101198
2500 0.000351225 2500 0.000007200 add_time= 0.000384006
1250 0.000196916 1250 0.000006609 add_time= 0.000216324
2500 0.000207773 2500 0.000006311 add_time= 0.000229453
2600 0.000135692 2600 0.000005902 add_time= 0.000154975
3025 0.000100351 3025 0.000006437 add_time= 0.000122061
2601 0.000140303 2601 0.000007470 add_time= 0.000162750
2808 0.000374177 2808 0.000006623 add_time= 0.000396098
2650 0.000086065 2650 0.000007021 add_time= 0.000108828
2600 0.000186804 2600 0.000006632 add_time= 0.000208101
2650 0.000006869 2650 0.000014558 add_time= 0.000034726
1275 0.000085658 1275 0.000006130 add_time= 0.000104052
2970 0.000113269 2970 0.000007120 add_time= 0.000135761
1350 0.000060505 1350 0.000005664 add_time= 0.000077333
2550 0.000462710 2550 0.000009095 add_time= 0.000497053
2650 0.001102683 2650 0.000029771 add_time= 0.001146970
2500 0.000007715 2500 0.000015223 add_time= 0.000037963
2805 0.000188080 2805 0.000007337 add_time= 0.000209856
2550 0.000074918 2550 0.000016737 add_time= 0.000103826
2700 0.000075092 2700 0.000006225 add_time= 0.000105243
2500 0.000225207 2500 0.000006507 add_time= 0.000247461
2860 0.000470217 2860 0.000005944 add_time= 0.000491302
2860 0.000117470 2860 0.000007158 add_time= 0.000142856
2652 0.000119481 2652 0.000007107 add_time= 0.000142177
2500 0.000170170 2500 0.000007236 add_time= 0.000192406
1250 0.000096789 1250 0.000033354 add_time= 0.000142929
2650 0.000331150 2650 0.000007520 add_time= 0.000354755
2860 0.000144026 2860 0.000007707 add_time= 0.000168340
2750 0.000010049 2750 0.000022620 add_time= 0.000055883
2550 0.000073188 2550 0.000025013 add_time= 0.000113161
2650 0.000178034 2650 0.000006315 add_time= 0.000198962
2500 0.000062612 2500 0.000006397 add_time= 0.000083683
2915 0.000147610 2915 0.000006941 add_time= 0.000171076
2652 0.000088870 2652 0.000006460 add_time= 0.000109326
2600 0.000007668 2600 0.000213944 add_time= 0.000236567
2805 0.000103543 2805 0.000029554 add_time= 0.000146547
2500 0.000112377 2500 0.000027210 add_time= 0.000155305
2500 0.000109236 2500 0.000009890 add_time= 0.000134825
2600 0.000467019 2600 0.000007077 add_time= 0.000491847
2500 0.000271102 2500 0.000005901 add_time= 0.000291181
2500 0.000005691 2500 0.000012539 add_time= 0.000031665
2805 0.000093060 2805 0.000006806 add_time= 0.000114886
2500 0.000092528 2500 0.000006098 add_time= 0.000121557
2500 0.000076970 2500 0.000006431 add_time= 0.000099149
2650 0.000394508 2650 0.000008281 add_time= 0.000421813
2500 0.000175386 2500 0.000008186 add_time= 0.000200110
2750 0.000016702 2750 0.000015938 add_time= 0.000049668
1275 0.000103930 1275 0.000006881 add_time= 0.000125118
2500 0.000315749 2500 0.000007300 add_time= 0.000339405
2750 0.000111540 2750 0.000006830 add_time= 0.000133800
2500 0.000157360 2500 0.000007359 add_time= 0.000182059
2600 0.000149622 2600 0.000005976 add_time= 0.000170672
2805 0.000071711 2805 0.000053716 add_time= 0.000142118
2652 0.000161135 2652 0.000006847 add_time= 0.000184320
2550 0.000115674 2550 0.000006657 add_time= 0.000139267
2805 0.000163808 2805 0.000013811 add_time= 0.000193772
1250 0.000041262 1250 0.000005376 add_time= 0.000059130
2500 0.000098774 2500 0.000007007 add_time= 0.000123915
2600 0.000062253 2600 0.000006296 add_time= 0.000082818
2550 0.000042861 2550 0.000006272 add_time= 0.000062938
2805 0.000091304 2805 0.000006478 add_time= 0.000112205
2550 0.000106958 2550 0.000006635 add_time= 0.000127393
2500 0.000042521 2500 0.000006276 add_time= 0.000062500
2600 0.000064809 2600 0.000008421 add_time= 0.000107940
2860 0.000091831 2860 0.000008246 add_time= 0.000128949
2750 0.000087364 2750 0.000008988 add_time= 0.000132861
2805 0.000037407 2805 0.000007155 add_time= 0.000067318
2652 0.000054722 2652 0.000006866 add_time= 0.000084068
2700 0.000088167 2700 0.000007116 add_time= 0.000117567
1275 0.000049395 1275 0.000017073 add_time= 0.000092396
2500 0.000163378 2500 0.000016845 add_time= 0.000196905
2500 0.000084749 2500 0.000006007 add_time= 0.000104801
2500 0.000007163 2500 0.000014158 add_time= 0.000034744
2700 0.000052606 2700 0.000006279 add_time= 0.000074438
2750 0.000075277 2750 0.000006836 add_time= 0.000097846
2500 0.000248898 2500 0.000006884 add_time= 0.000274272
2704 0.000088570 2704 0.000006390 add_time= 0.000109297
2750 0.000007389 2750 0.000015419 add_time= 0.000037516
2500 0.000118627 2500 0.000007077 add_time= 0.000140806
2600 0.000062560 2600 0.000015549 add_time= 0.000094137
2500 0.000230158 2500 0.000007334 add_time= 0.000255591
2600 0.000091159 2600 0.000007610 add_time= 0.000112949
2500 0.000007173 2500 0.000022444 add_time= 0.000044429
1275 0.000175549 1275 0.000006598 add_time= 0.000195184
2860 0.000105994 2860 0.000007209 add_time= 0.000129675
2500 0.000087206 2500 0.000008170 add_time= 0.000115449
2860 0.000054085 2860 0.000007474 add_time= 0.000088956
2750 0.000008403 2750 0.000017212 add_time= 0.000041539
2550 0.000098263 2550 0.000006309 add_time= 0.000124172
2500 0.000106729 2500 0.000006301 add_time= 0.000127784
2500 0.000216383 2500 0.000006791 add_time= 0.000239093
2500 0.000041244 2500 0.000007182 add_time= 0.000072091
2860 0.000095136 2860 0.000008053 add_time= 0.000128690
3025 0.000118379 3025 0.000006683 add_time= 0.000145969
2500 0.000007344 2500 0.000153853 add_time= 0.000176295
2601 0.000284449 2601 0.000007324 add_time= 0.000305826
2860 0.000084043 2860 0.000006333 add_time= 0.000104873
2550 0.000148704 2550 0.000007334 add_time= 0.000173454
2600 0.000150463 2600 0.000014928 add_time= 0.000193415
2500 0.000007567 2500 0.000015413 add_time= 0.000038928
2550 0.000079143 2550 0.000006407 add_time= 0.000101490
2750 0.000056883 2750 0.000006158 add_time= 0.000077126
2862 0.000486938 2862 0.000007345 add_time= 0.000512946
2750 0.000121019 2750 0.000006582 add_time= 0.000143167
2500 0.000007037 2500 0.000026644 add_time= 0.000047901
2652 0.000148965 2652 0.000015830 add_time= 0.000179186
2500 0.000123095 2500 0.000006341 add_time= 0.000143484
1250 0.000108624 1250 0.000005362 add_time= 0.000125769
2500 0.000220546 2500 0.000007134 add_time= 0.000245090
2860 0.000100721 2860 0.000006877 add_time= 0.000123505
2750 0.000089397 2750 0.000007317 add_time= 0.000114724
2550 0.000241479 2550 0.000006384 add_time= 0.000261859
2750 0.000104003 2750 0.000007271 add_time= 0.000126509
2650 0.000147390 2650 0.000006854 add_time= 0.000172110
2756 0.000051261 2756 0.000006742 add_time= 0.000073353
2805 0.000008037 2805 0.000017706 add_time= 0.000040397
2601 0.000065931 2601 0.000006490 add_time= 0.000086408
2500 0.000050947 2500 0.000005673 add_time= 0.000069793
2550 0.000125464 2550 0.000006388 add_time= 0.000145217
2500 0.000161336 2500 0.000006718 add_time= 0.000185485
2600 0.000103986 2600 0.000006025 add_time= 0.000124034
2805 0.000017937 2805 0.000015355 add_time= 0.000047699
2805 0.000067629 2805 0.000005911 add_time= 0.000087295
2700 0.000095930 2700 0.000006342 add_time= 0.000127899
1300 0.000250951 1300 0.000005581 add_time= 0.000267703
2600 0.000328574 2600 0.000007149 add_time= 0.000357945
2650 0.000007359 2650 0.000015069 add_time= 0.000036794
2915 0.000065223 2915 0.000009988 add_time= 0.000100878
2805 0.000172249 2805 0.000008040 add_time= 0.000194629
2750 0.000208319 2750 0.000006647 add_time= 0.000229179
2550 0.000663306 2550 0.000006957 add_time= 0.000689466
2550 0.000292362 2550 0.000006712 add_time= 0.000314474
2500 0.000019881 2500 0.000015872 add_time= 0.000051699
2550 0.000341618 2550 0.000006886 add_time= 0.000363138
2916 0.000124052 2916 0.000007695 add_time= 0.000146511
2750 0.000221773 2750 0.000013716 add_time= 0.000261273
2862 0.000403101 2862 0.000007991 add_time= 0.000429947
2652 0.000245846 2652 0.000006415 add_time= 0.000266502
3025 0.000277164 3025 0.000007117 add_time= 0.000299382
2601 0.000191209 2601 0.000007366 add_time= 0.000223644
2500 0.000197713 2500 0.000006321 add_time= 0.000218202
2500 0.000157455 2500 0.000007619 add_time= 0.000185524
2600 0.000035063 2600 0.000006066 add_time= 0.000055476
2750 0.000161145 2750 0.000007754 add_time= 0.000185030
2703 0.000182509 2703 0.000006868 add_time= 0.000203295
2550 0.000131876 2550 0.000007297 add_time= 0.000154675
2970 0.000106046 2970 0.000008907 add_time= 0.000131938
2750 0.000188486 2750 0.000007559 add_time= 0.000214186
2500 0.000109977 2500 0.000006047 add_time= 0.000131240
2750 0.000053319 2750 0.000005796 add_time= 0.000072943
2550 0.000007231 2550 0.000026247 add_time= 0.000047321
1250 0.000109423 1250 0.000006310 add_time= 0.000129356
2700 0.000038110 2700 0.000005964 add_time= 0.000058767
625 0.000094743 625 0.000005833 add_time= 0.000112576
2500 0.000467986 2500 0.000006796 add_time= 0.000500498
2652 0.000081819 2652 0.000006722 add_time= 0.000105389
2500 0.000007088 2500 0.000015449 add_time= 0.000037502
2550 0.000091705 2550 0.000006403 add_time= 0.000113896
1350 0.000057012 1350 0.000014057 add_time= 0.000085103
2700 0.000143064 2700 0.000006131 add_time= 0.000169297
3025 0.000137045 3025 0.000006570 add_time= 0.000161371
2550 0.000007610 2550 0.000014539 add_time= 0.000038727
2652 0.000208924 2652 0.000006669 add_time= 0.000242576
2550 0.000050664 2550 0.000006442 add_time= 0.000073909
2500 0.000244249 2500 0.000006770 add_time= 0.000269129
2750 0.000309265 2750 0.000015474 add_time= 0.000350198
2750 0.000060948 2750 0.000006568 add_time= 0.000091541
2805 0.000090460 2805 0.000007226 add_time= 0.000133791
2500 0.000083524 2500 0.000006680 add_time= 0.000105864
2500 0.000208206 2500 0.000006228 add_time= 0.000234192
3025 0.000047772 3025 0.000007967 add_time= 0.000074147
2915 0.000029116 2915 0.000006998 add_time= 0.000052414
2754 0.000038023 2754 0.000006861 add_time= 0.000061409
2600 0.000038958 2600 0.000006889 add_time= 0.000062025
1325 0.000074476 1325 0.000011209 add_time= 0.000121831
2600 0.000103078 2600 0.000008296 add_time= 0.000138262
2750 0.000037056 2750 0.000015369 add_time= 0.000088339
1275 0.000044827 1275 0.000007162 add_time= 0.000087670
2970 0.000025389 2970 0.000008149 add_time= 0.000079361
2750 0.000006448 2750 0.000008896 add_time= 0.000042816
2750 0.000285525 2750 0.000006456 add_time= 0.000310955
2500 0.000056986 2500 0.000006013 add_time= 0.000078168
2500 0.000007279 2500 0.000014265 add_time= 0.000037372
2500 0.000038435 2500 0.000006757 add_time= 0.000070279
2700 0.000053183 2700 0.000006714 add_time= 0.000075985
3025 0.000078321 3025 0.000006652 add_time= 0.000108732
2915 0.000217880 2915 0.000007053 add_time= 0.000243221
2860 0.000147125 2860 0.000006917 add_time= 0.000177558
2750 0.000007789 2750 0.000042248 add_time= 0.000066621
2550 0.000076195 2550 0.000006932 add_time= 0.000099419
3025 0.000025485 3025 0.000007233 add_time= 0.000049800
2600 0.000305518 2600 0.000007025 add_time= 0.000329849
3025 0.000069545 3025 0.000006660 add_time= 0.000093652
2500 0.000009195 2500 0.000105013 add_time= 0.000129569
2550 0.000056938 2550 0.000006262 add_time= 0.000084196
2750 0.000053971 2750 0.000006917 add_time= 0.000077138
2500 0.000136940 2500 0.000006812 add_time= 0.000160647
2500 0.000052579 2500 0.000006870 add_time= 0.000100601
2650 0.000007938 2650 0.000013897 add_time= 0.000038233
3025 0.000041735 3025 0.000006496 add_time= 0.000063449
2700 0.000069163 2700 0.000007021 add_time= 0.000110045
2500 0.000155842 2500 0.000014748 add_time= 0.000188036
2500 0.000139747 2500 0.000007090 add_time= 0.000171367
3025 0.000031591 3025 0.000007015 add_time= 0.000056211
2652 0.000023151 2652 0.000006175 add_time= 0.000048740
2750 0.000067583 2750 0.000006126 add_time= 0.000088047
2550 0.000101224 2550 0.000006623 add_time= 0.000124430
2700 0.000064201 2700 0.000006892 add_time= 0.000087594
2600 0.000025337 2600 0.000017860 add_time= 0.000058277
2550 0.000041528 2550 0.000005363 add_time= 0.000058693
2550 0.000045737 2550 0.000005169 add_time= 0.000062614
2650 0.000376271 2650 0.000006899 add_time= 0.000401688
2805 0.000034212 2805 0.000006706 add_time= 0.000057191
2750 0.000150577 2750 0.000017415 add_time= 0.000181972
2550 0.000043856 2550 0.000006932 add_time= 0.000066618
2500 0.000099973 2500 0.000006452 add_time= 0.000122377
2550 0.000042661 2550 0.000006165 add_time= 0.000064161
2550 0.000063815 2550 0.000007358 add_time= 0.000089143
2704 0.000125550 2704 0.000010885 add_time= 0.000151479
2500 0.000118361 2500 0.000005731 add_time= 0.000138186
2805 0.000086753 2805 0.000006885 add_time= 0.000110208
2700 0.000056928 2700 0.000006568 add_time= 0.000083222
1250 0.000036165 1250 0.000009929 add_time= 0.000059382
2500 0.000037768 2500 0.000006492 add_time= 0.000061694
2600 0.000044352 2600 0.000010573 add_time= 0.000075245
3025 0.000007947 3025 0.000024042 add_time= 0.000049004
2500 0.000078239 2500 0.000006714 add_time= 0.000100853
2500 0.000039308 2500 0.000006974 add_time= 0.000061838
2550 0.000388385 2550 0.000007392 add_time= 0.000425516
2500 0.000078046 2500 0.000007122 add_time= 0.000108647
2500 0.000006694 2500 0.000014616 add_time= 0.000036812
2805 0.000044763 2805 0.000006888 add_time= 0.000067079
2700 0.000067450 2700 0.000005979 add_time= 0.000087406
2500 0.000377854 2500 0.000014857 add_time= 0.000409544
3025 0.000130273 3025 0.000006514 add_time= 0.000154113
2750 0.000006466 2750 0.000015482 add_time= 0.000036677
2550 0.000020728 2550 0.000005889 add_time= 0.000040162
2550 0.000155819 2550 0.000005591 add_time= 0.000174872
2650 0.000033358 2650 0.000005408 add_time= 0.000052014
2500 0.000748720 2500 0.000009478 add_time= 0.000788879
2500 0.000092988 2500 0.000008850 add_time= 0.000117593
2860 0.000338681 2860 0.000006374 add_time= 0.000359953
2600 0.000152892 2600 0.000006860 add_time= 0.000175382
2862 0.000226794 2862 0.000007527 add_time= 0.000261974
2650 0.000255000 2650 0.000010499 add_time= 0.000282274
2600 0.000595042 2600 0.000007010 add_time= 0.000616442
2750 0.000008240 2750 0.000015281 add_time= 0.000039453
2750 0.000214537 2750 0.000006534 add_time= 0.000235464
2550 0.000062574 2550 0.000006043 add_time= 0.000084053
2700 0.000125960 2700 0.000007247 add_time= 0.000148148
2500 0.000092103 2500 0.000016675 add_time= 0.000124695
2500 0.000231670 2500 0.000006527 add_time= 0.000254631
2652 0.000042921 2652 0.000006554 add_time= 0.000063841
2750 0.000068077 2750 0.000012540 add_time= 0.000094070
2500 0.000007065 2500 0.000022974 add_time= 0.000044988
2750 0.000237021 2750 0.000007627 add_time= 0.000259289
2550 0.000172155 2550 0.000005534 add_time= 0.000190407
2650 0.000088977 2650 0.000006252 add_time= 0.000109926
2500 0.000187338 2500 0.000006826 add_time= 0.000210155
2750 0.000106155 2750 0.000006504 add_time= 0.000128334
2805 0.000130369 2805 0.000007207 add_time= 0.000153533
2500 0.000253754 2500 0.000016011 add_time= 0.000285198
