2750 0.000237735 2750 0.000014569 add_time= 0.001707537
2500 0.000033422 2500 0.000008363 add_time= 0.000057824
2650 0.000072674 2650 0.000008446 add_time= 0.000097774
2600 0.000131822 2600 0.000007472 add_time= 0.000159630
2550 0.000052715 2550 0.000007682 add_time= 0.000088155
2750 0.000019897 2750 0.000027362 add_time= 0.000068962
2754 0.000015803 2754 0.000022515 add_time= 0.000060092
1275 0.000058139 1275 0.000005844 add_time= 0.000078746
2500 0.000048255 2500 0.000009933 add_time= 0.000101599
2500 0.000086183 2500 0.000007025 add_time= 0.000118243
2805 0.000043597 2805 0.000009472 add_time= 0.000073905
2750 0.000266695 2750 0.000008186 add_time= 0.000307952
2703 0.000154228 2703 0.000006702 add_time= 0.000178477
2600 0.000200850 2600 0.000010446 add_time= 0.000249559
2750 0.000380953 2750 0.000008357 add_time= 0.000406801
1375 0.000026025 1375 0.000010074 add_time= 0.000051461
2500 0.000382508 2500 0.000007314 add_time= 0.000405507
2500 0.000143229 2500 0.000014025 add_time= 0.000179410
2550 0.000007970 2550 0.000015389 add_time= 0.000040053
2500 0.000045666 2500 0.000012371 add_time= 0.000074335
2500 0.000060017 2500 0.000007085 add_time= 0.000087923
2805 0.000065843 2805 0.000006988 add_time= 0.000099341
2500 0.000042698 2500 0.000006017 add_time= 0.000063300
2805 0.000018326 2805 0.000023490 add_time= 0.000057385
2500 0.000282155 2500 0.000005971 add_time= 0.000302046
2700 0.000183563 2700 0.000011569 add_time= 0.000288962
2500 0.000098374 2500 0.000020129 add_time= 0.000160363
2754 0.000008890 2754 0.000009981 add_time= 0.000055018
2750 0.000197920 2750 0.000014401 add_time= 0.001978509
2805 0.000086377 2805 0.000008334 add_time= 0.000112351
2600 0.000369964 2600 0.000020877 add_time= 0.000416746
2650 0.000072616 2650 0.000009375 add_time= 0.000098845
2652 0.000125030 2652 0.000010585 add_time= 0.000170204
2860 0.000087912 2860 0.000007436 add_time= 0.000122233
2916 0.000219720 2916 0.000007987 add_time= 0.000253492
2860 0.000190893 2860 0.000008018 add_time= 0.000220488
2500 0.000115227 2500 0.000010074 add_time= 0.000142799
2750 0.000006491 2750 0.000032071 add_time= 0.000052999
1250 0.000259623 1250 0.000006262 add_time= 0.000281641
2600 0.000198654 2600 0.000009053 add_time= 0.000242708
2600 0.000112640 2600 0.000006561 add_time= 0.000132588
2700 0.000094084 2700 0.000006913 add_time= 0.000119569
2750 0.000146032 2750 0.000012020 add_time= 0.000191546
2500 0.000072069 2500 0.000006523 add_time= 0.000095371
2750 0.000224749 2750 0.000008273 add_time= 0.000261843
2500 0.000106909 2500 0.000009293 add_time= 0.000148461
2750 0.000046510 2750 0.000007016 add_time= 0.000071829
2500 0.000080925 2500 0.000007244 add_time= 0.000116507
2650 0.000061859 2650 0.000011422 add_time= 0.000184631
2750 0.000037442 2750 0.000008293 add_time= 0.000074221
2600 0.000035646 2600 0.000009150 add_time= 0.000076661
2500 0.000052419 2500 0.000008006 add_time= 0.000087569
