2650 0.001024292 2650 0.000015150 add_time= 0.002726336
2500 0.000066990 2500 0.000008479 add_time= 0.000095582
2600 0.000279470 2600 0.000009844 add_time= 0.000309552
2500 0.000083072 2500 0.000027902 add_time= 0.000126237
2700 0.000046299 2700 0.000007947 add_time= 0.000082240
2750 0.000151660 2750 0.000006566 add_time= 0.000173444
2750 0.000112919 2750 0.000011986 add_time= 0.000184545
2750 0.000299809 2750 0.000017477 add_time= 0.000345474
2700 0.000161688 2700 0.000009512 add_time= 0.000208468
2750 0.000178205 2750 0.000006782 add_time= 0.000224973
2808 0.000010723 2808 0.000028270 add_time= 0.000073899
2750 0.000220426 2750 0.000014522 add_time= 0.000261174
2500 0.000076523 2500 0.000016650 add_time= 0.000132214
2750 0.000298535 2750 0.000011464 add_time= 0.000338141
2600 0.000098476 2600 0.000007837 add_time= 0.000140271
2970 0.000129910 2970 0.000006833 add_time= 0.000153989
2860 0.000011746 2860 0.000018905 add_time= 0.000057387
2500 0.000139653 2500 0.000006535 add_time= 0.000172583
2750 0.000229557 2750 0.000048961 add_time= 0.000295491
2500 0.000196120 2500 0.000010008 add_time= 0.000227241
2600 0.000077530 2600 0.000006752 add_time= 0.000109831
2550 0.000101376 2550 0.000011052 add_time= 0.000128872
2808 0.000070806 2808 0.000032598 add_time= 0.000235713
2500 0.000032971 2500 0.000009035 add_time= 0.000082380
2915 0.000100667 2915 0.000009504 add_time= 0.000150222
2550 0.000022335 2550 0.000031233 add_time= 0.001304990
2550 0.000075073 2550 0.000009537 add_time= 0.000100832
2550 0.000074457 2550 0.000007192 add_time= 0.000096491
2808 0.000107599 2808 0.000007496 add_time= 0.000131982
3025 0.000715274 3025 0.000008739 add_time= 0.000745504
2805 0.000068945 2805 0.000007151 add_time= 0.000091894
2500 0.000008807 2500 0.000098747 add_time= 0.000198792
2550 0.000160150 2550 0.000008724 add_time= 0.000186370
2550 0.000096458 2550 0.000006265 add_time= 0.000117893
2650 0.000560011 2650 0.000007640 add_time= 0.000591772
2652 0.000255493 2652 0.000022465 add_time= 0.000296165
2550 0.000112545 2550 0.000010240 add_time= 0.000149329
2700 0.000316575 2700 0.000006417 add_time= 0.000337656
2500 0.000209260 2500 0.000009315 add_time= 0.000244728
2600 0.000026097 2600 0.000075829 add_time= 0.000141999
2750 0.000178141 2750 0.000010322 add_time= 0.000217602
3025 0.000247403 3025 0.000009927 add_time= 0.000292091
2500 0.000222739 2500 0.000010263 add_time= 0.000249760
2805 0.000157143 2805 0.000006261 add_time= 0.000178506
2500 0.000233959 2500 0.000007145 add_time= 0.000259057
2704 0.000021527 2704 0.000025593 add_time= 0.000075565
2500 0.000042446 2500 0.000007861 add_time= 0.000067189
2550 0.000116029 2550 0.000008198 add_time= 0.000141739
2500 0.000070131 2500 0.000012091 add_time= 0.000098700
2750 0.000056043 2750 0.000006624 add_time= 0.000077808
2600 0.000251300 2600 0.000027377 add_time= 0.000388902
2500 0.000016544 2500 0.000009253 add_time= 0.000073794
1325 0.000064988 1325 0.000017656 add_time= 0.000123211
2500 0.000150615 2500 0.000013131 add_time= 0.001167354
2500 0.000081271 2500 0.000007006 add_time= 0.000103877
2750 0.000054924 2750 0.000007105 add_time= 0.000078583
2750 0.000105777 2750 0.000006793 add_time= 0.000126409
2500 0.000146212 2500 0.000014817 add_time= 0.000174497
1250 0.000052980 1250 0.000006352 add_time= 0.000079185
2500 0.000116801 2500 0.000007239 add_time= 0.000139703
2650 0.000219298 2650 0.000019115 add_time= 0.000261668
2750 0.000074744 2750 0.000007647 add_time= 0.000097978
2600 0.000092906 2600 0.000007524 add_time= 0.000116439
2500 0.000045440 2500 0.000007052 add_time= 0.000068559
2700 0.000046221 2700 0.000007040 add_time= 0.000069634
1250 0.000048786 1250 0.000006330 add_time= 0.000069406
2915 0.000418746 2915 0.000013397 add_time= 0.000492665
2750 0.000068560 2750 0.000006964 add_time= 0.000099433
2500 0.000099597 2500 0.000050993 add_time= 0.000165312
2500 0.000107007 2500 0.000007152 add_time= 0.000130786
2700 0.000091304 2700 0.000007350 add_time= 0.000115393
1375 0.000053052 1375 0.000006757 add_time= 0.000076904
2703 0.000277080 2703 0.000007637 add_time= 0.000304641
2500 0.000077604 2500 0.000008033 add_time= 0.000108503
2500 0.000068922 2500 0.000006826 add_time= 0.000091736
2750 0.000074980 2750 0.000007596 add_time= 0.000104953
2550 0.000069115 2550 0.000007845 add_time= 0.000104751
2500 0.000124656 2500 0.000018332 add_time= 0.000158048
1350 0.000049021 1350 0.000006265 add_time= 0.000069504
2756 0.000256866 2756 0.000008835 add_time= 0.000300884
2600 0.000099567 2600 0.000025208 add_time= 0.000143862
2860 0.000018297 2860 0.000015661 add_time= 0.000049623
2652 0.000216408 2652 0.000011090 add_time= 0.000243432
2550 0.000416306 2550 0.000007762 add_time= 0.000438233
2550 0.000244787 2550 0.000007507 add_time= 0.000268206
2750 0.000468398 2750 0.000008029 add_time= 0.000494966
2500 0.000007544 2500 0.000015018 add_time= 0.000038386
2500 0.000452301 2500 0.000007637 add_time= 0.000476189
2500 0.000116253 2500 0.000027419 add_time= 0.000158383
2500 0.000121044 2500 0.000006829 add_time= 0.000143739
2750 0.000080635 2750 0.000006574 add_time= 0.000102368
2915 0.000346917 2915 0.000006486 add_time= 0.000374881
2500 0.000040258 2500 0.000006562 add_time= 0.000062033
3025 0.000006573 3025 0.000026950 add_time= 0.000068923
2750 0.000050012 2750 0.000007694 add_time= 0.000071842
2550 0.000132419 2550 0.000006339 add_time= 0.000152783
2500 0.000061467 2500 0.000006283 add_time= 0.000081747
2750 0.000207724 2750 0.000006808 add_time= 0.000229064
2703 0.000031791 2703 0.000009097 add_time= 0.000161237
2750 0.000006602 2750 0.000007831 add_time= 0.000050472
2500 0.000030785 2500 0.000011176 add_time= 0.000066780
2550 0.000045457 2550 0.000007339 add_time= 0.000079851
2550 0.000014074 2550 0.000008048 add_time= 0.000053207
2550 0.000031116 2550 0.000007273 add_time= 0.000069360
2500 0.000053179 2500 0.000012535 add_time= 0.000089118
2650 0.000398073 2650 0.000007510 add_time= 0.000425964
1300 0.000032979 1300 0.000006760 add_time= 0.000054883
2600 0.000018974 2600 0.000023947 add_time= 0.000057895
2550 0.000314026 2550 0.000006345 add_time= 0.000334808
2750 0.000046918 2750 0.000007765 add_time= 0.000071610
2750 0.000294331 2750 0.000007797 add_time= 0.000319214
3025 0.000060616 3025 0.000007658 add_time= 0.000084249
1375 0.000082615 1375 0.000005677 add_time= 0.000100563
2500 0.000377753 2500 0.000007398 add_time= 0.000401309
2500 0.000174737 2500 0.000024853 add_time= 0.000213951
2750 0.000068604 2750 0.000006185 add_time= 0.000089093
2550 0.000465682 2550 0.000025894 add_time= 0.000546639
2808 0.000275885 2808 0.000007169 add_time= 0.000316371
2500 0.000088337 2500 0.000015678 add_time= 0.000128228
2750 0.000293184 2750 0.000006926 add_time= 0.000328204
2805 0.000010472 2805 0.000025576 add_time= 0.000079549
2750 0.000276296 2750 0.000006857 add_time= 0.000309258
2703 0.000093231 2703 0.000026222 add_time= 0.000157312
2915 0.000383063 2915 0.000007327 add_time= 0.000419469
2650 0.000244369 2650 0.000008452 add_time= 0.000281777
2500 0.000083896 2500 0.000006514 add_time= 0.000125669
2750 0.000165999 2750 0.000007276 add_time= 0.000205764
3025 0.000104745 3025 0.000006703 add_time= 0.000139582
2805 0.000105989 2805 0.000007374 add_time= 0.000139230
2750 0.000321923 2750 0.000007281 add_time= 0.000357461
2650 0.000178488 2650 0.000027272 add_time= 0.000234054
2750 0.000191207 2750 0.000007480 add_time= 0.000225265
2500 0.000254034 2500 0.000007277 add_time= 0.000296033
2805 0.000138283 2805 0.000010834 add_time= 0.000180817
2700 0.000125512 2700 0.000007264 add_time= 0.000157450
2750 0.000080071 2750 0.000006725 add_time= 0.000109184
2500 0.000126197 2500 0.000007895 add_time= 0.000165188
2600 0.000156876 2600 0.000006740 add_time= 0.000191284
2500 0.000173791 2500 0.000026069 add_time= 0.000219848
2550 0.000323553 2550 0.000006972 add_time= 0.000354316
2700 0.000142526 2700 0.000017765 add_time= 0.000185417
2650 0.000181382 2650 0.000007383 add_time= 0.000212548
2550 0.000286442 2550 0.000006981 add_time= 0.000318433
2500 0.000111454 2500 0.000007050 add_time= 0.000135232
2750 0.000074208 2750 0.000006637 add_time= 0.000102603
2500 0.000193886 2500 0.000007173 add_time= 0.000217689
2500 0.000068319 2500 0.000007327 add_time= 0.000090714
2703 0.000293484 2703 0.000007272 add_time= 0.000319181
2500 0.000059240 2500 0.000006531 add_time= 0.000080757
2500 0.000071651 2500 0.000014708 add_time= 0.000100835
2860 0.000073595 2860 0.000006811 add_time= 0.000094649
2600 0.000103911 2600 0.000007103 add_time= 0.000126683
1300 0.000124451 1300 0.000006915 add_time= 0.000146497
2500 0.000095456 2500 0.000008416 add_time= 0.000144327
3025 0.000054965 3025 0.000026840 add_time= 0.000118555
1250 0.000031334 1250 0.000007082 add_time= 0.000065442
2550 0.000076961 2550 0.000007934 add_time= 0.000107282
2500 0.000080879 2500 0.000008421 add_time= 0.000114911
2650 0.000091294 2650 0.000014370 add_time= 0.000123163
2500 0.000051891 2500 0.000006281 add_time= 0.000079853
2500 0.000016183 2500 0.000026450 add_time= 0.000057054
2550 0.000071976 2550 0.000014872 add_time= 0.000162300
1350 0.000103418 1350 0.000008023 add_time= 0.000143508
2650 0.000206182 2650 0.000008589 add_time= 0.000241991
2970 0.000030856 2970 0.000036832 add_time= 0.000091105
2652 0.000078756 2652 0.000007797 add_time= 0.000115299
2550 0.000055836 2550 0.000007776 add_time= 0.000102728
2750 0.000101755 2750 0.000007468 add_time= 0.000134846
2650 0.000564564 2650 0.000008416 add_time= 0.000594176
1375 0.000025073 1375 0.000016009 add_time= 0.000057102
2750 0.000104448 2750 0.000006759 add_time= 0.000137214
2500 0.000192520 2500 0.000007120 add_time= 0.000216005
2600 0.000147592 2600 0.000007407 add_time= 0.000171767
2700 0.000079558 2700 0.000021464 add_time= 0.000116517
2703 0.000263571 2703 0.000007329 add_time= 0.000288421
2750 0.000591617 2750 0.000015134 add_time= 0.000623831
2600 0.000125776 2600 0.000006946 add_time= 0.000149258
2601 0.000129182 2601 0.000007598 add_time= 0.000153060
2700 0.000068047 2700 0.000006390 add_time= 0.000090048
2970 0.000062191 2970 0.000006454 add_time= 0.000084038
2500 0.000274900 2500 0.000007409 add_time= 0.000298792
2750 0.000160881 2750 0.000011282 add_time= 0.000188903
2550 0.000118401 2550 0.000007050 add_time= 0.000141801
2500 0.000148782 2500 0.000007217 add_time= 0.000170371
2700 0.000056772 2700 0.000008282 add_time= 0.000081902
1250 0.000119621 1250 0.000006704 add_time= 0.000141004
2703 0.000340573 2703 0.000007457 add_time= 0.000364837
2600 0.000081011 2600 0.000006362 add_time= 0.000101813
2500 0.000019295 2500 0.000025834 add_time= 0.000061067
2550 0.000136874 2550 0.000007395 add_time= 0.000160313
2808 0.000182195 2808 0.000007212 add_time= 0.000205970
1250 0.000075966 1250 0.000018461 add_time= 0.000108428
2650 0.000140407 2650 0.000016500 add_time= 0.000173924
2750 0.000117044 2750 0.000007812 add_time= 0.000161370
2500 0.000097658 2500 0.000006757 add_time= 0.000119835
2550 0.000040385 2550 0.000010228 add_time= 0.000066395
2970 0.000083905 2970 0.000007329 add_time= 0.000115717
1250 0.000052335 1250 0.000005946 add_time= 0.000071923
2650 0.000045322 2650 0.000007721 add_time= 0.000087017
2860 0.000113814 2860 0.000007145 add_time= 0.000137808
2750 0.000018983 2750 0.000022469 add_time= 0.000058386
2550 0.000260742 2550 0.000006841 add_time= 0.000282756
2601 0.000096519 2601 0.000007099 add_time= 0.000119424
2750 0.000331385 2750 0.000007614 add_time= 0.000355881
2650 0.000203215 2650 0.000007310 add_time= 0.000228395
3025 0.000081796 3025 0.000007636 add_time= 0.000108246
2650 0.000075228 2650 0.000006875 add_time= 0.000097782
2550 0.000221105 2550 0.000006904 add_time= 0.000244041
2500 0.000283232 2500 0.000027232 add_time= 0.000334062
2500 0.000229934 2500 0.000006455 add_time= 0.000253025
2704 0.000134549 2704 0.000024633 add_time= 0.000175334
2500 0.000090671 2500 0.000006851 add_time= 0.000127985
2550 0.000085384 2550 0.000006724 add_time= 0.000106281
2550 0.000090005 2550 0.000006076 add_time= 0.000117828
2700 0.000099375 2700 0.000006778 add_time= 0.000120367
2750 0.000105599 2750 0.000006438 add_time= 0.000134484
2703 0.000113595 2703 0.000008607 add_time= 0.000168509
3025 0.000077525 3025 0.000008547 add_time= 0.000116147
2550 0.000111194 2550 0.000007508 add_time= 0.000142054
2500 0.000006080 2500 0.000007867 add_time= 0.000036618
2700 0.000044290 2700 0.000008442 add_time= 0.000098992
2500 0.000072745 2500 0.000008230 add_time= 0.000104100
2500 0.000274540 2500 0.000008010 add_time= 0.000298926
2860 0.000045313 2860 0.000006961 add_time= 0.000068189
1250 0.000006553 1250 0.000018065 add_time= 0.000039315
3025 0.000065186 3025 0.000006937 add_time= 0.000088566
2805 0.000143394 2805 0.000007978 add_time= 0.000167971
2750 0.000066923 2750 0.000006537 add_time= 0.000087949
2600 0.000126317 2600 0.000006956 add_time= 0.000150322
2500 0.000040884 2500 0.000014799 add_time= 0.000069662
2750 0.000016535 2750 0.000016287 add_time= 0.000049174
2550 0.000058689 2550 0.000006900 add_time= 0.000079652
2500 0.000187895 2500 0.000006823 add_time= 0.000210177
2500 0.000119032 2500 0.000011383 add_time= 0.000144056
2650 0.000344063 2650 0.000018953 add_time= 0.000381306
2750 0.000143361 2750 0.000007013 add_time= 0.000166664
2750 0.000129139 2750 0.000007359 add_time= 0.000154503
2550 0.000061110 2550 0.000007485 add_time= 0.000085023
2500 0.000132011 2500 0.000007736 add_time= 0.000155393
2500 0.000167228 2500 0.000007516 add_time= 0.000190498
2703 0.000722732 2703 0.000007567 add_time= 0.000759004
2750 0.000366952 2750 0.000007676 add_time= 0.000391735
2750 0.000054287 2750 0.000007632 add_time= 0.000078718
2550 0.000089717 2550 0.000007556 add_time= 0.000121462
2970 0.000060960 2970 0.000007721 add_time= 0.000112685
3025 0.000081044 3025 0.000007628 add_time= 0.000106205
2600 0.000131459 2600 0.000007038 add_time= 0.000156668
3025 0.000008246 3025 0.000029984 add_time= 0.000060613
2500 0.000060927 2500 0.000007040 add_time= 0.000084287
2550 0.000067231 2550 0.000006968 add_time= 0.000089901
2500 0.000113619 2500 0.000007318 add_time= 0.000137751
1275 0.000142709 1275 0.000008826 add_time= 0.000166315
2750 0.000164624 2750 0.000007011 add_time= 0.000191903
2500 0.000103439 2500 0.000007052 add_time= 0.000134793
2750 0.000006687 2750 0.000023851 add_time= 0.000056569
2550 0.000126510 2550 0.000006961 add_time= 0.000159441
2500 0.000060598 2500 0.000006496 add_time= 0.000080901
2600 0.000134515 2600 0.000006371 add_time= 0.000155055
2600 0.000212049 2600 0.000006593 add_time= 0.000233076
1375 0.000201251 1375 0.000006288 add_time= 0.000220889
2600 0.000227193 2600 0.000007208 add_time= 0.000252809
2600 0.000016064 2600 0.000035806 add_time= 0.000076775
2500 0.001037038 2500 0.000007608 add_time= 0.001072529
1275 0.000166816 1275 0.000006708 add_time= 0.000188922
2805 0.000084638 2805 0.000006860 add_time= 0.000106220
1275 0.000086345 1275 0.000006087 add_time= 0.000104107
2650 0.000252830 2650 0.000007120 add_time= 0.000278270
2600 0.000075633 2600 0.000007495 add_time= 0.000099551
3025 0.000016841 3025 0.000017873 add_time= 0.000063152
2652 0.000118794 2652 0.000006749 add_time= 0.000160128
2500 0.000072976 2500 0.000007309 add_time= 0.000105640
2700 0.000074358 2700 0.000006970 add_time= 0.000097371
2756 0.000128471 2756 0.000008645 add_time= 0.000164092
1250 0.000072956 1250 0.000006460 add_time= 0.000094655
2500 0.000149194 2500 0.000007514 add_time= 0.000172225
2750 0.000291165 2750 0.000028803 add_time= 0.000337140
2600 0.000291172 2600 0.000006397 add_time= 0.000312436
2500 0.000370522 2500 0.000007571 add_time= 0.000395992
2808 0.000073532 2808 0.000008037 add_time= 0.000098962
2500 0.000084223 2500 0.000007304 add_time= 0.000107760
2750 0.000130734 2750 0.000006400 add_time= 0.000167000
2970 0.000106106 2970 0.000007018 add_time= 0.000130417
2650 0.000106624 2650 0.000006998 add_time= 0.000128011
2650 0.000054473 2650 0.000008250 add_time= 0.000084743
2808 0.000075946 2808 0.000006297 add_time= 0.000096637
2750 0.000018819 2750 0.000035347 add_time= 0.000070934
2550 0.000148738 2550 0.000006865 add_time= 0.000172629
2601 0.000112667 2601 0.000006747 add_time= 0.000134585
2650 0.000108270 2650 0.000006603 add_time= 0.000129639
2915 0.000107956 2915 0.000009981 add_time= 0.000177930
2750 0.000089123 2750 0.000007479 add_time= 0.000127104
2750 0.000069139 2750 0.000013587 add_time= 0.000106268
2750 0.000064402 2750 0.000008122 add_time= 0.000103449
2550 0.000049768 2550 0.000007629 add_time= 0.000080198
2750 0.000068209 2750 0.000008151 add_time= 0.000103187
2650 0.000098236 2650 0.000006977 add_time= 0.000121195
2550 0.000113827 2550 0.000007017 add_time= 0.000147098
2600 0.000079433 2600 0.000006926 add_time= 0.000101728
2750 0.000110644 2750 0.000006454 add_time= 0.000131406
2750 0.000047698 2750 0.000007544 add_time= 0.000071449
2750 0.000071484 2750 0.000007625 add_time= 0.000094905
2756 0.000192760 2756 0.000006863 add_time= 0.000215038
2500 0.000016368 2500 0.000014087 add_time= 0.000044641
2970 0.000159884 2970 0.000006358 add_time= 0.000179937
2805 0.000152758 2805 0.000007143 add_time= 0.000175450
2500 0.000083221 2500 0.000007270 add_time= 0.000105147
2750 0.000074928 2750 0.000007414 add_time= 0.000097543
2650 0.000210178 2650 0.000007254 add_time= 0.000232785
2500 0.000086131 2500 0.000006763 add_time= 0.000107544
2500 0.000015474 2500 0.000014092 add_time= 0.000042665
2500 0.000083893 2500 0.000010971 add_time= 0.000107314
2500 0.000088441 2500 0.000006472 add_time= 0.000107376
2652 0.000045852 2652 0.000005891 add_time= 0.000063969
2805 0.000038624 2805 0.000006584 add_time= 0.000059388
2650 0.000407640 2650 0.000007196 add_time= 0.000430680
2805 0.000018751 2805 0.000036061 add_time= 0.000070728
2750 0.000012300 2750 0.000015186 add_time= 0.000040790
2750 0.000075914 2750 0.000007264 add_time= 0.000098522
2805 0.000037749 2805 0.000006145 add_time= 0.000056975
2700 0.000080652 2700 0.000006567 add_time= 0.000100444
2750 0.000170684 2750 0.000008674 add_time= 0.000207907
2652 0.000065819 2652 0.000007000 add_time= 0.000089339
2750 0.000018172 2750 0.000024105 add_time= 0.000059367
2970 0.000194149 2970 0.000006649 add_time= 0.000218777
2550 0.000308567 2550 0.000006371 add_time= 0.000330323
2700 0.000077792 2700 0.000006883 add_time= 0.000099443
2650 0.000069922 2650 0.000006148 add_time= 0.000090080
2500 0.000124477 2500 0.000006366 add_time= 0.000147463
2600 0.000087541 2600 0.000006519 add_time= 0.000108569
3025 0.000008000 3025 0.000026375 add_time= 0.000051355
1375 0.000133822 1375 0.000005917 add_time= 0.000155171
2550 0.000153718 2550 0.000007222 add_time= 0.000177317
3025 0.000057571 3025 0.000006550 add_time= 0.000079694
2915 0.000487397 2915 0.000007401 add_time= 0.000512692
1250 0.000110806 1250 0.000005605 add_time= 0.000129498
2500 0.000120660 2500 0.000006630 add_time= 0.000141605
2550 0.000048507 2550 0.000006688 add_time= 0.000068960
2550 0.000178948 2550 0.000006084 add_time= 0.000205292
2750 0.000113076 2750 0.000006709 add_time= 0.000136568
1300 0.000151158 1300 0.000005928 add_time= 0.000168729
2500 0.000722339 2500 0.000006445 add_time= 0.000744697
2970 0.000007581 2970 0.000016424 add_time= 0.000039273
2550 0.000123475 2550 0.000006063 add_time= 0.000144022
2750 0.000067579 2750 0.000005824 add_time= 0.000086863
2805 0.000160768 2805 0.000007073 add_time= 0.000184042
2754 0.000063690 2754 0.000006803 add_time= 0.000086207
1250 0.000065807 1250 0.000005900 add_time= 0.000101485
2500 0.000392511 2500 0.000014296 add_time= 0.000422825
2750 0.000192396 2750 0.000006842 add_time= 0.000215383
2700 0.000082233 2700 0.000018569 add_time= 0.000116777
2500 0.000192666 2500 0.000006456 add_time= 0.000213757
2700 0.000142463 2700 0.000018248 add_time= 0.000177073
1250 0.000109484 1250 0.000006714 add_time= 0.000131456
2915 0.000081216 2915 0.000006834 add_time= 0.000120282
2750 0.000043957 2750 0.000007072 add_time= 0.000068262
2750 0.000319236 2750 0.000018451 add_time= 0.000354469
2500 0.000081476 2500 0.000017694 add_time= 0.000115809
2750 0.000157780 2750 0.000007585 add_time= 0.000182326
1250 0.000151235 1250 0.000006324 add_time= 0.000185553
2650 0.000077133 2650 0.000007625 add_time= 0.000102638
2704 0.000046592 2704 0.000006335 add_time= 0.000079493
2550 0.000006785 2550 0.000014680 add_time= 0.000035622
2550 0.000136863 2550 0.000014120 add_time= 0.000164864
2500 0.000056950 2500 0.000015149 add_time= 0.000087916
2970 0.000049033 2970 0.000007122 add_time= 0.000072759
2500 0.000052203 2500 0.000007167 add_time= 0.000083637
2915 0.000179944 2915 0.000007131 add_time= 0.000215020
2750 0.000127967 2750 0.000007280 add_time= 0.000151548
2750 0.000007064 2750 0.000028193 add_time= 0.000049336
2750 0.000060259 2750 0.000006458 add_time= 0.000080385
2805 0.000190598 2805 0.000007072 add_time= 0.000213801
1350 0.000117095 1350 0.000005857 add_time= 0.000135696
2862 0.000200997 2862 0.000008994 add_time= 0.000260090
2550 0.000035028 2550 0.000008147 add_time= 0.000069806
2500 0.000047500 2500 0.000008146 add_time= 0.000090650
2750 0.000077016 2750 0.000007907 add_time= 0.000132889
2700 0.000127438 2700 0.000007522 add_time= 0.000160463
1250 0.000049365 1250 0.000008101 add_time= 0.000094763
2650 0.000229915 2650 0.000007697 add_time= 0.000255668
2550 0.000007332 2550 0.000025007 add_time= 0.000048716
2500 0.000033247 2500 0.000012236 add_time= 0.000061033
2805 0.000076267 2805 0.000006748 add_time= 0.000099368
2750 0.000094386 2750 0.000007874 add_time= 0.000130393
2500 0.000498438 2500 0.000007097 add_time= 0.000523036
2750 0.000049861 2750 0.000007624 add_time= 0.000073668
2600 0.000110184 2600 0.000007130 add_time= 0.000132509
2754 0.000096143 2754 0.000006834 add_time= 0.000124075
2750 0.000093189 2750 0.000008150 add_time= 0.000118032
2600 0.000166210 2600 0.000007209 add_time= 0.000191310
2750 0.000075813 2750 0.000007884 add_time= 0.000099939
2500 0.000062578 2500 0.000006777 add_time= 0.000084039
2550 0.000137597 2550 0.000006636 add_time= 0.000159928
2970 0.000065095 2970 0.000007806 add_time= 0.000089488
2860 0.000072164 2860 0.000006601 add_time= 0.000094041
2650 0.000179593 2650 0.000007506 add_time= 0.000217348
1375 0.000014044 1375 0.000019431 add_time= 0.000049040
2500 0.000071007 2500 0.000018413 add_time= 0.000103570
2550 0.000098443 2550 0.000006949 add_time= 0.000128999
2500 0.000065301 2500 0.000007094 add_time= 0.000097053
2750 0.000047877 2750 0.000007638 add_time= 0.000073122
2860 0.000072117 2860 0.000007677 add_time= 0.000096389
2750 0.000054752 2750 0.000013600 add_time= 0.000095896
2550 0.000065535 2550 0.000007466 add_time= 0.000089037
2805 0.000084592 2805 0.000015480 add_time= 0.000114033
2500 0.000125917 2500 0.000007749 add_time= 0.000150155
2650 0.000823257 2650 0.000008269 add_time= 0.000853041
2500 0.000194483 2500 0.000007232 add_time= 0.000217989
2750 0.000084047 2750 0.000012583 add_time= 0.000113213
2550 0.000122875 2550 0.000007148 add_time= 0.000153939
2600 0.000070614 2600 0.000006703 add_time= 0.000091400
2500 0.000088515 2500 0.000007286 add_time= 0.000119552
2862 0.000429304 2862 0.000007230 add_time= 0.000455741
2600 0.000099324 2600 0.000007855 add_time= 0.000132033
1250 0.000005971 1250 0.000017052 add_time= 0.000036929
2805 0.000043186 2805 0.000006569 add_time= 0.000064325
1275 0.000211457 1275 0.000006126 add_time= 0.000231343
2750 0.000064018 2750 0.000007071 add_time= 0.000087772
2650 0.000448486 2650 0.000007949 add_time= 0.000475143
2500 0.000078066 2500 0.000006956 add_time= 0.000100736
1250 0.000181636 1250 0.000006536 add_time= 0.000203756
2550 0.000113733 2550 0.000007094 add_time= 0.000136895
2700 0.000162426 2700 0.000007168 add_time= 0.000186109
2600 0.000091024 2600 0.000007163 add_time= 0.000114067
1325 0.000280562 1325 0.000006690 add_time= 0.000303664
2550 0.000187323 2550 0.000014785 add_time= 0.000219920
2550 0.000113357 2550 0.000007657 add_time= 0.000136944
2805 0.000085269 2805 0.000006585 add_time= 0.000106474
2700 0.000060722 2700 0.000006692 add_time= 0.000083606
2500 0.000355786 2500 0.000007570 add_time= 0.000381258
2915 0.000083650 2915 0.000006210 add_time= 0.000124416
3025 0.000124201 3025 0.000007886 add_time= 0.000148854
2550 0.000072035 2550 0.000014202 add_time= 0.000101451
2808 0.000256033 2808 0.000006779 add_time= 0.000277231
2500 0.002974149 2500 0.000006904 add_time= 0.002995272
2915 0.000085852 2915 0.000008272 add_time= 0.000134457
2500 0.000094560 2500 0.000007384 add_time= 0.000118223
3025 0.000018575 3025 0.000016554 add_time= 0.000050384
2703 0.000128494 2703 0.000015030 add_time= 0.000160135
2750 0.000239478 2750 0.000006973 add_time= 0.000263147
2700 0.000087340 2700 0.000007768 add_time= 0.000112944
2650 0.000154461 2650 0.000007792 add_time= 0.000179051
2550 0.000071551 2550 0.000035193 add_time= 0.000123117
2600 0.000164564 2600 0.000006754 add_time= 0.000187503
2500 0.000090187 2500 0.000007138 add_time= 0.000112996
2500 0.000150804 2500 0.000006403 add_time= 0.000171998
2550 0.000059973 2550 0.000014961 add_time= 0.000090930
2500 0.000153910 2500 0.000006664 add_time= 0.000176848
2500 0.000007269 2500 0.000033225 add_time= 0.000066231
3025 0.000113583 3025 0.000006368 add_time= 0.000135058
2652 0.000049338 2652 0.000007495 add_time= 0.000073039
2550 0.000127642 2550 0.000007018 add_time= 0.000150003
2500 0.000115648 2500 0.000009202 add_time= 0.000162162
2500 0.000047929 2500 0.000026867 add_time= 0.000111707
2550 0.000040481 2550 0.000011605 add_time= 0.000083417
2970 0.000008319 2970 0.000008623 add_time= 0.000057542
2550 0.000213846 2550 0.000007810 add_time= 0.000239136
2750 0.000061665 2750 0.000015232 add_time= 0.000092239
2750 0.000007238 2750 0.000036867 add_time= 0.000058415
2805 0.000166239 2805 0.000007844 add_time= 0.000190390
2970 0.000064366 2970 0.000007113 add_time= 0.000095640
1350 0.000087845 1350 0.000006871 add_time= 0.000109498
2650 0.000140477 2650 0.000007754 add_time= 0.000167426
1300 0.000080669 1300 0.000006442 add_time= 0.000112972
2500 0.000302974 2500 0.000006942 add_time= 0.000325684
2500 0.000065047 2500 0.000007748 add_time= 0.000099559
2754 0.000106767 2754 0.000008000 add_time= 0.000141605
1250 0.000061510 1250 0.000007448 add_time= 0.000082587
2500 0.000176192 2500 0.000006739 add_time= 0.000199335
2500 0.000067978 2500 0.000006626 add_time= 0.000090111
2550 0.000080914 2550 0.000007750 add_time= 0.000104708
2805 0.000092914 2805 0.000007542 add_time= 0.000133248
2601 0.000110105 2601 0.000007388 add_time= 0.000132688
2750 0.000132054 2750 0.000006975 add_time= 0.000154415
2650 0.000050907 2650 0.000007176 add_time= 0.000075920
2600 0.000039160 2600 0.000008320 add_time= 0.000074149
2750 0.000050832 2750 0.000007096 add_time= 0.000073633
2805 0.000077488 2805 0.000007212 add_time= 0.000100262
2700 0.000068554 2700 0.000006873 add_time= 0.000090652
1300 0.000050837 1300 0.000017496 add_time= 0.000082098
2600 0.000288025 2600 0.000007259 add_time= 0.000311912
2600 0.000100254 2600 0.000006922 add_time= 0.000121687
3025 0.000017892 3025 0.000017734 add_time= 0.000052998
2970 0.000084132 2970 0.000007655 add_time= 0.000106576
2550 0.000093293 2550 0.000007269 add_time= 0.000116374
2860 0.000113154 2860 0.000007248 add_time= 0.000135355
2915 0.000343278 2915 0.000007467 add_time= 0.000369771
2750 0.000064635 2750 0.000007017 add_time= 0.000087597
2500 0.000134733 2500 0.000007168 add_time= 0.000157696
2500 0.000092535 2500 0.000007162 add_time= 0.000115318
2500 0.000123735 2500 0.000010117 add_time= 0.000149837
2650 0.000069156 2650 0.000018700 add_time= 0.000102366
2500 0.000494834 2500 0.000008732 add_time= 0.000531144
2600 0.000062876 2600 0.000006733 add_time= 0.000086318
2500 0.000016904 2500 0.000023139 add_time= 0.000054271
2860 0.000324685 2860 0.000007086 add_time= 0.000349427
2550 0.000361889 2550 0.000006484 add_time= 0.000382567
2550 0.000282641 2550 0.000006296 add_time= 0.000302889
1250 0.000315918 1250 0.000006431 add_time= 0.000338327
2750 0.000098746 2750 0.000005980 add_time= 0.000120260
2750 0.000147219 2750 0.000007239 add_time= 0.000176793
2652 0.000167117 2652 0.000014610 add_time= 0.000198776
2650 0.000135533 2650 0.000007120 add_time= 0.000170559
1250 0.000124919 1250 0.000006275 add_time= 0.000143680
2500 0.000198936 2500 0.000007531 add_time= 0.000229764
2600 0.000045260 2600 0.000007235 add_time= 0.000080222
2750 0.000046201 2750 0.000006793 add_time= 0.000080091
3025 0.000199855 3025 0.000006993 add_time= 0.000223551
2600 0.000067482 2600 0.000022920 add_time= 0.000106379
2500 0.000172954 2500 0.000007933 add_time= 0.000201693
2500 0.000491054 2500 0.000006849 add_time= 0.000514064
2600 0.000178857 2600 0.000006769 add_time= 0.000201845
2500 0.000093928 2500 0.000007239 add_time= 0.000128117
1275 0.000100393 1275 0.000006516 add_time= 0.000121582
2500 0.000141751 2500 0.000006911 add_time= 0.000169897
2500 0.000106661 2500 0.000007178 add_time= 0.000129952
2704 0.000127539 2704 0.000006474 add_time= 0.000150261
2750 0.000088794 2750 0.000008244 add_time= 0.000113254
2500 0.000051495 2500 0.000005824 add_time= 0.000070343
3025 0.000062766 3025 0.000006991 add_time= 0.000083670
2550 0.000051209 2550 0.000007396 add_time= 0.000089519
2750 0.000070482 2750 0.000007207 add_time= 0.000093444
2652 0.000187549 2652 0.000007247 add_time= 0.000216626
3025 0.000019293 3025 0.000028872 add_time= 0.000076904
2652 0.000175509 2652 0.000006609 add_time= 0.000197843
1275 0.000106705 1275 0.000006827 add_time= 0.000129179
2500 0.000074974 2500 0.000007923 add_time= 0.000110464
2500 0.000279953 2500 0.000007879 add_time= 0.000305215
2805 0.000041162 2805 0.000006961 add_time= 0.000065056
2500 0.000104383 2500 0.000007476 add_time= 0.000128731
2550 0.000073341 2550 0.000007123 add_time= 0.000106054
2700 0.000105708 2700 0.000007670 add_time= 0.000130636
2915 0.000075218 2915 0.000006646 add_time= 0.000097831
2600 0.000044792 2600 0.000006748 add_time= 0.000065866
2750 0.000007315 2750 0.000025438 add_time= 0.000050639
2915 0.000057834 2915 0.000006676 add_time= 0.000077454
2601 0.000075679 2601 0.000014178 add_time= 0.000104413
2500 0.000115561 2500 0.000007076 add_time= 0.000137179
2500 0.000085458 2500 0.000008346 add_time= 0.000120954
2500 0.000062712 2500 0.000007847 add_time= 0.000094114
2805 0.000041758 2805 0.000007668 add_time= 0.000075505
2754 0.000058190 2754 0.000007870 add_time= 0.000092946
2754 0.000072238 2754 0.000007845 add_time= 0.000102739
2860 0.000066504 2860 0.000007691 add_time= 0.000100854
1375 0.000028042 1375 0.000006882 add_time= 0.000062935
2750 0.000190698 2750 0.000007590 add_time= 0.000212787
2500 0.000110006 2500 0.000006200 add_time= 0.000130512
3025 0.000065453 3025 0.000006895 add_time= 0.000086322
2750 0.000090561 2750 0.000006722 add_time= 0.000112307
2970 0.000100969 2970 0.000007044 add_time= 0.000122975
1250 0.000184844 1250 0.000005422 add_time= 0.000201151
2650 0.000055571 2650 0.000006869 add_time= 0.000078629
2600 0.000042661 2600 0.000015488 add_time= 0.000073120
2750 0.000022194 2750 0.000029039 add_time= 0.000066125
2500 0.000090485 2500 0.000006648 add_time= 0.000110294
2601 0.000064450 2601 0.000014374 add_time= 0.000093742
3025 0.000039592 3025 0.000017793 add_time= 0.000086648
2500 0.000365300 2500 0.000007014 add_time= 0.000388426
3025 0.000147268 3025 0.000007210 add_time= 0.000170378
2750 0.000043765 2750 0.000007190 add_time= 0.000066655
2500 0.000063943 2500 0.000006414 add_time= 0.000088826
2500 0.000058052 2500 0.000006048 add_time= 0.000076814
1250 0.000064197 1250 0.000005773 add_time= 0.000082010
2750 0.000117419 2750 0.000007127 add_time= 0.000140244
2600 0.000102385 2600 0.000006080 add_time= 0.000121484
3025 0.000016960 3025 0.000077081 add_time= 0.000121596
1375 0.000095230 1375 0.000006361 add_time= 0.000113264
2700 0.000102079 2700 0.000006582 add_time= 0.000127092
2754 0.000096789 2754 0.000007497 add_time= 0.000122334
2805 0.000039162 2805 0.000006168 add_time= 0.000058387
1350 0.000196801 1350 0.000005515 add_time= 0.000213083
2600 0.000112013 2600 0.000006892 add_time= 0.000134905
2808 0.000108171 2808 0.000006443 add_time= 0.000127913
2500 0.000098432 2500 0.000006563 add_time= 0.000119477
2500 0.000050644 2500 0.000006157 add_time= 0.000069901
2808 0.000064824 2808 0.000006945 add_time= 0.000085259
1250 0.000168258 1250 0.000005579 add_time= 0.000184649
2650 0.000111672 2650 0.000007371 add_time= 0.000134341
2500 0.000245261 2500 0.000007184 add_time= 0.000267058
3025 0.000015385 3025 0.000016954 add_time= 0.000046399
2754 0.000102743 2754 0.000006627 add_time= 0.000124349
2750 0.000069597 2750 0.000006811 add_time= 0.000089925
2500 0.000169924 2500 0.000006132 add_time= 0.000188703
2600 0.000172694 2600 0.000016005 add_time= 0.000214680
2750 0.000300527 2750 0.000007166 add_time= 0.000322991
2500 0.000136300 2500 0.000006498 add_time= 0.000156216
2700 0.000061766 2700 0.000007736 add_time= 0.000092410
2754 0.000043114 2754 0.000017741 add_time= 0.000075640
2750 0.000067781 2750 0.000017923 add_time= 0.000105934
2600 0.000260108 2600 0.000007861 add_time= 0.000293744
3025 0.000369868 3025 0.000007808 add_time= 0.000414605
3025 0.000427554 3025 0.000007761 add_time= 0.000451835
2805 0.000066662 2805 0.000006850 add_time= 0.000088558
2500 0.000228085 2500 0.000006213 add_time= 0.000248994
2500 0.000376579 2500 0.000007825 add_time= 0.000402165
2700 0.000217805 2700 0.000007226 add_time= 0.000261096
2500 0.000409863 2500 0.000006730 add_time= 0.000432386
2550 0.000076692 2550 0.000006186 add_time= 0.000097118
2970 0.000234463 2970 0.000007268 add_time= 0.000258065
2756 0.000128403 2756 0.000006932 add_time= 0.000153109
2500 0.000110988 2500 0.000007398 add_time= 0.000143048
3025 0.000019712 3025 0.000028074 add_time= 0.000073345
2750 0.000174941 2750 0.000006424 add_time= 0.000199967
2650 0.000122634 2650 0.000006366 add_time= 0.000144570
2500 0.000108412 2500 0.000006827 add_time= 0.000136607
2915 0.000156266 2915 0.000007846 add_time= 0.000182481
1250 0.000316242 1250 0.000017395 add_time= 0.000347418
2500 0.000148040 2500 0.000006582 add_time= 0.000170254
2805 0.000110104 2805 0.000013011 add_time= 0.000139463
2700 0.000054116 2700 0.000006427 add_time= 0.000074691
1250 0.000218623 1250 0.000005899 add_time= 0.000240245
2500 0.000064602 2500 0.000006467 add_time= 0.000087863
2750 0.000127375 2750 0.000007001 add_time= 0.000150436
2550 0.000110617 2550 0.000012238 add_time= 0.000138672
2500 0.000054907 2500 0.000006583 add_time= 0.000077990
2703 0.000196326 2703 0.000008851 add_time= 0.000236374
2970 0.000066900 2970 0.000008853 add_time= 0.000093135
2600 0.000160400 2600 0.000008943 add_time= 0.000203848
2500 0.000082087 2500 0.000012435 add_time= 0.000110506
2750 0.000153576 2750 0.000017148 add_time= 0.000187661
2550 0.000176316 2550 0.000006805 add_time= 0.000199661
2500 0.000007633 2500 0.000015109 add_time= 0.000039451
2600 0.000088268 2600 0.000006509 add_time= 0.000111095
1250 0.000081203 1250 0.000005270 add_time= 0.000104400
2601 0.000392308 2601 0.000006640 add_time= 0.000413133
2805 0.000037403 2805 0.000006711 add_time= 0.000058232
2600 0.000103054 2600 0.000006131 add_time= 0.000131206
2550 0.000120823 2550 0.000006694 add_time= 0.000143168
2860 0.000076224 2860 0.000018441 add_time= 0.000119660
3025 0.000007102 3025 0.000035938 add_time= 0.000057789
2550 0.000118314 2550 0.000007313 add_time= 0.000140696
2550 0.000089481 2550 0.000005953 add_time= 0.000108350
2500 0.000123338 2500 0.000007793 add_time= 0.000157650
2600 0.000138902 2600 0.000008479 add_time= 0.000181597
2915 0.000031551 2915 0.000007734 add_time= 0.000081605
1250 0.000047066 1250 0.000007279 add_time= 0.000078000
1275 0.000049790 1275 0.000018117 add_time= 0.000091284
2915 0.000057020 2915 0.000007930 add_time= 0.000090434
2862 0.000556246 2862 0.000007442 add_time= 0.000580581
2750 0.000068639 2750 0.000019363 add_time= 0.000103892
2500 0.000127674 2500 0.000007193 add_time= 0.000150119
2750 0.000106804 2750 0.000006817 add_time= 0.000127661
2750 0.000111271 2750 0.000006028 add_time= 0.000130944
2550 0.000100472 2550 0.000005904 add_time= 0.000126931
2500 0.000055603 2500 0.000007071 add_time= 0.000096943
2650 0.000257146 2650 0.000007187 add_time= 0.000282278
2600 0.000073793 2600 0.000006415 add_time= 0.000094240
2750 0.000063144 2750 0.000007575 add_time= 0.000087159
2805 0.000097861 2805 0.000006990 add_time= 0.000121173
2700 0.000113939 2700 0.000007207 add_time= 0.000136735
2650 0.000181379 2650 0.000007612 add_time= 0.000206346
3025 0.000154803 3025 0.000006928 add_time= 0.000178496
2550 0.000072633 2550 0.000006565 add_time= 0.000095788
2601 0.000145618 2601 0.000007279 add_time= 0.000168960
2600 0.000061731 2600 0.000007229 add_time= 0.000084957
2500 0.000479903 2500 0.000006817 add_time= 0.000514982
3025 0.000017168 3025 0.000025656 add_time= 0.000059709
1250 0.000072106 1250 0.000006203 add_time= 0.000101398
2600 0.000116881 2600 0.000006588 add_time= 0.000150357
2500 0.000119980 2500 0.000006148 add_time= 0.000140035
2750 0.000070615 2750 0.000007156 add_time= 0.000094075
2550 0.000157421 2550 0.000007207 add_time= 0.000182270
2750 0.000145999 2750 0.000007737 add_time= 0.000170353
2500 0.000025088 2500 0.000020759 add_time= 0.000059521
2750 0.000116579 2750 0.000007623 add_time= 0.000140147
2500 0.000076063 2500 0.000006416 add_time= 0.000096263
2650 0.000068081 2650 0.000006082 add_time= 0.000088359
625 0.000045243 625 0.000006035 add_time= 0.000066578
2650 0.000144720 2650 0.000007272 add_time= 0.000168578
2600 0.000099779 2600 0.000008188 add_time= 0.000124405
2500 0.000039452 2500 0.000006338 add_time= 0.000060382
2750 0.000062251 2750 0.000012913 add_time= 0.000088940
2754 0.000094607 2754 0.000006328 add_time= 0.000124413
2600 0.000205397 2600 0.000006997 add_time= 0.000229204
2650 0.000090521 2650 0.000006442 add_time= 0.000112139
2805 0.000052642 2805 0.000006820 add_time= 0.000074421
2550 0.000129208 2550 0.000007060 add_time= 0.000155725
2550 0.000041710 2550 0.000005786 add_time= 0.000067063
2970 0.000065474 2970 0.000006893 add_time= 0.000086432
2756 0.000101424 2756 0.000007520 add_time= 0.000126715
2500 0.000071017 2500 0.000006941 add_time= 0.000111027
2500 0.000014351 2500 0.000014800 add_time= 0.000043082
2750 0.000050198 2750 0.000006579 add_time= 0.000071113
2601 0.000091718 2601 0.000009537 add_time= 0.000114642
2750 0.000101800 2750 0.000012065 add_time= 0.000127874
1250 0.000061971 1250 0.000005186 add_time= 0.000078906
2703 0.000322143 2703 0.000008139 add_time= 0.000356350
2750 0.000048080 2750 0.000017616 add_time= 0.000081656
1250 0.000046321 1250 0.000006358 add_time= 0.000076339
2550 0.000116127 2550 0.000006989 add_time= 0.000139208
2862 0.000214397 2862 0.000006587 add_time= 0.000241553
2550 0.000151618 2550 0.000018195 add_time= 0.000187606
2860 0.000216697 2860 0.000007065 add_time= 0.000240098
2550 0.000093542 2550 0.000006510 add_time= 0.000125643
2703 0.000164635 2703 0.000007005 add_time= 0.000188266
2750 0.000303119 2750 0.000006706 add_time= 0.000325662
2650 0.000120096 2650 0.000006768 add_time= 0.000144106
2500 0.000127154 2500 0.000006120 add_time= 0.000147520
2500 0.000087022 2500 0.000006361 add_time= 0.000114827
1275 0.000083965 1275 0.000007134 add_time= 0.000114128
2700 0.000131538 2700 0.000007033 add_time= 0.000154735
2500 0.000084787 2500 0.000006360 add_time= 0.000105274
2703 0.000113028 2703 0.000006926 add_time= 0.000136253
2600 0.000059096 2600 0.000006167 add_time= 0.000079977
2750 0.000275415 2750 0.000006781 add_time= 0.000296675
2500 0.000072657 2500 0.000006266 add_time= 0.000092468
2550 0.000075640 2550 0.000006891 add_time= 0.000097252
2550 0.000308728 2550 0.000018139 add_time= 0.000351546
2703 0.000283646 2703 0.000014399 add_time= 0.000314237
2650 0.000006250 2650 0.000016571 add_time= 0.000036682
2500 0.000037747 2500 0.000025520 add_time= 0.000076258
2703 0.000074970 2703 0.000006127 add_time= 0.000104069
2700 0.000102872 2700 0.000007032 add_time= 0.000125444
2650 0.000373863 2650 0.000006935 add_time= 0.000402479
2500 0.000028750 2500 0.000015166 add_time= 0.000060385
2500 0.000147375 2500 0.000007026 add_time= 0.000168800
2550 0.000454939 2550 0.000007876 add_time= 0.000488004
2750 0.000115355 2750 0.000007779 add_time= 0.000143889
2550 0.000064108 2550 0.000007362 add_time= 0.000096904
2650 0.000190121 2650 0.000007945 add_time= 0.000217663
2860 0.000203777 2860 0.000007602 add_time= 0.000231153
2500 0.000110890 2500 0.000006485 add_time= 0.000133860
2805 0.000086291 2805 0.000006429 add_time= 0.000128322
2500 0.000225896 2500 0.000006992 add_time= 0.000258999
3025 0.000040218 3025 0.000007393 add_time= 0.000067149
2756 0.000136663 2756 0.000007509 add_time= 0.000162322
2652 0.000057419 2652 0.000006815 add_time= 0.000077969
3025 0.000007287 3025 0.000027743 add_time= 0.000048634
2750 0.000063412 2750 0.000005818 add_time= 0.000082417
2550 0.000145777 2550 0.000006263 add_time= 0.000183095
2601 0.000128631 2601 0.000006152 add_time= 0.000147884
2916 0.000101456 2916 0.000006595 add_time= 0.000121641
1325 0.000087012 1325 0.000007452 add_time= 0.000134717
2500 0.000047898 2500 0.000006836 add_time= 0.000077586
2500 0.000081841 2500 0.000015323 add_time= 0.000118568
2500 0.000006915 2500 0.000008569 add_time= 0.000039597
2750 0.000044406 2750 0.000007937 add_time= 0.000077764
625 0.000189054 625 0.000006850 add_time= 0.000234939
2756 0.000094377 2756 0.000006525 add_time= 0.000117901
2652 0.000053801 2652 0.000006982 add_time= 0.000076208
2970 0.000052158 2970 0.000007340 add_time= 0.000075437
2805 0.000091902 2805 0.000007605 add_time= 0.000115286
2500 0.000112232 2500 0.000006898 add_time= 0.000134812
2600 0.000098285 2600 0.000006910 add_time= 0.000120527
2650 0.000049983 2650 0.000007481 add_time= 0.000075219
2808 0.000223618 2808 0.000007547 add_time= 0.000244987
2750 0.000020582 2750 0.000015624 add_time= 0.000051246
2550 0.000089010 2550 0.000014512 add_time= 0.000116867
2500 0.000087375 2500 0.000006336 add_time= 0.000115226
2650 0.000086527 2650 0.000007774 add_time= 0.000109471
2600 0.000169282 2600 0.000025752 add_time= 0.000211613
2500 0.000078144 2500 0.000006458 add_time= 0.000099300
2550 0.000026288 2550 0.000013924 add_time= 0.000053280
2750 0.000117630 2750 0.000007183 add_time= 0.000139903
2700 0.000119235 2700 0.000006984 add_time= 0.000141405
2500 0.000081380 2500 0.000006704 add_time= 0.000107311
2650 0.000053169 2650 0.000006866 add_time= 0.000076823
2860 0.000078438 2860 0.000006950 add_time= 0.000100341
2805 0.000014826 2805 0.000015730 add_time= 0.000045274
2600 0.000142828 2600 0.000006945 add_time= 0.000164805
2550 0.000093147 2550 0.000006700 add_time= 0.000114674
2750 0.000058836 2750 0.000015087 add_time= 0.000088823
2500 0.000058957 2500 0.000007885 add_time= 0.000083090
2500 0.000067301 2500 0.000006492 add_time= 0.000088313
2550 0.000143737 2550 0.000008185 add_time= 0.000185835
2500 0.000068016 2500 0.000018127 add_time= 0.000099087
2550 0.000135667 2550 0.000006940 add_time= 0.000155867
2750 0.000122093 2750 0.000007800 add_time= 0.000151866
1375 0.000032025 1375 0.000006973 add_time= 0.000071505
2703 0.000331988 2703 0.000027781 add_time= 0.000376517
2500 0.000086463 2500 0.000006198 add_time= 0.000113953
2750 0.000073919 2750 0.000007533 add_time= 0.000096931
1275 0.000041633 1275 0.000012299 add_time= 0.000069996
2700 0.000153916 2700 0.000006781 add_time= 0.000174172
1250 0.000048252 1250 0.000005854 add_time= 0.000064735
2500 0.000235252 2500 0.000007773 add_time= 0.000258697
2500 0.000014982 2500 0.000013818 add_time= 0.000042493
2750 0.000163403 2750 0.000007218 add_time= 0.000184534
2550 0.000113120 2550 0.000006711 add_time= 0.000132762
2500 0.000179856 2500 0.000006103 add_time= 0.000198780
2550 0.000106226 2550 0.000005874 add_time= 0.000136258
2650 0.000233709 2650 0.000007593 add_time= 0.000257223
2600 0.000044232 2600 0.000006358 add_time= 0.000063991
2750 0.000016042 2750 0.000020275 add_time= 0.000050550
2750 0.000046704 2750 0.000019583 add_time= 0.000082241
2805 0.000075680 2805 0.000006952 add_time= 0.000096826
2750 0.000194682 2750 0.000007187 add_time= 0.000215361
2500 0.000196706 2500 0.000014844 add_time= 0.000237816
1375 0.000012282 1375 0.000009121 add_time= 0.000032888
3025 0.000095506 3025 0.000007485 add_time= 0.000126173
2500 0.000079811 2500 0.000007606 add_time= 0.000116010
2700 0.000139435 2700 0.000006118 add_time= 0.000158565
2704 0.000121109 2704 0.000007236 add_time= 0.000155850
2750 0.000132282 2750 0.000007642 add_time= 0.000156191
2650 0.000103590 2650 0.000007020 add_time= 0.000126661
2970 0.000161248 2970 0.000007247 add_time= 0.000186213
2805 0.000051956 2805 0.000013050 add_time= 0.000080806
2500 0.000105320 2500 0.000006273 add_time= 0.000125193
2750 0.000398030 2750 0.000026250 add_time= 0.000442325
2500 0.000007895 2500 0.000025359 add_time= 0.000056292
2750 0.000236262 2750 0.000007486 add_time= 0.000260778
2550 0.000084555 2550 0.000006669 add_time= 0.000116108
2805 0.000092861 2805 0.000007329 add_time= 0.000115623
2500 0.000143592 2500 0.000007329 add_time= 0.000167297
2600 0.000055056 2600 0.000006706 add_time= 0.000076217
2650 0.000123168 2650 0.000007246 add_time= 0.000145811
2550 0.000285173 2550 0.000006649 add_time= 0.000307675
1250 0.000086504 1250 0.000005843 add_time= 0.000105416
1250 0.000054284 1250 0.000006210 add_time= 0.000073468
2500 0.000522599 2500 0.000007985 add_time= 0.000547207
2600 0.000067577 2600 0.000006015 add_time= 0.000098876
2550 0.000123224 2550 0.000007094 add_time= 0.000154159
2500 0.000068604 2500 0.000007554 add_time= 0.000098524
2754 0.000079273 2754 0.000006496 add_time= 0.000108373
2915 0.000321459 2915 0.000026973 add_time= 0.000365192
1325 0.000154578 1325 0.000007047 add_time= 0.000175844
2860 0.000105884 2860 0.000007440 add_time= 0.000128638
2805 0.000060798 2805 0.000007172 add_time= 0.000083194
2805 0.000190457 2805 0.000013571 add_time= 0.000219903
2754 0.000159585 2754 0.000007616 add_time= 0.000182516
2970 0.000047006 2970 0.000006901 add_time= 0.000068595
2750 0.000217022 2750 0.000007781 add_time= 0.000253667
2600 0.000076951 2600 0.000005754 add_time= 0.000108050
2860 0.000007594 2860 0.000015979 add_time= 0.000040385
2500 0.000085391 2500 0.000006883 add_time= 0.000107908
2500 0.000083207 2500 0.000007014 add_time= 0.000106226
2750 0.000154969 2750 0.000007056 add_time= 0.000179276
2500 0.000093509 2500 0.000006731 add_time= 0.000124078
2500 0.000314601 2500 0.000007697 add_time= 0.000340082
3025 0.000071672 3025 0.000017945 add_time= 0.000107759
2805 0.000056121 2805 0.000007758 add_time= 0.000079367
2601 0.000477455 2601 0.000007306 add_time= 0.000500039
2750 0.000361161 2750 0.000007145 add_time= 0.000385358
2650 0.000137038 2650 0.000006742 add_time= 0.000159228
3025 0.000077528 3025 0.000006781 add_time= 0.000098731
2600 0.000063782 2600 0.000006972 add_time= 0.000085888
2750 0.000093011 2750 0.000005950 add_time= 0.000112270
2808 0.000107091 2808 0.000006782 add_time= 0.000129998
2703 0.000146235 2703 0.000008941 add_time= 0.000189728
2600 0.000073451 2600 0.000016820 add_time= 0.000113408
2860 0.000109766 2860 0.000138370 add_time= 0.000274732
1375 0.000031525 1375 0.000007392 add_time= 0.000062872
2862 0.000042153 2862 0.000008339 add_time= 0.000091170
2500 0.000038877 2500 0.000007501 add_time= 0.000067769
2650 0.000456714 2650 0.000007587 add_time= 0.000480866
2750 0.000006449 2750 0.000032665 add_time= 0.000052820
3025 0.000006410 3025 0.000043046 add_time= 0.000063597
2550 0.000096393 2550 0.000006587 add_time= 0.000116387
2550 0.000131793 2550 0.000005687 add_time= 0.000150264
2750 0.000071313 2750 0.000007584 add_time= 0.000094689
2862 0.000271205 2862 0.000007122 add_time= 0.000295045
2750 0.000043844 2750 0.000005923 add_time= 0.000063374
2750 0.000064730 2750 0.000006684 add_time= 0.000086383
2550 0.000147612 2550 0.000007046 add_time= 0.000169862
1350 0.000083108 1350 0.000006699 add_time= 0.000102591
2915 0.000122134 2915 0.000007186 add_time= 0.000146284
3025 0.000074736 3025 0.000008186 add_time= 0.000099412
2700 0.000051514 2700 0.000005970 add_time= 0.000071139
2750 0.000137848 2750 0.000007195 add_time= 0.000160376
2500 0.000093742 2500 0.000006583 add_time= 0.000114967
2600 0.000260814 2600 0.000006730 add_time= 0.000283319
2805 0.000019400 2805 0.000021945 add_time= 0.000057483
2750 0.000083745 2750 0.000008835 add_time= 0.000108061
2601 0.000090099 2601 0.000006991 add_time= 0.000112568
2750 0.000084900 2750 0.000007443 add_time= 0.000107128
2500 0.000133265 2500 0.000027125 add_time= 0.000174959
2750 0.000017034 2750 0.000015589 add_time= 0.000048433
2750 0.000044609 2750 0.000006642 add_time= 0.000066773
2550 0.000076797 2550 0.000006806 add_time= 0.000098766
2860 0.000141767 2860 0.000006702 add_time= 0.000162699
2750 0.000217897 2750 0.000006949 add_time= 0.000240075
2550 0.000064244 2550 0.000006384 add_time= 0.000085538
2600 0.000094553 2600 0.000006742 add_time= 0.000116455
2500 0.000077117 2500 0.000006807 add_time= 0.000099386
2650 0.000045410 2650 0.000006715 add_time= 0.000068438
2600 0.000203213 2600 0.000007533 add_time= 0.000225395
2915 0.000017159 2915 0.000025217 add_time= 0.000057393
2970 0.000082610 2970 0.000007910 add_time= 0.000117208
2550 0.000069444 2550 0.000005859 add_time= 0.000089229
3025 0.000072851 3025 0.000019388 add_time= 0.000116622
2500 0.000213766 2500 0.000007289 add_time= 0.000236262
2750 0.000017439 2750 0.000016410 add_time= 0.000050068
1250 0.000087055 1250 0.000006862 add_time= 0.000106864
2550 0.000077618 2550 0.000006920 add_time= 0.000099795
2550 0.000095810 2550 0.000006591 add_time= 0.000115864
625 0.000076740 625 0.000005581 add_time= 0.000091738
2750 0.000094906 2750 0.000007228 add_time= 0.000117906
2650 0.000079562 2650 0.000007223 add_time= 0.000102519
2500 0.000049449 2500 0.000006061 add_time= 0.000068796
2652 0.000088463 2652 0.000006397 add_time= 0.000108502
2601 0.000138380 2601 0.000006337 add_time= 0.000157982
2750 0.000075963 2750 0.000006392 add_time= 0.000095544
2650 0.000235474 2650 0.000006703 add_time= 0.000257349
2860 0.000055270 2860 0.000006811 add_time= 0.000076149
3025 0.000016317 3025 0.000016785 add_time= 0.000055158
2550 0.000107826 2550 0.000011860 add_time= 0.000132791
2550 0.000032705 2550 0.000005603 add_time= 0.000050811
2550 0.000056852 2550 0.000006669 add_time= 0.000076325
2500 0.000086415 2500 0.000008579 add_time= 0.000120833
2860 0.000067648 2860 0.000007439 add_time= 0.000091503
3025 0.000006535 3025 0.000029042 add_time= 0.000051171
2750 0.000157703 2750 0.000006649 add_time= 0.000178278
2862 0.000088878 2862 0.000007117 add_time= 0.000119043
1325 0.000165453 1325 0.000006214 add_time= 0.000192947
2650 0.000482433 2650 0.000007180 add_time= 0.000506929
2500 0.000251238 2500 0.000006830 add_time= 0.000272343
3025 0.000006743 3025 0.000021800 add_time= 0.000043470
2601 0.000393675 2601 0.000007874 add_time= 0.000417864
2500 0.000154783 2500 0.000006739 add_time= 0.000177407
625 0.000062908 625 0.000006358 add_time= 0.000101353
2650 0.000114422 2650 0.000006922 add_time= 0.000137534
2500 0.000304684 2500 0.000007093 add_time= 0.000327496
2500 0.000099103 2500 0.000007524 add_time= 0.000133429
2500 0.000105762 2500 0.000007044 add_time= 0.000128442
2700 0.000184918 2700 0.000006885 add_time= 0.000219012
2600 0.000544893 2600 0.000028191 add_time= 0.000589678
2500 0.000125659 2500 0.000007297 add_time= 0.000148500
2750 0.000085615 2750 0.000007378 add_time= 0.000117732
1275 0.000038630 1275 0.000006443 add_time= 0.000058675
2808 0.000134344 2808 0.000008070 add_time= 0.000159913
2500 0.000097753 2500 0.000006445 add_time= 0.000117471
2915 0.000158724 2915 0.000007296 add_time= 0.000184375
2860 0.000038428 2860 0.000006775 add_time= 0.000061560
2500 0.000018566 2500 0.000039488 add_time= 0.000074175
2970 0.000212886 2970 0.000015953 add_time= 0.000245958
2650 0.000112494 2650 0.000006810 add_time= 0.000135217
2750 0.000105320 2750 0.000006882 add_time= 0.000128338
2500 0.000268932 2500 0.000017088 add_time= 0.000306485
2500 0.000019088 2500 0.000015262 add_time= 0.000051446
1375 0.000136219 1375 0.000020572 add_time= 0.000181001
2750 0.000167450 2750 0.000008284 add_time= 0.000209297
2550 0.000116690 2550 0.000015678 add_time= 0.000149799
2500 0.000203651 2500 0.000007349 add_time= 0.000227475
2550 0.000105157 2550 0.000006436 add_time= 0.000127498
2600 0.000058733 2600 0.000007258 add_time= 0.000083296
2550 0.000204978 2550 0.000007058 add_time= 0.000228885
2754 0.000043986 2754 0.000007250 add_time= 0.000068413
1375 0.000042279 1375 0.000005882 add_time= 0.000060684
2600 0.000098333 2600 0.000006796 add_time= 0.000122757
2750 0.000096174 2750 0.000007085 add_time= 0.000129966
2750 0.000066527 2750 0.000026971 add_time= 0.000110915
2703 0.000093816 2703 0.000005934 add_time= 0.000119202
2550 0.000054794 2550 0.000007083 add_time= 0.000077706
1375 0.000070760 1375 0.000005863 add_time= 0.000088710
2600 0.000060977 2600 0.000007981 add_time= 0.000100584
2700 0.000040250 2700 0.000007082 add_time= 0.000074144
2750 0.000067322 2750 0.000027921 add_time= 0.000121375
2550 0.000028681 2550 0.000016862 add_time= 0.000073438
2805 0.000028188 2805 0.000007627 add_time= 0.000063269
2750 0.000027261 2750 0.000008194 add_time= 0.000063726
2550 0.000551793 2550 0.000007398 add_time= 0.000590970
2600 0.000007379 2600 0.000043153 add_time= 0.000091013
2750 0.000117557 2750 0.000006934 add_time= 0.000148235
2550 0.000064210 2550 0.000006986 add_time= 0.000117747
2600 0.000092476 2600 0.000006884 add_time= 0.000135757
2500 0.000387185 2500 0.000008223 add_time= 0.000412384
2750 0.000098036 2750 0.000007271 add_time= 0.000120486
2750 0.000296257 2750 0.000007169 add_time= 0.000319122
2805 0.000063607 2805 0.000014597 add_time= 0.000093908
2700 0.000096986 2700 0.000006432 add_time= 0.000117395
2500 0.000094510 2500 0.000006444 add_time= 0.000114096
2650 0.000211494 2650 0.000007058 add_time= 0.000234591
2500 0.000052925 2500 0.000006472 add_time= 0.000073258
2500 0.000082307 2500 0.000006902 add_time= 0.000112188
2805 0.000142876 2805 0.000006163 add_time= 0.000173478
2550 0.000123064 2550 0.000036250 add_time= 0.000174683
2500 0.000081929 2500 0.000009105 add_time= 0.000106530
2915 0.000212406 2915 0.000007613 add_time= 0.000239064
2500 0.000017965 2500 0.000072022 add_time= 0.000105662
2860 0.000157871 2860 0.000006661 add_time= 0.000192104
2550 0.000063110 2550 0.000022136 add_time= 0.000101733
2550 0.000061979 2550 0.000007389 add_time= 0.000085537
2600 0.000271228 2600 0.000015866 add_time= 0.000317171
2550 0.000028988 2550 0.000013930 add_time= 0.000058694
2805 0.000177288 2805 0.000007127 add_time= 0.000213404
2550 0.000081756 2550 0.000007686 add_time= 0.000106248
2601 0.000088338 2601 0.000006413 add_time= 0.000120456
2500 0.000119254 2500 0.000006964 add_time= 0.000139982
2756 0.000215210 2756 0.000007302 add_time= 0.000240672
2750 0.000099905 2750 0.000006705 add_time= 0.000122050
3025 0.000174792 3025 0.000029757 add_time= 0.000238014
1275 0.000093599 1275 0.000005402 add_time= 0.000111938
2500 0.000097531 2500 0.000007627 add_time= 0.000121552
1250 0.000055476 1250 0.000006304 add_time= 0.000074134
2650 0.000150635 2650 0.000007701 add_time= 0.000182237
2750 0.000017176 2750 0.000025566 add_time= 0.000059771
2500 0.000066967 2500 0.000006940 add_time= 0.000094774
2550 0.000042597 2550 0.000007566 add_time= 0.000066681
2754 0.000047777 2754 0.000006938 add_time= 0.000071307
2750 0.000045417 2750 0.000006638 add_time= 0.000067401
2650 0.000206239 2650 0.000008302 add_time= 0.000232895
2750 0.000202408 2750 0.000007532 add_time= 0.000226643
2750 0.000119969 2750 0.000007707 add_time= 0.000144007
2550 0.000080715 2550 0.000007973 add_time= 0.000105068
2500 0.000688317 2500 0.000007232 add_time= 0.000730627
2500 0.000196039 2500 0.000007167 add_time= 0.000225493
2600 0.000275559 2600 0.000008495 add_time= 0.000306680
2805 0.000026525 2805 0.000017580 add_time= 0.000061396
2750 0.000074367 2750 0.000027967 add_time= 0.000119461
2805 0.000063777 2805 0.000006708 add_time= 0.000087202
2500 0.000076381 2500 0.000007241 add_time= 0.000110339
2500 0.000139818 2500 0.000006708 add_time= 0.000168579
2650 0.000220216 2650 0.000007555 add_time= 0.000246507
3025 0.000123780 3025 0.000006634 add_time= 0.000146170
2750 0.000094726 2750 0.000007070 add_time= 0.000118661
2601 0.000132420 2601 0.000006896 add_time= 0.000162025
2700 0.000443462 2700 0.000007717 add_time= 0.000467310
2500 0.000067020 2500 0.000006425 add_time= 0.000094141
2750 0.000306219 2750 0.000007496 add_time= 0.000332138
2500 0.000135593 2500 0.000031408 add_time= 0.000183586
2700 0.000113888 2700 0.000007568 add_time= 0.000138546
2550 0.000106819 2550 0.000007598 add_time= 0.000130487
2700 0.000324155 2700 0.000007740 add_time= 0.000348766
2500 0.000127322 2500 0.000008268 add_time= 0.000151934
2915 0.000622501 2915 0.000009195 add_time= 0.000654526
3025 0.000018249 3025 0.000035890 add_time= 0.000068732
3025 0.000007428 3025 0.000017047 add_time= 0.000040185
2750 0.000186305 2750 0.000007450 add_time= 0.000207768
1275 0.000068489 1275 0.000013923 add_time= 0.000096924
2652 0.000039994 2652 0.000007690 add_time= 0.000063857
2750 0.000063423 2750 0.000006897 add_time= 0.000085631
2600 0.000274486 2600 0.000007626 add_time= 0.000298102
2750 0.000008084 2750 0.000031840 add_time= 0.000055277
1250 0.000083727 1250 0.000006141 add_time= 0.000102455
2500 0.000107286 2500 0.000007532 add_time= 0.000129842
2601 0.000127930 2601 0.000006883 add_time= 0.000159037
2750 0.000063553 2750 0.000014072 add_time= 0.000104487
2650 0.000278261 2650 0.000035413 add_time= 0.000330118
3025 0.000601056 3025 0.000007014 add_time= 0.000633392
2500 0.000104259 2500 0.000013547 add_time= 0.000131595
2500 0.000043756 2500 0.000007039 add_time= 0.000071139
2754 0.000099757 2754 0.000029247 add_time= 0.000144132
2703 0.000164185 2703 0.000007930 add_time= 0.000189701
2550 0.000026113 2550 0.000024419 add_time= 0.000065371
3025 0.000075481 3025 0.000007084 add_time= 0.000098767
2754 0.000108719 2754 0.000006743 add_time= 0.000131962
2500 0.000088907 2500 0.000006991 add_time= 0.000112122
2650 0.000467505 2650 0.000012667 add_time= 0.000496683
2550 0.000240711 2550 0.000006475 add_time= 0.000262351
2550 0.000052687 2550 0.000006489 add_time= 0.000085456
2550 0.000093639 2550 0.000006818 add_time= 0.000115507
2700 0.000077008 2700 0.000011475 add_time= 0.000104199
2750 0.000409033 2750 0.000007410 add_time= 0.000468598
2750 0.000018733 2750 0.000015940 add_time= 0.000060959
2500 0.000223051 2500 0.000007120 add_time= 0.000265375
2500 0.000259702 2500 0.000007452 add_time= 0.000308953
1250 0.000101054 1250 0.000006043 add_time= 0.000137806
2703 0.000165803 2703 0.000007436 add_time= 0.000204077
1375 0.000007542 1375 0.000011141 add_time= 0.000044339
2550 0.000051568 2550 0.000025516 add_time= 0.000112684
2805 0.000135231 2805 0.000043610 add_time= 0.000206742
1275 0.000123883 1275 0.000006718 add_time= 0.000163484
2500 0.000080881 2500 0.000007311 add_time= 0.000114004
2750 0.000182908 2750 0.000006985 add_time= 0.000216922
2805 0.000007478 2805 0.000025063 add_time= 0.000048427
2500 0.000107057 2500 0.000006974 add_time= 0.000128648
2652 0.000111909 2652 0.000006138 add_time= 0.000130268
2916 0.000065528 2916 0.000006653 add_time= 0.000084829
1250 0.000049431 1250 0.000005425 add_time= 0.000064892
2650 0.000070617 2650 0.000009380 add_time= 0.000119772
1250 0.000033938 1250 0.000007029 add_time= 0.000077330
2750 0.000047062 2750 0.000027054 add_time= 0.000107093
2750 0.000063531 2750 0.000008684 add_time= 0.000103105
2550 0.000046492 2550 0.000007574 add_time= 0.000080132
2754 0.000061057 2754 0.000007912 add_time= 0.000098783
2650 0.000129789 2650 0.000006724 add_time= 0.000154282
2600 0.000123504 2600 0.000006758 add_time= 0.000145588
2500 0.000027122 2500 0.000024081 add_time= 0.000066656
2600 0.000103151 2600 0.000007299 add_time= 0.000126013
2500 0.000046692 2500 0.000006409 add_time= 0.000068558
2700 0.000040076 2700 0.000006861 add_time= 0.000071990
2650 0.000295538 2650 0.000018345 add_time= 0.000330838
2750 0.000016833 2750 0.000189951 add_time= 0.000222499
2652 0.000053253 2652 0.000006720 add_time= 0.000086829
2550 0.000124948 2550 0.000006791 add_time= 0.000147010
2500 0.000159912 2500 0.000007486 add_time= 0.000182490
2500 0.000240391 2500 0.000007729 add_time= 0.000265270
2750 0.000025888 2750 0.000030477 add_time= 0.000072048
2750 0.000039662 2750 0.000006228 add_time= 0.000059147
2550 0.000086586 2550 0.000006725 add_time= 0.000108962
2805 0.000089932 2805 0.000006590 add_time= 0.000118643
2650 0.000133427 2650 0.000006361 add_time= 0.000153756
2650 0.000160594 2650 0.000007271 add_time= 0.000187187
3025 0.000092560 3025 0.000006732 add_time= 0.000115641
2860 0.000016824 2860 0.000015993 add_time= 0.000046389
2805 0.000061536 2805 0.000007133 add_time= 0.000084359
2750 0.000108221 2750 0.000007404 add_time= 0.000131729
2750 0.000156029 2750 0.000007059 add_time= 0.000189880
2915 0.000344663 2915 0.000007262 add_time= 0.000369582
2550 0.000099418 2550 0.000006761 add_time= 0.000121802
2650 0.000043095 2650 0.000007231 add_time= 0.000065784
2805 0.000258547 2805 0.000007625 add_time= 0.000282377
2750 0.000127717 2750 0.000007068 add_time= 0.000150537
2915 0.000171079 2915 0.000014076 add_time= 0.000206737
2750 0.000099462 2750 0.000007237 add_time= 0.000121908
3025 0.000078469 3025 0.000007693 add_time= 0.000110114
2500 0.000076259 2500 0.000006710 add_time= 0.000098124
2500 0.000125226 2500 0.000006661 add_time= 0.000149332
2550 0.000219065 2550 0.000008671 add_time= 0.000265262
2500 0.000024326 2500 0.000020853 add_time= 0.000060545
2750 0.000082343 2750 0.000007134 add_time= 0.000105647
2805 0.000060181 2805 0.000013232 add_time= 0.000089093
2750 0.000089872 2750 0.000006506 add_time= 0.000111268
1275 0.000111429 1275 0.000006447 add_time= 0.000129672
2650 0.000146346 2650 0.000013726 add_time= 0.000176478
2500 0.000085286 2500 0.000006510 add_time= 0.000107111
2750 0.000137810 2750 0.000015896 add_time= 0.000168232
2750 0.000166825 2750 0.000006771 add_time= 0.000187060
2970 0.000048700 2970 0.000008007 add_time= 0.000071397
2915 0.000094702 2915 0.000006750 add_time= 0.000115365
2550 0.000177489 2550 0.000006055 add_time= 0.000196878
2500 0.000240133 2500 0.000014750 add_time= 0.000270895
2500 0.000016724 2500 0.000016860 add_time= 0.000047282
2750 0.000111682 2750 0.000006273 add_time= 0.000131135
2601 0.000183994 2601 0.000006523 add_time= 0.000204180
2750 0.000100651 2750 0.000006088 add_time= 0.000120216
2500 0.000216498 2500 0.000026147 add_time= 0.000258937
2750 0.000029125 2750 0.000016690 add_time= 0.000071066
2600 0.000060174 2600 0.000006214 add_time= 0.000080021
2550 0.000104588 2550 0.000006390 add_time= 0.000124360
2970 0.000054417 2970 0.000006202 add_time= 0.000074622
2750 0.000441586 2750 0.000007000 add_time= 0.000464610
2500 0.000015534 2500 0.000014346 add_time= 0.000043530
2500 0.000125158 2500 0.000006462 add_time= 0.000152952
2550 0.000195701 2550 0.000006620 add_time= 0.000215461
2700 0.000119065 2700 0.000006585 add_time= 0.000139219
2500 0.000585763 2500 0.000009493 add_time= 0.000621727
2500 0.000190765 2500 0.000007386 add_time= 0.000213469
2600 0.000086542 2600 0.000007257 add_time= 0.000109418
2754 0.000630222 2754 0.000007585 add_time= 0.000653730
2650 0.000114650 2650 0.000007280 add_time= 0.000135945
2500 0.000374218 2500 0.000007492 add_time= 0.000398385
2500 0.000237173 2500 0.000009198 add_time= 0.000262296
2500 0.000007715 2500 0.000013364 add_time= 0.000034611
3025 0.000090798 3025 0.000006776 add_time= 0.000122474
2550 0.000111510 2550 0.000007881 add_time= 0.000142125
1250 0.000172245 1250 0.000018310 add_time= 0.000203495
2756 0.000146865 2756 0.000007181 add_time= 0.000170286
2805 0.000007080 2805 0.000033112 add_time= 0.000055491
2500 0.000045402 2500 0.000018245 add_time= 0.000078788
2500 0.000244042 2500 0.000006694 add_time= 0.000267804
2500 0.000079598 2500 0.000006656 add_time= 0.000101453
2860 0.000066913 2860 0.000006971 add_time= 0.000100461
2500 0.000058863 2500 0.000006603 add_time= 0.000080141
2862 0.000121483 2862 0.000006967 add_time= 0.000144714
2500 0.000007459 2500 0.000040022 add_time= 0.000062303
2500 0.000061282 2500 0.000006781 add_time= 0.000081071
2500 0.000180403 2500 0.000006697 add_time= 0.000202326
2652 0.000067608 2652 0.000007129 add_time= 0.000088816
2700 0.000116350 2700 0.000047496 add_time= 0.000179141
2550 0.000076660 2550 0.000006132 add_time= 0.000106709
2650 0.000257350 2650 0.000006165 add_time= 0.000279168
2750 0.000013281 2750 0.000017151 add_time= 0.000057018
1250 0.000061244 1250 0.000006140 add_time= 0.000087134
2754 0.000093683 2754 0.000005839 add_time= 0.000116039
2652 0.000037525 2652 0.000006027 add_time= 0.000056610
1250 0.000124034 1250 0.000006703 add_time= 0.000142958
2500 0.000190765 2500 0.000007479 add_time= 0.000229615
2808 0.000067131 2808 0.000007117 add_time= 0.000091531
2750 0.000060678 2750 0.000006667 add_time= 0.000083085
2805 0.000133167 2805 0.000006640 add_time= 0.000156439
2600 0.000264191 2600 0.000007087 add_time= 0.000290054
3025 0.000055828 3025 0.000006811 add_time= 0.000080955
2500 0.000253458 2500 0.000007016 add_time= 0.000278105
2750 0.000007530 2750 0.000015651 add_time= 0.000040018
3025 0.000054925 3025 0.000006827 add_time= 0.000078155
2500 0.000150492 2500 0.000006578 add_time= 0.000171651
1250 0.000262104 1250 0.000006815 add_time= 0.000282869
2500 0.000200603 2500 0.000007075 add_time= 0.000224670
2600 0.000030150 2600 0.000006512 add_time= 0.000052548
2750 0.000006767 2750 0.000033914 add_time= 0.000055266
2805 0.000088999 2805 0.000006635 add_time= 0.000109572
2550 0.000064183 2550 0.000006640 add_time= 0.000084582
2500 0.000100935 2500 0.000006372 add_time= 0.000120534
2500 0.000128881 2500 0.000008319 add_time= 0.000185526
2500 0.000044011 2500 0.000007484 add_time= 0.000075580
2500 0.000117959 2500 0.000007538 add_time= 0.000153508
2550 0.000075850 2550 0.000008419 add_time= 0.000108404
2750 0.000082936 2750 0.000008354 add_time= 0.000120766
1250 0.000044845 1250 0.000007419 add_time= 0.000075878
2650 0.000214367 2650 0.000006960 add_time= 0.000244385
2600 0.000063676 2600 0.000006970 add_time= 0.000086245
2860 0.000007695 2860 0.000026518 add_time= 0.000049993
2750 0.000117655 2750 0.000017390 add_time= 0.000150630
1250 0.000072315 1250 0.000005650 add_time= 0.000089420
2500 0.000065911 2500 0.000010838 add_time= 0.000090461
2750 0.000081692 2750 0.000006717 add_time= 0.000103734
2750 0.000232371 2750 0.000006758 add_time= 0.000255105
2652 0.000092149 2652 0.000007049 add_time= 0.000113245
3025 0.000015680 3025 0.000016665 add_time= 0.000056412
2750 0.000063395 2750 0.000006390 add_time= 0.000093100
2601 0.000068489 2601 0.000007081 add_time= 0.000090063
2500 0.000047445 2500 0.000007241 add_time= 0.000069101
2650 0.000078901 2650 0.000018321 add_time= 0.000110791
2600 0.000268943 2600 0.000015434 add_time= 0.000301908
2750 0.000027645 2750 0.000020057 add_time= 0.000063927
2500 0.000061673 2500 0.000016036 add_time= 0.000092152
2550 0.000104701 2550 0.000006992 add_time= 0.000131260
2970 0.000077887 2970 0.000006971 add_time= 0.000109461
1250 0.000071081 1250 0.000006850 add_time= 0.000097109
2500 0.000194620 2500 0.000015542 add_time= 0.000227575
2750 0.000038750 2750 0.000028133 add_time= 0.000082933
2805 0.000044957 2805 0.000006689 add_time= 0.000067368
2550 0.000108810 2550 0.000017488 add_time= 0.000141287
2600 0.000139600 2600 0.000015629 add_time= 0.000171096
2750 0.000120710 2750 0.000006622 add_time= 0.000142583
2550 0.000203650 2550 0.000007612 add_time= 0.000227728
2860 0.000113632 2860 0.000013664 add_time= 0.000143593
2860 0.000017010 2860 0.000017181 add_time= 0.000048632
1375 0.000099579 1375 0.000012431 add_time= 0.000125776
2500 0.000055386 2500 0.000007201 add_time= 0.000077984
2500 0.000080393 2500 0.000007255 add_time= 0.000101755
2500 0.000264065 2500 0.000008002 add_time= 0.000288687
2500 0.000007328 2500 0.000014185 add_time= 0.000036143
2915 0.000068679 2915 0.000006734 add_time= 0.000091681
2754 0.000062854 2754 0.000006386 add_time= 0.000083793
2550 0.000072251 2550 0.000021416 add_time= 0.000107251
2550 0.000069669 2550 0.000006910 add_time= 0.000093410
2600 0.000099685 2600 0.000006690 add_time= 0.000120405
2750 0.000046027 2750 0.000012165 add_time= 0.000079353
2700 0.000049864 2700 0.000006097 add_time= 0.000069488
2601 0.000075450 2601 0.000006271 add_time= 0.000104105
2500 0.000062225 2500 0.000018203 add_time= 0.000094621
2650 0.000467252 2650 0.000006791 add_time= 0.000499687
2500 0.000145523 2500 0.000006412 add_time= 0.000177198
2500 0.000117546 2500 0.000007009 add_time= 0.000149337
2750 0.000080640 2750 0.000016043 add_time= 0.000109753
2700 0.000162029 2700 0.000006310 add_time= 0.000181778
2650 0.000062474 2650 0.000006215 add_time= 0.000081878
2750 0.000384007 2750 0.000007673 add_time= 0.000408723
2750 0.000096728 2750 0.000006570 add_time= 0.000117107
2750 0.000074973 2750 0.000006533 add_time= 0.000094720
2550 0.000085791 2550 0.000025965 add_time= 0.000125544
2550 0.000043936 2550 0.000006183 add_time= 0.000062990
2550 0.000079527 2550 0.000006127 add_time= 0.000098705
2650 0.000476104 2650 0.000007323 add_time= 0.000499732
2550 0.000013616 2550 0.000015702 add_time= 0.000053509
2805 0.000117679 2805 0.000006425 add_time= 0.000137421
2500 0.000068927 2500 0.000005963 add_time= 0.000087746
2500 0.000113584 2500 0.000015061 add_time= 0.000152630
2500 0.000288902 2500 0.000007650 add_time= 0.000312453
2550 0.000119994 2550 0.000006655 add_time= 0.000140767
2700 0.000080156 2700 0.000006252 add_time= 0.000099889
1275 0.000126418 1275 0.000024620 add_time= 0.000168905
2550 0.000067490 2550 0.000006727 add_time= 0.000095564
2750 0.000074503 2750 0.000006519 add_time= 0.000094745
2500 0.000045378 2500 0.000008770 add_time= 0.000081938
2756 0.000057711 2756 0.000006206 add_time= 0.000078823
2600 0.000007234 2600 0.000027236 add_time= 0.000047676
2750 0.000294999 2750 0.000006893 add_time= 0.000317431
2550 0.000380758 2550 0.000048560 add_time= 0.000452165
2750 0.000089980 2750 0.000007591 add_time= 0.000112999
2500 0.000482450 2500 0.000027509 add_time= 0.000526096
2600 0.000073474 2600 0.000006197 add_time= 0.000093830
2550 0.000006794 2550 0.000026237 add_time= 0.000046734
1375 0.000295163 1375 0.000006472 add_time= 0.000315276
2500 0.000239328 2500 0.000007152 add_time= 0.000260645
1275 0.000069003 1275 0.000012297 add_time= 0.000094514
2650 0.000107617 2650 0.000041513 add_time= 0.000171976
1375 0.000006024 1375 0.000015834 add_time= 0.000035011
2750 0.000085371 2750 0.000007952 add_time= 0.000133845
2805 0.000070444 2805 0.000018687 add_time= 0.000116343
2700 0.000132162 2700 0.000007232 add_time= 0.000154711
2915 0.000074348 2915 0.000007687 add_time= 0.000099927
2750 0.000095385 2750 0.000013490 add_time= 0.000124304
2750 0.000046836 2750 0.000007144 add_time= 0.000069704
2703 0.000195705 2703 0.000006801 add_time= 0.000225845
2805 0.000219017 2805 0.000006645 add_time= 0.000240218
2750 0.000232771 2750 0.000026580 add_time= 0.000284243
2500 0.000068296 2500 0.000007412 add_time= 0.000091205
