2750 0.000247484 2750 0.000014644 add_time= 0.001801764
2805 0.000072718 2805 0.000007804 add_time= 0.000096634
1375 0.000160387 1375 0.000006577 add_time= 0.000182294
2500 0.000081450 2500 0.000009580 add_time= 0.000116533
2750 0.000065056 2750 0.000006850 add_time= 0.000087295
2750 0.000059565 2750 0.000006252 add_time= 0.000080982
2700 0.000107338 2700 0.000014549 add_time= 0.000205484
2500 0.000086662 2500 0.000009736 add_time= 0.000112540
2970 0.000076123 2970 0.000008819 add_time= 0.000102517
2550 0.000807183 2550 0.000007386 add_time= 0.000836338
2550 0.000130664 2550 0.000011839 add_time= 0.000171914
2550 0.000134595 2550 0.000045414 add_time= 0.000196016
2756 0.000332597 2756 0.000008448 add_time= 0.000402387
2500 0.000067671 2500 0.000006926 add_time= 0.000091190
2750 0.000099795 2750 0.000007504 add_time= 0.000124636
2500 0.000769047 2500 0.000008301 add_time= 0.000799567
2500 0.000008070 2500 0.000017090 add_time= 0.000060807
2750 0.000318754 2750 0.000007155 add_time= 0.000342352
2750 0.000362042 2750 0.000019865 add_time= 0.000406897
2750 0.000153851 2750 0.000006905 add_time= 0.000177222
2550 0.000103934 2550 0.000007501 add_time= 0.000128745
2650 0.000153996 2650 0.000010683 add_time= 0.000272653
2805 0.000063153 2805 0.000012389 add_time= 0.000120978
2650 0.000143178 2650 0.000014660 add_time= 0.001808683
3025 0.000134090 3025 0.000008461 add_time= 0.000168840
2750 0.000099377 2750 0.000008533 add_time= 0.000123718
2970 0.000103175 2970 0.000010257 add_time= 0.000140769
2750 0.000058268 2750 0.000007105 add_time= 0.000081738
2550 0.000121464 2550 0.000007063 add_time= 0.000149980
1250 0.000112916 1250 0.000006553 add_time= 0.000134081
2500 0.000452444 2500 0.000032292 add_time= 0.000610842
3025 0.000009477 3025 0.000037920 add_time= 0.000074746
2700 0.000277200 2700 0.000017013 add_time= 0.000320832
2750 0.000260036 2750 0.000019414 add_time= 0.000311662
2750 0.000222947 2750 0.000007498 add_time= 0.000257934
2700 0.000163315 2700 0.000028257 add_time= 0.000217881
2703 0.000334698 2703 0.000009791 add_time= 0.000373607
2550 0.000445483 2550 0.000024435 add_time= 0.000486642
2750 0.000161091 2750 0.000006297 add_time= 0.000182964
2703 0.000461611 2703 0.000007773 add_time= 0.000491275
2500 0.000157910 2500 0.000007843 add_time= 0.000193249
1375 0.000044715 1375 0.000006393 add_time= 0.000067388
2500 0.000206827 2500 0.000009269 add_time= 0.000240763
2650 0.000018559 2650 0.000025683 add_time= 0.000074306
2970 0.000061837 2970 0.000006862 add_time= 0.000085630
3025 0.000081773 3025 0.000031249 add_time= 0.000136574
2750 0.000147044 2750 0.000010743 add_time= 0.000289755
2750 0.000061137 2750 0.000008465 add_time= 0.000105579
2550 0.000035202 2550 0.000008296 add_time= 0.000070159
2600 0.000099124 2600 0.000013025 add_time= 0.001431451
1250 0.000186875 1250 0.000006895 add_time= 0.000209470
3025 0.000056763 3025 0.000006913 add_time= 0.000080951
2550 0.000100972 2550 0.000007291 add_time= 0.000123283
2500 0.000038473 2500 0.000005855 add_time= 0.000057788
2600 0.000185985 2600 0.000007360 add_time= 0.000211508
3025 0.000032021 3025 0.000006502 add_time= 0.000069989
2500 0.000059140 2500 0.000006253 add_time= 0.000079516
2601 0.000088901 2601 0.000006903 add_time= 0.000112122
2750 0.000043704 2750 0.000006897 add_time= 0.000066445
2500 0.000030653 2500 0.000013382 add_time= 0.000088147
2704 0.000025482 2704 0.000008444 add_time= 0.000054150
2750 0.000116963 2750 0.000006898 add_time= 0.000141338
1250 0.000039199 1250 0.000005841 add_time= 0.000061260
2550 0.000093530 2550 0.000007582 add_time= 0.000117955
2700 0.000072135 2700 0.000010531 add_time= 0.000098244
2750 0.000293538 2750 0.000006520 add_time= 0.000315643
2600 0.000069863 2600 0.000029785 add_time= 0.000116009
2750 0.000025928 2750 0.000006677 add_time= 0.000056688
2550 0.000063824 2550 0.000015126 add_time= 0.000094500
2500 0.000108814 2500 0.000006508 add_time= 0.000131283
2600 0.000199540 2600 0.000007930 add_time= 0.000251389
2600 0.000037691 2600 0.000009661 add_time= 0.000062620
3025 0.000122792 3025 0.000013980 add_time= 0.000155594
2550 0.000181236 2550 0.000006546 add_time= 0.000202861
2550 0.000389569 2550 0.000005854 add_time= 0.000409855
2860 0.000309839 2860 0.000006833 add_time= 0.000334118
2860 0.000264976 2860 0.000007737 add_time= 0.000291176
3025 0.000078586 3025 0.000007290 add_time= 0.000104134
3025 0.000202492 3025 0.000007013 add_time= 0.000226457
2550 0.000395247 2550 0.000019226 add_time= 0.000431435
2860 0.000195913 2860 0.000006921 add_time= 0.000219921
2600 0.000025337 2600 0.000006599 add_time= 0.000050858
1300 0.000023803 1300 0.000006148 add_time= 0.000043752
2500 0.000048076 2500 0.000006345 add_time= 0.000068709
2860 0.000079935 2860 0.000007264 add_time= 0.000103922
2500 0.000094393 2500 0.000006854 add_time= 0.000116648
2700 0.000047713 2700 0.000007021 add_time= 0.000070347
625 0.000005317 625 0.000009311 add_time= 0.000032031
2860 0.000023617 2860 0.000008538 add_time= 0.000123252
2652 0.000055194 2652 0.000007210 add_time= 0.000096330
3025 0.000060564 3025 0.000007410 add_time= 0.000105443
2500 0.000026757 2500 0.000007419 add_time= 0.000056359
2550 0.000086538 2550 0.000008164 add_time= 0.000120061
2750 0.000039429 2750 0.000008213 add_time= 0.000074093
2550 0.000445155 2550 0.000008562 add_time= 0.000478777
2500 0.000508427 2500 0.000006861 add_time= 0.000540605
1250 0.000399301 1250 0.000006535 add_time= 0.000429528
2600 0.000024391 2600 0.000006625 add_time= 0.000045549
2808 0.000399766 2808 0.000008218 add_time= 0.000425518
2600 0.000018404 2600 0.000024453 add_time= 0.000057774
2860 0.000231875 2860 0.000007069 add_time= 0.000257018
2750 0.000134458 2750 0.000007219 add_time= 0.000158662
2915 0.000055902 2915 0.000007189 add_time= 0.000080204
2550 0.000059835 2550 0.000007556 add_time= 0.000083674
2600 0.000204910 2600 0.000006276 add_time= 0.000233387
1275 0.000006166 1275 0.000094259 add_time= 0.000114980
2600 0.000099340 2600 0.000006648 add_time= 0.000122452
1250 0.000285674 1250 0.000006342 add_time= 0.000305842
2500 0.000117076 2500 0.000007043 add_time= 0.000140318
2500 0.000146091 2500 0.000010745 add_time= 0.000172906
2750 0.000201904 2750 0.000006908 add_time= 0.000225159
2500 0.000005733 2500 0.000022741 add_time= 0.000042155
2860 0.000280695 2860 0.000006783 add_time= 0.000304060
2860 0.000121395 2860 0.000005895 add_time= 0.000142181
2500 0.000108364 2500 0.000006368 add_time= 0.000130439
2703 0.000171622 2703 0.000012863 add_time= 0.000200706
3025 0.000016605 3025 0.000021415 add_time= 0.000054991
1250 0.000008279 1250 0.000016977 add_time= 0.000037419
2600 0.000092105 2600 0.000006474 add_time= 0.000115008
3025 0.000233709 3025 0.000006809 add_time= 0.000257944
2750 0.000116717 2750 0.000017896 add_time= 0.000156669
2500 0.000127705 2500 0.000007562 add_time= 0.000151479
2700 0.000007197 2700 0.000024254 add_time= 0.000059020
2500 0.000121724 2500 0.000007836 add_time= 0.000166234
2704 0.000040746 2704 0.000007120 add_time= 0.000064205
2600 0.000103926 2600 0.000006549 add_time= 0.000126312
2500 0.000376380 2500 0.000007111 add_time= 0.000404646
2550 0.000285585 2550 0.000018875 add_time= 0.000320939
2500 0.000348021 2500 0.000006220 add_time= 0.000369010
2500 0.000015728 2500 0.000014545 add_time= 0.000044735
2600 0.000235601 2600 0.000010224 add_time= 0.000263457
2500 0.000248760 2500 0.000006969 add_time= 0.000272810
2550 0.000101740 2550 0.000007082 add_time= 0.000134733
2550 0.000153715 2550 0.000006661 add_time= 0.000176791
2970 0.000046248 2970 0.000007112 add_time= 0.000071251
1350 0.000006524 1350 0.000025159 add_time= 0.000047586
2860 0.000069266 2860 0.000007756 add_time= 0.000101836
2500 0.000051698 2500 0.000007255 add_time= 0.000075444
2550 0.000048536 2550 0.000006712 add_time= 0.000076617
1275 0.000147159 1275 0.000006441 add_time= 0.000168856
2600 0.000006750 2600 0.000090552 add_time= 0.000114268
2500 0.000049799 2500 0.000008140 add_time= 0.000097134
2860 0.000055350 2860 0.000007432 add_time= 0.000096040
2750 0.000038944 2750 0.000008994 add_time= 0.000077397
2550 0.000028299 2550 0.000016160 add_time= 0.000070669
2500 0.000040128 2500 0.000135680 add_time= 0.000201638
2500 0.000086775 2500 0.000007154 add_time= 0.000112067
2750 0.000122333 2750 0.000007181 add_time= 0.000146756
2500 0.000053112 2500 0.000006351 add_time= 0.000075291
2550 0.000062317 2550 0.000006219 add_time= 0.000084575
2550 0.000036827 2550 0.000005895 add_time= 0.000057073
2500 0.000007193 2500 0.000022467 add_time= 0.000045660
2550 0.000306834 2550 0.000007489 add_time= 0.000331349
3025 0.000025373 3025 0.000007399 add_time= 0.000050484
2750 0.000113314 2750 0.000007304 add_time= 0.000137762
2601 0.000046342 2601 0.000006408 add_time= 0.000068927
2750 0.000115408 2750 0.000007257 add_time= 0.000158835
2650 0.000574264 2650 0.000008640 add_time= 0.000606594
2750 0.000181122 2750 0.000007296 add_time= 0.000206154
2550 0.000109238 2550 0.000006334 add_time= 0.000131984
2754 0.000135319 2754 0.000007470 add_time= 0.000166095
2650 0.000134522 2650 0.000006528 add_time= 0.000156235
2700 0.000149507 2700 0.000007183 add_time= 0.000180965
2750 0.000691513 2750 0.000006436 add_time= 0.000734966
2500 0.000025025 2500 0.000006984 add_time= 0.000048351
2550 0.000106394 2550 0.000006913 add_time= 0.000129979
2650 0.000007423 2650 0.000024530 add_time= 0.000054253
2500 0.000268798 2500 0.000007474 add_time= 0.000293324
2750 0.000158962 2750 0.000006964 add_time= 0.000182460
2500 0.000126294 2500 0.000006347 add_time= 0.000148887
2754 0.000177110 2754 0.000007391 add_time= 0.000201291
2500 0.000006877 2500 0.000031676 add_time= 0.000054577
2652 0.000171158 2652 0.000015675 add_time= 0.000204260
2500 0.000100524 2500 0.000006840 add_time= 0.000123723
2550 0.000092982 2550 0.000006754 add_time= 0.000125267
2550 0.000040927 2550 0.000005928 add_time= 0.000061118
2700 0.000085063 2700 0.000006820 add_time= 0.000108353
2650 0.000271224 2650 0.000007137 add_time= 0.000296036
2500 0.000109529 2500 0.000007880 add_time= 0.000141542
2500 0.000053322 2500 0.000007059 add_time= 0.000076787
2601 0.000048042 2601 0.000006716 add_time= 0.000071198
2500 0.000065862 2500 0.000007093 add_time= 0.000088941
2600 0.000160764 2600 0.000007984 add_time= 0.000193941
2500 0.000132030 2500 0.000007398 add_time= 0.000154871
2750 0.000104400 2750 0.000008501 add_time= 0.000132709
3025 0.000147591 3025 0.000011934 add_time= 0.000178621
2601 0.000084655 2601 0.000007255 add_time= 0.000108110
2754 0.000244681 2754 0.000011360 add_time= 0.000272810
1250 0.000023922 1250 0.000009051 add_time= 0.000048288
2704 0.000108491 2704 0.000007320 add_time= 0.000132517
1250 0.000046837 1250 0.000005998 add_time= 0.000067280
2500 0.000101669 2500 0.000009719 add_time= 0.000126346
1250 0.000187438 1250 0.000006360 add_time= 0.000208539
2754 0.000046630 2754 0.000006938 add_time= 0.000068836
1275 0.000005493 1275 0.000009020 add_time= 0.000028736
2500 0.000083514 2500 0.000008160 add_time= 0.000115516
2600 0.000091242 2600 0.000006886 add_time= 0.000121985
2500 0.000093238 2500 0.000007180 add_time= 0.000116004
2805 0.000061915 2805 0.000014875 add_time= 0.000093698
2750 0.000038388 2750 0.000006994 add_time= 0.000063027
1250 0.000010742 1250 0.000013338 add_time= 0.000040852
2600 0.000086958 2600 0.000008443 add_time= 0.000147124
2700 0.000043105 2700 0.000007927 add_time= 0.000080132
2750 0.000033989 2750 0.000007892 add_time= 0.000070651
2500 0.000060361 2500 0.000007851 add_time= 0.000104750
3025 0.000036051 3025 0.000007867 add_time= 0.000083450
2652 0.000120172 2652 0.000006459 add_time= 0.000151522
2805 0.000048111 2805 0.000006903 add_time= 0.000072479
2700 0.000030749 2700 0.000006548 add_time= 0.000056992
2550 0.000090037 2550 0.000007324 add_time= 0.000113558
2550 0.000167150 2550 0.000006964 add_time= 0.000199750
2500 0.000006310 2500 0.000023250 add_time= 0.000043439
2550 0.000072127 2550 0.000006736 add_time= 0.000095423
2970 0.000069661 2970 0.000010179 add_time= 0.000097294
2652 0.000045306 2652 0.000007582 add_time= 0.000081344
2970 0.000037379 2970 0.000007309 add_time= 0.000062214
1250 0.000012977 1250 0.000013159 add_time= 0.000041078
2704 0.000076720 2704 0.000006747 add_time= 0.000100759
2700 0.000188450 2700 0.000007766 add_time= 0.000213190
2500 0.000095326 2500 0.000006224 add_time= 0.000117232
2805 0.000060357 2805 0.000006660 add_time= 0.000083170
2754 0.000066538 2754 0.000007077 add_time= 0.000088632
2500 0.000577579 2500 0.000007733 add_time= 0.000609604
3025 0.000025501 3025 0.000007242 add_time= 0.000053644
2750 0.000135923 2750 0.000007226 add_time= 0.000164594
2652 0.000061046 2652 0.000007301 add_time= 0.000088466
2750 0.000310141 2750 0.000008315 add_time= 0.000338474
1275 0.000011218 1275 0.000014769 add_time= 0.000042215
2750 0.000467972 2750 0.000007784 add_time= 0.000495282
2750 0.000043255 2750 0.000015925 add_time= 0.000079486
2750 0.000085754 2750 0.000007190 add_time= 0.000109946
2500 0.000031702 2500 0.000006177 add_time= 0.000056321
2601 0.000064030 2601 0.000005810 add_time= 0.000092800
2750 0.000007258 2750 0.000024023 add_time= 0.000048415
2600 0.000146374 2600 0.000006698 add_time= 0.000171038
2750 0.000236959 2750 0.000006767 add_time= 0.000260040
2500 0.003737446 2500 0.000007555 add_time= 0.003761163
1275 0.000005195 1275 0.000015048 add_time= 0.000033236
2500 0.000527209 2500 0.000006667 add_time= 0.000550006
2915 0.000106136 2915 0.000006531 add_time= 0.000129335
2550 0.000623241 2550 0.000007143 add_time= 0.000647124
2805 0.000106868 2805 0.000007083 add_time= 0.000130614
2700 0.000132046 2700 0.000006713 add_time= 0.000163691
2600 0.000074842 2600 0.000007106 add_time= 0.000098984
2808 0.000115506 2808 0.000006511 add_time= 0.000138204
2805 0.000045562 2805 0.000005998 add_time= 0.000066433
2550 0.000086930 2550 0.000006236 add_time= 0.000107386
2750 0.000059339 2750 0.000006953 add_time= 0.000082854
2652 0.000028815 2652 0.000006419 add_time= 0.000049893
2500 0.000007220 2500 0.000015070 add_time= 0.000038574
2860 0.000115146 2860 0.000009523 add_time= 0.000168276
2600 0.000082999 2600 0.000007460 add_time= 0.000106576
2700 0.000211269 2700 0.000008078 add_time= 0.000247735
2703 0.000163741 2703 0.000006388 add_time= 0.000184965
2550 0.000118390 2550 0.000010624 add_time= 0.000153149
2650 0.000198171 2650 0.000006970 add_time= 0.000220288
1250 0.000013087 1250 0.000015487 add_time= 0.000043800
2600 0.000274863 2600 0.000006691 add_time= 0.000306227
2750 0.000060666 2750 0.000006994 add_time= 0.000084531
2500 0.000271177 2500 0.000006645 add_time= 0.000293703
2652 0.000185001 2652 0.000006823 add_time= 0.000206752
2600 0.000104645 2600 0.000006742 add_time= 0.000128261
2652 0.000241745 2652 0.000006739 add_time= 0.000267413
2600 0.000063253 2600 0.000007436 add_time= 0.000087439
2970 0.000043536 2970 0.000006461 add_time= 0.000065848
2601 0.000055444 2601 0.000006054 add_time= 0.000076283
2860 0.000053318 2860 0.000006111 add_time= 0.000074392
2600 0.000154464 2600 0.000008223 add_time= 0.000200552
2500 0.000030952 2500 0.000008516 add_time= 0.000067751
2500 0.000087998 2500 0.000007692 add_time= 0.000130467
2500 0.000038271 2500 0.000008344 add_time= 0.000073289
2500 0.000023406 2500 0.000008243 add_time= 0.000057982
2750 0.000091897 2750 0.000007541 add_time= 0.000125912
2600 0.000026834 2600 0.000007518 add_time= 0.000072692
2550 0.000057979 2550 0.000013411 add_time= 0.000087559
2805 0.000103528 2805 0.000006715 add_time= 0.000126384
2550 0.000131903 2550 0.000006340 add_time= 0.000152449
2805 0.000014084 2805 0.000025371 add_time= 0.000056301
1250 0.000005160 1250 0.000013943 add_time= 0.000032074
2500 0.000059351 2500 0.000006644 add_time= 0.000081671
2500 0.000053431 2500 0.000006632 add_time= 0.000075659
2600 0.000280675 2600 0.000006848 add_time= 0.000302900
2652 0.000079751 2652 0.000007014 add_time= 0.000102558
2550 0.000042933 2550 0.000007019 add_time= 0.000065502
2750 0.000015187 2750 0.000015602 add_time= 0.000045321
2756 0.000122649 2756 0.000007045 add_time= 0.000147425
2860 0.000039970 2860 0.000006161 add_time= 0.000061090
2750 0.000069227 2750 0.000006797 add_time= 0.000095779
2550 0.000099522 2550 0.000007291 add_time= 0.000144932
2700 0.000040504 2700 0.000006605 add_time= 0.000063397
2750 0.000017726 2750 0.000015357 add_time= 0.000048794
2652 0.000162989 2652 0.000007031 add_time= 0.000186101
2500 0.000039512 2500 0.000006636 add_time= 0.000060489
2750 0.000037160 2750 0.000006645 add_time= 0.000059480
2652 0.000038803 2652 0.000007296 add_time= 0.000061754
2750 0.000113709 2750 0.000007590 add_time= 0.000147873
2860 0.000200056 2860 0.000009219 add_time= 0.000240656
2652 0.000062565 2652 0.000007039 add_time= 0.000086121
2750 0.000311637 2750 0.000015606 add_time= 0.000344163
2703 0.000123821 2703 0.000006129 add_time= 0.000144812
1250 0.000605384 1250 0.000006537 add_time= 0.000633898
2750 0.000107420 2750 0.000007461 add_time= 0.000133534
2600 0.000043029 2600 0.000007023 add_time= 0.000066085
2550 0.000143852 2550 0.000006529 add_time= 0.000184772
2703 0.000125582 2703 0.000005986 add_time= 0.000151921
2500 0.000156951 2500 0.000006214 add_time= 0.000176941
1300 0.000006135 1300 0.000015283 add_time= 0.000035775
2500 0.000048228 2500 0.000006402 add_time= 0.000072173
2600 0.000047528 2600 0.000007309 add_time= 0.000071883
2805 0.000031402 2805 0.000006384 add_time= 0.000053349
2500 0.000310634 2500 0.000006848 add_time= 0.000331964
1275 0.000116929 1275 0.000005268 add_time= 0.000134969
2500 0.000119091 2500 0.000006767 add_time= 0.000142398
2500 0.000041984 2500 0.000006929 add_time= 0.000065731
2650 0.000077494 2650 0.000006651 add_time= 0.000101749
2915 0.000326718 2915 0.000006197 add_time= 0.000348698
2550 0.000165424 2550 0.000006996 add_time= 0.000196328
2750 0.000060873 2750 0.000011099 add_time= 0.000087498
2550 0.000030527 2550 0.000007144 add_time= 0.000054964
2600 0.000034516 2600 0.000006171 add_time= 0.000066789
2550 0.000192670 2550 0.000005940 add_time= 0.000213100
3025 0.000048156 3025 0.000019390 add_time= 0.000085026
2500 0.000156613 2500 0.000007133 add_time= 0.000181119
2750 0.000007350 2750 0.000016328 add_time= 0.000040482
2600 0.000194181 2600 0.000007617 add_time= 0.000253812
2500 0.000141516 2500 0.000007962 add_time= 0.000167078
2550 0.000275584 2550 0.000019254 add_time= 0.000320745
2550 0.000071540 2550 0.000007364 add_time= 0.000113621
2600 0.000246759 2600 0.000015694 add_time= 0.000279320
3025 0.000027993 3025 0.000015919 add_time= 0.000076343
1250 0.000350824 1250 0.000007044 add_time= 0.000378002
2860 0.000058174 2860 0.000021630 add_time= 0.000096981
2500 0.000061627 2500 0.000006780 add_time= 0.000085235
1250 0.000064272 1250 0.000006036 add_time= 0.000083546
2550 0.000125075 2550 0.000005975 add_time= 0.000145460
2860 0.000362526 2860 0.000019620 add_time= 0.000399480
2750 0.000075891 2750 0.000006791 add_time= 0.000102030
2650 0.000131537 2650 0.000014828 add_time= 0.000163291
2500 0.000080588 2500 0.000005919 add_time= 0.000101176
2500 0.000089074 2500 0.000007151 add_time= 0.000134544
2650 0.000172562 2650 0.000006323 add_time= 0.000202742
2750 0.000007066 2750 0.000025595 add_time= 0.000047495
2860 0.000093680 2860 0.000009127 add_time= 0.000152440
2750 0.000065779 2750 0.000008594 add_time= 0.000112402
2500 0.000072339 2500 0.000007389 add_time= 0.000118902
2550 0.000008324 2550 0.000008456 add_time= 0.000044886
2700 0.000037720 2700 0.000007103 add_time= 0.000079707
2500 0.000036544 2500 0.000008028 add_time= 0.000080442
1250 0.000028547 1250 0.000016599 add_time= 0.000078747
2500 0.000089182 2500 0.000006725 add_time= 0.000121934
2500 0.000063132 2500 0.000006748 add_time= 0.000095076
2750 0.000103874 2750 0.000006545 add_time= 0.000126848
2550 0.000105816 2550 0.000006699 add_time= 0.000128916
2500 0.000049176 2500 0.000014860 add_time= 0.000080668
2750 0.000162481 2750 0.000006782 add_time= 0.000189659
2750 0.000163638 2750 0.000007723 add_time= 0.000188300
2750 0.000096199 2750 0.000006418 add_time= 0.000117721
2805 0.000129402 2805 0.000008161 add_time= 0.000154297
2600 0.000077855 2600 0.000007716 add_time= 0.000102277
2500 0.000088213 2500 0.000007675 add_time= 0.000124898
2500 0.000059723 2500 0.000027006 add_time= 0.000104847
2700 0.000074099 2700 0.000006059 add_time= 0.000099715
2500 0.000076934 2500 0.000005800 add_time= 0.000097506
1250 0.000140007 1250 0.000006094 add_time= 0.000162696
2500 0.000061907 2500 0.000006755 add_time= 0.000086013
2600 0.000163655 2600 0.000008078 add_time= 0.000192922
2500 0.000086705 2500 0.000006764 add_time= 0.000109873
3025 0.000074212 3025 0.000006938 add_time= 0.000102603
2500 0.000146660 2500 0.000016502 add_time= 0.000180463
2500 0.000029322 2500 0.000015309 add_time= 0.000061355
2600 0.000194110 2600 0.000007134 add_time= 0.000222560
2550 0.000082135 2550 0.000006902 add_time= 0.000116913
2500 0.000063776 2500 0.000024600 add_time= 0.000103821
3025 0.000107029 3025 0.000006761 add_time= 0.000130352
2754 0.000122693 2754 0.000006654 add_time= 0.000153722
2500 0.000104171 2500 0.000007007 add_time= 0.000138143
1275 0.000012115 1275 0.000010736 add_time= 0.000048332
2600 0.000093432 2600 0.000007051 add_time= 0.000129712
3025 0.000057561 3025 0.000007197 add_time= 0.000085272
2750 0.000073835 2750 0.000006724 add_time= 0.000097528
3025 0.000072374 3025 0.000006918 add_time= 0.000110506
2550 0.000129697 2550 0.000006829 add_time= 0.000167532
2600 0.000094543 2600 0.000006801 add_time= 0.000117431
1350 0.000020296 1350 0.000073204 add_time= 0.000115283
2500 0.000054467 2500 0.000007539 add_time= 0.000085371
2500 0.000147094 2500 0.000008047 add_time= 0.000194843
2750 0.000065674 2750 0.000006810 add_time= 0.000090864
2862 0.000293115 2862 0.000007454 add_time= 0.000319915
1250 0.000005194 1250 0.000015261 add_time= 0.000047544
2500 0.000517314 2500 0.000006767 add_time= 0.000542186
2805 0.000103820 2805 0.000007526 add_time= 0.000139883
1250 0.000021398 1250 0.000006669 add_time= 0.000044322
2805 0.000096151 2805 0.000007390 add_time= 0.000123475
2500 0.000359587 2500 0.000016331 add_time= 0.000392331
1375 0.000005131 1375 0.000015353 add_time= 0.000033441
2652 0.000193440 2652 0.000007221 add_time= 0.000218418
2860 0.000290336 2860 0.000010585 add_time= 0.000317149
2500 0.000105502 2500 0.000006624 add_time= 0.000127987
2550 0.000063156 2550 0.000006794 add_time= 0.000085700
2550 0.000046813 2550 0.000006240 add_time= 0.000074826
2550 0.000170063 2550 0.000006878 add_time= 0.000199835
2600 0.000079973 2600 0.000008992 add_time= 0.000113229
2550 0.000180031 2550 0.000006691 add_time= 0.000202691
2500 0.000074069 2500 0.000007051 add_time= 0.000098452
1275 0.000062758 1275 0.000005767 add_time= 0.000082734
2500 0.000240121 2500 0.000010290 add_time= 0.000266385
1375 0.000005858 1375 0.000014891 add_time= 0.000035517
2500 0.000221029 2500 0.000008064 add_time= 0.000265472
2500 0.000165665 2500 0.000006927 add_time= 0.000192140
2805 0.000099212 2805 0.000007693 add_time= 0.000127714
2805 0.000036492 2805 0.000008888 add_time= 0.000060262
2500 0.000121037 2500 0.000007813 add_time= 0.000148500
2700 0.000102309 2700 0.000007441 add_time= 0.000128329
2550 0.000153368 2550 0.000006999 add_time= 0.000180073
2750 0.000119711 2750 0.000007335 add_time= 0.000147553
2754 0.000470856 2754 0.000007140 add_time= 0.000495064
2750 0.000237849 2750 0.000007354 add_time= 0.000265810
2500 0.000055654 2500 0.000007172 add_time= 0.000082721
2652 0.000077038 2652 0.000005882 add_time= 0.000096659
2750 0.000107746 2750 0.000006413 add_time= 0.000127543
2500 0.000064747 2500 0.000005819 add_time= 0.000084055
2652 0.000088476 2652 0.000006083 add_time= 0.000107583
2600 0.000062721 2600 0.000005693 add_time= 0.000088366
2650 0.000005372 2650 0.000023897 add_time= 0.000050556
2600 0.000087404 2600 0.000008417 add_time= 0.000146691
2500 0.000032022 2500 0.000008296 add_time= 0.000070506
2500 0.000032136 2500 0.000007637 add_time= 0.000064542
2550 0.000102806 2550 0.000008238 add_time= 0.000136205
2650 0.000042268 2650 0.000007426 add_time= 0.000075055
2750 0.000026873 2750 0.000008204 add_time= 0.000061990
2500 0.000151181 2500 0.000006462 add_time= 0.000172467
2600 0.000039425 2600 0.000013955 add_time= 0.000067340
3025 0.000110412 3025 0.000007146 add_time= 0.000134296
2750 0.000039874 2750 0.000007108 add_time= 0.000069796
2700 0.000148429 2700 0.000006636 add_time= 0.000170679
2750 0.000007046 2750 0.000032926 add_time= 0.000055399
2500 0.000106009 2500 0.000006582 add_time= 0.000128191
2808 0.000075662 2808 0.000006132 add_time= 0.000104139
2860 0.000055818 2860 0.000005912 add_time= 0.000074807
2750 0.000128137 2750 0.000013430 add_time= 0.000154626
2805 0.000055113 2805 0.000006477 add_time= 0.000085385
2700 0.000085250 2700 0.000007042 add_time= 0.000107664
1250 0.000022503 1250 0.000008559 add_time= 0.000043762
2860 0.000084457 2860 0.000007493 add_time= 0.000110046
2500 0.000094190 2500 0.000006325 add_time= 0.000114223
2500 0.000060791 2500 0.000006843 add_time= 0.000082419
2500 0.000049219 2500 0.000008549 add_time= 0.000072815
2500 0.000084017 2500 0.000006882 add_time= 0.000107760
2704 0.000046003 2704 0.000007024 add_time= 0.000069195
2652 0.000088489 2652 0.000005570 add_time= 0.000107709
2750 0.000097837 2750 0.000006871 add_time= 0.000120013
2750 0.000063904 2750 0.000006615 add_time= 0.000086318
2600 0.000074470 2600 0.000011960 add_time= 0.000101886
2600 0.000014175 2600 0.000013322 add_time= 0.000040928
2500 0.000364591 2500 0.000006835 add_time= 0.000387045
2600 0.000037581 2600 0.000006390 add_time= 0.000057376
3025 0.000043121 3025 0.000013200 add_time= 0.000072223
2601 0.000053677 2601 0.000013847 add_time= 0.000082031
2750 0.000015392 2750 0.000015700 add_time= 0.000057263
2500 0.000071879 2500 0.000006807 add_time= 0.000095793
2500 0.000048271 2500 0.000006268 add_time= 0.000069213
2750 0.000109122 2750 0.000006629 add_time= 0.000131230
2550 0.000042955 2550 0.000006479 add_time= 0.000064169
2750 0.000075556 2750 0.000006996 add_time= 0.000097712
1250 0.000011035 1250 0.000016318 add_time= 0.000038636
2600 0.000204713 2600 0.000009412 add_time= 0.000243287
2500 0.000104101 2500 0.000006562 add_time= 0.000126049
2500 0.000042709 2500 0.000006384 add_time= 0.000065337
2600 0.000115919 2600 0.000014745 add_time= 0.000147173
2750 0.000204300 2750 0.000007845 add_time= 0.000239300
2550 0.000016409 2550 0.000031830 add_time= 0.000063217
2652 0.000151534 2652 0.000007737 add_time= 0.000195592
2500 0.000131418 2500 0.000008223 add_time= 0.000166676
2550 0.000398834 2550 0.000006387 add_time= 0.000421589
2500 0.000033238 2500 0.000010689 add_time= 0.000060054
1250 0.000005812 1250 0.000015679 add_time= 0.000036636
2600 0.000149081 2600 0.000006415 add_time= 0.000172493
2750 0.000084324 2750 0.000007362 add_time= 0.000123893
3025 0.000216489 3025 0.000006571 add_time= 0.000239782
2550 0.000037425 2550 0.000019264 add_time= 0.000073060
2916 0.000120628 2916 0.000007108 add_time= 0.000149769
1375 0.000004874 1375 0.000023631 add_time= 0.000041911
2750 0.000200497 2750 0.000007042 add_time= 0.000236189
3025 0.000174246 3025 0.000006843 add_time= 0.000198473
2750 0.000048035 2750 0.000006064 add_time= 0.000068470
2601 0.000212032 2601 0.000006729 add_time= 0.000234923
2500 0.000173731 2500 0.000006421 add_time= 0.000195861
2500 0.000097878 2500 0.000008334 add_time= 0.000123026
1250 0.000067349 1250 0.000012032 add_time= 0.000096715
2700 0.000026794 2700 0.000006689 add_time= 0.000050315
2500 0.000039911 2500 0.000006729 add_time= 0.000062562
2754 0.000127890 2754 0.000006644 add_time= 0.000157225
1275 0.000005672 1275 0.000010868 add_time= 0.000030401
2650 0.000206139 2650 0.000008310 add_time= 0.000257079
2750 0.000262157 2750 0.000007415 add_time= 0.000286952
2500 0.000066991 2500 0.000006100 add_time= 0.000096621
2550 0.000348461 2550 0.000006691 add_time= 0.000369762
2600 0.000140174 2600 0.000006052 add_time= 0.000161363
3025 0.000110954 3025 0.000006726 add_time= 0.000133586
2600 0.000146154 2600 0.000006924 add_time= 0.000170704
2500 0.000035101 2500 0.000006275 add_time= 0.000057673
2652 0.000064362 2652 0.000007845 add_time= 0.000089014
2550 0.000006585 2550 0.000013051 add_time= 0.000036238
2600 0.000153724 2600 0.000007771 add_time= 0.000184371
2915 0.000149027 2915 0.000006997 add_time= 0.000182171
2750 0.000151257 2750 0.000007170 add_time= 0.000175110
2601 0.000068164 2601 0.000006937 add_time= 0.000091061
2750 0.000126946 2750 0.000007755 add_time= 0.000151661
2860 0.000050084 2860 0.000008603 add_time= 0.000107947
2500 0.000062654 2500 0.000008015 add_time= 0.000097243
2500 0.000043586 2500 0.000007542 add_time= 0.000084672
2500 0.000051242 2500 0.000008123 add_time= 0.000110247
2500 0.000107945 2500 0.000008244 add_time= 0.000149178
1300 0.000023137 1300 0.000015451 add_time= 0.000075627
2600 0.000070415 2600 0.000006717 add_time= 0.000097261
2500 0.000097176 2500 0.000006148 add_time= 0.000117917
2500 0.000055991 2500 0.000006465 add_time= 0.000078508
2500 0.000057970 2500 0.000007022 add_time= 0.000080942
2550 0.000084430 2550 0.000005974 add_time= 0.000105515
2700 0.000111903 2700 0.000006755 add_time= 0.000133717
2750 0.000018179 2750 0.000024680 add_time= 0.000057459
2652 0.000115803 2652 0.000006621 add_time= 0.000137545
2650 0.000408355 2650 0.000006132 add_time= 0.000427733
2500 0.000058841 2500 0.000006841 add_time= 0.000088093
2550 0.000032643 2550 0.000007218 add_time= 0.000054862
2500 0.000064946 2500 0.000006470 add_time= 0.000085002
2500 0.000016170 2500 0.000029988 add_time= 0.000060917
2500 0.000034216 2500 0.000007475 add_time= 0.000057371
2600 0.000022342 2600 0.000005921 add_time= 0.000041901
2750 0.000133242 2750 0.000006339 add_time= 0.000152910
2970 0.000123077 2970 0.000007142 add_time= 0.000146049
2805 0.000045034 2805 0.000006693 add_time= 0.000075469
2500 0.000015778 2500 0.000013083 add_time= 0.000043845
1250 0.000241686 1250 0.000006762 add_time= 0.000261800
2652 0.000119773 2652 0.000006347 add_time= 0.000140430
2750 0.000099074 2750 0.000005982 add_time= 0.000118754
2601 0.000058656 2601 0.000007401 add_time= 0.000092196
2750 0.000048614 2750 0.000006525 add_time= 0.000070726
2750 0.000016126 2750 0.000014496 add_time= 0.000046265
2500 0.000217270 2500 0.000006801 add_time= 0.000239174
2500 0.000139811 2500 0.000007069 add_time= 0.000162106
2550 0.000084858 2550 0.000006136 add_time= 0.000105011
2805 0.000095268 2805 0.000007046 add_time= 0.000118416
2750 0.000053927 2750 0.000006690 add_time= 0.000076320
2805 0.000025596 2805 0.000014347 add_time= 0.000055354
1275 0.000011118 1275 0.000008660 add_time= 0.000033199
2756 0.000039714 2756 0.000006799 add_time= 0.000061334
2600 0.000032502 2600 0.000006173 add_time= 0.000052281
2500 0.000141181 2500 0.000006286 add_time= 0.000160376
2750 0.000022339 2750 0.000006474 add_time= 0.000043515
2550 0.000046124 2550 0.000006954 add_time= 0.000068364
2805 0.000025889 2805 0.000014290 add_time= 0.000055921
2600 0.000210105 2600 0.000006472 add_time= 0.000231723
2500 0.000194215 2500 0.000006989 add_time= 0.000216392
2600 0.000103177 2600 0.000006697 add_time= 0.000125085
2805 0.000084075 2805 0.000006682 add_time= 0.000105827
2600 0.000068394 2600 0.000006940 add_time= 0.000101855
2650 0.000014966 2650 0.000014232 add_time= 0.000042765
1250 0.000010250 1250 0.000010440 add_time= 0.000031971
2750 0.000504169 2750 0.000008758 add_time= 0.000542782
2500 0.000057229 2500 0.000007011 add_time= 0.000081315
1250 0.000517176 1250 0.000006801 add_time= 0.000547687
2650 0.000042534 2650 0.000006604 add_time= 0.000064755
2550 0.000038325 2550 0.000006210 add_time= 0.000058942
2500 0.000220183 2500 0.000006634 add_time= 0.000244001
1375 0.000011727 1375 0.000018527 add_time= 0.000059828
2500 0.000036319 2500 0.000006641 add_time= 0.000059310
2600 0.000228751 2600 0.000009439 add_time= 0.000253371
2750 0.000080259 2750 0.000006858 add_time= 0.000107044
2652 0.000154723 2652 0.000007318 add_time= 0.000178901
2550 0.000032199 2550 0.000006282 add_time= 0.000053361
2750 0.000135140 2750 0.000015546 add_time= 0.000184907
2500 0.000301296 2500 0.000007161 add_time= 0.000325833
2650 0.000051841 2650 0.000006633 add_time= 0.000083454
2805 0.000184517 2805 0.000007661 add_time= 0.000232698
2500 0.000098945 2500 0.000007034 add_time= 0.000121763
2750 0.000006396 2750 0.000031429 add_time= 0.000053932
2652 0.000094790 2652 0.000009061 add_time= 0.000120154
2750 0.000108729 2750 0.000010190 add_time= 0.000144761
2500 0.000110946 2500 0.000007062 add_time= 0.000137815
2550 0.000124667 2550 0.000007103 add_time= 0.000147592
2550 0.000117109 2550 0.000014880 add_time= 0.000148177
2550 0.000062062 2550 0.000006703 add_time= 0.000085164
2750 0.000085576 2750 0.000006654 add_time= 0.000118890
2750 0.000099377 2750 0.000006638 add_time= 0.000121904
2550 0.000103306 2550 0.000009764 add_time= 0.000128996
2970 0.000007133 2970 0.000016825 add_time= 0.000040374
2750 0.000190120 2750 0.000008453 add_time= 0.000230064
2860 0.000041314 2860 0.000006540 add_time= 0.000063220
2750 0.000089335 2750 0.000011271 add_time= 0.000127139
1250 0.000038485 1250 0.000013400 add_time= 0.000074643
2601 0.000218002 2601 0.000017816 add_time= 0.000254544
2500 0.000161081 2500 0.000007957 add_time= 0.000197855
2500 0.000017989 2500 0.000015423 add_time= 0.000049458
2860 0.000285890 2860 0.000008367 add_time= 0.000313505
2860 0.000226852 2860 0.000007128 add_time= 0.000251777
2550 0.000205893 2550 0.000006717 add_time= 0.000229362
2970 0.000068819 2970 0.000007420 add_time= 0.000094503
1275 0.000006307 1275 0.000011681 add_time= 0.000044663
2704 0.000184200 2704 0.000012619 add_time= 0.000213344
2915 0.000109002 2915 0.000006964 add_time= 0.000132599
1250 0.000155492 1250 0.000005644 add_time= 0.000173556
2550 0.000121072 2550 0.000006662 add_time= 0.000142230
2500 0.000078824 2500 0.000006728 add_time= 0.000098928
2500 0.000007221 2500 0.000113622 add_time= 0.000135935
2860 0.000064959 2860 0.000008815 add_time= 0.000118492
2550 0.000051435 2550 0.000007799 add_time= 0.000086281
2550 0.000069488 2550 0.000007909 add_time= 0.000098646
2700 0.000061064 2700 0.000008206 add_time= 0.000099471
2754 0.000050142 2754 0.000008247 add_time= 0.000085260
2750 0.000043456 2750 0.000016648 add_time= 0.000098119
1250 0.000076775 1250 0.000006220 add_time= 0.000098367
2650 0.000143958 2650 0.000007108 add_time= 0.000168969
2500 0.000094955 2500 0.000007247 add_time= 0.000118374
2500 0.000069062 2500 0.000007632 add_time= 0.000103127
2700 0.000076244 2700 0.000007197 add_time= 0.000098823
1275 0.000006012 1275 0.000016046 add_time= 0.000044195
2500 0.000334477 2500 0.000007983 add_time= 0.000360077
2500 0.000126144 2500 0.000005970 add_time= 0.000147122
2550 0.000126863 2550 0.000006615 add_time= 0.000149835
2550 0.000030168 2550 0.000006564 add_time= 0.000052443
1250 0.000041820 1250 0.000006064 add_time= 0.000072839
1250 0.000012118 1250 0.000017092 add_time= 0.000043776
2600 0.000280556 2600 0.000006776 add_time= 0.000309398
2750 0.000066193 2750 0.000007172 add_time= 0.000090132
1375 0.000061511 1375 0.000005411 add_time= 0.000079238
2500 0.000038188 2500 0.000005864 add_time= 0.000069198
2550 0.000080126 2550 0.000010025 add_time= 0.000106933
2700 0.000062916 2700 0.000011674 add_time= 0.000100174
1250 0.000018739 1250 0.000009123 add_time= 0.000041960
2750 0.000061040 2750 0.000007264 add_time= 0.000085410
2600 0.000091090 2600 0.000007114 add_time= 0.000114721
2750 0.000027420 2750 0.000007404 add_time= 0.000051180
1250 0.000035612 1250 0.000005459 add_time= 0.000060350
2601 0.000062297 2601 0.000006870 add_time= 0.000085682
2805 0.000017507 2805 0.000014609 add_time= 0.000048690
2600 0.000249313 2600 0.000007116 add_time= 0.000273083
2750 0.000132201 2750 0.000007323 add_time= 0.000156125
2750 0.000030475 2750 0.000006594 add_time= 0.000051207
2805 0.000104182 2805 0.000012529 add_time= 0.000132423
2700 0.000058749 2700 0.000006869 add_time= 0.000081969
1250 0.000020964 1250 0.000008478 add_time= 0.000043627
2600 0.000175914 2600 0.000006836 add_time= 0.000200067
2550 0.000048215 2550 0.000006449 add_time= 0.000070395
2500 0.000060164 2500 0.000006541 add_time= 0.000082571
2601 0.000039432 2601 0.000006560 add_time= 0.000068732
2550 0.000064939 2550 0.000006980 add_time= 0.000087806
2500 0.000015715 2500 0.000023934 add_time= 0.000055865
2500 0.000094656 2500 0.000007122 add_time= 0.000126246
2650 0.000073504 2650 0.000007010 add_time= 0.000105132
2915 0.000039853 2915 0.000006519 add_time= 0.000070150
2754 0.000060768 2754 0.000006635 add_time= 0.000081640
3025 0.000020142 3025 0.000018511 add_time= 0.000064439
2500 0.000134821 2500 0.000006902 add_time= 0.000160150
2500 0.000109896 2500 0.000007017 add_time= 0.000138929
3025 0.000054438 3025 0.000011325 add_time= 0.000082355
2600 0.000065288 2600 0.000005904 add_time= 0.000086392
2700 0.000104857 2700 0.000007112 add_time= 0.000129303
2500 0.000014895 2500 0.000014284 add_time= 0.000044066
2600 0.000051231 2600 0.000009599 add_time= 0.000089008
2600 0.000118998 2600 0.000006698 add_time= 0.000143039
2805 0.000073490 2805 0.000007090 add_time= 0.000106781
2500 0.000046241 2500 0.000006733 add_time= 0.000077885
2700 0.000061869 2700 0.000007725 add_time= 0.000086652
2652 0.000112653 2652 0.000006907 add_time= 0.000137289
2750 0.000205508 2750 0.000006995 add_time= 0.000241881
2750 0.000081728 2750 0.000006665 add_time= 0.000113747
2550 0.000112435 2550 0.000006859 add_time= 0.000135495
2550 0.000200850 2550 0.000006742 add_time= 0.000232688
2500 0.000017789 2500 0.000013253 add_time= 0.000048145
2550 0.000189327 2550 0.000006710 add_time= 0.000213391
2750 0.000087650 2750 0.000006583 add_time= 0.000109433
2500 0.000034758 2500 0.000007093 add_time= 0.000058357
2700 0.000092692 2700 0.000007379 add_time= 0.000116875
2550 0.000055917 2550 0.000005993 add_time= 0.000076997
2970 0.000076634 2970 0.000006394 add_time= 0.000106487
2500 0.000033796 2500 0.000007489 add_time= 0.000058712
2600 0.000062088 2600 0.000006519 add_time= 0.000083487
2750 0.000042980 2750 0.000007399 add_time= 0.000089425
2600 0.000042222 2600 0.000006572 add_time= 0.000064219
2550 0.000155668 2550 0.000006673 add_time= 0.000178739
2750 0.000226088 2750 0.000006955 add_time= 0.000250621
1250 0.000005654 1250 0.000016370 add_time= 0.000037158
2600 0.000097930 2600 0.000006721 add_time= 0.000121681
2750 0.000029593 2750 0.000006079 add_time= 0.000050839
2860 0.000085002 2860 0.000007081 add_time= 0.000108401
2500 0.000049097 2500 0.000006544 add_time= 0.000070048
2600 0.000036042 2600 0.000006709 add_time= 0.000058654
2500 0.000007221 2500 0.000014613 add_time= 0.000038004
2600 0.000199556 2600 0.000008329 add_time= 0.000249919
2860 0.000297808 2860 0.000008320 add_time= 0.000326046
2550 0.000111695 2550 0.000007274 add_time= 0.000133877
2805 0.000179235 2805 0.000007914 add_time= 0.000204361
2700 0.000076048 2700 0.000007530 add_time= 0.000100073
2600 0.000212875 2600 0.000008245 add_time= 0.000245487
2500 0.000086528 2500 0.000007044 add_time= 0.000110677
2550 0.000099832 2550 0.000017900 add_time= 0.000143196
2550 0.000152397 2550 0.000006596 add_time= 0.000175511
2600 0.000213607 2600 0.000018109 add_time= 0.000245897
2700 0.000006090 2700 0.000014433 add_time= 0.000036484
2600 0.000206468 2600 0.000006550 add_time= 0.000232304
2650 0.000073295 2650 0.000006500 add_time= 0.000096921
2750 0.000042240 2750 0.000007306 add_time= 0.000071720
2652 0.000107046 2652 0.000006667 add_time= 0.000137845
2805 0.000130329 2805 0.000005962 add_time= 0.000150665
2550 0.000118009 2550 0.000006079 add_time= 0.000138195
2600 0.000006669 2600 0.000025262 add_time= 0.000046122
2703 0.000162405 2703 0.000010229 add_time= 0.000254467
2600 0.000068698 2600 0.000008243 add_time= 0.000105005
2750 0.000053860 2750 0.000008993 add_time= 0.000091385
2550 0.000084108 2550 0.000008117 add_time= 0.000117217
2700 0.000086445 2700 0.000008536 add_time= 0.000122547
2700 0.000046050 2700 0.000027132 add_time= 0.000100209
2550 0.000230687 2550 0.000006847 add_time= 0.000254855
2650 0.000060549 2650 0.000007113 add_time= 0.000083596
3025 0.000070677 3025 0.000006855 add_time= 0.000095425
2500 0.000139739 2500 0.000006591 add_time= 0.000161086
2550 0.000103073 2550 0.000006589 add_time= 0.000125759
2500 0.000068114 2500 0.000006799 add_time= 0.000091067
2500 0.000270577 2500 0.000018286 add_time= 0.000306789
2860 0.000055543 2860 0.000006800 add_time= 0.000079512
2750 0.000060454 2750 0.000014796 add_time= 0.000100758
2500 0.000052987 2500 0.000006920 add_time= 0.000076274
2754 0.000048954 2754 0.000006808 add_time= 0.000073058
2750 0.000014846 2750 0.000013959 add_time= 0.000043804
2704 0.000107561 2704 0.000006963 add_time= 0.000131622
2750 0.000427903 2750 0.000006595 add_time= 0.000450908
2550 0.000053698 2550 0.000006641 add_time= 0.000096670
2550 0.000097256 2550 0.000006903 add_time= 0.000120081
3025 0.000007633 3025 0.000014696 add_time= 0.000048455
2500 0.000109044 2500 0.000007122 add_time= 0.000132965
2600 0.000159583 2600 0.000006595 add_time= 0.000182169
2500 0.000037318 2500 0.000006852 add_time= 0.000060597
2754 0.000042512 2754 0.000006597 add_time= 0.000065474
2550 0.000031428 2550 0.000017776 add_time= 0.000065672
2860 0.000257741 2860 0.000014746 add_time= 0.000290126
2750 0.000086639 2750 0.000006808 add_time= 0.000122215
2550 0.000055146 2550 0.000005932 add_time= 0.000075922
2500 0.000133725 2500 0.000006556 add_time= 0.000165265
2970 0.000015177 2970 0.000015807 add_time= 0.000046899
1250 0.000009639 1250 0.000009365 add_time= 0.000034842
2704 0.000077494 2704 0.000012369 add_time= 0.000105773
1300 0.000112158 1300 0.000006395 add_time= 0.000131892
3025 0.000046562 3025 0.000006404 add_time= 0.000068591
2750 0.000070415 2750 0.000006026 add_time= 0.000090643
2550 0.000076093 2550 0.000005737 add_time= 0.000095850
2500 0.000050807 2500 0.000005749 add_time= 0.000070223
2500 0.000103111 2500 0.000006028 add_time= 0.000122282
2860 0.000127975 2860 0.000006909 add_time= 0.000153291
2600 0.000070360 2600 0.000014890 add_time= 0.000099632
2860 0.000087988 2860 0.000006324 add_time= 0.000108697
2500 0.000063447 2500 0.000005780 add_time= 0.000082176
1325 0.000010740 1325 0.000009061 add_time= 0.000030825
2550 0.000100123 2550 0.000006917 add_time= 0.000122142
2915 0.000096225 2915 0.000006812 add_time= 0.000117977
2550 0.000081649 2550 0.000006152 add_time= 0.000110024
2703 0.000051055 2703 0.000005918 add_time= 0.000070081
2700 0.000054723 2700 0.000006134 add_time= 0.000073663
1250 0.000011255 1250 0.000015717 add_time= 0.000037953
2860 0.000262019 2860 0.000007091 add_time= 0.000290453
3025 0.000356198 3025 0.000013660 add_time= 0.000384941
2750 0.000034399 2750 0.000005972 add_time= 0.000061146
2550 0.000044357 2550 0.000005746 add_time= 0.000063622
2500 0.000121741 2500 0.000006276 add_time= 0.000149329
2860 0.000210465 2860 0.000007338 add_time= 0.000249299
2500 0.000072701 2500 0.000005994 add_time= 0.000094516
2500 0.000059032 2500 0.000006717 add_time= 0.000081883
2652 0.000030977 2652 0.000021845 add_time= 0.000089600
2500 0.000085074 2500 0.000006432 add_time= 0.000108157
2860 0.000260100 2860 0.000007807 add_time= 0.000285831
2805 0.000096908 2805 0.000007168 add_time= 0.000125550
2600 0.000066394 2600 0.000006769 add_time= 0.000088385
2652 0.000272526 2652 0.000006579 add_time= 0.000293683
2700 0.000390316 2700 0.000007261 add_time= 0.000414641
1325 0.000015262 1325 0.000018895 add_time= 0.000048877
2500 0.000085594 2500 0.000006595 add_time= 0.000108994
2500 0.000074819 2500 0.000006401 add_time= 0.000096684
2600 0.000058156 2600 0.000018402 add_time= 0.000092828
3025 0.000110874 3025 0.000006721 add_time= 0.000140551
2805 0.000032270 2805 0.000010126 add_time= 0.000058193
2750 0.000007326 2750 0.000042366 add_time= 0.000066131
2652 0.000330321 2652 0.000007275 add_time= 0.000358739
2750 0.000087711 2750 0.000008387 add_time= 0.000113958
2550 0.000088732 2550 0.000005972 add_time= 0.000118496
2652 0.000058310 2652 0.000006819 add_time= 0.000081355
2700 0.000389552 2700 0.000010751 add_time= 0.000416999
2750 0.000281017 2750 0.000006665 add_time= 0.000304951
2550 0.000133483 2550 0.000006989 add_time= 0.000156392
2550 0.000043473 2550 0.000007195 add_time= 0.000073716
2805 0.000031186 2805 0.000006979 add_time= 0.000063954
2500 0.000007193 2500 0.000014477 add_time= 0.000037546
2704 0.000195775 2704 0.000007003 add_time= 0.000232389
3025 0.000104498 3025 0.000006874 add_time= 0.000129151
2700 0.000073541 2700 0.000006526 add_time= 0.000103965
2550 0.000328429 2550 0.000006500 add_time= 0.000356319
2650 0.000089123 2650 0.000011337 add_time= 0.000116908
2500 0.000018727 2500 0.000014159 add_time= 0.000048657
625 0.000006736 625 0.000005937 add_time= 0.000024348
2600 0.000102549 2600 0.000009753 add_time= 0.000129003
2550 0.000095920 2550 0.000006834 add_time= 0.000119671
2500 0.000131843 2500 0.000009521 add_time= 0.000167746
2970 0.000187123 2970 0.000006279 add_time= 0.000208584
2550 0.000148697 2550 0.000005974 add_time= 0.000176097
2500 0.000006746 2500 0.000013378 add_time= 0.000036079
2860 0.000256689 2860 0.000006135 add_time= 0.000282507
2550 0.000164927 2550 0.000006594 add_time= 0.000187931
2601 0.000040384 2601 0.000006596 add_time= 0.000063375
2500 0.000121106 2500 0.000006631 add_time= 0.000143508
2500 0.000006662 2500 0.000023397 add_time= 0.000046569
2860 0.000080957 2860 0.000008091 add_time= 0.000136057
2550 0.000036824 2550 0.000008101 add_time= 0.000072196
2500 0.000030323 2500 0.000008136 add_time= 0.000074958
2550 0.000032979 2550 0.000017282 add_time= 0.000103155
3025 0.000031914 3025 0.000026953 add_time= 0.000088986
1300 0.000026976 1300 0.000029866 add_time= 0.000093337
2600 0.000185942 2600 0.000006441 add_time= 0.000208562
2750 0.000078011 2750 0.000006575 add_time= 0.000112241
2750 0.000020536 2750 0.000006498 add_time= 0.000051850
2750 0.000052375 2750 0.000006528 add_time= 0.000075543
2601 0.000071480 2601 0.000006049 add_time= 0.000091611
2750 0.000065194 2750 0.000006921 add_time= 0.000096961
2600 0.000302131 2600 0.000015954 add_time= 0.000337832
2550 0.000180951 2550 0.000006914 add_time= 0.000203684
3025 0.000054341 3025 0.000007328 add_time= 0.000091019
2500 0.000041156 2500 0.000010268 add_time= 0.000073229
2500 0.000106176 2500 0.000007032 add_time= 0.000129711
2704 0.000111144 2704 0.000015754 add_time= 0.000147835
2500 0.000097672 2500 0.000007947 add_time= 0.000133077
2550 0.000101336 2550 0.000006960 add_time= 0.000133789
2862 0.000080382 2862 0.000006624 add_time= 0.000104094
2700 0.000054324 2700 0.000006625 add_time= 0.000076522
2600 0.000132359 2600 0.000007022 add_time= 0.000160371
3025 0.000098935 3025 0.000013308 add_time= 0.000138151
2750 0.000075431 2750 0.000008182 add_time= 0.000100319
2550 0.000052187 2550 0.000006696 add_time= 0.000073163
2700 0.000109586 2700 0.000023523 add_time= 0.000149902
2700 0.000275053 2700 0.000007420 add_time= 0.000303521
2860 0.000117828 2860 0.000007260 add_time= 0.000142703
2601 0.000084898 2601 0.000006717 add_time= 0.000113548
2754 0.000120682 2754 0.000006946 add_time= 0.000143402
3025 0.000107625 3025 0.000011840 add_time= 0.000135880
2860 0.000191120 2860 0.000008080 add_time= 0.000235721
2750 0.000057729 2750 0.000006247 add_time= 0.000078797
2750 0.000103382 2750 0.000006047 add_time= 0.000124463
2550 0.000057298 2550 0.000006143 add_time= 0.000085875
2970 0.000068987 2970 0.000006146 add_time= 0.000095030
1250 0.000011868 1250 0.000065964 add_time= 0.000089761
2600 0.000268102 2600 0.000007219 add_time= 0.000295749
2550 0.000087968 2550 0.000006723 add_time= 0.000115908
2750 0.000090963 2750 0.000007169 add_time= 0.000122241
2700 0.000097874 2700 0.000005990 add_time= 0.000119243
2650 0.000144083 2650 0.000006949 add_time= 0.000165871
2500 0.000016116 2500 0.000014720 add_time= 0.000044823
2750 0.000103449 2750 0.000012601 add_time= 0.000136674
2970 0.000035837 2970 0.000006221 add_time= 0.000069885
2860 0.000110245 2860 0.000007667 add_time= 0.000133774
2805 0.000064638 2805 0.000006645 add_time= 0.000086810
2700 0.000066602 2700 0.000014878 add_time= 0.000095538
2860 0.000069433 2860 0.000006257 add_time= 0.000097462
2500 0.000092487 2500 0.000006931 add_time= 0.000119107
2500 0.000063245 2500 0.000006302 add_time= 0.000084564
2600 0.000064607 2600 0.000012340 add_time= 0.000112111
2500 0.000044199 2500 0.000005954 add_time= 0.000073285
2550 0.000067869 2550 0.000005934 add_time= 0.000088213
2500 0.000015266 2500 0.000035836 add_time= 0.000065346
2600 0.000200888 2600 0.000006583 add_time= 0.000226570
2600 0.000097748 2600 0.000006443 add_time= 0.000143533
2550 0.000122841 2550 0.000005880 add_time= 0.000142906
2500 0.000042572 2500 0.000005957 add_time= 0.000082419
2970 0.000070888 2970 0.000006495 add_time= 0.000093124
1250 0.000010669 1250 0.000009356 add_time= 0.000031440
2600 0.000176207 2600 0.000007741 add_time= 0.000208342
2500 0.000173310 2500 0.000006855 add_time= 0.000211897
2750 0.000242041 2750 0.000019022 add_time= 0.000280396
2550 0.000127373 2550 0.000007252 add_time= 0.000164173
3025 0.000007151 3025 0.000029716 add_time= 0.000066197
2600 0.000167641 2600 0.000007114 add_time= 0.000193126
2750 0.000269626 2750 0.000007075 add_time= 0.000296420
2550 0.000062757 2550 0.000006810 add_time= 0.000093908
2650 0.000061683 2650 0.000007061 add_time= 0.000084374
2700 0.000119557 2700 0.000006316 add_time= 0.000142192
2500 0.000006773 2500 0.000050244 add_time= 0.000072555
2652 0.000308992 2652 0.000006871 add_time= 0.000332630
2750 0.000252797 2750 0.000006600 add_time= 0.000275425
2600 0.000065081 2600 0.000006384 add_time= 0.000087397
2805 0.000074800 2805 0.000006813 add_time= 0.000097853
3025 0.000007197 3025 0.000027459 add_time= 0.000051433
2500 0.000087210 2500 0.000006963 add_time= 0.000110103
2600 0.000050079 2600 0.000006704 add_time= 0.000073373
2500 0.000088676 2500 0.000006973 add_time= 0.000110342
2805 0.000034461 2805 0.000007242 add_time= 0.000059027
2808 0.000113081 2808 0.000008924 add_time= 0.000138376
1275 0.000006064 1275 0.000010634 add_time= 0.000029743
2860 0.000212867 2860 0.000006930 add_time= 0.000237829
2500 0.000113276 2500 0.000006907 add_time= 0.000146347
2500 0.000036231 2500 0.000006835 add_time= 0.000061733
2500 0.000115784 2500 0.000007241 add_time= 0.000141714
2500 0.000150501 2500 0.000007162 add_time= 0.000173595
2600 0.000169253 2600 0.000008175 add_time= 0.000203233
2750 0.000034120 2750 0.000007002 add_time= 0.000056837
1250 0.000054520 1250 0.000006571 add_time= 0.000074704
2805 0.000171825 2805 0.000007076 add_time= 0.000205643
2500 0.000151706 2500 0.000006587 add_time= 0.000174078
2500 0.000025492 2500 0.000013847 add_time= 0.000053820
2600 0.000286225 2600 0.000009569 add_time= 0.000314170
2750 0.000071695 2750 0.000010175 add_time= 0.000102567
2970 0.000058594 2970 0.000025173 add_time= 0.000098517
1375 0.000141711 1375 0.000004895 add_time= 0.000158523
2550 0.000167268 2550 0.000006529 add_time= 0.000189991
2750 0.000187534 2750 0.000059541 add_time= 0.000295062
1250 0.000013454 1250 0.000008824 add_time= 0.000035971
2750 0.000062650 2750 0.000007974 add_time= 0.000092389
2750 0.000052180 2750 0.000007552 add_time= 0.000092324
2550 0.000061861 2550 0.000006433 add_time= 0.000082601
2750 0.000031062 2750 0.000006965 add_time= 0.000053871
2916 0.000071817 2916 0.000006742 add_time= 0.000094844
2500 0.000012447 2500 0.000025291 add_time= 0.000051959
2756 0.000249351 2756 0.000008396 add_time= 0.000323783
2500 0.000035393 2500 0.000007559 add_time= 0.000068690
2750 0.000038334 2750 0.000007727 add_time= 0.000073616
1275 0.000016642 1275 0.000008194 add_time= 0.000057787
1250 0.000039926 1250 0.000033998 add_time= 0.000109354
1250 0.000446213 1250 0.000006996 add_time= 0.000468080
2808 0.000083452 2808 0.000006809 add_time= 0.000117313
2805 0.000050238 2805 0.000014845 add_time= 0.000082206
2750 0.000082351 2750 0.000006976 add_time= 0.000107669
2652 0.000044151 2652 0.000006468 add_time= 0.000066885
3025 0.000008176 3025 0.000027719 add_time= 0.000053131
1275 0.000004955 1275 0.000014548 add_time= 0.000040133
2600 0.000119444 2600 0.000006962 add_time= 0.000144107
2600 0.000052373 2600 0.000005849 add_time= 0.000072425
2700 0.000030999 2700 0.000006386 add_time= 0.000053356
2601 0.000024533 2601 0.000007277 add_time= 0.000047526
2750 0.000048246 2750 0.000007938 add_time= 0.000071933
1250 0.000311265 1250 0.000007203 add_time= 0.000332593
2750 0.000106533 2750 0.000015986 add_time= 0.000139038
2550 0.000064107 2550 0.000006959 add_time= 0.000086854
2500 0.000024546 2500 0.000006513 add_time= 0.000045869
2600 0.000128289 2600 0.000006702 add_time= 0.000151322
2500 0.000115955 2500 0.000005927 add_time= 0.000135913
2550 0.000057010 2550 0.000006586 add_time= 0.000079053
2600 0.000042429 2600 0.000006711 add_time= 0.000064160
2808 0.000066975 2808 0.000006927 add_time= 0.000097884
1275 0.000011355 1275 0.000011249 add_time= 0.000035958
2652 0.000259575 2652 0.000006741 add_time= 0.000282845
2550 0.000044023 2550 0.000006514 add_time= 0.000065840
2805 0.000062132 2805 0.000007281 add_time= 0.000085597
2500 0.000068181 2500 0.000006567 add_time= 0.000094687
2500 0.000016029 2500 0.000013859 add_time= 0.000053513
2704 0.000109471 2704 0.000006985 add_time= 0.000132713
2805 0.000057790 2805 0.000006394 add_time= 0.000079557
3025 0.000128592 3025 0.000006678 add_time= 0.000151658
2652 0.000035348 2652 0.000006596 add_time= 0.000056725
2600 0.000060847 2600 0.000013782 add_time= 0.000088604
2600 0.000146554 2600 0.000006663 add_time= 0.000169226
2650 0.000108520 2650 0.000006594 add_time= 0.000142006
2500 0.000046951 2500 0.000006257 add_time= 0.000067282
2750 0.000020046 2750 0.000006284 add_time= 0.000040254
2862 0.001581446 2862 0.000006621 add_time= 0.001602823
2700 0.000359652 2700 0.000007381 add_time= 0.000383523
2750 0.000027869 2750 0.000006848 add_time= 0.000059860
2750 0.000092305 2750 0.000005857 add_time= 0.000112055
2601 0.000264247 2601 0.000006079 add_time= 0.000284102
2500 0.000037771 2500 0.000006211 add_time= 0.000057404
1250 0.000010573 1250 0.000008095 add_time= 0.000029931
2600 0.000067224 2600 0.000006353 add_time= 0.000088833
2750 0.000216191 2750 0.000006322 add_time= 0.000237284
1250 0.000050848 1250 0.000004942 add_time= 0.000067133
2970 0.000074383 2970 0.000005836 add_time= 0.000094719
2550 0.000222717 2550 0.000005620 add_time= 0.000241343
2500 0.000013367 2500 0.000012917 add_time= 0.000039211
2600 0.000238839 2600 0.000006393 add_time= 0.000261338
3025 0.000043311 3025 0.000006279 add_time= 0.000064925
2750 0.000059800 2750 0.000008592 add_time= 0.000082500
2805 0.000074677 2805 0.000006243 add_time= 0.000095049
2750 0.000014607 2750 0.000014694 add_time= 0.000043320
2756 0.000085298 2756 0.000006365 add_time= 0.000106941
2860 0.000213525 2860 0.000009176 add_time= 0.000237310
2500 0.000062511 2500 0.000014661 add_time= 0.000090380
2805 0.000027456 2805 0.000005711 add_time= 0.000046943
2700 0.000038306 2700 0.000006035 add_time= 0.000057788
2500 0.000143715 2500 0.000008190 add_time= 0.000175550
2805 0.000051361 2805 0.000018218 add_time= 0.000090416
2500 0.000117633 2500 0.000016546 add_time= 0.000151762
2550 0.000190327 2550 0.000006258 add_time= 0.000223010
2700 0.000069532 2700 0.000007636 add_time= 0.000109017
2750 0.000027379 2750 0.000081273 add_time= 0.000126213
1250 0.000009241 1250 0.000008222 add_time= 0.000030966
1250 0.000098212 1250 0.000006620 add_time= 0.000119465
2700 0.000795684 2700 0.000007066 add_time= 0.000820436
2500 0.000111002 2500 0.000008024 add_time= 0.000135761
3025 0.000118175 3025 0.000007955 add_time= 0.000143119
2754 0.000078418 2754 0.000007213 add_time= 0.000107017
2650 0.000007329 2650 0.000013785 add_time= 0.000040393
1250 0.000005233 1250 0.000019134 add_time= 0.000039216
2860 0.000312536 2860 0.000008980 add_time= 0.000361077
2750 0.000091733 2750 0.000007256 add_time= 0.000135376
2750 0.000037771 2750 0.000006817 add_time= 0.000090643
2550 0.000134931 2550 0.000006369 add_time= 0.000166681
3025 0.000007360 3025 0.000016299 add_time= 0.000047635
2500 0.000105374 2500 0.000007308 add_time= 0.000148156
2500 0.000175196 2500 0.000007254 add_time= 0.000222520
2550 0.000036858 2550 0.000006172 add_time= 0.000069696
2805 0.000042725 2805 0.000006351 add_time= 0.000074469
2550 0.000093058 2550 0.000008465 add_time= 0.000139690
2750 0.000110517 2750 0.000006900 add_time= 0.000145320
2500 0.000007641 2500 0.000019675 add_time= 0.000054182
2704 0.000044669 2704 0.000008066 add_time= 0.000091693
2750 0.000045697 2750 0.000009062 add_time= 0.000081345
2750 0.000063866 2750 0.000008034 add_time= 0.000097717
2550 0.000060900 2550 0.000006024 add_time= 0.000092638
2550 0.000076638 2550 0.000022616 add_time= 0.000136695
2500 0.000016794 2500 0.000013840 add_time= 0.000058388
2860 0.000308442 2860 0.000008253 add_time= 0.000346154
2805 0.000058319 2805 0.000006073 add_time= 0.000080889
2500 0.000093019 2500 0.000006276 add_time= 0.000113695
2550 0.000176009 2550 0.000007471 add_time= 0.000199693
2750 0.000218929 2750 0.000006091 add_time= 0.000239974
2500 0.000026389 2500 0.000014116 add_time= 0.000057243
2600 0.000304851 2600 0.000007015 add_time= 0.000330189
3025 0.000095996 3025 0.000007086 add_time= 0.000148620
2805 0.000048912 2805 0.000007089 add_time= 0.000072110
2650 0.000100266 2650 0.000006884 add_time= 0.000122995
2600 0.000006104 2600 0.000015480 add_time= 0.000037386
2750 0.000145171 2750 0.000007359 add_time= 0.000169017
2550 0.000058385 2550 0.000006685 add_time= 0.000080996
2650 0.000149200 2650 0.000008309 add_time= 0.000173634
2550 0.000108202 2550 0.000006480 add_time= 0.000129387
2750 0.000132357 2750 0.000006220 add_time= 0.000152658
2500 0.000007031 2500 0.000027495 add_time= 0.000048149
2500 0.000119102 2500 0.000007998 add_time= 0.000164355
2750 0.000039122 2750 0.000010240 add_time= 0.000117974
2860 0.000056480 2860 0.000019122 add_time= 0.000113976
2805 0.000036235 2805 0.000008447 add_time= 0.000076256
2750 0.000024429 2750 0.000008936 add_time= 0.000063034
1250 0.000161214 1250 0.000006041 add_time= 0.000183755
2600 0.000066134 2600 0.000006208 add_time= 0.000090053
2805 0.000078241 2805 0.000006959 add_time= 0.000103438
2805 0.000092467 2805 0.000006510 add_time= 0.000116403
2754 0.000053564 2754 0.000006758 add_time= 0.000077304
2700 0.000008174 2700 0.000033182 add_time= 0.000061734
2652 0.000143771 2652 0.000006375 add_time= 0.000166760
2750 0.000067758 2750 0.000007095 add_time= 0.000097952
3025 0.000045888 3025 0.000006696 add_time= 0.000068143
2805 0.000077975 2805 0.000014363 add_time= 0.000107467
1375 0.000011801 1375 0.000009546 add_time= 0.000034370
2600 0.000106654 2600 0.000006629 add_time= 0.000129182
3025 0.000045795 3025 0.000018513 add_time= 0.000080786
2750 0.000069430 2750 0.000006592 add_time= 0.000091215
2500 0.000161930 2500 0.000006157 add_time= 0.000181521
2754 0.000047650 2754 0.000006372 add_time= 0.000067169
2652 0.000203210 2652 0.000007091 add_time= 0.000226398
2500 0.000046685 2500 0.000006686 add_time= 0.000067909
2805 0.000062278 2805 0.000007031 add_time= 0.000084591
2500 0.000037824 2500 0.000006719 add_time= 0.000059625
2500 0.000082658 2500 0.000006619 add_time= 0.000102890
2600 0.000172810 2600 0.000007264 add_time= 0.000195978
3025 0.000098472 3025 0.000006518 add_time= 0.000121308
2500 0.000029969 2500 0.000006441 add_time= 0.000051420
2601 0.000339566 2601 0.000006776 add_time= 0.000361762
2808 0.000125913 2808 0.000006259 add_time= 0.000145604
1375 0.000013892 1375 0.000016789 add_time= 0.000043269
2600 0.000087627 2600 0.000006513 add_time= 0.000110094
2500 0.000071350 2500 0.000006116 add_time= 0.000091973
2500 0.000126649 2500 0.000007598 add_time= 0.000149466
2805 0.000056832 2805 0.000007017 add_time= 0.000079726
2550 0.000158031 2550 0.000006568 add_time= 0.000178198
2750 0.000040566 2750 0.000005896 add_time= 0.000059975
1250 0.000010854 1250 0.000008537 add_time= 0.000032320
2600 0.000124057 2600 0.000006188 add_time= 0.000145103
2750 0.000052858 2750 0.000007110 add_time= 0.000090752
2500 0.000084694 2500 0.000005604 add_time= 0.000103505
2601 0.000093924 2601 0.000006612 add_time= 0.000123431
2500 0.000055508 2500 0.000006283 add_time= 0.000087280
2500 0.000045687 2500 0.000007103 add_time= 0.000068812
2600 0.000062573 2600 0.000006384 add_time= 0.000084238
2750 0.000048468 2750 0.000006279 add_time= 0.000069323
2550 0.000062297 2550 0.000006358 add_time= 0.000083817
2652 0.000035918 2652 0.000006497 add_time= 0.000058021
2750 0.000053739 2750 0.000006901 add_time= 0.000096069
2600 0.000080103 2600 0.000007133 add_time= 0.000102558
2808 0.000050220 2808 0.000005913 add_time= 0.000070553
2750 0.000035796 2750 0.000012559 add_time= 0.000061901
2700 0.000041393 2700 0.000006517 add_time= 0.000063361
2652 0.000079063 2652 0.000006647 add_time= 0.000100981
2750 0.000031389 2750 0.000006267 add_time= 0.000051462
2500 0.000238588 2500 0.000007212 add_time= 0.000260436
2805 0.000041168 2805 0.000014961 add_time= 0.000071648
2500 0.000098378 2500 0.000006641 add_time= 0.000123044
2601 0.000207497 2601 0.000006167 add_time= 0.000227399
2550 0.000068582 2550 0.000005458 add_time= 0.000095142
2550 0.000023327 2550 0.000012115 add_time= 0.000058768
2600 0.000175383 2600 0.000006256 add_time= 0.000196722
2750 0.000039084 2750 0.000006189 add_time= 0.000060069
2750 0.000065630 2750 0.000006544 add_time= 0.000087439
2550 0.000083096 2550 0.000012708 add_time= 0.000108723
2860 0.000042292 2860 0.000005992 add_time= 0.000066751
2704 0.000182137 2704 0.000008350 add_time= 0.000228215
3025 0.000058948 3025 0.000006294 add_time= 0.000089840
2750 0.000032745 2750 0.000006726 add_time= 0.000058225
2601 0.000657032 2601 0.000006778 add_time= 0.000692013
1250 0.000014060 1250 0.000013724 add_time= 0.000044779
2550 0.000199236 2550 0.000007619 add_time= 0.000225893
2860 0.000195202 2860 0.000006906 add_time= 0.000224001
2750 0.000057192 2750 0.000006914 add_time= 0.000084406
2805 0.000187538 2805 0.000007351 add_time= 0.000214442
2750 0.000078996 2750 0.000007444 add_time= 0.000106668
2600 0.000055343 2600 0.000007210 add_time= 0.000081805
2756 0.000465246 2756 0.000006154 add_time= 0.000487880
3025 0.000156129 3025 0.000017009 add_time= 0.000193785
2805 0.000044625 2805 0.000007442 add_time= 0.000071299
2500 0.000100457 2500 0.000006694 add_time= 0.000124171
2700 0.000034745 2700 0.000009230 add_time= 0.000060220
625 0.000005158 625 0.000008666 add_time= 0.000029800
2860 0.000143474 2860 0.000006963 add_time= 0.000187013
2500 0.000127422 2500 0.000006605 add_time= 0.000152270
2652 0.000106393 2652 0.000007064 add_time= 0.000131820
2601 0.000120535 2601 0.000006720 add_time= 0.000145841
2500 0.000006817 2500 0.000032228 add_time= 0.000055136
2550 0.000145510 2550 0.000006504 add_time= 0.000171572
2700 0.000167007 2700 0.000007257 add_time= 0.000201247
2700 0.000038139 2700 0.000007257 add_time= 0.000064173
1250 0.000065989 1250 0.000006441 add_time= 0.000098212
2500 0.000115380 2500 0.000006788 add_time= 0.000151881
1250 0.000326591 1250 0.000008518 add_time= 0.000364462
2750 0.000116804 2750 0.000006845 add_time= 0.000141264
2750 0.000063202 2750 0.000006761 add_time= 0.000096161
2860 0.000057758 2860 0.000005875 add_time= 0.000077979
2550 0.000050708 2550 0.000007063 add_time= 0.000073392
3025 0.000007929 3025 0.000016451 add_time= 0.000041553
2600 0.000246281 2600 0.000009722 add_time= 0.000272734
2500 0.000097403 2500 0.000006482 add_time= 0.000119835
2750 0.000068345 2750 0.000006181 add_time= 0.000093770
2754 0.000235312 2754 0.000010280 add_time= 0.000270333
2500 0.000098403 2500 0.000007892 add_time= 0.000122618
2750 0.000122445 2750 0.000007041 add_time= 0.000148943
3025 0.000037442 3025 0.000016210 add_time= 0.000072157
2600 0.000076819 2600 0.000006501 add_time= 0.000099691
2703 0.000082360 2703 0.000005892 add_time= 0.000103942
2500 0.000050733 2500 0.000007079 add_time= 0.000074659
2600 0.000088598 2600 0.000007901 add_time= 0.000132875
2500 0.000083968 2500 0.000007321 add_time= 0.000125719
2750 0.000035471 2750 0.000007546 add_time= 0.000088104
2805 0.000005590 2805 0.000007907 add_time= 0.000052701
2700 0.000135729 2700 0.000008443 add_time= 0.000172060
1250 0.000107482 1250 0.000025992 add_time= 0.000161695
2704 0.000140815 2704 0.000006761 add_time= 0.000166866
2805 0.000052735 2805 0.000006380 add_time= 0.000075232
2700 0.000045388 2700 0.000006677 add_time= 0.000068631
2703 0.000046480 2703 0.000006830 add_time= 0.000069351
1375 0.000006301 1375 0.000071628 add_time= 0.000092115
2600 0.000080065 2600 0.000007238 add_time= 0.000105274
1300 0.000123099 1300 0.000006077 add_time= 0.000140786
1250 0.000062248 1250 0.000012035 add_time= 0.000084891
2500 0.000034435 2500 0.000006258 add_time= 0.000063420
2500 0.000050094 2500 0.000007065 add_time= 0.000077564
2550 0.000047205 2550 0.000013658 add_time= 0.000084784
2750 0.000016251 2750 0.000014950 add_time= 0.000046711
2600 0.000290706 2600 0.000006694 add_time= 0.000313561
2600 0.000041862 2600 0.000005907 add_time= 0.000061284
2500 0.000049854 2500 0.000006603 add_time= 0.000082521
2750 0.000032964 2750 0.000006980 add_time= 0.000053986
2703 0.000065051 2703 0.000006676 add_time= 0.000087437
2500 0.000016728 2500 0.000013640 add_time= 0.000045879
2500 0.000151450 2500 0.000007229 add_time= 0.000183542
2915 0.000116451 2915 0.000007557 add_time= 0.000155188
2500 0.000065385 2500 0.000006706 add_time= 0.000085878
2500 0.000039624 2500 0.000007032 add_time= 0.000061672
2916 0.000040119 2916 0.000006699 add_time= 0.000062015
2805 0.000015690 2805 0.000015854 add_time= 0.000047333
2600 0.000172849 2600 0.000006888 add_time= 0.000196093
2700 0.000051201 2700 0.000006589 add_time= 0.000073187
2550 0.000127608 2550 0.000013952 add_time= 0.000156773
2550 0.000069203 2550 0.000006249 add_time= 0.000089829
2500 0.000060130 2500 0.000006891 add_time= 0.000089222
1250 0.000011491 1250 0.000011199 add_time= 0.000034252
1250 0.000105300 1250 0.000006306 add_time= 0.000125676
2600 0.000051721 2600 0.000006810 add_time= 0.000074420
2805 0.000079717 2805 0.000006052 add_time= 0.000100468
2652 0.000085582 2652 0.000006782 add_time= 0.000108271
2750 0.000035593 2750 0.000013529 add_time= 0.000063484
2500 0.000059597 2500 0.000006713 add_time= 0.000081948
2600 0.000383862 2600 0.000007124 add_time= 0.000408681
2500 0.000080971 2500 0.000006971 add_time= 0.000125808
2650 0.000029529 2650 0.000006716 add_time= 0.000053278
2500 0.000060248 2500 0.000007097 add_time= 0.000090308
2550 0.000031760 2550 0.000009246 add_time= 0.000066811
3025 0.000018258 3025 0.000022259 add_time= 0.000057125
2500 0.000054074 2500 0.000006883 add_time= 0.000078209
2550 0.000208616 2550 0.000006021 add_time= 0.000229599
2750 0.000037178 2750 0.000007161 add_time= 0.000059906
2550 0.000080754 2550 0.000006780 add_time= 0.000103167
3025 0.000035969 3025 0.000016027 add_time= 0.000068610
2600 0.000152394 2600 0.000007092 add_time= 0.000177046
2860 0.000357467 2860 0.000013235 add_time= 0.000386979
2500 0.000027385 2500 0.000006832 add_time= 0.000049942
2750 0.000029120 2750 0.000024920 add_time= 0.000068766
1250 0.000023003 1250 0.000008711 add_time= 0.000044756
2550 0.000397032 2550 0.000007412 add_time= 0.000423887
2500 0.000084767 2500 0.000007328 add_time= 0.000107647
2750 0.000034588 2750 0.000006237 add_time= 0.000055950
2601 0.000057093 2601 0.000006480 add_time= 0.000079465
2700 0.000045219 2700 0.000006897 add_time= 0.000067724
2550 0.000027267 2550 0.000014545 add_time= 0.000056374
2600 0.000209802 2600 0.000007692 add_time= 0.000234632
2750 0.000120272 2750 0.000006421 add_time= 0.000143478
2550 0.000053213 2550 0.000006481 add_time= 0.000075492
2550 0.000138155 2550 0.000006651 add_time= 0.000171049
2750 0.000034811 2750 0.000006284 add_time= 0.000061780
2750 0.000044781 2750 0.000009324 add_time= 0.000082796
1300 0.000029529 1300 0.000005703 add_time= 0.000050810
2805 0.000043253 2805 0.000006158 add_time= 0.000066807
2550 0.000108267 2550 0.000005832 add_time= 0.000130518
2601 0.000611564 2601 0.000006593 add_time= 0.000635325
2970 0.000031890 2970 0.000006031 add_time= 0.000061803
1375 0.000005349 1375 0.000016583 add_time= 0.000043608
2550 0.000157979 2550 0.000014033 add_time= 0.000189456
2750 0.000181988 2750 0.000007740 add_time= 0.000209649
2500 0.000092687 2500 0.000006714 add_time= 0.000127403
2652 0.000066410 2652 0.000007161 add_time= 0.000089965
2500 0.000007319 2500 0.000013699 add_time= 0.000041380
2652 0.000203854 2652 0.000006634 add_time= 0.000227232
2805 0.000309975 2805 0.000006520 add_time= 0.000332680
2550 0.000207054 2550 0.000007387 add_time= 0.000231786
2500 0.000059872 2500 0.000014520 add_time= 0.000088592
2500 0.000230203 2500 0.000006860 add_time= 0.000254511
2550 0.000093751 2550 0.000006441 add_time= 0.000116377
2500 0.000051016 2500 0.000006641 add_time= 0.000073795
2500 0.000167662 2500 0.000007184 add_time= 0.000190829
2500 0.000039411 2500 0.000006554 add_time= 0.000061819
2500 0.000006332 2500 0.000023579 add_time= 0.000044694
