1300 0.000222723 1300 0.000013529 add_time= 0.001611021
2750 0.000142368 2750 0.000009748 add_time= 0.000172246
2754 0.000095486 2754 0.000008514 add_time= 0.000119876
3025 0.000020663 3025 0.000156301 add_time= 0.000201660
2650 0.000083171 2650 0.000006995 add_time= 0.000112392
2750 0.000360293 2750 0.000027276 add_time= 0.000480364
2550 0.000344369 2550 0.000028482 add_time= 0.000389768
2550 0.000123988 2550 0.000007965 add_time= 0.000156766
2750 0.000010042 2750 0.000026670 add_time= 0.000059573
2700 0.000137505 2700 0.000007764 add_time= 0.000171446
2550 0.000164506 2550 0.000006624 add_time= 0.000186596
2500 0.000206837 2500 0.000011343 add_time= 0.000234352
1250 0.000142285 1250 0.000010747 add_time= 0.000186260
2600 0.000318649 2600 0.000015343 add_time= 0.000369795
2500 0.000378432 2500 0.000021273 add_time= 0.000428767
2650 0.000019410 2650 0.000022546 add_time= 0.000107214
2500 0.001471638 2500 0.000010151 add_time= 0.001537930
2970 0.000022367 2970 0.000153366 add_time= 0.000202521
2601 0.000178694 2601 0.000007319 add_time= 0.000202869
2650 0.000294458 2650 0.000103391 add_time= 0.000575721
2500 0.000058920 2500 0.000008684 add_time= 0.000110804
2600 0.000231126 2600 0.000014355 add_time= 0.001862479
2500 0.000041353 2500 0.000011468 add_time= 0.000082243
2750 0.000541085 2750 0.000017057 add_time= 0.000580281
2601 0.000118123 2601 0.000006899 add_time= 0.000141405
2500 0.000139825 2500 0.000007101 add_time= 0.000163071
2650 0.000730793 2650 0.000009386 add_time= 0.000776623
2750 0.000043443 2750 0.000018503 add_time= 0.000079324
2550 0.000110937 2550 0.000006785 add_time= 0.000134424
2500 0.000636880 2500 0.000337385 add_time= 0.001015232
1275 0.000253798 1275 0.000018655 add_time= 0.000294469
1300 0.000267027 1300 0.000011155 add_time= 0.000306059
2805 0.000177573 2805 0.000010850 add_time= 0.000210104
2750 0.000105219 2750 0.000007924 add_time= 0.000130660
2600 0.000226850 2600 0.000009677 add_time= 0.000261077
2601 0.000203928 2601 0.000008482 add_time= 0.000251342
1250 0.000123057 1250 0.000007125 add_time= 0.000145504
2704 0.000225698 2704 0.000008105 add_time= 0.000282855
2550 0.000043369 2550 0.000007282 add_time= 0.000077459
2600 0.000334122 2600 0.000009615 add_time= 0.000477785
2805 0.000048882 2805 0.000029221 add_time= 0.000124521
2550 0.000046308 2550 0.000019916 add_time= 0.000127126
2650 0.000158960 2650 0.000012001 add_time= 0.001343931
2915 0.000133568 2915 0.000006942 add_time= 0.000158769
2500 0.000024756 2500 0.000005819 add_time= 0.000051559
2652 0.000024263 2652 0.000023289 add_time= 0.000063874
2700 0.000026962 2700 0.000007276 add_time= 0.000050650
1250 0.000125750 1250 0.000005666 add_time= 0.000146088
2650 0.000220775 2650 0.000006623 add_time= 0.000243048
2600 0.000036224 2600 0.000011879 add_time= 0.000061299
2750 0.000099504 2750 0.000005655 add_time= 0.000119095
2600 0.000067750 2600 0.000005578 add_time= 0.000086471
2500 0.000033255 2500 0.000040355 add_time= 0.000089524
2700 0.000025348 2700 0.000006180 add_time= 0.000046204
2650 0.000444631 2650 0.000008777 add_time= 0.000479309
2550 0.000097122 2550 0.000008287 add_time= 0.000122487
2500 0.000083835 2500 0.000006865 add_time= 0.000114383
2550 0.000007415 2550 0.000024681 add_time= 0.000054687
2754 0.000033807 2754 0.000007492 add_time= 0.000058453
2700 0.000068875 2700 0.000007033 add_time= 0.000092494
2500 0.000387564 2500 0.000006661 add_time= 0.000412095
2750 0.000088149 2750 0.000006267 add_time= 0.000111597
2500 0.000029710 2500 0.000010270 add_time= 0.000056819
2754 0.000038614 2754 0.000006780 add_time= 0.000060188
2652 0.000006072 2652 0.000025111 add_time= 0.000056646
2700 0.000100007 2700 0.000008295 add_time= 0.000145143
1250 0.000038139 1250 0.000006479 add_time= 0.000061384
2750 0.000051318 2750 0.000007488 add_time= 0.000094728
2860 0.000079333 2860 0.000006722 add_time= 0.000114611
3025 0.000034493 3025 0.000006760 add_time= 0.000068884
2550 0.000139104 2550 0.000017385 add_time= 0.000173116
2550 0.000178446 2550 0.000006083 add_time= 0.000199209
2500 0.000076207 2500 0.000006405 add_time= 0.000099104
2500 0.000042091 2500 0.000006570 add_time= 0.000064197
2703 0.000449497 2703 0.000006888 add_time= 0.000473666
2600 0.000303297 2600 0.000006899 add_time= 0.000326929
2750 0.000399504 2750 0.000006503 add_time= 0.000422928
2550 0.000006860 2550 0.000020397 add_time= 0.000054976
2550 0.000160176 2550 0.000007423 add_time= 0.000185256
1375 0.000129248 1375 0.000006381 add_time= 0.000149913
2862 0.000416245 2862 0.000006629 add_time= 0.000443252
2500 0.000082137 2500 0.000006337 add_time= 0.000104686
2805 0.000169516 2805 0.000015320 add_time= 0.000201767
2550 0.000096479 2550 0.000006823 add_time= 0.000119629
2550 0.000006862 2550 0.000089455 add_time= 0.000112991
2750 0.000075861 2750 0.000006401 add_time= 0.000097903
2500 0.000176441 2500 0.000006376 add_time= 0.000206183
1325 0.000086834 1325 0.000007723 add_time= 0.000189285
2808 0.000079235 2808 0.000007568 add_time= 0.000118219
1375 0.000018702 1375 0.000006865 add_time= 0.000070223
2750 0.000026015 2750 0.000023811 add_time= 0.000078156
2862 0.000056456 2862 0.000007282 add_time= 0.000097226
2600 0.000036824 2600 0.000008008 add_time= 0.000068319
2500 0.000416866 2500 0.000008040 add_time= 0.000445230
2600 0.000192263 2600 0.000014972 add_time= 0.000225052
2500 0.000332701 2500 0.000007699 add_time= 0.000355935
2550 0.000235906 2550 0.000014351 add_time= 0.000264240
2805 0.000098129 2805 0.000006610 add_time= 0.000124769
2700 0.000064553 2700 0.000006487 add_time= 0.000085813
2750 0.000068799 2750 0.000008979 add_time= 0.000099679
2750 0.000406117 2750 0.000007063 add_time= 0.000429749
2600 0.000160993 2600 0.000006258 add_time= 0.000181884
2500 0.000067601 2500 0.000006740 add_time= 0.000090580
2550 0.000139177 2550 0.000006764 add_time= 0.000168757
2700 0.000097030 2700 0.000007934 add_time= 0.000122186
2500 0.000029262 2500 0.000007163 add_time= 0.000051483
2756 0.000143502 2756 0.000006563 add_time= 0.000168186
2500 0.000203530 2500 0.000007343 add_time= 0.000226955
2750 0.000141386 2750 0.000006467 add_time= 0.000164190
2500 0.000006901 2500 0.000024373 add_time= 0.000047364
2862 0.000359303 2862 0.000007800 add_time= 0.000387069
2750 0.000064386 2750 0.000006845 add_time= 0.000095599
2650 0.000190481 2650 0.000007161 add_time= 0.000214924
2600 0.000153498 2600 0.000006300 add_time= 0.000174870
2750 0.000260172 2750 0.000005632 add_time= 0.000280540
2500 0.000115910 2500 0.000006209 add_time= 0.000144837
2601 0.000013987 2601 0.000027983 add_time= 0.000056308
2500 0.000309505 2500 0.000006928 add_time= 0.000333409
2703 0.000150563 2703 0.000013956 add_time= 0.000181917
2650 0.000122453 2650 0.000006756 add_time= 0.000145679
2500 0.000139152 2500 0.000006032 add_time= 0.000161095
2805 0.000030736 2805 0.000057295 add_time= 0.000106414
2750 0.000076129 2750 0.000006829 add_time= 0.000099422
2750 0.000184065 2750 0.000006675 add_time= 0.000225218
2750 0.000070499 2750 0.000025778 add_time= 0.000109766
2700 0.000133867 2700 0.000010828 add_time= 0.000163261
2805 0.000140740 2805 0.000021285 add_time= 0.000179869
2550 0.000015464 2550 0.000043082 add_time= 0.000074709
2600 0.000273882 2600 0.000007272 add_time= 0.000298053
2500 0.000335268 2500 0.000006437 add_time= 0.000359360
2500 0.000112405 2500 0.000006480 add_time= 0.000135313
2860 0.000095942 2860 0.000006712 add_time= 0.000120948
2750 0.000006412 2750 0.000013958 add_time= 0.000035216
2550 0.000005579 2550 0.000013960 add_time= 0.000034463
2600 0.000203628 2600 0.000005991 add_time= 0.000223628
2550 0.000276024 2550 0.000005725 add_time= 0.000295257
1375 0.000017900 1375 0.000005401 add_time= 0.000035528
2500 0.000368515 2500 0.000006412 add_time= 0.000392210
2500 0.000057365 2500 0.000007099 add_time= 0.000080482
2750 0.000050017 2750 0.000017938 add_time= 0.000086558
2550 0.000032071 2550 0.000006627 add_time= 0.000055131
2750 0.000056982 2750 0.000007675 add_time= 0.000082198
2650 0.000201392 2650 0.000008208 add_time= 0.000249108
3025 0.000053999 3025 0.000008129 add_time= 0.000093816
2700 0.000029062 2700 0.000008118 add_time= 0.000087940
2500 0.000027575 2500 0.000035104 add_time= 0.000090841
2500 0.000024749 2500 0.000008410 add_time= 0.000060300
2600 0.000038039 2600 0.000007865 add_time= 0.000073580
2862 0.000177454 2862 0.000007219 add_time= 0.000211226
2600 0.000099949 2600 0.000006414 add_time= 0.000122707
2805 0.000053537 2805 0.000006624 add_time= 0.000086152
1250 0.000062269 1250 0.000005188 add_time= 0.000079204
2550 0.000007184 2550 0.000025641 add_time= 0.000066783
2600 0.000076489 2600 0.000006687 add_time= 0.000099485
1250 0.000359195 1250 0.000005510 add_time= 0.000379317
2500 0.000097023 2500 0.000006363 add_time= 0.000120106
2750 0.000049252 2750 0.000007113 add_time= 0.000084980
2650 0.000074104 2650 0.000007135 add_time= 0.000102867
2703 0.000017003 2703 0.000014661 add_time= 0.000058268
2700 0.000059183 2700 0.000007393 add_time= 0.000083876
1250 0.000055888 1250 0.000006916 add_time= 0.000086912
2600 0.000618620 2600 0.000008229 add_time= 0.000660110
2600 0.000035662 2600 0.000007227 add_time= 0.000083660
2860 0.000222874 2860 0.000006846 add_time= 0.000254859
1275 0.000015575 1275 0.000015418 add_time= 0.000054993
2970 0.000039384 2970 0.000014413 add_time= 0.000070539
2650 0.000256193 2650 0.000007022 add_time= 0.000281296
2600 0.000094596 2600 0.000006064 add_time= 0.000115553
2600 0.000076494 2600 0.000006414 add_time= 0.000098971
2700 0.000010860 2700 0.000045957 add_time= 0.000080271
2500 0.000107053 2500 0.000008023 add_time= 0.000141497
2500 0.000176129 2500 0.000008866 add_time= 0.000201712
2860 0.000050905 2860 0.000006393 add_time= 0.000074684
2550 0.000106771 2550 0.000006603 add_time= 0.000130759
2805 0.000093725 2805 0.000011514 add_time= 0.000121475
2550 0.000006578 2550 0.000023957 add_time= 0.000046303
2750 0.000184287 2750 0.000006747 add_time= 0.000207688
2750 0.000081904 2750 0.000007330 add_time= 0.000106189
2600 0.000410367 2600 0.000006624 add_time= 0.000434288
2500 0.000265766 2500 0.000006395 add_time= 0.000288411
2500 0.000051846 2500 0.000006629 add_time= 0.000074704
2650 0.000009226 2650 0.000022613 add_time= 0.000044911
2700 0.000135030 2700 0.000006552 add_time= 0.000156953
2750 0.000081296 2750 0.000006472 add_time= 0.000107731
2915 0.000059337 2915 0.000007048 add_time= 0.000085112
2600 0.000231517 2600 0.000006940 add_time= 0.000254800
2750 0.000147794 2750 0.000006780 add_time= 0.000170623
2860 0.000048219 2860 0.000006829 add_time= 0.000069956
1275 0.000005682 1275 0.000042992 add_time= 0.000062452
2550 0.000095827 2550 0.000006607 add_time= 0.000126715
2750 0.000056718 2750 0.000006758 add_time= 0.000083675
2703 0.000120711 2703 0.000006418 add_time= 0.000156620
2704 0.000070304 2704 0.000006534 add_time= 0.000093066
2500 0.000075170 2500 0.000006490 add_time= 0.000109452
2500 0.000217090 2500 0.000010226 add_time= 0.000244349
2805 0.000015233 2805 0.000024675 add_time= 0.000069724
2600 0.000145064 2600 0.000006991 add_time= 0.000169319
2500 0.000176040 2500 0.000006056 add_time= 0.000210091
2500 0.000091170 2500 0.000009854 add_time= 0.000126386
2550 0.000077727 2550 0.000006757 add_time= 0.000101609
2550 0.000007362 2550 0.000013321 add_time= 0.000036906
1250 0.000266617 1250 0.000005656 add_time= 0.000286805
2756 0.000128519 2756 0.000006638 add_time= 0.000153844
2500 0.000109287 2500 0.000006415 add_time= 0.000130813
2750 0.000085138 2750 0.000015531 add_time= 0.000114191
2601 0.000108526 2601 0.000006287 add_time= 0.000128196
2600 0.000083901 2600 0.000007177 add_time= 0.000107537
2550 0.000329414 2550 0.000019247 add_time= 0.000364955
2650 0.000144283 2650 0.000008171 add_time= 0.000193884
2805 0.000073633 2805 0.000008270 add_time= 0.000119203
3025 0.000077877 3025 0.000016968 add_time= 0.000126084
2550 0.000007287 2550 0.000031624 add_time= 0.000061836
2700 0.000061680 2700 0.000008896 add_time= 0.000096370
2650 0.000060256 2650 0.000008252 add_time= 0.000091695
2915 0.000135081 2915 0.000006681 add_time= 0.000159185
2808 0.000086869 2808 0.000008044 add_time= 0.000109282
2500 0.000168291 2500 0.000015623 add_time= 0.000199927
2915 0.000107451 2915 0.000007046 add_time= 0.000130740
2550 0.000016129 2550 0.000024375 add_time= 0.000065326
2550 0.000120987 2550 0.000006949 add_time= 0.000141962
2500 0.000203612 2500 0.000006374 add_time= 0.000223348
1325 0.000280081 1325 0.000005515 add_time= 0.000297496
2809 0.000119859 2809 0.000007454 add_time= 0.000145355
2500 0.000191863 2500 0.000007357 add_time= 0.000216086
2500 0.000128361 2500 0.000014026 add_time= 0.000157271
2550 0.000019556 2550 0.000094073 add_time= 0.000129221
2970 0.000125747 2970 0.000016045 add_time= 0.000158367
2750 0.000168894 2750 0.000007247 add_time= 0.000190493
2500 0.000426741 2500 0.000007067 add_time= 0.000450978
2500 0.000100548 2500 0.000006750 add_time= 0.000122300
2500 0.000136429 2500 0.000006529 add_time= 0.000159324
2805 0.000097897 2805 0.000007470 add_time= 0.000127292
2500 0.000344649 2500 0.000006331 add_time= 0.000366958
1275 0.000447421 1275 0.000006791 add_time= 0.000468825
2860 0.000104698 2860 0.000008660 add_time= 0.000140682
2860 0.000062601 2860 0.000009007 add_time= 0.000090865
2500 0.000037884 2500 0.000006158 add_time= 0.000061098
1375 0.000064833 1375 0.000006055 add_time= 0.000087460
2601 0.000016663 2601 0.000029080 add_time= 0.000073052
1350 0.000146101 1350 0.000005786 add_time= 0.000166191
1375 0.000028429 1375 0.000005994 add_time= 0.000048158
2500 0.000452241 2500 0.000006733 add_time= 0.000475568
2600 0.000177373 2600 0.000006670 add_time= 0.000199421
1375 0.000120180 1375 0.000005971 add_time= 0.000139904
1250 0.000009255 1250 0.000015010 add_time= 0.000038883
2600 0.000206162 2600 0.000006685 add_time= 0.000238094
1250 0.000063992 1250 0.000005628 add_time= 0.000081753
2500 0.000192201 2500 0.000008819 add_time= 0.000216635
2500 0.000184345 2500 0.000017334 add_time= 0.000221964
2500 0.003525625 2500 0.000007324 add_time= 0.003550213
1275 0.000067254 1275 0.000006389 add_time= 0.000087580
1325 0.000479531 1325 0.000005737 add_time= 0.000499458
2600 0.000098846 2600 0.000005840 add_time= 0.000120374
2650 0.000192886 2650 0.000006768 add_time= 0.000216094
2550 0.000072243 2550 0.000007262 add_time= 0.000095733
2550 0.000007333 2550 0.000015570 add_time= 0.000040043
2500 0.000078864 2500 0.000006869 add_time= 0.000110435
2650 0.000115061 2650 0.000006486 add_time= 0.000137980
2750 0.000107328 2750 0.000010971 add_time= 0.000139687
2915 0.000036770 2915 0.000006843 add_time= 0.000060756
2600 0.000006501 2600 0.000043180 add_time= 0.000063980
2970 0.000040694 2970 0.000006856 add_time= 0.000064169
2500 0.000031222 2500 0.000011044 add_time= 0.000058684
2500 0.000174541 2500 0.000007316 add_time= 0.000212311
2600 0.000059840 2600 0.000007056 add_time= 0.000096125
2500 0.000208636 2500 0.000018873 add_time= 0.000244387
2652 0.000154955 2652 0.000006626 add_time= 0.000177479
2500 0.000350117 2500 0.000006272 add_time= 0.000382328
2500 0.000057363 2500 0.000009903 add_time= 0.000082416
2500 0.000249109 2500 0.000006972 add_time= 0.000274040
2600 0.000073220 2600 0.000005980 add_time= 0.000094677
2500 0.000213149 2500 0.000006602 add_time= 0.000236553
2805 0.000211517 2805 0.000007733 add_time= 0.000247623
2500 0.000195692 2500 0.000007475 add_time= 0.000231291
2970 0.000092153 2970 0.000006711 add_time= 0.000114900
2650 0.000163724 2650 0.000006694 add_time= 0.000188300
2750 0.000089182 2750 0.000017657 add_time= 0.000125058
2500 0.000147383 2500 0.000006583 add_time= 0.000171291
1275 0.000010185 1275 0.000013794 add_time= 0.000039584
2750 0.000030064 2750 0.000007065 add_time= 0.000054343
2600 0.000109957 2600 0.000008784 add_time= 0.000161222
2860 0.000031709 2860 0.000008199 add_time= 0.000087459
2750 0.000040770 2750 0.000007529 add_time= 0.000081173
2550 0.000047532 2550 0.000007967 add_time= 0.000083813
1325 0.000033297 1325 0.000008833 add_time= 0.000086712
2703 0.000154491 2703 0.000006709 add_time= 0.000179846
3025 0.000035754 3025 0.000013886 add_time= 0.000076899
2500 0.000059376 2500 0.000007374 add_time= 0.000084533
2601 0.000007338 2601 0.000024278 add_time= 0.000056544
2970 0.000092177 2970 0.000006678 add_time= 0.000115382
1250 0.000046164 1250 0.000006142 add_time= 0.000070340
2500 0.000223561 2500 0.000006211 add_time= 0.000246152
2750 0.000153953 2750 0.000006516 add_time= 0.000176780
2500 0.000174971 2500 0.000006305 add_time= 0.000196758
2703 0.000018428 2703 0.000013685 add_time= 0.000056305
1250 0.000043699 1250 0.000005899 add_time= 0.000062826
1350 0.000062392 1350 0.000005651 add_time= 0.000079712
2500 0.000293970 2500 0.000006617 add_time= 0.000315212
2500 0.000051098 2500 0.000006183 add_time= 0.000072361
2915 0.000060106 2915 0.000015410 add_time= 0.000091611
2650 0.000014978 2650 0.000014087 add_time= 0.000043626
2500 0.000055131 2500 0.000006900 add_time= 0.000085701
2805 0.000056410 2805 0.000015314 add_time= 0.000087683
1325 0.000138522 1325 0.000007152 add_time= 0.000159646
2970 0.000056028 2970 0.000007509 add_time= 0.000087479
1250 0.000095229 1250 0.000005085 add_time= 0.000111678
2500 0.000013983 2500 0.000084859 add_time= 0.000112123
2700 0.000032432 2700 0.000006202 add_time= 0.000053850
1250 0.000115666 1250 0.000005698 add_time= 0.000133783
2500 0.000234269 2500 0.000007285 add_time= 0.000261103
2915 0.000156290 2915 0.000027821 add_time= 0.000203357
2750 0.000342736 2750 0.000007056 add_time= 0.000366109
2500 0.000016752 2500 0.000021534 add_time= 0.000053885
2750 0.000539897 2750 0.000006419 add_time= 0.000563249
2750 0.000064219 2750 0.000006633 add_time= 0.000086350
2750 0.000154147 2750 0.000006509 add_time= 0.000175902
1300 0.000040954 1300 0.000005640 add_time= 0.000060660
2750 0.000139324 2750 0.000007291 add_time= 0.000162848
2754 0.000035229 2754 0.000017580 add_time= 0.000081383
2500 0.000250525 2500 0.000018018 add_time= 0.000293941
2750 0.000021319 2750 0.000010984 add_time= 0.000046713
2750 0.000496859 2750 0.000006473 add_time= 0.000530088
2750 0.000099277 2750 0.000007044 add_time= 0.000122515
2750 0.000054324 2750 0.000006843 add_time= 0.000086887
2750 0.000137165 2750 0.000005611 add_time= 0.000156610
2550 0.000077588 2550 0.000005863 add_time= 0.000097476
2500 0.000066990 2500 0.000006798 add_time= 0.000089316
2700 0.000705793 2700 0.000006985 add_time= 0.000729324
2860 0.000076755 2860 0.000006618 add_time= 0.000099568
2750 0.000276909 2750 0.000006098 add_time= 0.000297393
2550 0.000105485 2550 0.000006596 add_time= 0.000127926
2550 0.000151979 2550 0.000015321 add_time= 0.000183034
2700 0.000022550 2700 0.000013070 add_time= 0.000049745
1250 0.000052175 1250 0.000005860 add_time= 0.000069482
2860 0.000141292 2860 0.000007530 add_time= 0.000176693
2652 0.000052878 2652 0.000006415 add_time= 0.000074807
2750 0.000105425 2750 0.000006484 add_time= 0.000135731
2550 0.000007098 2550 0.000015088 add_time= 0.000038186
2970 0.000108112 2970 0.000007009 add_time= 0.000132005
1250 0.000072648 1250 0.000005797 add_time= 0.000106744
2650 0.000049531 2650 0.000007463 add_time= 0.000092726
2756 0.000047090 2756 0.000007248 add_time= 0.000083260
2500 0.000109434 2500 0.000006856 add_time= 0.000145507
2500 0.000268740 2500 0.000008361 add_time= 0.000299357
2550 0.000090489 2550 0.000007294 add_time= 0.000114443
2500 0.000124698 2500 0.000007163 add_time= 0.000148630
2500 0.000051000 2500 0.000006809 add_time= 0.000073790
2500 0.000233403 2500 0.000007101 add_time= 0.000258050
2750 0.000097334 2750 0.000007510 add_time= 0.000133228
3025 0.000044494 3025 0.000018180 add_time= 0.000078721
2650 0.000007162 2650 0.000014629 add_time= 0.000038800
2750 0.000274980 2750 0.000006791 add_time= 0.000298250
1375 0.000092587 1375 0.000006130 add_time= 0.000112904
2703 0.000175664 2703 0.000006845 add_time= 0.000199356
2860 0.000076014 2860 0.000006722 add_time= 0.000100185
2550 0.000099992 2550 0.000005417 add_time= 0.000119163
2500 0.000070111 2500 0.000006237 add_time= 0.000091876
2754 0.000075602 2754 0.000006014 add_time= 0.000096095
2970 0.000046173 2970 0.000006460 add_time= 0.000068684
2750 0.000194982 2750 0.000005818 add_time= 0.000222692
2750 0.000058425 2750 0.000007395 add_time= 0.000102760
2500 0.000044405 2500 0.000007475 add_time= 0.000094145
2500 0.000035819 2500 0.000007072 add_time= 0.000065645
2652 0.000048374 2652 0.000024686 add_time= 0.000100813
2500 0.000046861 2500 0.000008193 add_time= 0.000081717
2500 0.000025058 2500 0.000007999 add_time= 0.000060358
2650 0.000169088 2650 0.000014157 add_time= 0.000200886
1300 0.000034164 1300 0.000005022 add_time= 0.000051339
2550 0.000063210 2550 0.000005439 add_time= 0.000082279
3025 0.000036861 3025 0.000006684 add_time= 0.000062188
1275 0.000006250 1275 0.000024439 add_time= 0.000044231
2500 0.000029293 2500 0.000011823 add_time= 0.000057140
2860 0.000103913 2860 0.000006637 add_time= 0.000127365
2704 0.000056762 2704 0.000007633 add_time= 0.000079015
2860 0.000037490 2860 0.000015566 add_time= 0.000079191
2915 0.000093177 2915 0.000006533 add_time= 0.000114997
2750 0.000046728 2750 0.000006534 add_time= 0.000068183
2500 0.000013881 2500 0.000013973 add_time= 0.000042424
2700 0.000065197 2700 0.000019000 add_time= 0.000118108
2500 0.000136358 2500 0.000006192 add_time= 0.000156569
2550 0.000165816 2550 0.000006727 add_time= 0.000188512
2500 0.000034878 2500 0.000005628 add_time= 0.000054856
1375 0.000051281 1375 0.000005977 add_time= 0.000078530
2805 0.000051631 2805 0.000007519 add_time= 0.000075659
2862 0.000056112 2862 0.000007218 add_time= 0.000079461
2500 0.000188671 2500 0.000006560 add_time= 0.000211632
2750 0.000141565 2750 0.000006312 add_time= 0.000163069
2600 0.000118075 2600 0.000005925 add_time= 0.000138197
2750 0.000066968 2750 0.000006688 add_time= 0.000096075
2550 0.000036778 2550 0.000006344 add_time= 0.000067588
2550 0.000016096 2550 0.000026527 add_time= 0.000056629
2650 0.000060114 2650 0.000006613 add_time= 0.000082227
2750 0.000168853 2750 0.000006742 add_time= 0.000190367
2703 0.000420701 2703 0.000006901 add_time= 0.000444252
2860 0.000084130 2860 0.000007224 add_time= 0.000108831
1375 0.000036626 1375 0.000005529 add_time= 0.000064474
2500 0.000035788 2500 0.000006540 add_time= 0.000058843
2805 0.000016140 2805 0.000015059 add_time= 0.000046985
2600 0.000083578 2600 0.000006605 add_time= 0.000105886
2500 0.000577792 2500 0.000008128 add_time= 0.000608874
1375 0.000047730 1375 0.000008439 add_time= 0.000073907
2750 0.000072263 2750 0.000007525 add_time= 0.000115517
2650 0.000080683 2650 0.000007347 add_time= 0.000105497
2750 0.000049409 2750 0.000007256 add_time= 0.000073053
2915 0.000467007 2915 0.000009980 add_time= 0.000495621
2915 0.000225793 2915 0.000009055 add_time= 0.000251945
2500 0.000080308 2500 0.000006587 add_time= 0.000104941
3025 0.000075834 3025 0.000006212 add_time= 0.000097642
2550 0.000006449 2550 0.000035077 add_time= 0.000059885
2700 0.000109315 2700 0.000006111 add_time= 0.000129939
625 0.000028301 625 0.000027523 add_time= 0.000074373
2750 0.000045421 2750 0.000007032 add_time= 0.000070872
2600 0.000069759 2600 0.000006626 add_time= 0.000093586
2750 0.000098767 2750 0.000007816 add_time= 0.000122567
2550 0.000140153 2550 0.000006961 add_time= 0.000163098
2550 0.000049907 2550 0.000006601 add_time= 0.000072975
2500 0.000215639 2500 0.000007439 add_time= 0.000240445
2915 0.000154291 2915 0.000008062 add_time= 0.000180754
2600 0.000178031 2600 0.000006393 add_time= 0.000200449
2500 0.000041536 2500 0.000006746 add_time= 0.000066624
2750 0.000117172 2750 0.000006556 add_time= 0.000140071
2805 0.000102202 2805 0.000006661 add_time= 0.000125048
2500 0.000026156 2500 0.000006748 add_time= 0.000047713
2915 0.000113794 2915 0.000007009 add_time= 0.000141523
2808 0.000055757 2808 0.000007096 add_time= 0.000079097
2750 0.000087092 2750 0.000006778 add_time= 0.000109947
2970 0.000044365 2970 0.000006689 add_time= 0.000067627
2500 0.000165359 2500 0.000010546 add_time= 0.000192753
2500 0.000112619 2500 0.000005884 add_time= 0.000132329
2500 0.000167025 2500 0.000007051 add_time= 0.000201258
2500 0.000027554 2500 0.000006098 add_time= 0.000049902
2750 0.000107209 2750 0.000006802 add_time= 0.000139076
2550 0.000016869 2550 0.000014000 add_time= 0.000047233
2916 0.000063498 2916 0.000007466 add_time= 0.000088903
2500 0.000068977 2500 0.000006886 add_time= 0.000101352
2650 0.000127992 2650 0.000006574 add_time= 0.000151500
2805 0.000072123 2805 0.000006515 add_time= 0.000105905
2750 0.000108388 2750 0.000010644 add_time= 0.000146683
2805 0.000110318 2805 0.000017820 add_time= 0.000150364
2754 0.000157245 2754 0.000007060 add_time= 0.000180937
3025 0.000317721 3025 0.000009870 add_time= 0.000351938
2500 0.000045492 2500 0.000005856 add_time= 0.000066681
1300 0.000044513 1300 0.000005102 add_time= 0.000061073
2805 0.000112616 2805 0.000006851 add_time= 0.000144209
2600 0.000006586 2600 0.000023636 add_time= 0.000044282
2750 0.000060041 2750 0.000006694 add_time= 0.000093283
2500 0.000074056 2500 0.000006417 add_time= 0.000104064
2809 0.000093354 2809 0.000008477 add_time= 0.000144022
2750 0.000046922 2750 0.000007160 add_time= 0.000088787
2500 0.000024842 2500 0.000007533 add_time= 0.000058507
3025 0.000065469 3025 0.000007513 add_time= 0.000098786
2500 0.000040042 2500 0.000011389 add_time= 0.000084196
2700 0.000033174 2700 0.000008222 add_time= 0.000070056
2809 0.000058479 2809 0.000006553 add_time= 0.000082137
2860 0.000041237 2860 0.000006635 add_time= 0.000073854
2700 0.000070279 2700 0.000005482 add_time= 0.000088894
2500 0.000075188 2500 0.000012254 add_time= 0.000101944
2805 0.000027030 2805 0.000006702 add_time= 0.000050126
2500 0.000006524 2500 0.000020987 add_time= 0.000050792
2700 0.000087190 2700 0.000006317 add_time= 0.000108965
1250 0.000033359 1250 0.000005961 add_time= 0.000053029
2500 0.000225156 2500 0.000006490 add_time= 0.000249484
2750 0.000069600 2750 0.000007411 add_time= 0.000095107
2500 0.000039741 2500 0.000006070 add_time= 0.000066787
2750 0.000064448 2750 0.000006946 add_time= 0.000087955
2550 0.000094874 2550 0.000009698 add_time= 0.000120649
2650 0.000084505 2650 0.000006062 add_time= 0.000111721
2650 0.000086755 2650 0.000007064 add_time= 0.000112456
2860 0.000045397 2860 0.000014569 add_time= 0.000088487
2500 0.000091857 2500 0.000005624 add_time= 0.000112993
2652 0.000086716 2652 0.000005996 add_time= 0.000106885
2601 0.000073242 2601 0.000006617 add_time= 0.000096762
2550 0.000037291 2550 0.000007477 add_time= 0.000061521
2650 0.000221738 2650 0.000007254 add_time= 0.000247025
2860 0.000064001 2860 0.000006576 add_time= 0.000094989
2500 0.000096307 2500 0.000006248 add_time= 0.000126534
2805 0.000026481 2805 0.000014753 add_time= 0.000058533
2500 0.000075895 2500 0.000006577 add_time= 0.000098434
2500 0.000327823 2500 0.000006732 add_time= 0.000353091
2600 0.000061308 2600 0.000007255 add_time= 0.000085732
2970 0.000056869 2970 0.000006905 add_time= 0.000081645
2500 0.000145958 2500 0.000005924 add_time= 0.000166192
2601 0.000025347 2601 0.000026677 add_time= 0.000068895
2650 0.000063081 2650 0.000006873 add_time= 0.000097606
2650 0.000088146 2650 0.000006828 add_time= 0.000113415
2600 0.000058345 2600 0.000006475 add_time= 0.000080774
2750 0.000073872 2750 0.000007745 add_time= 0.000099323
2860 0.000126498 2860 0.000008210 add_time= 0.000152102
2805 0.000017163 2805 0.000014791 add_time= 0.000048464
2500 0.000070232 2500 0.000007235 add_time= 0.000094587
2500 0.000037950 2500 0.000007244 add_time= 0.000061684
2915 0.000526029 2915 0.000011186 add_time= 0.000571607
3025 0.000255500 3025 0.000008242 add_time= 0.000282700
2500 0.000053913 2500 0.000007135 add_time= 0.000090073
2703 0.000030448 2703 0.000031050 add_time= 0.000077203
2808 0.000116642 2808 0.000006346 add_time= 0.000138364
2500 0.000173058 2500 0.000007361 add_time= 0.000198188
2650 0.000433050 2650 0.000006734 add_time= 0.000457040
2860 0.000189884 2860 0.000007298 add_time= 0.000224209
2750 0.000035133 2750 0.000006630 add_time= 0.000058990
2500 0.000010508 2500 0.000041105 add_time= 0.000069174
2703 0.000005951 2703 0.000020384 add_time= 0.000041160
2750 0.000066687 2750 0.000006209 add_time= 0.000091923
2750 0.000116583 2750 0.000006137 add_time= 0.000145062
2550 0.000222369 2550 0.000007200 add_time= 0.000245723
2652 0.000061677 2652 0.000006307 add_time= 0.000085486
2700 0.000034643 2700 0.000007028 add_time= 0.000066544
2500 0.000007068 2500 0.000033145 add_time= 0.000056738
2550 0.000032973 2550 0.000006167 add_time= 0.000053852
2700 0.000067565 2700 0.000006537 add_time= 0.000090248
2600 0.000253693 2600 0.000007765 add_time= 0.000278796
2500 0.000113400 2500 0.000005613 add_time= 0.000138730
2750 0.000050799 2750 0.000007065 add_time= 0.000075700
2805 0.000164258 2805 0.000007440 add_time= 0.000207286
2600 0.000077145 2600 0.000006541 add_time= 0.000107965
1250 0.000038730 1250 0.000006294 add_time= 0.000059757
2600 0.000145060 2600 0.000008793 add_time= 0.000170417
2600 0.000062802 2600 0.000006272 add_time= 0.000085069
2750 0.000197393 2750 0.000006425 add_time= 0.000220158
2750 0.000210646 2750 0.000006906 add_time= 0.000242623
2601 0.000082110 2601 0.000006230 add_time= 0.000103840
2750 0.000033728 2750 0.000006392 add_time= 0.000057268
2862 0.000138186 2862 0.000008827 add_time= 0.000177418
2600 0.000101218 2600 0.000006784 add_time= 0.000125174
2750 0.000373478 2750 0.000007222 add_time= 0.000397035
2550 0.000180700 2550 0.000006909 add_time= 0.000202463
2652 0.000006347 2652 0.000013504 add_time= 0.000033731
2601 0.000118384 2601 0.000006458 add_time= 0.000138939
2915 0.000045440 2915 0.000005908 add_time= 0.000066437
2650 0.000189234 2650 0.000006617 add_time= 0.000212729
2756 0.000106568 2756 0.000006087 add_time= 0.000127619
2500 0.000139295 2500 0.000007754 add_time= 0.000176285
2500 0.000071054 2500 0.000005680 add_time= 0.000091166
2601 0.000006852 2601 0.000022611 add_time= 0.000046225
2750 0.000103426 2750 0.000006480 add_time= 0.000126685
2600 0.000189880 2600 0.000006375 add_time= 0.000212457
1300 0.000055901 1300 0.000005351 add_time= 0.000072937
2500 0.000121499 2500 0.000011032 add_time= 0.000147979
2500 0.000094781 2500 0.000006411 add_time= 0.000116517
2805 0.000014086 2805 0.000023645 add_time= 0.000054498
2550 0.000105061 2550 0.000006333 add_time= 0.000126712
3025 0.000063008 3025 0.000006887 add_time= 0.000085984
2703 0.000070163 2703 0.000019916 add_time= 0.000137596
3025 0.000026249 3025 0.000007865 add_time= 0.000062433
2750 0.000036376 2750 0.000014471 add_time= 0.000099607
2500 0.000006808 2500 0.000024654 add_time= 0.000066915
2601 0.000031174 2601 0.000007673 add_time= 0.000071451
2750 0.000041794 2750 0.000009303 add_time= 0.000088618
2915 0.000096567 2915 0.000006779 add_time= 0.000122101
2500 0.000088254 2500 0.000018077 add_time= 0.000123613
2750 0.000204665 2750 0.000006929 add_time= 0.000226504
2750 0.000062219 2750 0.000005633 add_time= 0.000093051
2550 0.000046546 2550 0.000006210 add_time= 0.000077378
2700 0.000065983 2700 0.000005504 add_time= 0.000085896
2500 0.000115755 2500 0.000005621 add_time= 0.000134966
2600 0.000317980 2600 0.000006873 add_time= 0.000340906
2500 0.000083866 2500 0.000007207 add_time= 0.000117879
2500 0.000170467 2500 0.000006513 add_time= 0.000201534
2601 0.000060157 2601 0.000006050 add_time= 0.000079771
2750 0.000039331 2750 0.000006971 add_time= 0.000071367
2750 0.000047801 2750 0.000012043 add_time= 0.000074554
2915 0.000096488 2915 0.000006776 add_time= 0.000119776
2808 0.000035344 2808 0.000006089 add_time= 0.000055346
2550 0.000087586 2550 0.000006361 add_time= 0.000108054
2500 0.000042603 2500 0.000005649 add_time= 0.000061985
2750 0.000016654 2750 0.000014351 add_time= 0.000047208
2550 0.000051974 2550 0.000006275 add_time= 0.000072263
2750 0.000180942 2750 0.000006546 add_time= 0.000202162
2650 0.000068443 2650 0.000007405 add_time= 0.000092615
2600 0.000105661 2600 0.000008171 add_time= 0.000136435
2750 0.000065848 2750 0.000006668 add_time= 0.000088235
2750 0.000015666 2750 0.000021820 add_time= 0.000053174
2916 0.000036819 2916 0.000006998 add_time= 0.000069071
1250 0.000304472 1250 0.000006774 add_time= 0.000325209
1250 0.000178790 1250 0.000006613 add_time= 0.000199494
2500 0.000162819 2500 0.000006159 add_time= 0.000184559
2750 0.000053951 2750 0.000006377 add_time= 0.000076200
2750 0.000049461 2750 0.000006210 add_time= 0.000069972
2805 0.000039700 2805 0.000007053 add_time= 0.000063258
2700 0.000042146 2700 0.000005670 add_time= 0.000062087
1375 0.000070165 1375 0.000006179 add_time= 0.000089424
2750 0.000211811 2750 0.000006760 add_time= 0.000235201
2600 0.000175168 2600 0.000006102 add_time= 0.000202608
2750 0.000064804 2750 0.000006758 add_time= 0.000093706
2750 0.000018864 2750 0.000020846 add_time= 0.000056184
2700 0.000021949 2700 0.000008883 add_time= 0.000046513
1275 0.000150411 1275 0.000005791 add_time= 0.000169865
2550 0.000178432 2550 0.000006398 add_time= 0.000200874
2500 0.000083901 2500 0.000006985 add_time= 0.000116217
2500 0.000067332 2500 0.000007126 add_time= 0.000090700
2550 0.000015715 2550 0.000013484 add_time= 0.000045323
2750 0.000067655 2750 0.000006262 add_time= 0.000088875
2862 0.000548655 2862 0.000009014 add_time= 0.000593717
2500 0.000486592 2500 0.000007325 add_time= 0.000512076
2750 0.000373612 2750 0.000008064 add_time= 0.000409228
2550 0.000015772 2550 0.000026199 add_time= 0.000058560
2600 0.000143292 2600 0.000006331 add_time= 0.000163781
2550 0.000077144 2550 0.000006878 add_time= 0.000099719
2862 0.000439199 2862 0.000007863 add_time= 0.000465048
2860 0.000194570 2860 0.000006877 add_time= 0.000218140
2750 0.000408047 2750 0.000006621 add_time= 0.000430466
2601 0.000011306 2601 0.000015032 add_time= 0.000043196
2700 0.000071346 2700 0.000006718 add_time= 0.000111399
2750 0.000036776 2750 0.000007315 add_time= 0.000058856
2500 0.000066506 2500 0.000006575 add_time= 0.000089775
1300 0.000151220 1300 0.000005687 add_time= 0.000168979
2860 0.000102620 2860 0.000006681 add_time= 0.000134689
1275 0.000005733 1275 0.000033649 add_time= 0.000052292
2500 0.000030766 2500 0.000007154 add_time= 0.000055175
2700 0.000175651 2700 0.000006180 add_time= 0.000214821
2862 0.000108637 2862 0.000007182 add_time= 0.000132885
2652 0.000040277 2652 0.000006750 add_time= 0.000063833
2970 0.000056285 2970 0.000008225 add_time= 0.000082360
2650 0.000011589 2650 0.000014253 add_time= 0.000043246
2703 0.000007792 2703 0.000023203 add_time= 0.000047882
2750 0.000230806 2750 0.000006641 add_time= 0.000253748
2915 0.000243647 2915 0.000007136 add_time= 0.000270061
2500 0.000063606 2500 0.000007539 add_time= 0.000107717
2750 0.000071154 2750 0.000007361 add_time= 0.000094888
2500 0.000073199 2500 0.000007183 add_time= 0.000095118
2550 0.000049748 2550 0.000018322 add_time= 0.000082333
2500 0.000050715 2500 0.000006354 add_time= 0.000073187
2500 0.000047053 2500 0.000006404 add_time= 0.000069516
2500 0.000166582 2500 0.000008360 add_time= 0.000209256
2600 0.000063094 2600 0.000006373 add_time= 0.000086587
2860 0.000421030 2860 0.000006145 add_time= 0.000443076
2650 0.000056970 2650 0.000008865 add_time= 0.000080121
2500 0.000029699 2500 0.000013641 add_time= 0.000059770
2754 0.000035624 2754 0.000008091 add_time= 0.000076848
2500 0.000115494 2500 0.000006219 add_time= 0.000136429
2809 0.000063878 2809 0.000015124 add_time= 0.000096344
2600 0.000140108 2600 0.000006063 add_time= 0.000161182
2805 0.000048412 2805 0.000007088 add_time= 0.000072319
2550 0.000344288 2550 0.000006614 add_time= 0.000365938
2700 0.000026393 2700 0.000006501 add_time= 0.000055848
3025 0.000021356 3025 0.000006668 add_time= 0.000043568
1275 0.000083617 1275 0.000005763 add_time= 0.000105765
2650 0.000092110 2650 0.000006958 add_time= 0.000116428
2600 0.000042134 2600 0.000006580 add_time= 0.000062397
2500 0.000160705 2500 0.000007061 add_time= 0.000185275
2805 0.000068876 2805 0.000007183 add_time= 0.000094830
2550 0.000036088 2550 0.000017729 add_time= 0.000068040
2550 0.000119928 2550 0.000006276 add_time= 0.000139552
2750 0.000232230 2750 0.000008143 add_time= 0.000286744
2750 0.000059831 2750 0.000007976 add_time= 0.000102486
2750 0.000087250 2750 0.000009353 add_time= 0.000132965
2805 0.000071936 2805 0.000008869 add_time= 0.000108789
2805 0.000053218 2805 0.000020633 add_time= 0.000099873
2500 0.000614091 2500 0.000006235 add_time= 0.000635692
2652 0.000038905 2652 0.000006349 add_time= 0.000059126
2500 0.000114004 2500 0.000007087 add_time= 0.000135999
2805 0.000009021 2805 0.000026928 add_time= 0.000051795
2700 0.000117595 2700 0.000007092 add_time= 0.000139805
1275 0.000107041 1275 0.000007183 add_time= 0.000128431
2600 0.000148321 2600 0.000007635 add_time= 0.000173372
2500 0.000022964 2500 0.000005924 add_time= 0.000043780
2500 0.000054390 2500 0.000007136 add_time= 0.000087501
2500 0.000017878 2500 0.000014441 add_time= 0.000047913
2500 0.000103545 2500 0.000006541 add_time= 0.000125719
2750 0.000022871 2750 0.000006250 add_time= 0.000051930
2500 0.000230929 2500 0.000006217 add_time= 0.000260507
2600 0.000098334 2600 0.000005913 add_time= 0.000118448
2750 0.000067521 2750 0.000006620 add_time= 0.000090287
2550 0.000086966 2550 0.000006157 add_time= 0.000107286
2600 0.000059690 2600 0.000006446 add_time= 0.000082519
2600 0.000044117 2600 0.000006721 add_time= 0.000066266
2650 0.000391617 2650 0.000006308 add_time= 0.000414616
2600 0.000039650 2600 0.000006108 add_time= 0.000059911
2860 0.000084680 2860 0.000005731 add_time= 0.000124115
2750 0.000061912 2750 0.000006680 add_time= 0.000084138
2550 0.000016294 2550 0.000022310 add_time= 0.000059401
2750 0.000059744 2750 0.000006383 add_time= 0.000090925
2650 0.000169102 2650 0.000007758 add_time= 0.000206763
2750 0.000119825 2750 0.000006684 add_time= 0.000142525
3025 0.000060368 3025 0.000006248 add_time= 0.000081316
2550 0.000058219 2550 0.000006387 add_time= 0.000080200
2500 0.000031664 2500 0.000006464 add_time= 0.000053664
2500 0.000161290 2500 0.000005984 add_time= 0.000180985
1250 0.000033462 1250 0.000005701 add_time= 0.000061569
2500 0.000035023 2500 0.000006375 add_time= 0.000056198
2756 0.000069947 2756 0.000005769 add_time= 0.000090513
2500 0.000097046 2500 0.000011252 add_time= 0.000121734
2550 0.000114979 2550 0.000006744 add_time= 0.000137379
2805 0.000023994 2805 0.000013703 add_time= 0.000052523
2750 0.000036330 2750 0.000005937 add_time= 0.000055647
2500 0.000060759 2500 0.000008174 add_time= 0.000084778
2500 0.000034305 2500 0.000006523 add_time= 0.000056043
2600 0.000055653 2600 0.000005659 add_time= 0.000074953
2500 0.000035634 2500 0.000005491 add_time= 0.000061997
2860 0.000060152 2860 0.000005930 add_time= 0.000082826
2550 0.000038483 2550 0.000006407 add_time= 0.000058479
2750 0.000026290 2750 0.000005501 add_time= 0.000052208
2915 0.000080965 2915 0.000006568 add_time= 0.000103909
2860 0.000036521 2860 0.000005738 add_time= 0.000056848
2750 0.000043422 2750 0.000005660 add_time= 0.000062972
2550 0.000097689 2550 0.000005883 add_time= 0.000117606
2750 0.000049746 2750 0.000006407 add_time= 0.000074853
2750 0.000040402 2750 0.000005881 add_time= 0.000059688
2650 0.000386506 2650 0.000006698 add_time= 0.000415784
3025 0.000035816 3025 0.000008258 add_time= 0.000067866
3025 0.000096714 3025 0.000015890 add_time= 0.000149951
1275 0.000120729 1275 0.000006222 add_time= 0.000143687
2500 0.000095825 2500 0.000006556 add_time= 0.000120884
2500 0.000091031 2500 0.000006451 add_time= 0.000113730
2650 0.000225298 2650 0.000007227 add_time= 0.000252257
2704 0.000121141 2704 0.000006151 add_time= 0.000143148
2500 0.000096380 2500 0.000027874 add_time= 0.000142222
2652 0.000169195 2652 0.000006791 add_time= 0.000193779
2500 0.000249115 2500 0.000010807 add_time= 0.000280687
2500 0.000306885 2500 0.000006085 add_time= 0.000328739
2600 0.000218541 2600 0.000007262 add_time= 0.000245216
2970 0.000085380 2970 0.000008223 add_time= 0.000111962
2750 0.000085602 2750 0.000006988 add_time= 0.000109787
1250 0.000148705 1250 0.000009326 add_time= 0.000181901
1375 0.000068714 1375 0.000006158 add_time= 0.000090114
2703 0.000176029 2703 0.000006517 add_time= 0.000211308
2500 0.000110476 2500 0.000012646 add_time= 0.000140067
2600 0.000077020 2600 0.000009943 add_time= 0.000103412
2703 0.000010859 2703 0.000027041 add_time= 0.000061488
2500 0.000332838 2500 0.000006491 add_time= 0.000356093
1275 0.000050636 1275 0.000005784 add_time= 0.000069966
2500 0.000270393 2500 0.000007160 add_time= 0.000296456
2600 0.000045628 2600 0.000007560 add_time= 0.000071800
2500 0.000091026 2500 0.000007092 add_time= 0.000114568
2970 0.000131071 2970 0.000007990 add_time= 0.000158622
2500 0.000006339 2500 0.000014997 add_time= 0.000035798
2550 0.000112903 2550 0.000025080 add_time= 0.000155409
2500 0.000081502 2500 0.000006076 add_time= 0.000102542
1325 0.000427520 1325 0.000006402 add_time= 0.000459441
3025 0.000047164 3025 0.000009557 add_time= 0.000085540
2750 0.000053670 2750 0.000006838 add_time= 0.000076800
2805 0.000152902 2805 0.000010566 add_time= 0.000186231
2805 0.000048785 2805 0.000009559 add_time= 0.000073550
2500 0.000212778 2500 0.000006300 add_time= 0.000236283
2750 0.000152480 2750 0.000006566 add_time= 0.000182996
2750 0.000041429 2750 0.000006657 add_time= 0.000073094
2754 0.000006690 2754 0.000013815 add_time= 0.000044091
2500 0.000062586 2500 0.000006331 add_time= 0.000085036
2750 0.000225792 2750 0.000006383 add_time= 0.000250252
2915 0.000125360 2915 0.000005792 add_time= 0.000147373
2550 0.000046830 2550 0.000006131 add_time= 0.000067586
2750 0.000006761 2750 0.000026987 add_time= 0.000047710
2703 0.000005740 2703 0.000039791 add_time= 0.000059721
2700 0.000137170 2700 0.000005866 add_time= 0.000156684
2500 0.000180662 2500 0.000005778 add_time= 0.000200562
2700 0.000043405 2700 0.000015658 add_time= 0.000107171
2600 0.000030687 2600 0.000007098 add_time= 0.000061518
3025 0.000033982 3025 0.000007205 add_time= 0.000067927
2600 0.000025748 2600 0.000007618 add_time= 0.000056172
2500 0.000027470 2500 0.000033494 add_time= 0.000090875
2550 0.000075543 2550 0.000007064 add_time= 0.000105692
2970 0.000038426 2970 0.000024178 add_time= 0.000104307
2500 0.000007202 2500 0.000009253 add_time= 0.000043405
1250 0.000234985 1250 0.000005660 add_time= 0.000254625
2600 0.000070977 2600 0.000006519 add_time= 0.000104820
2550 0.000050864 2550 0.000018053 add_time= 0.000084774
2860 0.000062808 2860 0.000006384 add_time= 0.000095055
2805 0.000037413 2805 0.000006355 add_time= 0.000059652
2750 0.000039677 2750 0.000006588 add_time= 0.000062408
2650 0.000100133 2650 0.000007028 add_time= 0.000123458
2600 0.000125891 2600 0.000017653 add_time= 0.000158235
2970 0.000064329 2970 0.000008130 add_time= 0.000091916
2805 0.000111630 2805 0.000006464 add_time= 0.000132949
2808 0.000133020 2808 0.000006626 add_time= 0.000163797
1250 0.000048169 1250 0.000017670 add_time= 0.000079177
2750 0.000223481 2750 0.000006596 add_time= 0.000246266
2652 0.000044374 2652 0.000006074 add_time= 0.000070773
2500 0.000066500 2500 0.000006511 add_time= 0.000088109
2600 0.000016151 2600 0.000013142 add_time= 0.000055183
2650 0.000164669 2650 0.000006700 add_time= 0.000186719
1250 0.000054920 1250 0.000005716 add_time= 0.000073216
2750 0.000306512 2750 0.000006904 add_time= 0.000337566
2704 0.000045546 2704 0.000005836 add_time= 0.000065517
2970 0.000145797 2970 0.000008467 add_time= 0.000177212
2601 0.000038669 2601 0.000006161 add_time= 0.000064764
2754 0.000121275 2754 0.000006758 add_time= 0.000143631
2750 0.000035630 2750 0.000006115 add_time= 0.000055264
2650 0.000420759 2650 0.000006983 add_time= 0.000444109
2600 0.000041838 2600 0.000006716 add_time= 0.000069206
2500 0.000041964 2500 0.000006108 add_time= 0.000061320
2500 0.000081686 2500 0.000006368 add_time= 0.000102605
2550 0.000016519 2550 0.000012952 add_time= 0.000044954
2550 0.000084724 2550 0.000006304 add_time= 0.000111941
2550 0.000104241 2550 0.000006775 add_time= 0.000125883
2650 0.000379289 2650 0.000006335 add_time= 0.000400475
2600 0.000043158 2600 0.000005750 add_time= 0.000062323
2750 0.000205950 2750 0.000008389 add_time= 0.000229185
2652 0.000068166 2652 0.000006250 add_time= 0.000087566
2500 0.000014378 2500 0.000012182 add_time= 0.000038949
2754 0.000026360 2754 0.000006564 add_time= 0.000046565
2750 0.000175202 2750 0.000006754 add_time= 0.000196614
2700 0.000222568 2700 0.000006994 add_time= 0.000245314
2600 0.000053940 2600 0.000005667 add_time= 0.000073504
2650 0.000043284 2650 0.000013495 add_time= 0.000072441
2703 0.000014778 2703 0.000013814 add_time= 0.000052386
2500 0.000112930 2500 0.000006195 add_time= 0.000132476
2650 0.000128616 2650 0.000006440 add_time= 0.000149580
2756 0.000031284 2756 0.000006124 add_time= 0.000051468
2700 0.000148234 2700 0.000005830 add_time= 0.000167678
2750 0.000081865 2750 0.000006616 add_time= 0.000103469
2652 0.000030943 2652 0.000005762 add_time= 0.000050472
2500 0.000023126 2500 0.000006068 add_time= 0.000048105
2756 0.000104880 2756 0.000006372 add_time= 0.000126497
2756 0.000091055 2756 0.000006724 add_time= 0.000122364
2500 0.000157562 2500 0.000014468 add_time= 0.000185292
2550 0.000056038 2550 0.000005751 add_time= 0.000074585
2550 0.000014819 2550 0.000012303 add_time= 0.000040118
2700 0.000089302 2700 0.000006090 add_time= 0.000117231
2805 0.000047247 2805 0.000006020 add_time= 0.000066731
1375 0.000042393 1375 0.000005295 add_time= 0.000058250
2650 0.000620766 2650 0.000008001 add_time= 0.000649801
2500 0.000084505 2500 0.000007440 add_time= 0.000118563
2750 0.000047761 2750 0.000008025 add_time= 0.000072276
2601 0.000666911 2601 0.000007714 add_time= 0.000690464
1275 0.000231544 1275 0.000005755 add_time= 0.000248854
2970 0.000089323 2970 0.000006461 add_time= 0.000110583
1250 0.000044214 1250 0.000005139 add_time= 0.000060208
2650 0.000429844 2650 0.000006801 add_time= 0.000459514
3025 0.000041209 3025 0.000006188 add_time= 0.000071865
2700 0.000101948 2700 0.000005909 add_time= 0.000121661
2970 0.000195771 2970 0.000006824 add_time= 0.000217429
2652 0.000031633 2652 0.000013476 add_time= 0.000058652
3025 0.000142189 3025 0.000006590 add_time= 0.000163141
2650 0.000379921 2650 0.000006222 add_time= 0.000402104
2600 0.000350470 2600 0.000005750 add_time= 0.000370053
2750 0.000026906 2750 0.000006242 add_time= 0.000048164
2550 0.000198497 2550 0.000006582 add_time= 0.000219816
2601 0.000005908 2601 0.000025831 add_time= 0.000045598
2750 0.000080913 2750 0.000006181 add_time= 0.000106007
2750 0.000033620 2750 0.000006988 add_time= 0.000063975
2703 0.000479137 2703 0.000006596 add_time= 0.000502010
2600 0.000067680 2600 0.000006790 add_time= 0.000092316
1375 0.000076998 1375 0.000005168 add_time= 0.000093766
2500 0.000044834 2500 0.000006351 add_time= 0.000066133
2805 0.000010886 2805 0.000023032 add_time= 0.000054622
2550 0.000379893 2550 0.000012711 add_time= 0.000408479
2550 0.000198413 2550 0.000006084 add_time= 0.000220578
2808 0.000062113 2808 0.000006530 add_time= 0.000083750
2750 0.000063855 2750 0.000005879 add_time= 0.000083333
2750 0.000272318 2750 0.000006097 add_time= 0.000292952
2750 0.000126378 2750 0.000006859 add_time= 0.000148877
2500 0.000123545 2500 0.000007146 add_time= 0.000161322
2750 0.000047360 2750 0.000006097 add_time= 0.000066505
2500 0.000216507 2500 0.000008537 add_time= 0.000260230
2500 0.000064961 2500 0.000007016 add_time= 0.000087783
2500 0.000080877 2500 0.000006944 add_time= 0.000103202
2750 0.000028850 2750 0.000015339 add_time= 0.000060193
2700 0.000268532 2700 0.000006857 add_time= 0.000291256
1250 0.000051723 1250 0.000006483 add_time= 0.000071607
2500 0.000072592 2500 0.000006467 add_time= 0.000095404
2652 0.000051024 2652 0.000005541 add_time= 0.000070455
2550 0.000143789 2550 0.000007311 add_time= 0.000166728
2550 0.000096323 2550 0.000006639 add_time= 0.000118157
2550 0.000069825 2550 0.000006660 add_time= 0.000090249
2500 0.000331012 2500 0.000006903 add_time= 0.000353377
2650 0.000104575 2650 0.000006711 add_time= 0.000128373
1300 0.000088882 1300 0.000005783 add_time= 0.000107671
1375 0.000052176 1375 0.000005703 add_time= 0.000071537
2550 0.000149702 2550 0.000006459 add_time= 0.000171910
2500 0.000138434 2500 0.000006964 add_time= 0.000161518
2650 0.000030978 2650 0.000007337 add_time= 0.000054660
2500 0.000153959 2500 0.000008294 add_time= 0.000210025
2500 0.000006549 2500 0.000012444 add_time= 0.000059868
3025 0.000039140 3025 0.000008345 add_time= 0.000079728
2500 0.000036254 2500 0.000031037 add_time= 0.000095185
2754 0.000006687 2754 0.000008928 add_time= 0.000047782
1250 0.000020086 1250 0.000007330 add_time= 0.000062821
2600 0.000485528 2600 0.000006267 add_time= 0.000508870
2600 0.000058587 2600 0.000007077 add_time= 0.000089526
2805 0.000033250 2805 0.000012708 add_time= 0.000070154
2600 0.000064600 2600 0.000005686 add_time= 0.000083611
1250 0.000005824 1250 0.000015443 add_time= 0.000034085
2600 0.000039545 2600 0.000005912 add_time= 0.000076463
2650 0.000286137 2650 0.000006330 add_time= 0.000309106
2500 0.000071152 2500 0.000011673 add_time= 0.000097549
2915 0.000105932 2915 0.000006236 add_time= 0.000126463
2652 0.000091171 2652 0.000006830 add_time= 0.000113394
2500 0.000133280 2500 0.000006516 add_time= 0.000155562
2500 0.000131495 2500 0.000006410 add_time= 0.000152342
2500 0.000101177 2500 0.000006233 add_time= 0.000123107
2600 0.000109717 2600 0.000006412 add_time= 0.000130325
2750 0.000119424 2750 0.000006507 add_time= 0.000141773
2805 0.000085721 2805 0.000009851 add_time= 0.000122899
2600 0.000090870 2600 0.000006797 add_time= 0.000113130
2500 0.000133079 2500 0.000006637 add_time= 0.000155121
2650 0.000227016 2650 0.000006930 add_time= 0.000250670
2550 0.000114236 2550 0.000006438 add_time= 0.000147781
2750 0.000068572 2750 0.000005997 add_time= 0.000088015
2750 0.000068435 2750 0.000006374 add_time= 0.000090032
2550 0.000089057 2550 0.000007159 add_time= 0.000118799
2500 0.000073453 2500 0.000006937 add_time= 0.000094069
2600 0.000162635 2600 0.000006051 add_time= 0.000183628
2915 0.000040626 2915 0.000006641 add_time= 0.000063681
2500 0.000060977 2500 0.000006076 add_time= 0.000081996
2550 0.000039386 2550 0.000006461 add_time= 0.000060064
2500 0.000046370 2500 0.000005781 add_time= 0.000065499
2915 0.000069844 2915 0.000006416 add_time= 0.000092269
2600 0.000055041 2600 0.000005734 add_time= 0.000074404
3025 0.000057066 3025 0.000006798 add_time= 0.000079810
2750 0.000069299 2750 0.000006537 add_time= 0.000091432
2601 0.000056624 2601 0.000005973 add_time= 0.000083796
2500 0.000045047 2500 0.000005968 add_time= 0.000063892
2500 0.000148332 2500 0.000006197 add_time= 0.000169599
2500 0.000100345 2500 0.000006034 add_time= 0.000119966
2550 0.000038062 2550 0.000005643 add_time= 0.000057201
2550 0.000006160 2550 0.000012230 add_time= 0.000034911
2700 0.000023014 2700 0.000005726 add_time= 0.000041535
2805 0.000032346 2805 0.000005788 add_time= 0.000059559
1325 0.000143836 1325 0.000005702 add_time= 0.000162249
2500 0.000070482 2500 0.000010106 add_time= 0.000093811
1375 0.000024007 1375 0.000005204 add_time= 0.000044009
2805 0.000029167 2805 0.000005809 add_time= 0.000048496
2754 0.000093186 2754 0.000006554 add_time= 0.000113282
2601 0.000022668 2601 0.000012898 add_time= 0.000048631
2600 0.000046487 2600 0.000006003 add_time= 0.000066045
2500 0.000213554 2500 0.000006255 add_time= 0.000254904
3025 0.000067046 3025 0.000005938 add_time= 0.000087170
2805 0.000042181 2805 0.000005784 add_time= 0.000067338
2700 0.000043416 2700 0.000005646 add_time= 0.000062403
1325 0.000032274 1325 0.000005213 add_time= 0.000048307
2915 0.000205367 2915 0.000006529 add_time= 0.000228134
2500 0.000117500 2500 0.000005849 add_time= 0.000136526
2500 0.000038555 2500 0.000005580 add_time= 0.000057465
2703 0.000014451 2703 0.000014704 add_time= 0.000042818
2805 0.000130749 2805 0.000006675 add_time= 0.000151042
2500 0.000089057 2500 0.000005754 add_time= 0.000118918
2650 0.000329019 2650 0.000006347 add_time= 0.000355885
2600 0.000067433 2600 0.000007170 add_time= 0.000090339
2750 0.000381940 2750 0.000006322 add_time= 0.000402350
2500 0.000007409 2500 0.000025267 add_time= 0.000056262
2550 0.000037529 2550 0.000006759 add_time= 0.000070775
2500 0.000240210 2500 0.000007302 add_time= 0.000263708
2650 0.000467594 2650 0.000007140 add_time= 0.000492096
2860 0.000062510 2860 0.000006451 add_time= 0.000084468
2750 0.000243021 2750 0.000018365 add_time= 0.000277821
2750 0.000081223 2750 0.000006166 add_time= 0.000107433
2550 0.000178666 2550 0.000006975 add_time= 0.000201515
2970 0.000051452 2970 0.000006408 add_time= 0.000073613
1375 0.000049245 1375 0.000005244 add_time= 0.000066027
2500 0.000104893 2500 0.000006469 add_time= 0.000128715
2704 0.000076346 2704 0.000006617 add_time= 0.000097870
2805 0.000047534 2805 0.000007091 add_time= 0.000071166
1375 0.000141536 1375 0.000005134 add_time= 0.000165677
2601 0.000072171 2601 0.000006684 add_time= 0.000094521
2750 0.000105821 2750 0.000007310 add_time= 0.000127776
1250 0.000024030 1250 0.000005698 add_time= 0.000041206
2750 0.000419693 2750 0.000007163 add_time= 0.000443646
2700 0.000102338 2700 0.000006668 add_time= 0.000124915
2500 0.000130407 2500 0.000006501 add_time= 0.000154049
2601 0.000239987 2601 0.000007113 add_time= 0.000262950
2500 0.000094710 2500 0.000006809 add_time= 0.000117393
2500 0.000031648 2500 0.000006713 add_time= 0.000054253
2862 0.000368231 2862 0.000006691 add_time= 0.000393962
2860 0.000067211 2860 0.000005888 add_time= 0.000087667
2750 0.000144181 2750 0.000006440 add_time= 0.000166899
2750 0.000006808 2750 0.000081880 add_time= 0.000104027
2754 0.000064670 2754 0.000006996 add_time= 0.000087408
1300 0.000018206 1300 0.000006743 add_time= 0.000037950
2750 0.000215975 2750 0.000007580 add_time= 0.000253756
1300 0.000080994 1300 0.000013244 add_time= 0.000107779
2805 0.000056701 2805 0.000006713 add_time= 0.000085372
2550 0.000225465 2550 0.000010260 add_time= 0.000251474
2550 0.000013681 2550 0.000019858 add_time= 0.000047023
2750 0.000164503 2750 0.000007585 add_time= 0.000188379
2650 0.000414312 2650 0.000007682 add_time= 0.000439714
2600 0.000114424 2600 0.000006648 add_time= 0.000136979
2915 0.000070729 2915 0.000007075 add_time= 0.000094324
2500 0.000041368 2500 0.000006380 add_time= 0.000061794
2805 0.000006919 2805 0.000013624 add_time= 0.000035755
2750 0.000152599 2750 0.000018876 add_time= 0.000188173
2650 0.000067400 2650 0.000006990 add_time= 0.000097612
2808 0.000046402 2808 0.000007187 add_time= 0.000071763
2650 0.000037730 2650 0.000006931 add_time= 0.000080856
2750 0.000036715 2750 0.000014751 add_time= 0.000078700
2703 0.000007292 2703 0.000032170 add_time= 0.000067215
2915 0.000055166 2915 0.000006837 add_time= 0.000079097
2915 0.000129865 2915 0.000027794 add_time= 0.000201107
2750 0.000093164 2750 0.000007691 add_time= 0.000136124
2750 0.000006717 2750 0.000008494 add_time= 0.000043067
2652 0.000038482 2652 0.000014873 add_time= 0.000082297
2500 0.000075179 2500 0.000007726 add_time= 0.000118656
2750 0.000026063 2750 0.000008790 add_time= 0.000072180
2500 0.000040828 2500 0.000007210 add_time= 0.000068647
1300 0.000131494 1300 0.000005715 add_time= 0.000150432
2650 0.000067237 2650 0.000006375 add_time= 0.000089163
2500 0.000025968 2500 0.000007275 add_time= 0.000050157
2805 0.000047792 2805 0.000006356 add_time= 0.000079102
2750 0.000072142 2750 0.000006520 add_time= 0.000095212
2650 0.000239829 2650 0.000006699 add_time= 0.000262448
2600 0.000041847 2600 0.000005966 add_time= 0.000061289
2700 0.000106662 2700 0.000009305 add_time= 0.000130511
2500 0.000065573 2500 0.000006330 add_time= 0.000086231
2500 0.000015919 2500 0.000013227 add_time= 0.000051586
2500 0.000065155 2500 0.000006461 add_time= 0.000086162
2862 0.000174594 2862 0.000006511 add_time= 0.000196262
2860 0.000040128 2860 0.000005718 add_time= 0.000058743
2860 0.000132419 2860 0.000006153 add_time= 0.000153410
2805 0.000214530 2805 0.000006673 add_time= 0.000236294
2550 0.000014739 2550 0.000059450 add_time= 0.000087860
2600 0.000037646 2600 0.000008757 add_time= 0.000061071
1250 0.000027369 1250 0.000004936 add_time= 0.000042852
2550 0.000033200 2550 0.000006558 add_time= 0.000054934
2600 0.000108499 2600 0.000006178 add_time= 0.000129644
3025 0.000037991 3025 0.000006772 add_time= 0.000066126
2500 0.000016096 2500 0.000012843 add_time= 0.000052285
2700 0.000078157 2700 0.000006479 add_time= 0.000099693
2500 0.000131260 2500 0.000006516 add_time= 0.000152638
2600 0.000050954 2600 0.000005540 add_time= 0.000070028
2500 0.000155509 2500 0.000006882 add_time= 0.000175580
2750 0.000067832 2750 0.000006456 add_time= 0.000088933
2750 0.000150883 2750 0.000005799 add_time= 0.000170465
2500 0.000093529 2500 0.000006868 add_time= 0.000123396
1250 0.000023657 1250 0.000006437 add_time= 0.000042468
2500 0.000154383 2500 0.000006298 add_time= 0.000175892
2756 0.000159224 2756 0.000005762 add_time= 0.000178261
2600 0.000090326 2600 0.000006379 add_time= 0.000115691
2550 0.000024933 2550 0.000013138 add_time= 0.000052277
2970 0.000060870 2970 0.000006448 add_time= 0.000082783
2805 0.000027445 2805 0.000010895 add_time= 0.000052290
2750 0.000095295 2750 0.000006324 add_time= 0.000117451
2600 0.000055278 2600 0.000005833 add_time= 0.000083517
2860 0.000092025 2860 0.000006593 add_time= 0.000115476
2601 0.000100517 2601 0.000006597 add_time= 0.000122281
2750 0.001131394 2750 0.000006944 add_time= 0.001153801
2500 0.000144229 2500 0.000005994 add_time= 0.000164672
1300 0.000025211 1300 0.000006278 add_time= 0.000044280
2700 0.000081238 2700 0.000005689 add_time= 0.000100288
3025 0.000095721 3025 0.000007079 add_time= 0.000119084
2650 0.000284484 2650 0.000006060 add_time= 0.000305846
2750 0.000062350 2750 0.000006475 add_time= 0.000083940
2809 0.000030044 2809 0.000006716 add_time= 0.000052373
2808 0.000048190 2808 0.000006079 add_time= 0.000076481
2860 0.000107554 2860 0.000006020 add_time= 0.000127627
2550 0.000093923 2550 0.000006113 add_time= 0.000114446
1275 0.000193181 1275 0.000006042 add_time= 0.000211447
2500 0.000104846 2500 0.000005681 add_time= 0.000123766
2750 0.000160841 2750 0.000006156 add_time= 0.000181339
2600 0.000124142 2600 0.000005581 add_time= 0.000148122
2750 0.000060153 2750 0.000012997 add_time= 0.000088630
2550 0.000057126 2550 0.000005905 add_time= 0.000076759
2550 0.000104712 2550 0.000011445 add_time= 0.000129000
3025 0.000031188 3025 0.000006027 add_time= 0.000058508
1325 0.000143478 1325 0.000005751 add_time= 0.000161414
2600 0.000028596 2600 0.000005643 add_time= 0.000047199
2750 0.000185242 2750 0.000005647 add_time= 0.000204554
2860 0.000152620 2860 0.000006079 add_time= 0.000172012
2500 0.000100713 2500 0.000005985 add_time= 0.000128633
2550 0.000120631 2550 0.000006321 add_time= 0.000142094
2750 0.000104239 2750 0.000006094 add_time= 0.000124254
2650 0.000505452 2650 0.000010010 add_time= 0.000543721
2750 0.001658045 2750 0.000006845 add_time= 0.001679800
2750 0.000103789 2750 0.000006131 add_time= 0.000124360
2750 0.000279400 2750 0.000006695 add_time= 0.000302813
2500 0.000085354 2500 0.000006954 add_time= 0.000107278
1325 0.000237522 1325 0.000005664 add_time= 0.000257296
2550 0.000772218 2550 0.000006179 add_time= 0.000801321
2550 0.000121225 2550 0.000006064 add_time= 0.000141268
2550 0.000007325 2550 0.000013545 add_time= 0.000036887
2750 0.000044328 2750 0.000014616 add_time= 0.000082519
2650 0.000458173 2650 0.000007097 add_time= 0.000481080
2805 0.000058207 2805 0.000018796 add_time= 0.000109513
2970 0.000070369 2970 0.000006044 add_time= 0.000091102
2601 0.000259212 2601 0.000019307 add_time= 0.000294902
1250 0.000149928 1250 0.000006041 add_time= 0.000169199
2750 0.000042429 2750 0.000006543 add_time= 0.000064309
625 0.000080633 625 0.000005402 add_time= 0.000096667
2704 0.000193543 2704 0.000006236 add_time= 0.000214824
2550 0.000052665 2550 0.000006238 add_time= 0.000074161
2750 0.000151718 2750 0.000006828 add_time= 0.000174768
2805 0.000115920 2805 0.000012336 add_time= 0.000144065
2750 0.000100231 2750 0.000006470 add_time= 0.000125582
2703 0.000397450 2703 0.000006727 add_time= 0.000420768
2500 0.000175976 2500 0.000006263 add_time= 0.000199432
2860 0.000144833 2860 0.000005684 add_time= 0.000172441
2601 0.000115507 2601 0.000006470 add_time= 0.000137166
2808 0.000050610 2808 0.000006537 add_time= 0.000073512
1300 0.000058026 1300 0.000005945 add_time= 0.000076868
2650 0.000302555 2650 0.000008099 add_time= 0.000346116
2750 0.000292048 2750 0.000015246 add_time= 0.000324311
2805 0.000182292 2805 0.000006560 add_time= 0.000204580
2550 0.000139663 2550 0.000006787 add_time= 0.000161944
2860 0.000374306 2860 0.000006434 add_time= 0.000396758
2600 0.000176796 2600 0.000008087 add_time= 0.000212704
2550 0.000171537 2550 0.000006876 add_time= 0.000193940
2500 0.000075419 2500 0.000018293 add_time= 0.000108808
2550 0.000006649 2550 0.000013833 add_time= 0.000053733
2600 0.000212837 2600 0.000007280 add_time= 0.000237272
2650 0.000050126 2650 0.000011910 add_time= 0.000076656
2500 0.000238214 2500 0.000006338 add_time= 0.000262133
2808 0.000143609 2808 0.000006494 add_time= 0.000165142
2550 0.000085908 2550 0.000006583 add_time= 0.000106197
2650 0.000162091 2650 0.000006608 add_time= 0.000182212
2601 0.000075538 2601 0.000006339 add_time= 0.000095261
2550 0.000070691 2550 0.000006653 add_time= 0.000090706
3025 0.000062205 3025 0.000006638 add_time= 0.000082488
2650 0.000136389 2650 0.000008199 add_time= 0.000191025
2750 0.000047396 2750 0.000008142 add_time= 0.000078863
2600 0.000075351 2600 0.000006862 add_time= 0.000113915
2550 0.000120213 2550 0.000039509 add_time= 0.000191735
2550 0.000065021 2550 0.000008696 add_time= 0.000098334
2500 0.000201142 2500 0.000006774 add_time= 0.000225751
2600 0.000173826 2600 0.000015496 add_time= 0.000203495
2860 0.000141989 2860 0.000007202 add_time= 0.000165281
2703 0.000109315 2703 0.000007043 add_time= 0.000131721
2862 0.000098177 2862 0.000006951 add_time= 0.000121071
1250 0.000082042 1250 0.000006958 add_time= 0.000102131
2650 0.000176669 2650 0.000005988 add_time= 0.000199466
2860 0.000035344 2860 0.000015316 add_time= 0.000075180
2500 0.000050501 2500 0.000006387 add_time= 0.000071851
2750 0.000038529 2750 0.000006770 add_time= 0.000061036
2500 0.000093795 2500 0.000006591 add_time= 0.000123430
2750 0.000044530 2750 0.000013795 add_time= 0.000074510
2650 0.000192460 2650 0.000007302 add_time= 0.000217285
2652 0.000057161 2652 0.000006832 add_time= 0.000079642
2750 0.000042168 2750 0.000017128 add_time= 0.000072396
2750 0.000058392 2750 0.000006287 add_time= 0.000078969
2805 0.000039895 2805 0.000005730 add_time= 0.000059655
2650 0.000079104 2650 0.000006616 add_time= 0.000100781
3025 0.000063583 3025 0.000006546 add_time= 0.000086107
2650 0.000032567 2650 0.000006579 add_time= 0.000055029
2600 0.000060678 2600 0.000005729 add_time= 0.000080133
2750 0.000123299 2750 0.000006514 add_time= 0.000145224
2754 0.000043173 2754 0.000007397 add_time= 0.000066193
2805 0.000005998 2805 0.000023325 add_time= 0.000043211
2916 0.000054419 2916 0.000007030 add_time= 0.000077765
2805 0.000033828 2805 0.000006348 add_time= 0.000063199
2500 0.000414206 2500 0.000007479 add_time= 0.000438462
2600 0.000129629 2600 0.000006369 add_time= 0.000150992
2750 0.000037138 2750 0.000006512 add_time= 0.000063101
2754 0.000093099 2754 0.000006563 add_time= 0.000122507
2500 0.000093512 2500 0.000006114 add_time= 0.000113896
2700 0.000053273 2700 0.000013728 add_time= 0.000081214
2650 0.000121207 2650 0.000007063 add_time= 0.000144359
2704 0.000084169 2704 0.000006579 add_time= 0.000113591
1250 0.000055536 1250 0.000006218 add_time= 0.000074679
2750 0.000054555 2750 0.000006534 add_time= 0.000084944
2500 0.000050198 2500 0.000006518 add_time= 0.000071958
2916 0.000112759 2916 0.000006071 add_time= 0.000133115
1275 0.000167175 1275 0.000005612 add_time= 0.000187793
2703 0.000400104 2703 0.000007256 add_time= 0.000424659
2808 0.000051010 2808 0.000005934 add_time= 0.000076895
3025 0.000048119 3025 0.000005924 add_time= 0.000067733
2500 0.000090385 2500 0.000014359 add_time= 0.000120101
2500 0.000067893 2500 0.000007311 add_time= 0.000090525
3025 0.000129855 3025 0.000006647 add_time= 0.000153318
1250 0.000102041 1250 0.000004806 add_time= 0.000117417
2809 0.000033693 2809 0.000006389 add_time= 0.000055998
2600 0.000073902 2600 0.000005573 add_time= 0.000093206
1250 0.000026139 1250 0.000008637 add_time= 0.000047330
3025 0.000165328 3025 0.000006613 add_time= 0.000188258
2500 0.000034663 2500 0.000013809 add_time= 0.000061593
2808 0.000067100 2808 0.000006904 add_time= 0.000090146
2750 0.000179988 2750 0.000007743 add_time= 0.000203473
2650 0.000026765 2650 0.000006431 add_time= 0.000049952
2808 0.000035238 2808 0.000006100 add_time= 0.000055686
2750 0.000024221 2750 0.000009384 add_time= 0.000047545
2500 0.000025442 2500 0.000006437 add_time= 0.000046839
2550 0.000015763 2550 0.000012787 add_time= 0.000042593
2550 0.000050877 2550 0.000006207 add_time= 0.000071745
2600 0.000245236 2600 0.000012608 add_time= 0.000273868
2750 0.000041674 2750 0.000011784 add_time= 0.000069251
1250 0.000054006 1250 0.000005700 add_time= 0.000072112
2805 0.000014746 2805 0.000018334 add_time= 0.000047195
2700 0.000048544 2700 0.000006663 add_time= 0.000070832
1275 0.000312197 1275 0.000006159 add_time= 0.000329325
2650 0.000311375 2650 0.000006522 add_time= 0.000334526
2600 0.000076379 2600 0.000005949 add_time= 0.000095876
2750 0.000155612 2750 0.000006883 add_time= 0.000178410
2750 0.000017571 2750 0.000024256 add_time= 0.000071585
2500 0.000116915 2500 0.000006534 add_time= 0.000146915
2750 0.000036472 2750 0.000007221 add_time= 0.000059842
2700 0.000065304 2700 0.000015478 add_time= 0.000099182
3025 0.000462681 3025 0.000007352 add_time= 0.000486678
2750 0.000108731 2750 0.000006879 add_time= 0.000131429
2550 0.000090649 2550 0.000006934 add_time= 0.000113074
2970 0.000053579 2970 0.000005824 add_time= 0.000084218
2550 0.000192988 2550 0.000007527 add_time= 0.000216157
2650 0.000361812 2650 0.000006849 add_time= 0.000384916
2750 0.000236804 2750 0.000006845 add_time= 0.000259830
2500 0.000096492 2500 0.000006692 add_time= 0.000118390
2500 0.000007264 2500 0.000015159 add_time= 0.000038173
1275 0.000109106 1275 0.000005746 add_time= 0.000127564
2750 0.000031627 2750 0.000006896 add_time= 0.000061873
2500 0.000233973 2500 0.000007449 add_time= 0.000259416
2600 0.000210346 2600 0.000011062 add_time= 0.000236566
3025 0.000077572 3025 0.000006374 add_time= 0.000109084
2970 0.000031789 2970 0.000005994 add_time= 0.000052180
2550 0.000146948 2550 0.000005667 add_time= 0.000166174
2750 0.000005702 2750 0.000045587 add_time= 0.000064347
2600 0.000062572 2600 0.000005737 add_time= 0.000081527
2650 0.000092339 2650 0.000005950 add_time= 0.000113308
2600 0.000104873 2600 0.000005507 add_time= 0.000123824
2915 0.000151035 2915 0.000005599 add_time= 0.000178197
2500 0.000066249 2500 0.000006570 add_time= 0.000088087
2601 0.000015530 2601 0.000013528 add_time= 0.000054065
2750 0.000105838 2750 0.000012885 add_time= 0.000134338
2750 0.000066130 2750 0.000006233 add_time= 0.000095092
2650 0.000144388 2650 0.000006771 add_time= 0.000167000
2600 0.000114185 2600 0.000006407 add_time= 0.000142222
2750 0.000171745 2750 0.000006376 add_time= 0.000191995
2500 0.000076248 2500 0.000006931 add_time= 0.000120654
1275 0.000005063 1275 0.000008373 add_time= 0.000031716
3025 0.000055286 3025 0.000007689 add_time= 0.000089362
2500 0.000201388 2500 0.000007795 add_time= 0.000230502
2550 0.000191634 2550 0.000008370 add_time= 0.000216172
2860 0.000327052 2860 0.000007356 add_time= 0.000350529
2805 0.000061905 2805 0.000006776 add_time= 0.000094426
2550 0.000005880 2550 0.000028187 add_time= 0.000047773
2550 0.000098853 2550 0.000006797 add_time= 0.000120861
1325 0.000218259 1325 0.000006099 add_time= 0.000238832
2704 0.000410740 2704 0.000005972 add_time= 0.000431031
2805 0.000268131 2805 0.000007183 add_time= 0.000311354
2500 0.000006229 2500 0.000012583 add_time= 0.000033336
2550 0.000005689 2550 0.000014276 add_time= 0.000033463
2500 0.000200233 2500 0.000005922 add_time= 0.000219945
2750 0.000029608 2750 0.000005917 add_time= 0.000049392
2500 0.000168063 2500 0.000006533 add_time= 0.000194205
2500 0.000037030 2500 0.000006999 add_time= 0.000060353
2550 0.000189300 2550 0.000008488 add_time= 0.000214805
2550 0.000005954 2550 0.000021976 add_time= 0.000040621
2650 0.000032521 2650 0.000005859 add_time= 0.000051693
1275 0.000051188 1275 0.000005361 add_time= 0.000067538
2650 0.000095214 2650 0.000016078 add_time= 0.000153799
2805 0.000006553 2805 0.000008408 add_time= 0.000042240
2600 0.000027476 2600 0.000007474 add_time= 0.000060328
2550 0.000059282 2550 0.000007342 add_time= 0.000089396
1250 0.000027128 1250 0.000006679 add_time= 0.000058148
1275 0.000006247 1275 0.000008748 add_time= 0.000045166
2915 0.000157783 2915 0.000006538 add_time= 0.000183563
2600 0.000059072 2600 0.000005848 add_time= 0.000078776
2500 0.000083887 2500 0.000007136 add_time= 0.000114039
2500 0.000007226 2500 0.000031391 add_time= 0.000054428
2700 0.000040494 2700 0.000007403 add_time= 0.000064181
1250 0.000033257 1250 0.000006775 add_time= 0.000061580
2860 0.000199777 2860 0.000006234 add_time= 0.000221715
2860 0.000065394 2860 0.000006010 add_time= 0.000086674
2750 0.000032424 2750 0.000005898 add_time= 0.000052113
2500 0.000053970 2500 0.000018390 add_time= 0.000087168
2550 0.000015903 2550 0.000026801 add_time= 0.000057058
2500 0.000033402 2500 0.000006026 add_time= 0.000052089
1250 0.000069374 1250 0.000008700 add_time= 0.000090233
2500 0.000304550 2500 0.000006323 add_time= 0.000326503
1375 0.000085093 1375 0.000005371 add_time= 0.000102847
2500 0.000066140 2500 0.000006205 add_time= 0.000085537
2703 0.000038015 2703 0.000014216 add_time= 0.000065378
2500 0.000014706 2500 0.000011984 add_time= 0.000039030
2500 0.000111114 2500 0.000006837 add_time= 0.000139600
2650 0.000028769 2650 0.000006099 add_time= 0.000047817
2860 0.000220419 2860 0.000006348 add_time= 0.000242667
2600 0.000063932 2600 0.000005408 add_time= 0.000082363
2750 0.000067133 2750 0.000005628 add_time= 0.000085856
2500 0.000067993 2500 0.000005866 add_time= 0.000086626
2550 0.000015415 2550 0.000012511 add_time= 0.000048269
2750 0.000152388 2750 0.000005904 add_time= 0.000171444
2750 0.000062360 2750 0.000005458 add_time= 0.000088140
2500 0.000143078 2500 0.000006116 add_time= 0.000164458
2756 0.000293988 2756 0.000006050 add_time= 0.000319023
2750 0.000033183 2750 0.000006537 add_time= 0.000054371
2750 0.000093428 2750 0.000005617 add_time= 0.000112209
2550 0.000062037 2550 0.000008156 add_time= 0.000084225
2500 0.000043595 2500 0.000005195 add_time= 0.000061695
2500 0.000140464 2500 0.000006293 add_time= 0.000161948
2600 0.000076553 2600 0.000005617 add_time= 0.000095944
2750 0.000306656 2750 0.000005968 add_time= 0.000326505
2750 0.000050935 2750 0.000006049 add_time= 0.000070015
2500 0.000014157 2500 0.000013212 add_time= 0.000046201
2700 0.000036160 2700 0.000005328 add_time= 0.000054138
1250 0.000051919 1250 0.000010418 add_time= 0.000074253
2703 0.000300244 2703 0.000006209 add_time= 0.000320925
2600 0.000032334 2600 0.000005629 add_time= 0.000050897
3025 0.000026978 3025 0.000007370 add_time= 0.000049603
2550 0.000015304 2550 0.000013012 add_time= 0.000043156
2862 0.000071290 2862 0.000006134 add_time= 0.000097786
1250 0.000051140 1250 0.000005479 add_time= 0.000066761
2650 0.000474481 2650 0.000007448 add_time= 0.000496744
2750 0.000184743 2750 0.000016666 add_time= 0.000214813
2550 0.000101666 2550 0.000005875 add_time= 0.000120401
2500 0.000013524 2500 0.000012079 add_time= 0.000046529
1250 0.000035716 1250 0.000004465 add_time= 0.000050212
2750 0.000029775 2750 0.000013150 add_time= 0.000055789
1250 0.000412084 1250 0.000005649 add_time= 0.000429650
2600 0.000031440 2600 0.000006219 add_time= 0.000050535
2860 0.000189895 2860 0.000006077 add_time= 0.000209668
2805 0.000022351 2805 0.000005706 add_time= 0.000041288
2600 0.000063324 2600 0.000005208 add_time= 0.000080947
2805 0.000040553 2805 0.000006169 add_time= 0.000059735
2500 0.000389050 2500 0.000005851 add_time= 0.000408524
2600 0.000084420 2600 0.000005516 add_time= 0.000102343
2750 0.000259987 2750 0.000005598 add_time= 0.000278585
2550 0.000023545 2550 0.000005244 add_time= 0.000043939
2650 0.000042538 2650 0.000005399 add_time= 0.000060429
2970 0.000116558 2970 0.000006336 add_time= 0.000136228
2600 0.000276352 2600 0.000005997 add_time= 0.000296440
2550 0.000099845 2550 0.000005606 add_time= 0.000118547
2550 0.000126639 2550 0.000006244 add_time= 0.000145470
2550 0.000014546 2550 0.000012190 add_time= 0.000044227
2500 0.000056705 2500 0.000005181 add_time= 0.000074024
2650 0.000787893 2650 0.000007840 add_time= 0.000817108
2750 0.000081854 2750 0.000007952 add_time= 0.000105806
2750 0.000072514 2750 0.000007680 add_time= 0.000097065
2652 0.000423752 2652 0.000007332 add_time= 0.000457650
2500 0.000247738 2500 0.000006980 add_time= 0.000270007
1325 0.000053985 1325 0.000013824 add_time= 0.000081406
2600 0.000115721 2600 0.000006819 add_time= 0.000139600
2600 0.000081540 2600 0.000005912 add_time= 0.000101714
2500 0.000144343 2500 0.000005833 add_time= 0.000163825
2970 0.000186092 2970 0.000007708 add_time= 0.000210780
1250 0.000004967 1250 0.000010411 add_time= 0.000028557
2700 0.000029610 2700 0.000006100 add_time= 0.000049653
2750 0.000076822 2750 0.000018040 add_time= 0.000108445
2650 0.000198940 2650 0.000006920 add_time= 0.000222026
2805 0.000069439 2805 0.000007150 add_time= 0.000092038
2700 0.000046904 2700 0.000006785 add_time= 0.000069498
2805 0.000137731 2805 0.000007386 add_time= 0.000167782
2600 0.000180462 2600 0.000006474 add_time= 0.000201509
2500 0.000066105 2500 0.000007285 add_time= 0.000088248
2650 0.000084170 2650 0.000006757 add_time= 0.000107670
2600 0.000346944 2600 0.000005876 add_time= 0.000375376
1375 0.000051820 1375 0.000013133 add_time= 0.000077742
2550 0.000128056 2550 0.000005805 add_time= 0.000147472
2550 0.000089780 2550 0.000007190 add_time= 0.000112153
3025 0.000129850 3025 0.000008807 add_time= 0.000158174
