2500 0.000078265 2500 0.000015115 add_time= 0.001595852
2750 0.000042748 2750 0.000008775 add_time= 0.000068520
2601 0.000043713 2601 0.000009879 add_time= 0.000070926
2750 0.000049125 2750 0.000007203 add_time= 0.000072615
2500 0.000076241 2500 0.000007515 add_time= 0.000104174
2805 0.000045088 2805 0.000007063 add_time= 0.000070394
1275 0.000046580 1275 0.000006194 add_time= 0.000077475
2652 0.000351909 2652 0.000009208 add_time= 0.000396004
2500 0.000144534 2500 0.000006958 add_time= 0.000176455
2500 0.000019124 2500 0.000045394 add_time= 0.000081271
1300 0.000312727 1300 0.000017358 add_time= 0.000352365
2750 0.000196671 2750 0.000036855 add_time= 0.000254971
2750 0.000007710 2750 0.000028525 add_time= 0.000052375
1250 0.000006736 1250 0.000028108 add_time= 0.000049969
2860 0.000042591 2860 0.000010424 add_time= 0.000079968
2915 0.000364545 2915 0.000027716 add_time= 0.000408375
2750 0.000040135 2750 0.000006184 add_time= 0.000060486
3025 0.000028170 3025 0.000018224 add_time= 0.000063447
2500 0.000036148 2500 0.000010393 add_time= 0.000070545
2915 0.000080733 2915 0.000008029 add_time= 0.000107372
2600 0.000215294 2600 0.000006664 add_time= 0.000243232
2500 0.000357810 2500 0.000007646 add_time= 0.000388249
1300 0.000259084 1300 0.000007723 add_time= 0.000284409
2550 0.000107486 2550 0.000006687 add_time= 0.000132599
2500 0.000007118 2500 0.000024722 add_time= 0.000055131
2860 0.000113773 2860 0.000010061 add_time= 0.000220221
2750 0.000016409 2750 0.000008178 add_time= 0.000062872
2500 0.000026575 2500 0.000009135 add_time= 0.000081828
2500 0.000619147 2500 0.000014013 add_time= 0.001946206
2550 0.000066131 2550 0.000018407 add_time= 0.000099719
2650 0.000394914 2650 0.000007832 add_time= 0.000423529
2805 0.000146736 2805 0.000008892 add_time= 0.000170718
2750 0.000019373 2750 0.000024825 add_time= 0.000060309
2750 0.000445507 2750 0.000009990 add_time= 0.000560273
2500 0.000149462 2500 0.000020083 add_time= 0.000198170
1275 0.000100833 1275 0.000007171 add_time= 0.000127200
2600 0.000177497 2600 0.000007397 add_time= 0.000203547
2600 0.000190371 2600 0.000008627 add_time= 0.000221425
2500 0.000067571 2500 0.000009080 add_time= 0.000094472
2550 0.000120847 2550 0.000007228 add_time= 0.000144169
2500 0.000258181 2500 0.000011034 add_time= 0.000313517
2650 0.000123272 2650 0.000008183 add_time= 0.000157418
2550 0.000019989 2550 0.000016557 add_time= 0.000054671
2704 0.000320094 2704 0.000014911 add_time= 0.000357245
2550 0.000202667 2550 0.000006625 add_time= 0.000228556
2650 0.000102155 2650 0.000008780 add_time= 0.000149449
2805 0.000138992 2805 0.000007686 add_time= 0.000184498
2550 0.000017198 2550 0.000049042 add_time= 0.000093883
2600 0.000079237 2600 0.000013714 add_time= 0.000231524
2750 0.000037097 2750 0.000008907 add_time= 0.000106886
2500 0.000080036 2500 0.000010864 add_time= 0.000136465
