1375 0.000170049 1375 0.000014280 add_time= 0.001862426
2550 0.000034760 2550 0.000009262 add_time= 0.000062499
2650 0.000341567 2650 0.000009612 add_time= 0.000372475
2750 0.000049058 2750 0.000007815 add_time= 0.000073591
2550 0.000153173 2550 0.000006698 add_time= 0.000192628
2550 0.000050060 2550 0.000006410 add_time= 0.000070164
2805 0.000037594 2805 0.000007385 add_time= 0.000061416
2860 0.000061381 2860 0.000011534 add_time= 0.000122861
1375 0.000061859 1375 0.000007024 add_time= 0.000087257
2500 0.000160737 2500 0.000007100 add_time= 0.000184800
2500 0.000161773 2500 0.000008186 add_time= 0.000195111
2550 0.000008712 2550 0.000042969 add_time= 0.000093870
2500 0.000062874 2500 0.000019077 add_time= 0.000145992
2550 0.000118362 2550 0.000020485 add_time= 0.000176821
1375 0.000041836 1375 0.000006157 add_time= 0.000087604
2600 0.000507081 2600 0.000047215 add_time= 0.000590653
2550 0.000012089 2550 0.000014811 add_time= 0.000054844
2860 0.000221642 2860 0.000027257 add_time= 0.000275387
2550 0.000237125 2550 0.000008627 add_time= 0.000264140
2700 0.000016878 2700 0.000023179 add_time= 0.000055159
2750 0.000722762 2750 0.000010146 add_time= 0.000874467
2750 0.000056550 2750 0.000016498 add_time= 0.000114167
2750 0.000069654 2750 0.000010833 add_time= 0.000124942
2500 0.000073735 2500 0.000009293 add_time= 0.000108873
1375 0.000427897 1375 0.000007706 add_time= 0.000492282
1250 0.000120341 1250 0.000013978 add_time= 0.001654334
2750 0.000067337 2750 0.000008910 add_time= 0.000117140
2750 0.000128394 2750 0.000009211 add_time= 0.000153436
1250 0.000148863 1250 0.000005769 add_time= 0.000165858
2600 0.000550988 2600 0.000008020 add_time= 0.000582173
2550 0.000061218 2550 0.000007674 add_time= 0.000086125
2805 0.000018262 2805 0.000035685 add_time= 0.000068428
2700 0.000064736 2700 0.000006844 add_time= 0.000085536
3025 0.000425624 3025 0.000010905 add_time= 0.000486048
2750 0.000078543 2750 0.000008414 add_time= 0.000101274
2750 0.000262878 2750 0.000006806 add_time= 0.000283438
2700 0.000183500 2700 0.000006845 add_time= 0.000222576
2500 0.000200558 2500 0.000010995 add_time= 0.000233633
2500 0.000087309 2500 0.000006702 add_time= 0.000109093
3025 0.000149453 3025 0.000010622 add_time= 0.000176927
2500 0.000346575 2500 0.000008459 add_time= 0.000381977
2550 0.000122631 2550 0.000014788 add_time= 0.000152986
3025 0.000224335 3025 0.000006962 add_time= 0.000248694
1250 0.000135515 1250 0.000006696 add_time= 0.000160952
2600 0.000295438 2600 0.000052969 add_time= 0.000370022
2703 0.000210480 2703 0.000006561 add_time= 0.000232584
2754 0.000053974 2754 0.000006871 add_time= 0.000075383
2600 0.000356035 2600 0.000008374 add_time= 0.000440010
1275 0.000134001 1275 0.000037038 add_time= 0.000205390
2600 0.000049201 2600 0.000011857 add_time= 0.000211524
2500 0.000126506 2500 0.000008776 add_time= 0.000195750
2750 0.000072308 2750 0.000009875 add_time= 0.000140140
1300 0.000031665 1300 0.000008411 add_time= 0.000104806
