2750 0.000240815 2750 0.000015141 add_time= 0.002010042
2601 0.000018284 2601 0.000024617 add_time= 0.000058685
2650 0.000547552 2650 0.000010095 add_time= 0.000578276
2805 0.000122158 2805 0.000010160 add_time= 0.000149954
625 0.000079629 625 0.000006700 add_time= 0.000113332
2600 0.000120648 2600 0.000009592 add_time= 0.000173430
2550 0.000365915 2550 0.000007987 add_time= 0.000390684
2550 0.000008404 2550 0.000025686 add_time= 0.000056158
2754 0.000077343 2754 0.000007506 add_time= 0.000112817
2500 0.000103828 2500 0.000008235 add_time= 0.000133939
2550 0.000219872 2550 0.000006896 add_time= 0.000242606
2500 0.000007306 2500 0.000025089 add_time= 0.000046675
2754 0.000166534 2754 0.000009416 add_time= 0.000206823
2550 0.000080617 2550 0.000031117 add_time= 0.000141403
2805 0.000257321 2805 0.000009533 add_time= 0.000283519
1300 0.000465658 1300 0.000042507 add_time= 0.000537822
2805 0.000347734 2805 0.000035766 add_time= 0.000412207
1250 0.000046608 1250 0.000005353 add_time= 0.000064098
2750 0.000155322 2750 0.000012481 add_time= 0.000193641
1250 0.000136912 1250 0.000005897 add_time= 0.000164988
1250 0.000013436 1250 0.000017211 add_time= 0.000056625
2550 0.000036574 2550 0.000008744 add_time= 0.000062422
2500 0.000258338 2500 0.000029037 add_time= 0.000433050
2500 0.000045900 2500 0.000008786 add_time= 0.000083494
2500 0.000050419 2500 0.000028468 add_time= 0.000108072
2600 0.000185735 2600 0.000013910 add_time= 0.001779165
2550 0.000104576 2550 0.000007610 add_time= 0.000127456
2750 0.000093466 2750 0.000007799 add_time= 0.000126586
2500 0.000530712 2500 0.000009867 add_time= 0.000561172
2600 0.000086062 2600 0.000007412 add_time= 0.000109406
3025 0.000110681 3025 0.000009190 add_time= 0.000172276
2750 0.000127618 2750 0.000007818 add_time= 0.000161019
2750 0.000293171 2750 0.000006167 add_time= 0.000327006
2600 0.000230384 2600 0.000009595 add_time= 0.000286988
2500 0.000189312 2500 0.000020982 add_time= 0.000238053
2500 0.000451515 2500 0.000008557 add_time= 0.000495268
2750 0.000329483 2750 0.000008531 add_time= 0.000365440
2600 0.000139791 2600 0.000009621 add_time= 0.000164082
2750 0.000135201 2750 0.000006646 add_time= 0.000156507
2500 0.000079634 2500 0.000006148 add_time= 0.000110606
2500 0.000358711 2500 0.000008461 add_time= 0.000388883
2750 0.000007581 2750 0.000014481 add_time= 0.000049983
2652 0.000186803 2652 0.000008062 add_time= 0.000223060
2750 0.000163289 2750 0.000006708 add_time= 0.000185913
2700 0.000119186 2700 0.000006672 add_time= 0.000147926
2500 0.000149145 2500 0.000009979 add_time= 0.000245046
2500 0.000092222 2500 0.000008248 add_time= 0.000135921
2500 0.000064963 2500 0.000009706 add_time= 0.000109050
