2704 0.000184412 2704 0.000013853 add_time= 0.001831708
2550 0.000017953 2550 0.000030854 add_time= 0.000063669
3025 0.000304286 3025 0.000010248 add_time= 0.000345690
2550 0.000106928 2550 0.000007890 add_time= 0.000130808
1250 0.000076677 1250 0.000006155 add_time= 0.000097499
2600 0.000206394 2600 0.000010222 add_time= 0.000271092
2703 0.000258069 2703 0.000008597 add_time= 0.000286740
1375 0.000167312 1375 0.000007592 add_time= 0.000193526
2860 0.000215049 2860 0.000020456 add_time= 0.000258422
2703 0.000151964 2703 0.000006452 add_time= 0.000173711
2601 0.000007336 2601 0.000034081 add_time= 0.000055861
2500 0.000151552 2500 0.000014174 add_time= 0.000179238
2550 0.000136293 2550 0.000008150 add_time= 0.000172793
2860 0.000271937 2860 0.000026726 add_time= 0.000315091
2750 0.000386637 2750 0.000006853 add_time= 0.000421580
1250 0.000044976 1250 0.000005632 add_time= 0.000070951
1250 0.000130838 1250 0.000030940 add_time= 0.000184133
2500 0.000158069 2500 0.000007650 add_time= 0.000192330
2750 0.000079293 2750 0.000006124 add_time= 0.000100377
1250 0.000107613 1250 0.000027535 add_time= 0.000148501
1300 0.000230647 1300 0.000006930 add_time= 0.000255655
2550 0.001293898 2550 0.000007511 add_time= 0.001319324
2500 0.000217255 2500 0.000010068 add_time= 0.000345941
2750 0.000084551 2750 0.000008852 add_time= 0.000134019
2750 0.000043492 2750 0.000008602 add_time= 0.000078112
2500 0.000533716 2500 0.000014206 add_time= 0.002011641
2750 0.000075324 2750 0.000008991 add_time= 0.000100468
2600 0.000129477 2600 0.000006844 add_time= 0.000151609
2600 0.000206349 2600 0.000008273 add_time= 0.000235143
2500 0.000153457 2500 0.000007020 add_time= 0.000175408
2750 0.000106059 2750 0.000006801 add_time= 0.000128457
2652 0.000197436 2652 0.000011240 add_time= 0.000321276
2750 0.000157031 2750 0.000008643 add_time= 0.000191428
2750 0.000307129 2750 0.000010954 add_time= 0.000335956
2652 0.000286878 2652 0.000007756 add_time= 0.000316941
2652 0.000108242 2652 0.000019398 add_time= 0.000146052
2600 0.000431365 2600 0.000008233 add_time= 0.000481404
2550 0.000026686 2550 0.000014339 add_time= 0.000058019
2550 0.000282375 2550 0.000006600 add_time= 0.000315368
2600 0.000161727 2600 0.000005654 add_time= 0.000181872
2750 0.000037910 2750 0.000006516 add_time= 0.000059676
2500 0.000063496 2500 0.000007046 add_time= 0.000091872
2550 0.000026558 2550 0.000006460 add_time= 0.000062643
2750 0.000497709 2750 0.000015855 add_time= 0.000533154
2862 0.000124924 2862 0.000009938 add_time= 0.000176753
2500 0.000036433 2500 0.000006478 add_time= 0.000059808
2808 0.000083846 2808 0.000006563 add_time= 0.000107872
2650 0.000151537 2650 0.000009758 add_time= 0.000273668
2550 0.000034097 2550 0.000008648 add_time= 0.000071797
2700 0.000035434 2700 0.000011226 add_time= 0.000073499
