2600 0.001019688 2600 0.000018646 add_time= 0.002578757
2550 0.000040387 2550 0.000009457 add_time= 0.000066168
2500 0.000085643 2500 0.000009578 add_time= 0.000111952
2550 0.000462025 2550 0.000010478 add_time= 0.000499402
2550 0.000073894 2550 0.000006672 add_time= 0.000096788
1325 0.000046794 1325 0.000007205 add_time= 0.000077112
2500 0.000109282 2500 0.000011484 add_time= 0.000156375
3025 0.000068558 3025 0.000043625 add_time= 0.000140738
2754 0.000057095 2754 0.000006814 add_time= 0.000079305
2600 0.000056367 2600 0.000007253 add_time= 0.000091520
1375 0.000156019 1375 0.000006940 add_time= 0.000195402
2750 0.000183441 2750 0.000008675 add_time= 0.000210206
2500 0.000331276 2500 0.000022996 add_time= 0.000389210
2600 0.000096623 2600 0.000007104 add_time= 0.000120510
1375 0.000042377 1375 0.000028995 add_time= 0.000086050
2600 0.000194874 2600 0.000017639 add_time= 0.000271891
2550 0.002198206 2550 0.000012395 add_time= 0.002252656
2500 0.000161007 2500 0.000007608 add_time= 0.000194788
2650 0.000082732 2650 0.000007246 add_time= 0.000116664
2970 0.000709359 2970 0.000006769 add_time= 0.000733413
2550 0.001206631 2550 0.000007845 add_time= 0.001231898
2652 0.000210685 2652 0.000038585 add_time= 0.000403906
2550 0.000131656 2550 0.000007979 add_time= 0.000177232
2600 0.000021593 2600 0.000029151 add_time= 0.001301463
2550 0.000086799 2550 0.000009374 add_time= 0.000111802
2550 0.000077342 2550 0.000008632 add_time= 0.000101444
2500 0.000628537 2500 0.000007349 add_time= 0.000656580
1250 0.000082573 1250 0.000025995 add_time= 0.000123821
2500 0.000052064 2500 0.000007111 add_time= 0.000075452
2600 0.000141894 2600 0.000006484 add_time= 0.000162140
2750 0.000072079 2750 0.000006333 add_time= 0.000093097
2600 0.000269635 2600 0.000012875 add_time= 0.000341153
2500 0.000118217 2500 0.000015779 add_time= 0.000171404
2550 0.000118470 2550 0.000007686 add_time= 0.000158928
2650 0.000417526 2650 0.000011349 add_time= 0.000459167
3025 0.000158946 3025 0.000018287 add_time= 0.000200177
2916 0.000073149 2916 0.000007551 add_time= 0.000111908
2600 0.000027457 2600 0.000018134 add_time= 0.000077191
2500 0.000053470 2500 0.000018290 add_time= 0.000086778
2500 0.000089770 2500 0.000006715 add_time= 0.000110369
1250 0.000108716 1250 0.000027033 add_time= 0.000150174
1250 0.000313604 1250 0.000007885 add_time= 0.000342010
3025 0.000149631 3025 0.000007224 add_time= 0.000175420
2970 0.000158854 2970 0.000007015 add_time= 0.000181374
2500 0.000058962 2500 0.000026587 add_time= 0.000098834
2600 0.000023167 2600 0.000088462 add_time= 0.000138275
2600 0.000060594 2600 0.000027796 add_time= 0.000103736
2750 0.000114196 2750 0.000007238 add_time= 0.000146888
2600 0.000107013 2600 0.000006401 add_time= 0.000130588
2860 0.000153861 2860 0.000029289 add_time= 0.000277513
2500 0.000039859 2500 0.000019958 add_time= 0.000089611
3025 0.000049698 3025 0.000008543 add_time= 0.000087049
2600 0.000170003 2600 0.000012588 add_time= 0.001309053
2750 0.000030522 2750 0.000059162 add_time= 0.000119654
2805 0.000087363 2805 0.000006729 add_time= 0.000112321
1275 0.000067778 1275 0.000006024 add_time= 0.000088254
2750 0.000048818 2750 0.000006926 add_time= 0.000081155
2915 0.000229672 2915 0.000006811 add_time= 0.000262597
2704 0.000037877 2704 0.000006504 add_time= 0.000069255
2750 0.000016961 2750 0.000030251 add_time= 0.000063691
2550 0.000102493 2550 0.000013294 add_time= 0.000131888
2862 0.000148386 2862 0.000007271 add_time= 0.000172213
1375 0.000024367 1375 0.000005809 add_time= 0.000045000
2809 0.000345559 2809 0.000010178 add_time= 0.000398699
2860 0.000038444 2860 0.000006745 add_time= 0.000062703
2500 0.000008038 2500 0.000025123 add_time= 0.000053678
2860 0.000039703 2860 0.000011080 add_time= 0.000068898
2550 0.000059576 2550 0.000006931 add_time= 0.000082933
2500 0.000059114 2500 0.000007754 add_time= 0.000083890
2862 0.000254660 2862 0.000006922 add_time= 0.000278807
2500 0.000048340 2500 0.000007300 add_time= 0.000072665
2750 0.000051344 2750 0.000007189 add_time= 0.000075618
2550 0.000026775 2550 0.000013596 add_time= 0.000056541
2550 0.000085244 2550 0.000011014 add_time= 0.000112783
2700 0.000047068 2700 0.000007022 add_time= 0.000070694
2500 0.000083056 2500 0.000006760 add_time= 0.000106566
2703 0.000208784 2703 0.000008426 add_time= 0.000257178
2650 0.000060104 2650 0.000007200 add_time= 0.000086303
2805 0.000060939 2805 0.000007897 add_time= 0.000090105
2550 0.000225388 2550 0.000006114 add_time= 0.000245931
2500 0.000140062 2500 0.000007203 add_time= 0.000173014
2600 0.000035991 2600 0.000021810 add_time= 0.000074730
2600 0.000442688 2600 0.000006923 add_time= 0.000466511
2600 0.000266348 2600 0.000006334 add_time= 0.000304874
2750 0.000093489 2750 0.000007142 add_time= 0.000117916
2550 0.000201912 2550 0.000007157 add_time= 0.000224460
2550 0.000230447 2550 0.000007034 add_time= 0.000272906
2750 0.000049936 2750 0.000011080 add_time= 0.000078058
1250 0.000081038 1250 0.000006112 add_time= 0.000106195
2915 0.000393292 2915 0.000018218 add_time= 0.000432076
2750 0.000029368 2750 0.000033721 add_time= 0.000083166
2500 0.000044338 2500 0.000017666 add_time= 0.000078048
2500 0.000157826 2500 0.000006714 add_time= 0.000178349
2500 0.000100308 2500 0.000005948 add_time= 0.000119936
2750 0.000050179 2750 0.000007563 add_time= 0.000074445
2650 0.000317034 2650 0.000008906 add_time= 0.000419765
2650 0.000075937 2650 0.000025496 add_time= 0.000134356
2550 0.000077601 2550 0.000008418 add_time= 0.000119784
2750 0.000127278 2750 0.000008280 add_time= 0.000163283
2700 0.000076063 2700 0.000008807 add_time= 0.000111979
2750 0.000139045 2750 0.000008137 add_time= 0.000171896
2500 0.000422263 2500 0.000008421 add_time= 0.000464384
2750 0.000029246 2750 0.000024057 add_time= 0.000083182
2805 0.000062076 2805 0.000008121 add_time= 0.000087541
2500 0.000355643 2500 0.000008166 add_time= 0.000380177
2550 0.000192141 2550 0.000006299 add_time= 0.000213816
2700 0.000344856 2700 0.000006848 add_time= 0.000367085
2805 0.000047381 2805 0.000006373 add_time= 0.000069510
1250 0.000384186 1250 0.000006713 add_time= 0.000406234
2550 0.000202353 2550 0.000006356 add_time= 0.000224784
2750 0.000149553 2750 0.000006255 add_time= 0.000171375
2601 0.000274949 2601 0.000007162 add_time= 0.000299388
2500 0.000113744 2500 0.000006021 add_time= 0.000134996
1375 0.000072466 1375 0.000007189 add_time= 0.000094953
2550 0.000268487 2550 0.000008025 add_time= 0.000293936
2650 0.000106073 2650 0.000006810 add_time= 0.000128810
3025 0.000014069 3025 0.000025188 add_time= 0.000070104
2750 0.000033285 2750 0.000007145 add_time= 0.000057201
2805 0.000300350 2805 0.000007107 add_time= 0.000324657
2601 0.000140871 2601 0.000007059 add_time= 0.000165464
2970 0.000126230 2970 0.000007247 add_time= 0.000159861
2600 0.000150886 2600 0.000007701 add_time= 0.000176193
2500 0.000262392 2500 0.000007041 add_time= 0.000297749
2860 0.000040655 2860 0.000007273 add_time= 0.000064015
2550 0.000015279 2550 0.000020479 add_time= 0.000059303
3025 0.000082525 3025 0.000007579 add_time= 0.000108173
2805 0.000334781 2805 0.000006965 add_time= 0.000364488
2700 0.000202449 2700 0.000007410 add_time= 0.000226988
2915 0.000369518 2915 0.000006650 add_time= 0.000393716
2750 0.000226334 2750 0.000010120 add_time= 0.000261728
2750 0.000045487 2750 0.000006415 add_time= 0.000089627
2550 0.000194441 2550 0.000007172 add_time= 0.000216722
2703 0.000089739 2703 0.000006431 add_time= 0.000111411
2600 0.000134369 2600 0.000007029 add_time= 0.000158068
1250 0.000046341 1250 0.000005543 add_time= 0.000065416
2600 0.000086120 2600 0.000008254 add_time= 0.000131550
2652 0.000046888 2652 0.000006677 add_time= 0.000078061
2600 0.000166648 2600 0.000005889 add_time= 0.000186874
2750 0.000093498 2750 0.000006397 add_time= 0.000137254
2805 0.000088585 2805 0.000007452 add_time= 0.000113151
2500 0.000145717 2500 0.000005957 add_time= 0.000170806
2750 0.000087717 2750 0.000018034 add_time= 0.000121067
2756 0.000049829 2756 0.000006643 add_time= 0.000072905
2860 0.000212015 2860 0.000019200 add_time= 0.000248943
3025 0.000006409 3025 0.000023367 add_time= 0.000045628
2550 0.000085830 2550 0.000006888 add_time= 0.000116683
2500 0.000142620 2500 0.000006652 add_time= 0.000165730
2500 0.000052895 2500 0.000006172 add_time= 0.000073732
2650 0.000278426 2650 0.000007952 add_time= 0.000311906
2600 0.000048229 2600 0.000007298 add_time= 0.000071734
2750 0.000065044 2750 0.000006681 add_time= 0.000089901
2500 0.000086996 2500 0.000007366 add_time= 0.000111493
2805 0.000106781 2805 0.000007189 add_time= 0.000131483
2550 0.000101505 2550 0.000006721 add_time= 0.000122911
2750 0.000134061 2750 0.000007344 add_time= 0.000156150
2750 0.000014542 2750 0.000033345 add_time= 0.000120003
2500 0.000028756 2500 0.000009105 add_time= 0.000072480
2750 0.000028670 2750 0.000008619 add_time= 0.000066864
2550 0.000070517 2550 0.000008723 add_time= 0.000106131
2862 0.000021759 2862 0.000008059 add_time= 0.000062726
2650 0.000030538 2650 0.000006520 add_time= 0.000053237
2652 0.000026565 2652 0.000014561 add_time= 0.000057251
2805 0.000007713 2805 0.000032003 add_time= 0.000056832
2550 0.000072086 2550 0.000007167 add_time= 0.000095735
2550 0.000033677 2550 0.000006659 add_time= 0.000063278
2750 0.000064484 2750 0.000013604 add_time= 0.000094210
2703 0.000188378 2703 0.000007273 add_time= 0.000212631
2500 0.000087100 2500 0.000006528 add_time= 0.000110875
2500 0.000035501 2500 0.000006795 add_time= 0.000058451
2550 0.000059247 2550 0.000006110 add_time= 0.000080223
2805 0.000098491 2805 0.000006994 add_time= 0.000122187
2650 0.000545700 2650 0.000009616 add_time= 0.000581249
2750 0.000227157 2750 0.000008296 add_time= 0.000257449
2970 0.000069368 2970 0.000007126 add_time= 0.000093399
2500 0.000058297 2500 0.000006455 add_time= 0.000087670
2550 0.000376378 2550 0.000007498 add_time= 0.000401406
2550 0.000108666 2550 0.000006178 add_time= 0.000129994
1250 0.000124839 1250 0.000006238 add_time= 0.000145758
2650 0.000204174 2650 0.000007499 add_time= 0.000230040
2652 0.000091288 2652 0.000006926 add_time= 0.000115234
2500 0.000026317 2500 0.000025775 add_time= 0.000066961
2500 0.000050395 2500 0.000006625 add_time= 0.000071947
2550 0.000102084 2550 0.000006306 add_time= 0.000122639
2808 0.000127721 2808 0.000006922 add_time= 0.000152951
2500 0.000060311 2500 0.000006703 add_time= 0.000093185
2750 0.000147638 2750 0.000007281 add_time= 0.000172839
2750 0.000188066 2750 0.000007402 add_time= 0.000212354
2970 0.000036671 2970 0.000006406 add_time= 0.000058755
2703 0.000084171 2703 0.000007317 add_time= 0.000108700
2500 0.000137336 2500 0.000006673 add_time= 0.000160974
2500 0.000028902 2500 0.000006068 add_time= 0.000049217
2915 0.000320119 2915 0.000006982 add_time= 0.000345426
2915 0.000204951 2915 0.000007307 add_time= 0.000228936
2500 0.000054471 2500 0.000006795 add_time= 0.000078164
2601 0.000186998 2601 0.000006803 add_time= 0.000214455
2500 0.000077609 2500 0.000007544 add_time= 0.000101374
2500 0.000057430 2500 0.000006261 add_time= 0.000078410
2500 0.000140945 2500 0.000006604 add_time= 0.000180219
2750 0.000113375 2750 0.000006626 add_time= 0.000148221
2500 0.000006161 2500 0.000029169 add_time= 0.000047753
3025 0.000065362 3025 0.000007184 add_time= 0.000090171
2601 0.000057816 2601 0.000007401 add_time= 0.000097790
2750 0.000037940 2750 0.000007271 add_time= 0.000062165
2915 0.000091663 2915 0.000007300 add_time= 0.000137082
2550 0.000014907 2550 0.000071320 add_time= 0.000104090
3025 0.000177496 3025 0.000008150 add_time= 0.000228045
2550 0.000062399 2550 0.000006906 add_time= 0.000085629
2550 0.000254450 2550 0.000010277 add_time= 0.000281668
2915 0.000118333 2915 0.000007110 add_time= 0.000143477
2750 0.000056338 2750 0.000007056 add_time= 0.000080429
2500 0.000105117 2500 0.000013718 add_time= 0.000138043
2550 0.000255695 2550 0.000007601 add_time= 0.000280928
2808 0.000342968 2808 0.000017938 add_time= 0.000377397
2550 0.000103184 2550 0.000006992 add_time= 0.000126609
2500 0.000155154 2500 0.000006295 add_time= 0.000178174
2652 0.000108426 2652 0.000007002 add_time= 0.000132357
2600 0.000213088 2600 0.000006455 add_time= 0.000235906
2500 0.000079731 2500 0.000005794 add_time= 0.000100180
2550 0.001173440 2550 0.000007085 add_time= 0.001197381
2650 0.000033153 2650 0.000008666 add_time= 0.000095665
2600 0.000035424 2600 0.000007252 add_time= 0.000067685
2750 0.000048174 2750 0.000025231 add_time= 0.000102467
2500 0.000027842 2500 0.000007568 add_time= 0.000059311
2550 0.000025701 2550 0.000008117 add_time= 0.000060858
2805 0.000049579 2805 0.000008224 add_time= 0.000083582
1250 0.000023014 1250 0.000006943 add_time= 0.000054277
2700 0.000279975 2700 0.000006066 add_time= 0.000302524
1375 0.000006171 1375 0.000014988 add_time= 0.000053265
2500 0.000065527 2500 0.000006072 add_time= 0.000099008
2601 0.000066994 2601 0.000005913 add_time= 0.000087206
2862 0.000416827 2862 0.000006699 add_time= 0.000446372
2650 0.000119288 2650 0.000006609 add_time= 0.000141328
2652 0.000106519 2652 0.000014500 add_time= 0.000135066
2750 0.000134986 2750 0.000005570 add_time= 0.000154129
2750 0.000041883 2750 0.000007042 add_time= 0.000064332
2601 0.000088060 2601 0.000006108 add_time= 0.000108857
2500 0.000294328 2500 0.000005788 add_time= 0.000314154
2970 0.000069433 2970 0.000006907 add_time= 0.000090714
1375 0.000243992 1375 0.000005925 add_time= 0.000261219
2915 0.000321601 2915 0.000007645 add_time= 0.000352536
2860 0.000162273 2860 0.000007587 add_time= 0.000186139
2500 0.000039051 2500 0.000013608 add_time= 0.000073708
2500 0.000024446 2500 0.000006539 add_time= 0.000046528
2750 0.000040882 2750 0.000018213 add_time= 0.000082422
2650 0.000442858 2650 0.000010423 add_time= 0.000480540
2860 0.000092076 2860 0.000008168 add_time= 0.000119305
2500 0.000015835 2500 0.000021321 add_time= 0.000054552
2500 0.000075232 2500 0.000007863 add_time= 0.000099463
2805 0.000042098 2805 0.000007097 add_time= 0.000066499
2750 0.000374379 2750 0.000007292 add_time= 0.000398765
2750 0.000042966 2750 0.000006802 add_time= 0.000067141
2600 0.000085792 2600 0.000006736 add_time= 0.000108939
2650 0.000006162 2650 0.000022037 add_time= 0.000042547
2750 0.000105959 2750 0.000007184 add_time= 0.000130180
2550 0.000067630 2550 0.000005521 add_time= 0.000094490
2700 0.000208186 2700 0.000006506 add_time= 0.000230164
1300 0.000060774 1300 0.000006080 add_time= 0.000088769
2500 0.000147276 2500 0.000006454 add_time= 0.000170458
2860 0.000030894 2860 0.000011562 add_time= 0.000059557
2500 0.002842455 2500 0.000007613 add_time= 0.002866808
2750 0.000277947 2750 0.000007920 add_time= 0.000309498
1250 0.000117282 1250 0.000006261 add_time= 0.000137331
2860 0.000102667 2860 0.000006174 add_time= 0.000124900
2550 0.000006345 2550 0.000032964 add_time= 0.000053768
2500 0.000296761 2500 0.000005937 add_time= 0.000317085
2805 0.000063103 2805 0.000007290 add_time= 0.000087277
2600 0.000173102 2600 0.000006731 add_time= 0.000196637
2750 0.000063688 2750 0.000007372 add_time= 0.000088204
2500 0.000179037 2500 0.000006229 add_time= 0.000201827
2650 0.000006743 2650 0.000014721 add_time= 0.000046238
2750 0.000029576 2750 0.000006684 add_time= 0.000053079
2601 0.000043086 2601 0.000007077 add_time= 0.000067033
2750 0.000082765 2750 0.000008983 add_time= 0.000108975
2650 0.000023536 2650 0.000007848 add_time= 0.000065866
2652 0.000035718 2652 0.000009910 add_time= 0.000062306
3025 0.000007732 3025 0.000016298 add_time= 0.000055010
2805 0.000154630 2805 0.000008283 add_time= 0.000187850
2550 0.000105515 2550 0.000005907 add_time= 0.000126691
2550 0.000053506 2550 0.000011029 add_time= 0.000080560
2703 0.000216830 2703 0.000007092 add_time= 0.000241341
2860 0.000227125 2860 0.000006591 add_time= 0.000249942
2860 0.000007255 2860 0.000020785 add_time= 0.000044895
2750 0.000141995 2750 0.000007909 add_time= 0.000166677
2652 0.000187895 2652 0.000006147 add_time= 0.000217736
2500 0.000082945 2500 0.000005605 add_time= 0.000109974
2860 0.000113610 2860 0.000006737 add_time= 0.000139785
2703 0.000126006 2703 0.000006542 add_time= 0.000151752
2550 0.000065370 2550 0.000006700 add_time= 0.000088527
2500 0.000110073 2500 0.000007324 add_time= 0.000136073
2500 0.000055769 2500 0.000007369 add_time= 0.000081067
2550 0.000065207 2550 0.000007007 add_time= 0.000088463
2750 0.000057335 2750 0.000006652 add_time= 0.000082138
2915 0.000007688 2915 0.000010519 add_time= 0.000088440
2652 0.000046650 2652 0.000009153 add_time= 0.000120901
2500 0.000039841 2500 0.000008061 add_time= 0.000075651
2500 0.000067615 2500 0.000008114 add_time= 0.000100959
2550 0.000027754 2550 0.000008940 add_time= 0.000063814
2500 0.000024248 2500 0.000008341 add_time= 0.000058856
2550 0.000040874 2550 0.000013871 add_time= 0.000089888
2756 0.000085518 2756 0.000007205 add_time= 0.000112378
1300 0.000046933 1300 0.000006514 add_time= 0.000069488
2805 0.000036447 2805 0.000007435 add_time= 0.000061182
2750 0.000046576 2750 0.000007617 add_time= 0.000070868
1275 0.000084671 1275 0.000005120 add_time= 0.000109216
2700 0.000193863 2700 0.000008183 add_time= 0.000219783
2860 0.000042976 2860 0.000006955 add_time= 0.000067371
2650 0.000086671 2650 0.000007692 add_time= 0.000114893
2600 0.000036289 2600 0.000006353 add_time= 0.000057326
2550 0.000202622 2550 0.000006120 add_time= 0.000223392
2500 0.000346130 2500 0.000006320 add_time= 0.000367985
1275 0.000095238 1275 0.000005450 add_time= 0.000112781
2550 0.000124789 2550 0.000006083 add_time= 0.000144906
2805 0.000031422 2805 0.000006543 add_time= 0.000053404
2703 0.000186300 2703 0.000007819 add_time= 0.000213068
2704 0.000052266 2704 0.000006013 add_time= 0.000072525
2805 0.000047059 2805 0.000007039 add_time= 0.000069188
2600 0.000144073 2600 0.000005998 add_time= 0.000165235
2550 0.000081982 2550 0.000006705 add_time= 0.000104411
2500 0.000081814 2500 0.000007105 add_time= 0.000106295
2650 0.000377099 2650 0.000008032 add_time= 0.000403818
2860 0.000050712 2860 0.000006819 add_time= 0.000073834
2600 0.000166246 2600 0.000007595 add_time= 0.000190886
2700 0.000078113 2700 0.000006609 add_time= 0.000101426
2700 0.000035633 2700 0.000007005 add_time= 0.000059318
2500 0.000081232 2500 0.000006934 add_time= 0.000105043
2600 0.000178626 2600 0.000008731 add_time= 0.000214752
2600 0.000030729 2600 0.000007182 add_time= 0.000055714
2500 0.000025258 2500 0.000021636 add_time= 0.000064710
2500 0.000362218 2500 0.000006551 add_time= 0.000384232
2550 0.000231821 2550 0.000008738 add_time= 0.000255132
2805 0.000134738 2805 0.000006022 add_time= 0.000159327
2700 0.000525367 2700 0.000006279 add_time= 0.000546460
2750 0.000198251 2750 0.000008761 add_time= 0.000224512
2500 0.000028884 2500 0.000006955 add_time= 0.000052793
2750 0.000152427 2750 0.000006998 add_time= 0.000176763
2601 0.000045272 2601 0.000006648 add_time= 0.000068998
2550 0.000197644 2550 0.000008242 add_time= 0.000220686
2750 0.000070755 2750 0.000007246 add_time= 0.000095671
2650 0.000510536 2650 0.000006405 add_time= 0.000533374
1300 0.000025359 1300 0.000006015 add_time= 0.000057037
2500 0.000006571 2500 0.000034499 add_time= 0.000056155
2500 0.000340989 2500 0.000006404 add_time= 0.000365642
2750 0.000143113 2750 0.000006356 add_time= 0.000164647
2916 0.000033662 2916 0.000007411 add_time= 0.000057761
2805 0.000067066 2805 0.000006212 add_time= 0.000087526
1375 0.000105189 1375 0.000005323 add_time= 0.000122798
2550 0.000751124 2550 0.000006571 add_time= 0.000773813
2750 0.000007664 2750 0.000092549 add_time= 0.000117459
2860 0.000055812 2860 0.000006862 add_time= 0.000101560
2601 0.000133465 2601 0.000007092 add_time= 0.000166034
2860 0.000070398 2860 0.000007171 add_time= 0.000106397
1300 0.000106872 1300 0.000008577 add_time= 0.000127669
2650 0.000445097 2650 0.000006510 add_time= 0.000468622
2500 0.000065838 2500 0.000007613 add_time= 0.000089784
2750 0.000006599 2750 0.000033151 add_time= 0.000055480
2750 0.000043029 2750 0.000006269 add_time= 0.000068790
2550 0.000051062 2550 0.000009728 add_time= 0.000076125
2750 0.000170519 2750 0.000007091 add_time= 0.000193296
2650 0.000050472 2650 0.000008006 add_time= 0.000085980
2652 0.000031604 2652 0.000006561 add_time= 0.000054765
2750 0.000017219 2750 0.000015053 add_time= 0.000060289
2805 0.000122204 2805 0.000007173 add_time= 0.000154999
2805 0.000056844 2805 0.000007834 add_time= 0.000082535
2500 0.000029293 2500 0.000007334 add_time= 0.000055313
1250 0.000055692 1250 0.000005327 add_time= 0.000074413
2703 0.000089571 2703 0.000032516 add_time= 0.000139736
2750 0.000006312 2750 0.000013463 add_time= 0.000036442
2500 0.000320374 2500 0.000006812 add_time= 0.000343376
2652 0.000155197 2652 0.000006820 add_time= 0.000179000
2500 0.000373481 2500 0.000007482 add_time= 0.000397703
1250 0.000034899 1250 0.000005801 add_time= 0.000053151
2650 0.000045998 2650 0.000006137 add_time= 0.000067824
2652 0.000028716 2652 0.000006663 add_time= 0.000050541
2750 0.000109873 2750 0.000018207 add_time= 0.000161341
2750 0.000126873 2750 0.000007959 add_time= 0.000166742
2601 0.000074794 2601 0.000006909 add_time= 0.000097285
2754 0.000056010 2754 0.000006177 add_time= 0.000076114
3025 0.000028312 3025 0.000007969 add_time= 0.000061425
2750 0.000191616 2750 0.000008767 add_time= 0.000253623
2805 0.000066807 2805 0.000144223 add_time= 0.000245787
2805 0.000104687 2805 0.000008588 add_time= 0.000140642
2500 0.000065655 2500 0.000008793 add_time= 0.000123597
2700 0.000102203 2700 0.000007614 add_time= 0.000133415
2703 0.000109817 2703 0.000006595 add_time= 0.000132364
2808 0.000034324 2808 0.000006308 add_time= 0.000054938
2550 0.000049369 2550 0.000005595 add_time= 0.000072451
2750 0.000035137 2750 0.000005938 add_time= 0.000054983
2500 0.000048536 2500 0.000007372 add_time= 0.000071537
2500 0.000061326 2500 0.000009391 add_time= 0.000086201
2700 0.000492532 2700 0.000006473 add_time= 0.000514414
1300 0.000043666 1300 0.000006273 add_time= 0.000062556
2600 0.000014494 2600 0.000016825 add_time= 0.000073545
2700 0.000033440 2700 0.000006285 add_time= 0.000053585
2805 0.000137281 2805 0.000006253 add_time= 0.000157590
2550 0.000040539 2550 0.000006506 add_time= 0.000062476
2970 0.000141004 2970 0.000007211 add_time= 0.000162832
2500 0.000224496 2500 0.000007097 add_time= 0.000247844
2550 0.000025060 2550 0.000014156 add_time= 0.000054836
2750 0.000030686 2750 0.000007443 add_time= 0.000058503
2500 0.000048430 2500 0.000005929 add_time= 0.000067424
2500 0.000089630 2500 0.000007114 add_time= 0.000111830
1275 0.000137157 1275 0.000006446 add_time= 0.000156535
2862 0.000140316 2862 0.000007652 add_time= 0.000164608
2650 0.000096032 2650 0.000013389 add_time= 0.000123555
2750 0.000043840 2750 0.000006694 add_time= 0.000065829
2550 0.000050860 2550 0.000006736 add_time= 0.000072819
2750 0.000044335 2750 0.000007107 add_time= 0.000067113
2750 0.000121457 2750 0.000007201 add_time= 0.000151157
2500 0.000223814 2500 0.000012160 add_time= 0.000251632
2500 0.000015766 2500 0.000016489 add_time= 0.000048106
2750 0.000056624 2750 0.000006853 add_time= 0.000082610
2650 0.000100926 2650 0.000006877 add_time= 0.000123182
3025 0.000073408 3025 0.000007328 add_time= 0.000097040
2809 0.000714044 2809 0.000008178 add_time= 0.000749572
2600 0.000024982 2600 0.000006770 add_time= 0.000047569
2600 0.000015215 2600 0.000020044 add_time= 0.000049795
2750 0.000072940 2750 0.000007332 add_time= 0.000108241
2652 0.000064273 2652 0.000006880 add_time= 0.000087560
2500 0.000055951 2500 0.000005870 add_time= 0.000077873
1350 0.000198823 1350 0.000005254 add_time= 0.000216956
2550 0.000027044 2550 0.000005738 add_time= 0.000046369
2600 0.000320739 2600 0.000006843 add_time= 0.000345079
2750 0.000224546 2750 0.000014233 add_time= 0.000257554
2600 0.000136141 2600 0.000006916 add_time= 0.000167055
2805 0.000034915 2805 0.000005892 add_time= 0.000054998
2500 0.000278794 2500 0.000006906 add_time= 0.000301751
2500 0.000083075 2500 0.000012413 add_time= 0.000109895
2915 0.000069476 2915 0.000007647 add_time= 0.000094828
2808 0.000073738 2808 0.000006227 add_time= 0.000095021
2700 0.000006288 2700 0.000024021 add_time= 0.000045470
3025 0.000028019 3025 0.000006785 add_time= 0.000053804
2650 0.000124137 2650 0.000007138 add_time= 0.000158097
2750 0.000046559 2750 0.000007354 add_time= 0.000070605
2862 0.000258849 2862 0.000006915 add_time= 0.000282795
2600 0.000066469 2600 0.000015206 add_time= 0.000098221
2805 0.000127836 2805 0.000006038 add_time= 0.000148513
2601 0.000062723 2601 0.000006346 add_time= 0.000085221
2600 0.000120197 2600 0.000006519 add_time= 0.000142640
2500 0.000058816 2500 0.000006082 add_time= 0.000079225
2750 0.000358567 2750 0.000007188 add_time= 0.000382732
3025 0.000007128 3025 0.000030838 add_time= 0.000054492
2750 0.000049871 2750 0.000006483 add_time= 0.000090146
2500 0.000055814 2500 0.000006823 add_time= 0.000079129
2916 0.000173774 2916 0.000006782 add_time= 0.000197302
1250 0.005819201 1250 0.000007206 add_time= 0.005845179
2703 0.000067038 2703 0.000019128 add_time= 0.000115697
2600 0.000063799 2600 0.000007287 add_time= 0.000088033
2915 0.000018277 2915 0.000017764 add_time= 0.000055570
2750 0.000048705 2750 0.000007104 add_time= 0.000076425
2500 0.000034887 2500 0.000006730 add_time= 0.000057443
2700 0.000141832 2700 0.000007019 add_time= 0.000165755
1250 0.000059820 1250 0.000007054 add_time= 0.000081355
2650 0.000179089 2650 0.000007154 add_time= 0.000203802
2600 0.000007143 2600 0.000021824 add_time= 0.000045399
2805 0.000123832 2805 0.000006702 add_time= 0.000148349
2550 0.000111054 2550 0.000007600 add_time= 0.000135838
2550 0.000260307 2550 0.000007201 add_time= 0.000284111
2915 0.000151185 2915 0.000007492 add_time= 0.000185190
2750 0.000056157 2750 0.000006865 add_time= 0.000078922
2500 0.000059968 2500 0.000006299 add_time= 0.000091991
2550 0.000104742 2550 0.000007992 add_time= 0.000128594
2750 0.000061633 2750 0.000007000 add_time= 0.000094499
1250 0.000067418 1250 0.000006731 add_time= 0.000096058
2500 0.000081275 2500 0.000008411 add_time= 0.000125606
3025 0.000055118 3025 0.000095728 add_time= 0.000181704
2500 0.000077868 2500 0.000008206 add_time= 0.000111500
2754 0.000039565 2754 0.000008382 add_time= 0.000076686
2500 0.000005571 2500 0.000007606 add_time= 0.000035652
2650 0.000023073 2650 0.000008398 add_time= 0.000068421
2600 0.000103522 2600 0.000006596 add_time= 0.000127181
2600 0.000051393 2600 0.000005595 add_time= 0.000076339
2750 0.000006863 2750 0.000031564 add_time= 0.000054196
2805 0.000142141 2805 0.000007107 add_time= 0.000174230
2754 0.000114751 2754 0.000007522 add_time= 0.000137915
2805 0.000035576 2805 0.000007158 add_time= 0.000056988
2703 0.000099789 2703 0.000006846 add_time= 0.000122895
2600 0.000081293 2600 0.000016027 add_time= 0.000121984
2750 0.000007219 2750 0.000013837 add_time= 0.000036100
2600 0.000309884 2600 0.000006504 add_time= 0.000329803
2500 0.000076031 2500 0.000006659 add_time= 0.000109195
2500 0.000170915 2500 0.000006923 add_time= 0.000196044
2600 0.000219674 2600 0.000006560 add_time= 0.000241905
2550 0.000017046 2550 0.000022732 add_time= 0.000055027
2750 0.000056177 2750 0.000006580 add_time= 0.000077957
2550 0.000132337 2550 0.000008245 add_time= 0.000155784
2500 0.000036418 2500 0.000006089 add_time= 0.000055606
2703 0.000095729 2703 0.000006264 add_time= 0.000117277
2500 0.000028679 2500 0.000006439 add_time= 0.000058100
2750 0.000014465 2750 0.000013383 add_time= 0.000040941
2805 0.000055775 2805 0.000017205 add_time= 0.000087636
2550 0.000071394 2550 0.000007089 add_time= 0.000093555
2700 0.000069312 2700 0.000006458 add_time= 0.000089474
2750 0.000089950 2750 0.000005969 add_time= 0.000108644
2650 0.000250190 2650 0.000006874 add_time= 0.000272154
2600 0.000033524 2600 0.000016481 add_time= 0.000062905
2500 0.000014267 2500 0.000012146 add_time= 0.000047016
2500 0.000171498 2500 0.000013772 add_time= 0.000205871
2550 0.000111501 2550 0.000005816 add_time= 0.000130551
2500 0.000045821 2500 0.000005725 add_time= 0.000064450
2750 0.000060241 2750 0.000015437 add_time= 0.000089893
2862 0.000305507 2862 0.000006457 add_time= 0.000327251
2860 0.000067712 2860 0.000006576 add_time= 0.000092429
3025 0.000024109 3025 0.000014408 add_time= 0.000054591
2805 0.000078989 2805 0.000006678 add_time= 0.000100842
2805 0.000053897 2805 0.000012656 add_time= 0.000080740
2500 0.000094375 2500 0.000005675 add_time= 0.000113032
1250 0.000046433 1250 0.000005104 add_time= 0.000076405
2550 0.000517139 2550 0.000008476 add_time= 0.000552875
2500 0.000130919 2500 0.000006488 add_time= 0.000154985
2805 0.000016353 2805 0.000032443 add_time= 0.000065287
2750 0.000167448 2750 0.000007528 add_time= 0.000192085
2500 0.000083612 2500 0.000006887 add_time= 0.000106805
2550 0.000059494 2550 0.000006925 add_time= 0.000083041
2500 0.000286051 2500 0.000007491 add_time= 0.000310485
2704 0.000097535 2704 0.000006300 add_time= 0.000124775
2805 0.000051013 2805 0.000006881 add_time= 0.000085569
2550 0.000390429 2550 0.000007425 add_time= 0.000415432
2805 0.000035692 2805 0.000017893 add_time= 0.000069278
2500 0.000220784 2500 0.000006363 add_time= 0.000241830
2600 0.000063227 2600 0.000007565 add_time= 0.000088849
2860 0.000032033 2860 0.000006729 add_time= 0.000055597
2750 0.000149478 2750 0.000006558 add_time= 0.000170590
2915 0.000040789 2915 0.000006792 add_time= 0.000064089
2652 0.000028528 2652 0.000007047 add_time= 0.000052189
1250 0.000223375 1250 0.000006538 add_time= 0.000246760
2550 0.000490901 2550 0.000008041 add_time= 0.000515694
1250 0.000133610 1250 0.000006381 add_time= 0.000162591
2500 0.000041993 2500 0.000006874 add_time= 0.000065426
2652 0.000169338 2652 0.000006759 add_time= 0.000201416
2700 0.000097563 2700 0.000006339 add_time= 0.000119389
1250 0.000062791 1250 0.000005737 add_time= 0.000080416
2600 0.000113466 2600 0.000006707 add_time= 0.000137544
2600 0.000107302 2600 0.000006744 add_time= 0.000130161
2750 0.000007219 2750 0.000023619 add_time= 0.000048827
2550 0.000068278 2550 0.000007190 add_time= 0.000092799
2750 0.000120850 2750 0.000007858 add_time= 0.000145749
2500 0.000123713 2500 0.000007403 add_time= 0.000148629
2500 0.000092902 2500 0.000007735 add_time= 0.000125497
2600 0.000110649 2600 0.000006756 add_time= 0.000134912
2805 0.000050191 2805 0.000006950 add_time= 0.000075683
2550 0.000308787 2550 0.000007138 add_time= 0.000333519
2700 0.000118130 2700 0.000018326 add_time= 0.000153700
1275 0.000053042 1275 0.000014837 add_time= 0.000083325
2700 0.000248283 2700 0.000007064 add_time= 0.000281903
2600 0.000066153 2600 0.000013784 add_time= 0.000095351
2750 0.000283144 2750 0.000006870 add_time= 0.000308783
2860 0.000086467 2860 0.000006956 add_time= 0.000110564
2601 0.000066123 2601 0.000006671 add_time= 0.000094666
2700 0.000236372 2700 0.000006094 add_time= 0.000257071
2500 0.000092996 2500 0.000006848 add_time= 0.000124566
2650 0.000087129 2650 0.000007297 add_time= 0.000115847
2650 0.000031809 2650 0.000007334 add_time= 0.000055203
2860 0.000007174 2860 0.000026148 add_time= 0.000051644
2805 0.000155589 2805 0.000007921 add_time= 0.000181779
2601 0.000111974 2601 0.000007823 add_time= 0.000137470
2750 0.000322259 2750 0.000007254 add_time= 0.000346274
2500 0.000222868 2500 0.000008536 add_time= 0.000264526
2750 0.000075852 2750 0.000008085 add_time= 0.000120792
2750 0.000070023 2750 0.000026298 add_time= 0.000122681
2805 0.000039504 2805 0.000008909 add_time= 0.000077045
2550 0.000028562 2550 0.000009137 add_time= 0.000065493
2750 0.000006623 2750 0.000009255 add_time= 0.000044893
2500 0.000151190 2500 0.000008345 add_time= 0.000184508
2600 0.000055551 2600 0.000006527 add_time= 0.000086240
2750 0.000019536 2750 0.000033477 add_time= 0.000079674
3025 0.000052694 3025 0.000006733 add_time= 0.000076079
2500 0.000031552 2500 0.000008494 add_time= 0.000070143
2500 0.000058131 2500 0.000006854 add_time= 0.000082336
2500 0.000123283 2500 0.000006809 add_time= 0.000146395
2650 0.000063498 2650 0.000006449 add_time= 0.000086046
2860 0.000128039 2860 0.000007185 add_time= 0.000157392
2805 0.000063394 2805 0.000006382 add_time= 0.000092316
2550 0.000117435 2550 0.000006710 add_time= 0.000148263
2550 0.000083374 2550 0.000006764 add_time= 0.000105379
2500 0.000154088 2500 0.000006765 add_time= 0.000179886
2600 0.000281652 2600 0.000006956 add_time= 0.000305522
2600 0.000064368 2600 0.000006309 add_time= 0.000094234
3025 0.000016711 3025 0.000023279 add_time= 0.000057346
2750 0.000058798 2750 0.000006445 add_time= 0.000079728
2550 0.000095849 2550 0.000007091 add_time= 0.000121332
2860 0.000063664 2860 0.000007551 add_time= 0.000087727
2500 0.000151658 2500 0.000007356 add_time= 0.000176254
2600 0.000176184 2600 0.000006670 add_time= 0.000199003
2500 0.000058642 2500 0.000006677 add_time= 0.000081143
2550 0.000033566 2550 0.000006745 add_time= 0.000056391
2650 0.000076124 2650 0.000006532 add_time= 0.000098215
2600 0.000190884 2600 0.000006671 add_time= 0.000213426
1325 0.000092620 1325 0.000005813 add_time= 0.000112266
2860 0.000057677 2860 0.000006242 add_time= 0.000079410
2750 0.000016436 2750 0.000014362 add_time= 0.000047081
2550 0.000055225 2550 0.000006389 add_time= 0.000076119
2550 0.000065892 2550 0.000008875 add_time= 0.000090776
2500 0.000049286 2500 0.000013832 add_time= 0.000077683
2650 0.000032316 2650 0.000006847 add_time= 0.000056108
2600 0.000041501 2600 0.000005934 add_time= 0.000061667
2750 0.000262383 2750 0.000012009 add_time= 0.000289181
2500 0.000068371 2500 0.000007469 add_time= 0.000097050
2550 0.000054805 2550 0.000006935 add_time= 0.000077870
2550 0.000065793 2550 0.000005986 add_time= 0.000089932
3025 0.000052642 3025 0.000006612 add_time= 0.000085367
1375 0.000092936 1375 0.000005175 add_time= 0.000110489
2500 0.000045531 2500 0.000006632 add_time= 0.000067811
2756 0.000054189 2756 0.000019142 add_time= 0.000090371
2750 0.000016974 2750 0.000014243 add_time= 0.000055336
2805 0.000057851 2805 0.000007314 add_time= 0.000092193
2805 0.000067502 2805 0.000006155 add_time= 0.000087686
2500 0.000096007 2500 0.000005853 add_time= 0.000115563
2860 0.000235096 2860 0.000008302 add_time= 0.000268973
2750 0.000295522 2750 0.000008918 add_time= 0.000323091
2750 0.000328699 2750 0.000008598 add_time= 0.000355612
2600 0.000068513 2600 0.000006127 add_time= 0.000098898
2600 0.000154301 2600 0.000006089 add_time= 0.000175555
2500 0.000071554 2500 0.000007175 add_time= 0.000097281
2915 0.000407382 2915 0.000007373 add_time= 0.000432730
2600 0.000030852 2600 0.000006395 add_time= 0.000052908
2500 0.000007647 2500 0.000023772 add_time= 0.000048226
2750 0.000144790 2750 0.000006814 add_time= 0.000166710
2805 0.000044505 2805 0.000007121 add_time= 0.000068867
2500 0.000102824 2500 0.000006857 add_time= 0.000135616
2500 0.000052520 2500 0.000007438 add_time= 0.000076638
2650 0.000095149 2650 0.000006525 add_time= 0.000119051
2600 0.000223384 2600 0.000006713 add_time= 0.000245807
2700 0.000007024 2700 0.000022665 add_time= 0.000045315
2750 0.000056940 2750 0.000007202 add_time= 0.000082067
2550 0.000043336 2550 0.000006990 add_time= 0.000067557
3025 0.000086903 3025 0.000007477 add_time= 0.000121257
2650 0.000165899 2650 0.000007055 add_time= 0.000189848
2805 0.000007770 2805 0.000021431 add_time= 0.000045702
2500 0.000224629 2500 0.000007525 add_time= 0.000249503
2601 0.000219651 2601 0.000006500 add_time= 0.000257979
2500 0.000036808 2500 0.000015343 add_time= 0.000072726
2650 0.000039962 2650 0.000007957 add_time= 0.000067057
2700 0.000216880 2700 0.000006362 add_time= 0.000240722
1300 0.000095035 1300 0.000006351 add_time= 0.000115275
2500 0.000075139 2500 0.000006924 add_time= 0.000098223
2500 0.000027636 2500 0.000012939 add_time= 0.000056917
2754 0.000050991 2754 0.000007071 add_time= 0.000095447
3025 0.000084377 3025 0.000012186 add_time= 0.000114467
2650 0.000111514 2650 0.000007932 add_time= 0.000155853
2808 0.000086706 2808 0.000006922 add_time= 0.000112655
2805 0.000038122 2805 0.000008264 add_time= 0.000063315
2550 0.000096581 2550 0.000007236 add_time= 0.000120358
2500 0.000080501 2500 0.000006734 add_time= 0.000104442
2500 0.000082605 2500 0.000006801 add_time= 0.000105618
2500 0.000097826 2500 0.000007346 add_time= 0.000122929
2600 0.000084944 2600 0.000007330 add_time= 0.000108866
2750 0.000276431 2750 0.000006957 add_time= 0.000299256
1250 0.000073224 1250 0.000018325 add_time= 0.000113095
2550 0.000173169 2550 0.000006708 add_time= 0.000196020
2700 0.000065736 2700 0.000007165 add_time= 0.000098540
1300 0.000059396 1300 0.000005961 add_time= 0.000079538
2500 0.000186604 2500 0.000006955 add_time= 0.000212723
2500 0.000006715 2500 0.000019928 add_time= 0.000047703
2550 0.000106763 2550 0.000005967 add_time= 0.000127637
2550 0.000057895 2550 0.000006536 add_time= 0.000080986
2860 0.000092621 2860 0.000006969 add_time= 0.000119222
1250 0.000055338 1250 0.000005838 add_time= 0.000073870
2500 0.000170113 2500 0.000008624 add_time= 0.000216453
2600 0.000046792 2600 0.000007403 add_time= 0.000079483
2750 0.000031832 2750 0.000008360 add_time= 0.000083787
2500 0.000006401 2500 0.000008466 add_time= 0.000060108
2500 0.000039687 2500 0.000008077 add_time= 0.000074326
2650 0.000538460 2650 0.000007031 add_time= 0.000564105
2600 0.000051756 2600 0.000006203 add_time= 0.000078472
2750 0.000018527 2750 0.000024982 add_time= 0.000075953
2601 0.000104284 2601 0.000006526 add_time= 0.000127091
2550 0.000098886 2550 0.000006255 add_time= 0.000121288
2500 0.000058934 2500 0.000006353 add_time= 0.000080506
1375 0.000048401 1375 0.000006766 add_time= 0.000069759
2650 0.000272516 2650 0.000006493 add_time= 0.000294773
2500 0.000108557 2500 0.000006454 add_time= 0.000129033
2500 0.000053008 2500 0.000006866 add_time= 0.000075673
2550 0.000032466 2550 0.000006388 add_time= 0.000064987
2550 0.000075294 2550 0.000017163 add_time= 0.000106121
2750 0.000063900 2750 0.000005993 add_time= 0.000083554
2703 0.000164889 2703 0.000007042 add_time= 0.000187804
2500 0.000047413 2500 0.000006619 add_time= 0.000075788
2500 0.000060874 2500 0.000006586 add_time= 0.000082311
2750 0.000031715 2750 0.000006612 add_time= 0.000054108
2805 0.000070244 2805 0.000006549 add_time= 0.000092193
2750 0.000083466 2750 0.000007023 add_time= 0.000106688
2550 0.000239290 2550 0.000006937 add_time= 0.000261959
2600 0.000016411 2600 0.000013272 add_time= 0.000045513
2500 0.000068178 2500 0.000007408 add_time= 0.000091318
2805 0.000032544 2805 0.000006695 add_time= 0.000055614
2500 0.000133857 2500 0.000006386 add_time= 0.000155637
2500 0.000130717 2500 0.000006637 add_time= 0.000153030
1300 0.000041098 1300 0.000005168 add_time= 0.000058474
2860 0.000015625 2860 0.000014018 add_time= 0.000045926
2750 0.000128999 2750 0.000007716 add_time= 0.000153085
2601 0.000025470 2601 0.000006706 add_time= 0.000047242
2860 0.000117847 2860 0.000017986 add_time= 0.000151493
2650 0.000035390 2650 0.000006949 add_time= 0.000057730
2600 0.000137752 2600 0.000005635 add_time= 0.000162609
2750 0.000017080 2750 0.000013525 add_time= 0.000046510
2550 0.000082100 2550 0.000007113 add_time= 0.000102953
2550 0.000060917 2550 0.000007152 add_time= 0.000083781
2500 0.000086037 2500 0.000007215 add_time= 0.000119575
2500 0.000051203 2500 0.000006804 add_time= 0.000071682
1250 0.000263238 1250 0.000017794 add_time= 0.000293690
2860 0.000092206 2860 0.000007217 add_time= 0.000115875
2750 0.000111190 2750 0.000007002 add_time= 0.000134199
2652 0.000077824 2652 0.000007154 add_time= 0.000100721
2600 0.000033731 2600 0.000006051 add_time= 0.000053514
1250 0.000033427 1250 0.000005410 add_time= 0.000049759
2650 0.000024109 2650 0.000006384 add_time= 0.000045792
2600 0.000043362 2600 0.000006209 add_time= 0.000063655
2700 0.000080611 2700 0.000005342 add_time= 0.000100026
2500 0.000043359 2500 0.000005935 add_time= 0.000062752
2805 0.000097625 2805 0.000014262 add_time= 0.000126060
2500 0.000031184 2500 0.000006207 add_time= 0.000050956
2550 0.000056516 2550 0.000005699 add_time= 0.000075266
2915 0.000314063 2915 0.000007216 add_time= 0.000349820
1300 0.000065676 1300 0.000005304 add_time= 0.000085395
2750 0.000024677 2750 0.000034738 add_time= 0.000077035
2750 0.000059458 2750 0.000007710 add_time= 0.000095020
2754 0.000050146 2754 0.000007387 add_time= 0.000086487
2750 0.000091849 2750 0.000013422 add_time= 0.000129625
2550 0.000131549 2550 0.000006789 add_time= 0.000155099
2652 0.000037757 2652 0.000006404 add_time= 0.000059367
3025 0.000008160 3025 0.000017708 add_time= 0.000062524
2805 0.000076404 2805 0.000007147 add_time= 0.000101158
2500 0.000030952 2500 0.000006132 add_time= 0.000053039
2500 0.000237514 2500 0.000007661 add_time= 0.000262092
1250 0.000063594 1250 0.000006320 add_time= 0.000082723
2915 0.000109594 2915 0.000006734 add_time= 0.000134733
1300 0.000127065 1300 0.000006002 add_time= 0.000146029
2805 0.000066190 2805 0.000007179 add_time= 0.000098818
2601 0.000092823 2601 0.000006930 add_time= 0.000116554
2805 0.000086001 2805 0.000006004 add_time= 0.000106917
2750 0.000085446 2750 0.000007134 add_time= 0.000109714
2915 0.000182735 2915 0.000027207 add_time= 0.000227535
2750 0.000275444 2750 0.000015504 add_time= 0.000308595
2500 0.000079458 2500 0.000014430 add_time= 0.000110040
2750 0.000065515 2750 0.000006631 add_time= 0.000087338
2550 0.000080383 2550 0.000005693 add_time= 0.000100453
1375 0.000069247 1375 0.000005940 add_time= 0.000089929
2915 0.000165134 2915 0.000006951 add_time= 0.000191287
2600 0.000038498 2600 0.000010539 add_time= 0.000064555
2700 0.000005888 2700 0.000014606 add_time= 0.000034975
2805 0.000105329 2805 0.000006720 add_time= 0.000127781
2550 0.000079990 2550 0.000006563 add_time= 0.000101480
2750 0.000213863 2750 0.000007141 add_time= 0.000237687
2915 0.000328367 2915 0.000007890 add_time= 0.000366114
2600 0.000069583 2600 0.000006636 add_time= 0.000120103
2750 0.000160479 2750 0.000008010 add_time= 0.000185915
2750 0.000148683 2750 0.000013378 add_time= 0.000177378
2500 0.000299725 2500 0.000007418 add_time= 0.000325976
2500 0.000067969 2500 0.000006608 add_time= 0.000098878
2703 0.000116004 2703 0.000007583 add_time= 0.000143435
2600 0.000081219 2600 0.000006001 add_time= 0.000102434
2750 0.000006822 2750 0.000015775 add_time= 0.000057090
2750 0.000146437 2750 0.000007123 add_time= 0.000169360
2550 0.000066642 2550 0.000006955 add_time= 0.000090333
2601 0.000159492 2601 0.000007259 add_time= 0.000187560
2500 0.000050286 2500 0.000006961 add_time= 0.000073182
2500 0.000040324 2500 0.000007347 add_time= 0.000062713
2915 0.000154415 2915 0.000018212 add_time= 0.000190623
2750 0.000080911 2750 0.000006475 add_time= 0.000109730
2805 0.000006111 2805 0.000030054 add_time= 0.000047871
2500 0.000056656 2500 0.000014941 add_time= 0.000088244
2550 0.000126441 2550 0.000007465 add_time= 0.000156528
2500 0.000032989 2500 0.000006714 add_time= 0.000054971
2650 0.000034414 2650 0.000008092 add_time= 0.000082866
2704 0.000029105 2704 0.000007691 add_time= 0.000063031
2860 0.000041919 2860 0.000025490 add_time= 0.000110952
2550 0.000029301 2550 0.000008270 add_time= 0.000083365
2500 0.000090765 2500 0.000007395 add_time= 0.000121093
1300 0.000039863 1300 0.000008522 add_time= 0.000102695
2650 0.000083161 2650 0.000006676 add_time= 0.000106719
2652 0.000067961 2652 0.000005848 add_time= 0.000099006
1250 0.000077285 1250 0.000004901 add_time= 0.000105263
2500 0.000170482 2500 0.000006896 add_time= 0.000193643
2550 0.000036822 2550 0.000006800 add_time= 0.000070690
2700 0.000096531 2700 0.000006630 add_time= 0.000125491
1375 0.000236669 1375 0.000006877 add_time= 0.000257574
2756 0.000059493 2756 0.000006679 add_time= 0.000082524
2860 0.000075688 2860 0.000007664 add_time= 0.000100556
2600 0.000080330 2600 0.000007476 add_time= 0.000111990
2750 0.000077535 2750 0.000006545 add_time= 0.000097994
2550 0.000046641 2550 0.000006861 add_time= 0.000068450
2600 0.000096607 2600 0.000007064 add_time= 0.000119045
1375 0.000030289 1375 0.000005739 add_time= 0.000047341
2650 0.000119903 2650 0.000007082 add_time= 0.000144267
2860 0.000049761 2860 0.000006633 add_time= 0.000071409
2500 0.000036284 2500 0.000013931 add_time= 0.000065895
2550 0.000075262 2550 0.000006309 add_time= 0.000095333
2550 0.000040204 2550 0.000006897 add_time= 0.000062061
2750 0.000160264 2750 0.000007267 add_time= 0.000184006
2809 0.000038027 2809 0.000007296 add_time= 0.000062368
2808 0.000023311 2808 0.000006146 add_time= 0.000043735
1250 0.000011767 1250 0.000010220 add_time= 0.000035311
2805 0.000055590 2805 0.000007050 add_time= 0.000078399
2550 0.000104583 2550 0.000006739 add_time= 0.000126634
2750 0.000215316 2750 0.000007407 add_time= 0.000238878
2600 0.000530723 2600 0.000006890 add_time= 0.000553255
2750 0.000108145 2750 0.000006878 add_time= 0.000130361
2750 0.000040127 2750 0.000006683 add_time= 0.000080710
2550 0.000076078 2550 0.000007275 add_time= 0.000103823
2500 0.000084933 2500 0.000006740 add_time= 0.000106493
2750 0.000052177 2750 0.000007534 add_time= 0.000075576
2650 0.000295102 2650 0.000007191 add_time= 0.000318629
2860 0.000084094 2860 0.000007076 add_time= 0.000107458
3025 0.000015309 3025 0.000015237 add_time= 0.000045634
2500 0.000042033 2500 0.000006515 add_time= 0.000062043
2550 0.000091383 2550 0.000007675 add_time= 0.000115051
2700 0.000050329 2700 0.000006142 add_time= 0.000070419
2500 0.000186434 2500 0.000006878 add_time= 0.000208634
2600 0.000110553 2600 0.000007697 add_time= 0.000139278
2805 0.000050823 2805 0.000007205 add_time= 0.000074284
2550 0.000223033 2550 0.000017277 add_time= 0.000253421
2805 0.000084623 2805 0.000007133 add_time= 0.000107694
2700 0.000121938 2700 0.000007221 add_time= 0.000144743
2750 0.000133873 2750 0.000007001 add_time= 0.000157362
2600 0.000034048 2600 0.000007092 add_time= 0.000056778
2750 0.000014868 2750 0.000013872 add_time= 0.000051570
2500 0.000040404 2500 0.000007404 add_time= 0.000063476
2703 0.000111113 2703 0.000018104 add_time= 0.000144357
2500 0.000123953 2500 0.000007136 add_time= 0.000147745
2703 0.000116030 2703 0.000007147 add_time= 0.000139738
2600 0.000107239 2600 0.000006249 add_time= 0.000127930
2750 0.000017002 2750 0.000016697 add_time= 0.000047389
2601 0.000056102 2601 0.000006860 add_time= 0.000078299
2700 0.000050201 2700 0.000006775 add_time= 0.000072699
2750 0.000092267 2750 0.000006470 add_time= 0.000113241
2600 0.000098444 2600 0.000009197 add_time= 0.000133175
2860 0.000046285 2860 0.000006851 add_time= 0.000070501
2500 0.000018362 2500 0.000026956 add_time= 0.000062060
2600 0.000057346 2600 0.000006849 add_time= 0.000079471
2550 0.000431157 2550 0.000006543 add_time= 0.000452622
2700 0.000414251 2700 0.000018662 add_time= 0.000449917
1250 0.000089683 1250 0.000005907 add_time= 0.000108151
2600 0.000340135 2600 0.000006976 add_time= 0.000363611
2600 0.000106134 2600 0.000006803 add_time= 0.000139067
2970 0.000043145 2970 0.000006711 add_time= 0.000065477
2805 0.000330009 2805 0.000012761 add_time= 0.000359971
1250 0.000343613 1250 0.000006455 add_time= 0.000364014
1350 0.000032358 1350 0.000005851 add_time= 0.000051748
2500 0.000184240 2500 0.000006467 add_time= 0.000208546
2805 0.000017807 2805 0.000021519 add_time= 0.000055448
2700 0.000078720 2700 0.000007195 add_time= 0.000103273
1275 0.000104688 1275 0.000034020 add_time= 0.000151630
1250 0.000126158 1250 0.000006671 add_time= 0.000147614
2600 0.000488667 2600 0.000007199 add_time= 0.000512955
2860 0.000204312 2860 0.000006892 add_time= 0.000227158
2500 0.000153655 2500 0.000006168 add_time= 0.000174526
2500 0.000031203 2500 0.000006236 add_time= 0.000056016
2862 0.000298053 2862 0.000006175 add_time= 0.000318957
1250 0.000098462 1250 0.000006301 add_time= 0.000117141
2650 0.000127502 2650 0.000006668 add_time= 0.000152048
2808 0.000097327 2808 0.000006687 add_time= 0.000131368
2650 0.000006539 2650 0.000013734 add_time= 0.000036179
2500 0.000060579 2500 0.000008122 add_time= 0.000085742
2652 0.000031782 2652 0.000006834 add_time= 0.000055224
2750 0.000041267 2750 0.000006880 add_time= 0.000065218
2500 0.000258054 2500 0.000006902 add_time= 0.000295117
2550 0.000159533 2550 0.000007066 add_time= 0.000194084
2600 0.000047558 2600 0.000006210 add_time= 0.000069945
2500 0.000067820 2500 0.000007939 add_time= 0.000092184
2754 0.000099589 2754 0.000010683 add_time= 0.000139170
2750 0.000110751 2750 0.000007642 add_time= 0.000135030
2750 0.000315131 2750 0.000007627 add_time= 0.000340377
2550 0.000007188 2550 0.000014690 add_time= 0.000038074
3025 0.000213019 3025 0.000018347 add_time= 0.000255255
2703 0.000033233 2703 0.000020713 add_time= 0.000071480
2550 0.000158801 2550 0.000006625 add_time= 0.000180676
2970 0.000112659 2970 0.000007130 add_time= 0.000135253
2805 0.000068732 2805 0.000006607 add_time= 0.000090566
2650 0.000057070 2650 0.000007613 add_time= 0.000084289
2600 0.000052560 2600 0.000007105 add_time= 0.000075190
2750 0.000006757 2750 0.000034742 add_time= 0.000057431
2750 0.000083656 2750 0.000006730 add_time= 0.000105881
2805 0.000092979 2805 0.000006909 add_time= 0.000125741
2700 0.000089725 2700 0.000007033 add_time= 0.000112092
2650 0.000113478 2650 0.000008698 add_time= 0.000167933
2500 0.000046380 2500 0.000008596 add_time= 0.000102249
2750 0.000024829 2750 0.000008919 add_time= 0.000066027
2500 0.000065456 2500 0.000008577 add_time= 0.000101969
2700 0.000058504 2700 0.000008683 add_time= 0.000102276
1375 0.000005208 1375 0.000008090 add_time= 0.000051386
2650 0.000396790 2650 0.000006953 add_time= 0.000420564
2756 0.000040727 2756 0.000025820 add_time= 0.000081268
1375 0.000037686 1375 0.000006449 add_time= 0.000057381
2500 0.000031258 2500 0.000028555 add_time= 0.000079989
2750 0.000096765 2750 0.000006908 add_time= 0.000119921
1250 0.000029870 1250 0.000006518 add_time= 0.000049973
2650 0.000276704 2650 0.000006957 add_time= 0.000300449
2805 0.000007997 2805 0.000023701 add_time= 0.000047469
2703 0.000059725 2703 0.000006946 add_time= 0.000090281
2750 0.000097661 2750 0.000006722 add_time= 0.000120218
1375 0.000114264 1375 0.000010405 add_time= 0.000137720
1275 0.000046655 1275 0.000005240 add_time= 0.000063357
2915 0.000185843 2915 0.000007299 add_time= 0.000210251
1300 0.000037576 1300 0.000005498 add_time= 0.000054771
2500 0.000024615 2500 0.000006649 add_time= 0.000046329
2750 0.000046541 2750 0.000006451 add_time= 0.000067796
2601 0.000039302 2601 0.000009257 add_time= 0.000063950
2550 0.000065741 2550 0.000006897 add_time= 0.000087673
2650 0.000209241 2650 0.000007032 add_time= 0.000232958
2860 0.000027773 2860 0.000007308 add_time= 0.000059504
2750 0.000017227 2750 0.000020968 add_time= 0.000054121
2500 0.000049131 2500 0.000006615 add_time= 0.000077268
2805 0.000067903 2805 0.000007272 add_time= 0.000091398
2750 0.000056621 2750 0.000005974 add_time= 0.000076827
2652 0.000030356 2652 0.000006111 add_time= 0.000049933
2750 0.000062485 2750 0.000006313 add_time= 0.000082928
2915 0.000121644 2915 0.000007339 add_time= 0.000145442
3025 0.000099250 3025 0.000013995 add_time= 0.000129965
2550 0.000054149 2550 0.000007053 add_time= 0.000076526
2550 0.000148068 2550 0.000007483 add_time= 0.000170901
2970 0.000066810 2970 0.000007280 add_time= 0.000090783
2500 0.000121509 2500 0.000006671 add_time= 0.000143723
2550 0.000027452 2550 0.000006726 add_time= 0.000050168
2601 0.000079781 2601 0.000007159 add_time= 0.000102648
2750 0.000042883 2750 0.000006127 add_time= 0.000062998
2650 0.000070485 2650 0.000006512 add_time= 0.000092681
2500 0.000093650 2500 0.000013486 add_time= 0.000122825
2500 0.000051740 2500 0.000006661 add_time= 0.000074012
2750 0.000100146 2750 0.000015928 add_time= 0.000132432
2805 0.000083758 2805 0.000006096 add_time= 0.000104078
2700 0.000095936 2700 0.000014394 add_time= 0.000124458
2700 0.000068007 2700 0.000006267 add_time= 0.000087741
2500 0.000136877 2500 0.000006488 add_time= 0.000158928
2860 0.000053142 2860 0.000007038 add_time= 0.000075214
2805 0.000016210 2805 0.000014729 add_time= 0.000047578
2600 0.000139217 2600 0.000006925 add_time= 0.000162222
2550 0.000053024 2550 0.000006896 add_time= 0.000073803
2750 0.000027920 2750 0.000014035 add_time= 0.000057429
1325 0.000067032 1325 0.000006545 add_time= 0.000087230
2860 0.000049350 2860 0.000006884 add_time= 0.000071399
2500 0.000068177 2500 0.000006809 add_time= 0.000090087
2750 0.000085952 2750 0.000007150 add_time= 0.000109145
2970 0.000033837 2970 0.000008776 add_time= 0.000079017
2650 0.000060803 2650 0.000006987 add_time= 0.000082848
1250 0.000048465 1250 0.000005610 add_time= 0.000065694
2915 0.000283368 2915 0.000006957 add_time= 0.000307005
2750 0.000040323 2750 0.000006615 add_time= 0.000067448
2750 0.000086153 2750 0.000006876 add_time= 0.000116973
1275 0.000127107 1275 0.000006346 add_time= 0.000155078
2750 0.000081778 2750 0.000007172 add_time= 0.000105187
2500 0.000350058 2500 0.000009868 add_time= 0.000383940
2750 0.000024158 2750 0.000008561 add_time= 0.000050835
2750 0.000067052 2750 0.000006959 add_time= 0.000100156
2550 0.000186000 2550 0.000007498 add_time= 0.000210711
2700 0.000182110 2700 0.000007522 add_time= 0.000206513
1275 0.000109722 1275 0.000009675 add_time= 0.000140136
1325 0.000338673 1325 0.000006805 add_time= 0.000360286
2500 0.000332102 2500 0.000012720 add_time= 0.000359698
2500 0.000062311 2500 0.000011228 add_time= 0.000105707
2600 0.000061787 2600 0.000006656 add_time= 0.000083569
2700 0.000207332 2700 0.000007679 add_time= 0.000231497
2500 0.000036389 2500 0.000006678 add_time= 0.000058165
2756 0.000077831 2756 0.000009577 add_time= 0.000104876
2750 0.000158471 2750 0.000007732 add_time= 0.000181744
2600 0.000024465 2600 0.000010998 add_time= 0.000052110
2600 0.000055078 2600 0.000007566 add_time= 0.000078390
1250 0.000063216 1250 0.000018196 add_time= 0.000101229
1250 0.000056813 1250 0.000009842 add_time= 0.000093448
2650 0.000555861 2650 0.000028389 add_time= 0.000601794
2500 0.000048906 2500 0.000010575 add_time= 0.000075726
2860 0.000016766 2860 0.000024374 add_time= 0.000059999
3025 0.000182403 3025 0.000006800 add_time= 0.000205218
2652 0.000023278 2652 0.000007114 add_time= 0.000046847
1250 0.000091492 1250 0.000006228 add_time= 0.000110985
2703 0.000339479 2703 0.000006791 add_time= 0.000368121
2805 0.000007488 2805 0.000014542 add_time= 0.000041733
2550 0.000133467 2550 0.000006761 add_time= 0.000156696
2550 0.000103314 2550 0.000011275 add_time= 0.000129135
2750 0.000061264 2750 0.000006003 add_time= 0.000082157
2700 0.000042630 2700 0.000007581 add_time= 0.000076013
1325 0.000190973 1325 0.000007496 add_time= 0.000234022
2600 0.000033179 2600 0.000007538 add_time= 0.000069571
2550 0.000022568 2550 0.000006433 add_time= 0.000053188
2915 0.000118269 2915 0.000006695 add_time= 0.000141505
2750 0.000123825 2750 0.000007137 add_time= 0.000148055
2700 0.000041952 2700 0.000006847 add_time= 0.000065361
1300 0.000111906 1300 0.000006461 add_time= 0.000132033
2750 0.000171657 2750 0.000006918 add_time= 0.000195604
2650 0.000102897 2650 0.000007503 add_time= 0.000126908
3025 0.000006086 3025 0.000022605 add_time= 0.000044315
2500 0.000076079 2500 0.000006183 add_time= 0.000114442
2550 0.000255158 2550 0.000007464 add_time= 0.000278832
2700 0.000354387 2700 0.000006916 add_time= 0.000375933
1300 0.000037967 1300 0.000006843 add_time= 0.000058079
2650 0.000095991 2650 0.000006395 add_time= 0.000120839
2550 0.000048545 2550 0.000006590 add_time= 0.000070950
2500 0.000039737 2500 0.000006709 add_time= 0.000070338
2750 0.000070916 2750 0.000007075 add_time= 0.000102139
2650 0.000050518 2650 0.000006914 add_time= 0.000074012
2550 0.000073222 2550 0.000006312 add_time= 0.000102317
2500 0.000006340 2500 0.000008873 add_time= 0.000059061
2860 0.000006098 2860 0.000008959 add_time= 0.000063295
2550 0.000061342 2550 0.000025324 add_time= 0.000110682
2750 0.000025885 2750 0.000007899 add_time= 0.000076414
2500 0.000040467 2500 0.000007248 add_time= 0.000078250
2550 0.000041418 2550 0.000007642 add_time= 0.000071758
3025 0.000007202 3025 0.000009086 add_time= 0.000067824
2500 0.000420090 2500 0.000007069 add_time= 0.000445989
2600 0.000062584 2600 0.000006532 add_time= 0.000101040
2500 0.000006526 2500 0.000032122 add_time= 0.000065573
2703 0.000051915 2703 0.000013270 add_time= 0.000081192
2500 0.000049543 2500 0.000006777 add_time= 0.000072592
2700 0.000063749 2700 0.000006666 add_time= 0.000086371
2915 0.000346718 2915 0.000006827 add_time= 0.000369714
2600 0.000051329 2600 0.000006875 add_time= 0.000071941
2805 0.000051366 2805 0.000007293 add_time= 0.000074606
2550 0.000053383 2550 0.000019895 add_time= 0.000087436
2500 0.000056195 2500 0.000006914 add_time= 0.000078512
2550 0.000086651 2550 0.000006514 add_time= 0.000108474
1325 0.000175453 1325 0.000006283 add_time= 0.000195426
1300 0.000044537 1300 0.000006212 add_time= 0.000062524
2750 0.000014971 2750 0.000022518 add_time= 0.000053314
2750 0.000063853 2750 0.000008744 add_time= 0.000101046
2550 0.000075337 2550 0.000006974 add_time= 0.000100192
2600 0.000088051 2600 0.000006742 add_time= 0.000110826
2750 0.000095538 2750 0.000007589 add_time= 0.000122005
2650 0.000245271 2650 0.000008000 add_time= 0.000275172
2860 0.000099109 2860 0.000006866 add_time= 0.000123213
2750 0.000176859 2750 0.000006595 add_time= 0.000199910
2500 0.000071346 2500 0.000007260 add_time= 0.000095999
2805 0.000093162 2805 0.000007215 add_time= 0.000117880
2754 0.000045322 2754 0.000006658 add_time= 0.000068703
2915 0.000081850 2915 0.000007602 add_time= 0.000114861
2750 0.000200690 2750 0.000008750 add_time= 0.000232480
2860 0.000177809 2860 0.000008112 add_time= 0.000205071
3025 0.000018849 3025 0.000026909 add_time= 0.000064874
2600 0.000119905 2600 0.000006562 add_time= 0.000152662
2805 0.000075052 2805 0.000006954 add_time= 0.000110411
2500 0.000097679 2500 0.000007113 add_time= 0.000122206
2915 0.000164661 2915 0.000007262 add_time= 0.000193153
2500 0.000143507 2500 0.000007728 add_time= 0.000170727
2750 0.000018329 2750 0.000015122 add_time= 0.000051359
2500 0.000122826 2500 0.000007435 add_time= 0.000155231
2601 0.000308678 2601 0.000007320 add_time= 0.000342355
2500 0.000053874 2500 0.000007284 add_time= 0.000087754
2750 0.000050536 2750 0.000007313 add_time= 0.000093532
2650 0.000130839 2650 0.000007554 add_time= 0.000159825
3025 0.000073970 3025 0.000008030 add_time= 0.000101842
2650 0.000056015 2650 0.000006842 add_time= 0.000080385
2500 0.000141714 2500 0.000007563 add_time= 0.000172874
2700 0.000064892 2700 0.000007459 add_time= 0.000090143
2600 0.000086732 2600 0.000006746 add_time= 0.000109117
2650 0.000238102 2650 0.000006838 add_time= 0.000266566
3025 0.000015720 3025 0.000015115 add_time= 0.000048442
2750 0.000088224 2750 0.000007898 add_time= 0.000127633
2550 0.000072148 2550 0.000006043 add_time= 0.000092398
2808 0.000776600 2808 0.000006894 add_time= 0.000798519
2650 0.000117350 2650 0.000006653 add_time= 0.000139971
2600 0.000038012 2600 0.000006509 add_time= 0.000059261
2550 0.000014376 2550 0.000015909 add_time= 0.000049357
2750 0.000034267 2750 0.000006128 add_time= 0.000055168
2550 0.000033244 2550 0.000005784 add_time= 0.000052488
2700 0.000073953 2700 0.000005857 add_time= 0.000093749
2750 0.000052841 2750 0.000005804 add_time= 0.000085454
2809 0.000081376 2809 0.000006808 add_time= 0.000104362
2600 0.000129408 2600 0.000006267 add_time= 0.000150574
2600 0.000014903 2600 0.000021057 add_time= 0.000050469
2550 0.000132800 2550 0.000006253 add_time= 0.000153295
2550 0.000102659 2550 0.000006359 add_time= 0.000123709
2700 0.000037217 2700 0.000006429 add_time= 0.000058216
3025 0.000030139 3025 0.000006556 add_time= 0.000060508
2750 0.000222297 2750 0.000006823 add_time= 0.000244477
2600 0.000050516 2600 0.000006539 add_time= 0.000076129
2750 0.000024173 2750 0.000072134 add_time= 0.000110957
2550 0.000108619 2550 0.000005974 add_time= 0.000128788
2805 0.000085234 2805 0.000005830 add_time= 0.000105426
2750 0.000090294 2750 0.000012655 add_time= 0.000117791
2703 0.000575121 2703 0.000009028 add_time= 0.000607710
2500 0.001719160 2500 0.000008317 add_time= 0.001743607
2915 0.000153048 2915 0.000007523 add_time= 0.000177231
2601 0.000096208 2601 0.000006736 add_time= 0.000118281
2500 0.000088101 2500 0.000006669 add_time= 0.000116235
625 0.000079599 625 0.000013875 add_time= 0.000104205
2750 0.000257455 2750 0.000007726 add_time= 0.000281405
3025 0.001199393 3025 0.000016143 add_time= 0.001232639
2601 0.000205479 2601 0.000007893 add_time= 0.000230134
2550 0.000061093 2550 0.000013370 add_time= 0.000088436
2500 0.000078618 2500 0.000006528 add_time= 0.000100612
2915 0.000291433 2915 0.000022795 add_time= 0.000332134
2750 0.000007709 2750 0.000032790 add_time= 0.000056657
2500 0.000108015 2500 0.000006730 add_time= 0.000130221
2550 0.000065887 2550 0.000010524 add_time= 0.000092428
2500 0.000071269 2500 0.000013192 add_time= 0.000100379
2650 0.000102248 2650 0.000007448 add_time= 0.000126607
2600 0.000047451 2600 0.000007720 add_time= 0.000085118
2750 0.000006388 2750 0.000013586 add_time= 0.000034464
2750 0.000055144 2750 0.000007513 add_time= 0.000083971
2703 0.000071597 2703 0.000007042 add_time= 0.000095544
2500 0.000052504 2500 0.000015265 add_time= 0.000083902
2915 0.000485387 2915 0.000006819 add_time= 0.000515993
1375 0.000005979 1375 0.000008940 add_time= 0.000037078
2500 0.000056789 2500 0.000006532 add_time= 0.000079362
2601 0.000118965 2601 0.000008210 add_time= 0.000144844
2750 0.000196867 2750 0.000007530 add_time= 0.000221090
2500 0.000366884 2500 0.000007357 add_time= 0.000404567
2500 0.000276783 2500 0.000006584 add_time= 0.000298694
2550 0.000166524 2550 0.000010740 add_time= 0.000192716
2500 0.000238486 2500 0.000006628 add_time= 0.000260443
2756 0.000053188 2756 0.000007582 add_time= 0.000077536
2600 0.000028157 2600 0.000006364 add_time= 0.000048567
2750 0.000168213 2750 0.000006360 add_time= 0.000188625
2500 0.000055846 2500 0.000007747 add_time= 0.000078946
2805 0.000085219 2805 0.000007018 add_time= 0.000123432
1250 0.000400354 1250 0.000005666 add_time= 0.000417202
1250 0.000095549 1250 0.000006061 add_time= 0.000112843
2703 0.000176216 2703 0.000007264 add_time= 0.000205569
2600 0.000034111 2600 0.000007498 add_time= 0.000058419
2860 0.000007283 2860 0.000027418 add_time= 0.000053085
2550 0.000050807 2550 0.000006397 add_time= 0.000072464
2700 0.000071107 2700 0.000006637 add_time= 0.000092784
2808 0.000102855 2808 0.000006431 add_time= 0.000124674
2500 0.000073360 2500 0.000006722 add_time= 0.000094346
2862 0.000037940 2862 0.000008972 add_time= 0.000096391
2600 0.000026725 2600 0.000007420 add_time= 0.000058606
2805 0.000030735 2805 0.000008292 add_time= 0.000065934
2550 0.000026409 2550 0.000008067 add_time= 0.000059923
2754 0.000028405 2754 0.000007447 add_time= 0.000065936
2700 0.000026223 2700 0.000019799 add_time= 0.000079370
2970 0.000022359 2970 0.000011961 add_time= 0.000065430
2650 0.000135686 2650 0.000006153 add_time= 0.000159029
2600 0.000154007 2600 0.000018908 add_time= 0.000189016
2550 0.000082910 2550 0.000007019 add_time= 0.000105788
2600 0.000122323 2600 0.000011451 add_time= 0.000149845
2652 0.000039497 2652 0.000005634 add_time= 0.000063994
2808 0.000090343 2808 0.000006446 add_time= 0.000111322
1275 0.000040279 1275 0.000006503 add_time= 0.000059985
2915 0.000217614 2915 0.000006613 add_time= 0.000240516
2500 0.000051369 2500 0.000006508 add_time= 0.000072354
2750 0.000061457 2750 0.000006861 add_time= 0.000083630
2550 0.000044815 2550 0.000006794 add_time= 0.000077577
2550 0.000095847 2550 0.000015444 add_time= 0.000126149
2750 0.000171160 2750 0.000006302 add_time= 0.000191342
2500 0.000241900 2500 0.000007150 add_time= 0.000264249
2750 0.000015802 2750 0.000014085 add_time= 0.000045449
2550 0.000101534 2550 0.000007112 add_time= 0.000123503
2601 0.000050252 2601 0.000006672 add_time= 0.000070797
2500 0.000037373 2500 0.000006742 add_time= 0.000059165
2600 0.000046612 2600 0.000005861 add_time= 0.000071036
2650 0.000100235 2650 0.000005744 add_time= 0.000118822
2862 0.000082936 2862 0.000007620 add_time= 0.000106866
2550 0.000082197 2550 0.000006847 add_time= 0.000113796
2500 0.000063711 2500 0.000006560 add_time= 0.000085173
2550 0.000157785 2550 0.000007442 add_time= 0.000180538
3025 0.000126300 3025 0.000007171 add_time= 0.000150160
2650 0.000278187 2650 0.000006877 add_time= 0.000300581
2600 0.000057575 2600 0.000005870 add_time= 0.000076776
2500 0.000014579 2500 0.000013281 add_time= 0.000043163
1275 0.000088159 1275 0.000014608 add_time= 0.000115640
2550 0.000042467 2550 0.000006847 add_time= 0.000064568
1250 0.000040160 1250 0.000005217 add_time= 0.000056068
2915 0.000089013 2915 0.000006806 add_time= 0.000112069
2600 0.000031885 2600 0.000006764 add_time= 0.000054053
2750 0.000120364 2750 0.000006006 add_time= 0.000140614
2550 0.000014401 2550 0.000023994 add_time= 0.000051580
2500 0.000049892 2500 0.000011773 add_time= 0.000074977
2652 0.000049907 2652 0.000006098 add_time= 0.000073930
2500 0.000081076 2500 0.000007165 add_time= 0.000103442
2500 0.000057767 2500 0.000006074 add_time= 0.000077179
2500 0.000328410 2500 0.000006383 add_time= 0.000349295
2600 0.000100639 2600 0.000006961 add_time= 0.000128875
2750 0.000016021 2750 0.000013549 add_time= 0.000043708
2650 0.000054024 2650 0.000005889 add_time= 0.000073060
2805 0.000111595 2805 0.000015055 add_time= 0.000142731
2550 0.000069343 2550 0.000007158 add_time= 0.000089899
2650 0.000043922 2650 0.000006864 add_time= 0.000066053
2704 0.000056823 2704 0.000005939 add_time= 0.000077002
2860 0.000017192 2860 0.000014486 add_time= 0.000047666
2601 0.000098111 2601 0.000007267 add_time= 0.000120990
2601 0.000218796 2601 0.000006445 add_time= 0.000238460
2500 0.000066598 2500 0.000005992 add_time= 0.000085612
2550 0.000124242 2550 0.000006989 add_time= 0.000146709
2860 0.000041270 2860 0.000006797 add_time= 0.000063355
3025 0.000036492 3025 0.000015721 add_time= 0.000068121
2550 0.000073299 2550 0.000006404 add_time= 0.000094384
2750 0.000040260 2750 0.000006696 add_time= 0.000062282
2750 0.000229806 2750 0.000006810 add_time= 0.000250313
2650 0.000073166 2650 0.000006313 add_time= 0.000094737
2600 0.000037182 2600 0.000012496 add_time= 0.000064914
2600 0.000014943 2600 0.000020946 add_time= 0.000049245
2750 0.000053159 2750 0.000012924 add_time= 0.000081933
2805 0.000085471 2805 0.000007502 add_time= 0.000109176
3025 0.000079677 3025 0.000013599 add_time= 0.000110154
2703 0.000289000 2703 0.000006491 add_time= 0.000310828
2600 0.000029863 2600 0.000006228 add_time= 0.000049844
2750 0.000015088 2750 0.000012884 add_time= 0.000047200
3025 0.000090192 3025 0.000007235 add_time= 0.000113990
2805 0.000069858 2805 0.000006095 add_time= 0.000089656
2750 0.000076387 2750 0.000006039 add_time= 0.000095664
2500 0.000643760 2500 0.000019942 add_time= 0.000685388
2970 0.000018508 2970 0.000031111 add_time= 0.000067950
2700 0.000130450 2700 0.000008134 add_time= 0.000154104
2500 0.000153569 2500 0.000008377 add_time= 0.000179240
2500 0.000154960 2500 0.000006400 add_time= 0.000177228
1250 0.000483680 1250 0.000006590 add_time= 0.000504708
2500 0.000407154 2500 0.000007087 add_time= 0.000439090
2500 0.000085934 2500 0.000011001 add_time= 0.000113166
2805 0.000143837 2805 0.000007158 add_time= 0.000167267
2500 0.000067752 2500 0.000006863 add_time= 0.000090351
2650 0.000075299 2650 0.000010632 add_time= 0.000104255
2652 0.000031281 2652 0.000006943 add_time= 0.000054496
2750 0.000050360 2750 0.000007553 add_time= 0.000074858
2750 0.000054861 2750 0.000005866 add_time= 0.000074415
2805 0.000179769 2805 0.000008498 add_time= 0.000216010
2600 0.000057371 2600 0.000006358 add_time= 0.000078365
2650 0.000063044 2650 0.000007247 add_time= 0.000087509
2600 0.000110691 2600 0.000006790 add_time= 0.000133076
3025 0.000008197 3025 0.000034370 add_time= 0.000060218
2750 0.000215654 2750 0.000006805 add_time= 0.000242063
2500 0.000243034 2500 0.000006683 add_time= 0.000265676
2500 0.000081557 2500 0.000006557 add_time= 0.000110831
2650 0.000162192 2650 0.000006394 add_time= 0.000187200
2860 0.000127156 2860 0.000006845 add_time= 0.000151204
2750 0.000017738 2750 0.000015309 add_time= 0.000049867
2750 0.000080157 2750 0.000007482 add_time= 0.000104668
2550 0.000053805 2550 0.000006740 add_time= 0.000077534
2970 0.000046464 2970 0.000006718 add_time= 0.000070409
1325 0.000170190 1325 0.000007452 add_time= 0.000208895
2860 0.000093207 2860 0.000006680 add_time= 0.000126211
2600 0.000018132 2600 0.000013782 add_time= 0.000056190
2500 0.000058068 2500 0.000007512 add_time= 0.000081570
2550 0.000180464 2550 0.000006684 add_time= 0.000211229
1250 0.000070289 1250 0.000006370 add_time= 0.000090504
2550 0.000270087 2550 0.000007307 add_time= 0.000294313
2500 0.000136408 2500 0.000008373 add_time= 0.000160793
2500 0.000070812 2500 0.000007405 add_time= 0.000100759
2805 0.000283976 2805 0.000007855 add_time= 0.000308603
2600 0.000079194 2600 0.000006047 add_time= 0.000100220
2650 0.000069958 2650 0.000006710 add_time= 0.000095593
2652 0.000117004 2652 0.000007217 add_time= 0.000141345
2805 0.000037003 2805 0.000007235 add_time= 0.000061321
2550 0.000055567 2550 0.000006431 add_time= 0.000077082
2550 0.000080558 2550 0.000007606 add_time= 0.000104739
2750 0.000094898 2750 0.000006695 add_time= 0.000118309
2500 0.000385453 2500 0.000008161 add_time= 0.000461030
1375 0.000024414 1375 0.000017242 add_time= 0.000084276
2650 0.000025584 2650 0.000008242 add_time= 0.000068047
2550 0.000031181 2550 0.000007981 add_time= 0.000063630
2754 0.000043458 2754 0.000008622 add_time= 0.000080965
2750 0.000024902 2750 0.000008191 add_time= 0.000070289
2650 0.000179895 2650 0.000007226 add_time= 0.000208398
2808 0.000038529 2808 0.000006518 add_time= 0.000087115
2500 0.000007613 2500 0.000028572 add_time= 0.000052840
2500 0.000023317 2500 0.000006666 add_time= 0.000055319
2500 0.000030939 2500 0.000009397 add_time= 0.000056580
2805 0.000038526 2805 0.000006966 add_time= 0.000062695
2500 0.000136460 2500 0.000006850 add_time= 0.000159373
2550 0.000296627 2550 0.000012437 add_time= 0.000325388
2700 0.000015734 2700 0.000014028 add_time= 0.000045693
3025 0.000038476 3025 0.000010057 add_time= 0.000065543
2805 0.000057834 2805 0.000006661 add_time= 0.000079163
2805 0.000049491 2805 0.000007237 add_time= 0.000074448
2500 0.000218274 2500 0.000006919 add_time= 0.000240800
2500 0.000056913 2500 0.000006661 add_time= 0.000078413
2805 0.000037009 2805 0.000006232 add_time= 0.000057740
2550 0.000054179 2550 0.000006732 add_time= 0.000076279
2550 0.000099437 2550 0.000007076 add_time= 0.000121769
2750 0.000074926 2750 0.000007495 add_time= 0.000112616
2500 0.000152672 2500 0.000007088 add_time= 0.000175832
2860 0.000061089 2860 0.000007017 add_time= 0.000085895
2500 0.000024217 2500 0.000013685 add_time= 0.000052108
2915 0.000050093 2915 0.000006836 add_time= 0.000081186
2550 0.000045020 2550 0.000006658 add_time= 0.000067129
2750 0.000037310 2750 0.000007251 add_time= 0.000060671
1250 0.000017405 1250 0.000006177 add_time= 0.000035214
2550 0.000120589 2550 0.000007058 add_time= 0.000143461
2600 0.000026943 2600 0.000006850 add_time= 0.000057987
2500 0.000014800 2500 0.000014019 add_time= 0.000043961
2500 0.000023044 2500 0.000005965 add_time= 0.000050491
2500 0.000092467 2500 0.000006915 add_time= 0.000114889
2805 0.000037875 2805 0.000006971 add_time= 0.000058769
2860 0.000045904 2860 0.000014477 add_time= 0.000076417
2500 0.000180234 2500 0.000006828 add_time= 0.000208550
2860 0.000174306 2860 0.000007288 add_time= 0.000208627
1375 0.000020750 1375 0.000006303 add_time= 0.000040427
2550 0.000041532 2550 0.000006745 add_time= 0.000062512
2500 0.000110024 2500 0.000006365 add_time= 0.000129462
2500 0.000035099 2500 0.000005987 add_time= 0.000053917
2550 0.000067859 2550 0.000006969 add_time= 0.000089700
2600 0.000037590 2600 0.000006436 add_time= 0.000057980
1250 0.000010560 1250 0.000008696 add_time= 0.000030734
2601 0.000103928 2601 0.000005863 add_time= 0.000123436
2700 0.000042294 2700 0.000006741 add_time= 0.000071868
3025 0.000045418 3025 0.000006693 add_time= 0.000066090
2915 0.000176350 2915 0.000006994 add_time= 0.000199207
2808 0.000082173 2808 0.000006132 add_time= 0.000102041
2600 0.000015060 2600 0.000012928 add_time= 0.000041057
2750 0.000067019 2750 0.000010110 add_time= 0.000101492
2550 0.000035809 2550 0.000006348 add_time= 0.000055244
2750 0.000048721 2750 0.000006448 add_time= 0.000068629
2650 0.000357088 2650 0.000006854 add_time= 0.000378820
2860 0.000041521 2860 0.000006860 add_time= 0.000062469
2750 0.000037026 2750 0.000006790 add_time= 0.000059119
2550 0.000089045 2550 0.000014911 add_time= 0.000119309
2500 0.000095866 2500 0.000007005 add_time= 0.000118502
2500 0.000027720 2500 0.000007364 add_time= 0.000070931
2703 0.000372339 2703 0.000006906 add_time= 0.000395237
2600 0.000091136 2600 0.000006061 add_time= 0.000111047
2500 0.000015807 2500 0.000019413 add_time= 0.000050174
2750 0.000029192 2750 0.000006772 add_time= 0.000051633
2500 0.000042585 2500 0.000007078 add_time= 0.000071181
2500 0.000146312 2500 0.000020972 add_time= 0.000182320
1325 0.000296108 1325 0.000006220 add_time= 0.000315630
2500 0.000050115 2500 0.000006472 add_time= 0.000071760
2650 0.000052736 2650 0.000006491 add_time= 0.000074201
2550 0.000062140 2550 0.000006869 add_time= 0.000084551
2805 0.000066918 2805 0.000005947 add_time= 0.000086262
2550 0.000039907 2550 0.000007136 add_time= 0.000062419
2500 0.000631043 2500 0.000015261 add_time= 0.000666220
2652 0.000077909 2652 0.000007802 add_time= 0.000103665
2860 0.000016296 2860 0.000090142 add_time= 0.000125975
2750 0.000111540 2750 0.000007218 add_time= 0.000135693
2600 0.000363408 2600 0.000006760 add_time= 0.000384623
1375 0.000048245 1375 0.000006962 add_time= 0.000069313
2650 0.000401942 2650 0.000007466 add_time= 0.000427345
2860 0.000217195 2860 0.000006384 add_time= 0.000238727
2915 0.000007022 2915 0.000083761 add_time= 0.000106271
2500 0.000087981 2500 0.000006663 add_time= 0.000108896
2500 0.000106542 2500 0.000006137 add_time= 0.000126614
2550 0.000059643 2550 0.000006852 add_time= 0.000080250
2550 0.000062812 2550 0.000011955 add_time= 0.000100046
2650 0.000047026 2650 0.000006788 add_time= 0.000071571
2652 0.000030773 2652 0.000017372 add_time= 0.000063207
2915 0.000006594 2915 0.000023543 add_time= 0.000045476
3025 0.000140770 3025 0.000017550 add_time= 0.000174906
2500 0.000179106 2500 0.000007057 add_time= 0.000200786
2500 0.000100509 2500 0.000007011 add_time= 0.000123574
2650 0.000070472 2650 0.000006558 add_time= 0.000093419
2500 0.000078143 2500 0.000006490 add_time= 0.000099744
2750 0.000061284 2750 0.000007048 add_time= 0.000085033
2750 0.000168936 2750 0.000007396 add_time= 0.000193023
2700 0.000095132 2700 0.000006544 add_time= 0.000116537
1250 0.000048765 1250 0.000006323 add_time= 0.000068794
