2860 0.000193936 2860 0.000015138 add_time= 0.001910000
2500 0.000115022 2500 0.000008184 add_time= 0.000140387
2600 0.000019877 2600 0.000025448 add_time= 0.000071866
2550 0.000042641 2550 0.000007999 add_time= 0.000066816
2600 0.000040070 2600 0.000005978 add_time= 0.000060635
1350 0.000122495 1350 0.000006952 add_time= 0.000156788
2750 0.000077934 2750 0.000006721 add_time= 0.000101860
2703 0.000490815 2703 0.000011903 add_time= 0.000570590
2500 0.000057654 2500 0.000007850 add_time= 0.000082774
2754 0.000154161 2754 0.000020544 add_time= 0.000213395
2703 0.000475601 2703 0.000009181 add_time= 0.000513453
2550 0.000183492 2550 0.000006960 add_time= 0.000213107
2550 0.000115564 2550 0.000047495 add_time= 0.000179780
2500 0.001185027 2500 0.000010255 add_time= 0.001226963
1275 0.000115961 1275 0.000015783 add_time= 0.000146692
2500 0.000062983 2500 0.000008515 add_time= 0.000087373
2500 0.000826176 2500 0.000009529 add_time= 0.000866523
2550 0.001681913 2550 0.000019561 add_time= 0.001717762
2860 0.000023335 2860 0.000029364 add_time= 0.000082522
2750 0.000126058 2750 0.000007207 add_time= 0.000149792
2805 0.000253549 2805 0.000006920 add_time= 0.000275938
1375 0.002063601 1375 0.000007764 add_time= 0.002087002
2600 0.000241958 2600 0.000009760 add_time= 0.000391023
2652 0.000024445 2652 0.000009400 add_time= 0.000074832
2650 0.000315019 2650 0.000014718 add_time= 0.001652872
2750 0.000090062 2750 0.000007899 add_time= 0.000113311
2550 0.000138165 2550 0.000007831 add_time= 0.000162237
2550 0.000416685 2550 0.000008161 add_time= 0.000444643
2500 0.000106721 2500 0.000007004 add_time= 0.000129155
1300 0.000121135 1300 0.000006314 add_time= 0.000142245
2500 0.000704137 2500 0.000036447 add_time= 0.000844897
2601 0.000276638 2601 0.000007617 add_time= 0.000301746
2808 0.000316972 2808 0.000006438 add_time= 0.000348454
2750 0.000179409 2750 0.000018868 add_time= 0.000228471
2500 0.000211193 2500 0.000006809 add_time= 0.000244136
2550 0.000176846 2550 0.000018927 add_time= 0.000242836
2750 0.000163761 2750 0.000008330 add_time= 0.000192723
2750 0.000086029 2750 0.000007036 add_time= 0.000121479
2750 0.000090456 2750 0.000010461 add_time= 0.000122736
1250 0.000069088 1250 0.000014549 add_time= 0.000100250
2650 0.000152667 2650 0.000037869 add_time= 0.000208793
2550 0.000136291 2550 0.000008002 add_time= 0.000173366
2500 0.000108918 2500 0.000006708 add_time= 0.000131316
2500 0.000098200 2500 0.000006759 add_time= 0.000121595
2600 0.000082115 2600 0.000028838 add_time= 0.000223276
2600 0.000090568 2600 0.000008303 add_time= 0.000134872
2750 0.000083470 2750 0.000009882 add_time= 0.000131576
2650 0.000060607 2650 0.000012146 add_time= 0.001096438
2652 0.000026375 2652 0.000006344 add_time= 0.000047866
2500 0.000083386 2500 0.000005936 add_time= 0.000103927
2750 0.000036932 2750 0.000006922 add_time= 0.000061754
2550 0.000040350 2550 0.000006080 add_time= 0.000062167
2750 0.000049339 2750 0.000006749 add_time= 0.000071784
2550 0.000180724 2550 0.000007222 add_time= 0.000212404
2600 0.000071430 2600 0.000006484 add_time= 0.000094163
2500 0.000025148 2500 0.000005864 add_time= 0.000044823
3025 0.000086452 3025 0.000006634 add_time= 0.000110356
2500 0.000087011 2500 0.000006131 add_time= 0.000116111
2700 0.000061301 2700 0.000014773 add_time= 0.000092338
2750 0.000037997 2750 0.000006189 add_time= 0.000058517
1250 0.000054876 1250 0.000005538 add_time= 0.000075321
2500 0.000433116 2500 0.000008774 add_time= 0.000465565
2500 0.000089752 2500 0.000008541 add_time= 0.000115199
2500 0.000007406 2500 0.000049312 add_time= 0.000073851
2703 0.000099752 2703 0.000005859 add_time= 0.000129765
2700 0.000031034 2700 0.000006003 add_time= 0.000050442
1250 0.000019907 1250 0.000013655 add_time= 0.000051034
2650 0.000253819 2650 0.000006656 add_time= 0.000279944
2860 0.000082475 2860 0.000006183 add_time= 0.000107501
2750 0.000007381 2750 0.000034848 add_time= 0.000059475
2750 0.000051642 2750 0.000006244 add_time= 0.000072792
2550 0.000029815 2550 0.000006037 add_time= 0.000050253
2700 0.000059728 2700 0.000005668 add_time= 0.000078029
2600 0.000096494 2600 0.000008095 add_time= 0.000138996
2756 0.000028795 2756 0.000006796 add_time= 0.000058237
2970 0.000018992 2970 0.000015113 add_time= 0.000063346
3025 0.000118717 3025 0.000010875 add_time= 0.000147684
2550 0.000047605 2550 0.000006567 add_time= 0.000076179
2500 0.000071132 2500 0.000008044 add_time= 0.000096216
2500 0.000270128 2500 0.000023399 add_time= 0.000312115
2500 0.000134175 2500 0.000006669 add_time= 0.000157223
2550 0.000337401 2550 0.000006344 add_time= 0.000360072
2970 0.000048281 2970 0.000007602 add_time= 0.000080811
2650 0.000242153 2650 0.000006207 add_time= 0.000265400
2600 0.000138586 2600 0.000012402 add_time= 0.000177377
2750 0.000013727 2750 0.000033789 add_time= 0.000063882
2550 0.000039876 2550 0.000006578 add_time= 0.000069896
2601 0.000043578 2601 0.000006945 add_time= 0.000082734
2750 0.000111596 2750 0.000013605 add_time= 0.000142355
2500 0.000056994 2500 0.000009361 add_time= 0.000136073
2700 0.000062097 2700 0.000008303 add_time= 0.000114674
2600 0.000033263 2600 0.000023244 add_time= 0.000082382
2601 0.000044344 2601 0.000008408 add_time= 0.000079530
2550 0.000065612 2550 0.000007659 add_time= 0.000099280
2700 0.000023196 2700 0.000007791 add_time= 0.000061409
2700 0.000190535 2700 0.000017361 add_time= 0.000228518
2500 0.000114261 2500 0.000008478 add_time= 0.000153628
2550 0.000023471 2550 0.000020418 add_time= 0.000056237
2550 0.000172644 2550 0.000005943 add_time= 0.000194143
2750 0.000379719 2750 0.000007910 add_time= 0.000437615
2550 0.000407856 2550 0.000008651 add_time= 0.000434003
2500 0.000146395 2500 0.000006842 add_time= 0.000169960
2550 0.000292492 2550 0.000006914 add_time= 0.000316616
2550 0.000386117 2550 0.000006055 add_time= 0.000407489
3025 0.000027600 3025 0.000014715 add_time= 0.000069746
2650 0.000161236 2650 0.000008271 add_time= 0.000192018
2500 0.000243458 2500 0.000007441 add_time= 0.000279154
2750 0.000018612 2750 0.000026801 add_time= 0.000063734
2750 0.000107953 2750 0.000014931 add_time= 0.000138864
2600 0.000042294 2600 0.000006349 add_time= 0.000068364
2500 0.000306872 2500 0.000007052 add_time= 0.000331341
2500 0.000109217 2500 0.000011468 add_time= 0.000136837
2550 0.000016083 2550 0.000026185 add_time= 0.000058648
2550 0.000089030 2550 0.000015819 add_time= 0.000121479
2970 0.000065409 2970 0.000007872 add_time= 0.000111646
2500 0.000440781 2500 0.000006172 add_time= 0.000481142
2500 0.000133752 2500 0.000006211 add_time= 0.000172239
2601 0.000251381 2601 0.000006955 add_time= 0.000276233
2500 0.000048477 2500 0.000006346 add_time= 0.000070527
2550 0.000057639 2550 0.000006857 add_time= 0.000080750
2750 0.000170156 2750 0.000006613 add_time= 0.000203318
2550 0.000137036 2550 0.000007748 add_time= 0.000162810
2500 0.000133268 2500 0.000006274 add_time= 0.000154215
2500 0.000119680 2500 0.000006388 add_time= 0.000140301
2805 0.000287285 2805 0.000005770 add_time= 0.000308530
2860 0.000395127 2860 0.000006868 add_time= 0.000419516
2500 0.000176391 2500 0.000007114 add_time= 0.000201705
2750 0.000224986 2750 0.000006159 add_time= 0.000247421
2550 0.000006535 2550 0.000023000 add_time= 0.000046042
2601 0.000158765 2601 0.000006696 add_time= 0.000191996
2500 0.000269945 2500 0.000006146 add_time= 0.000291599
3025 0.000049330 3025 0.000007107 add_time= 0.000075299
2550 0.000079018 2550 0.000006784 add_time= 0.000103936
2704 0.000050610 2704 0.000006912 add_time= 0.000073518
2550 0.000075591 2550 0.000006467 add_time= 0.000095429
3025 0.000105932 3025 0.000007682 add_time= 0.000131545
2601 0.000114209 2601 0.000007269 add_time= 0.000137485
2750 0.000102186 2750 0.000007502 add_time= 0.000125527
2500 0.000042595 2500 0.000008164 add_time= 0.000108268
2860 0.000090284 2860 0.000008952 add_time= 0.000132371
2550 0.000056117 2550 0.000026151 add_time= 0.000106534
2550 0.000075357 2550 0.000007697 add_time= 0.000108522
2754 0.000069405 2754 0.000008245 add_time= 0.000111298
2750 0.000217749 2750 0.000007386 add_time= 0.000243086
2750 0.000041638 2750 0.000006535 add_time= 0.000072240
2915 0.000054451 2915 0.000006906 add_time= 0.000078060
2805 0.000055467 2805 0.000006718 add_time= 0.000090186
2700 0.000032632 2700 0.000006790 add_time= 0.000063904
1375 0.000043878 1375 0.000006006 add_time= 0.000064232
2704 0.000148695 2704 0.000007499 add_time= 0.000206592
3025 0.000018277 3025 0.000022991 add_time= 0.000073947
2550 0.000085747 2550 0.000006929 add_time= 0.000117205
2550 0.000105492 2550 0.000006640 add_time= 0.000137590
2700 0.000050368 2700 0.000006275 add_time= 0.000086117
1375 0.000045970 1375 0.000013095 add_time= 0.000084199
2500 0.000275293 2500 0.000008311 add_time= 0.000329451
2550 0.000353049 2550 0.000007930 add_time= 0.000390480
2601 0.000100333 2601 0.000007971 add_time= 0.000137744
2550 0.000172435 2550 0.000019057 add_time= 0.000228016
2500 0.000039517 2500 0.000009366 add_time= 0.000075731
2500 0.000342483 2500 0.000008135 add_time= 0.000382354
1250 0.000350736 1250 0.000006932 add_time= 0.000386461
2550 0.000090247 2550 0.000005953 add_time= 0.000125646
2600 0.000055700 2600 0.000006596 add_time= 0.000086527
2500 0.000040937 2500 0.000006255 add_time= 0.000092658
2500 0.000225278 2500 0.000006760 add_time= 0.000279924
2704 0.000425549 2704 0.000006256 add_time= 0.000456963
2750 0.000008112 2750 0.000089444 add_time= 0.000134591
2750 0.000007286 2750 0.000023797 add_time= 0.000058371
2550 0.000041493 2550 0.000006749 add_time= 0.000072006
2700 0.000077599 2700 0.000006805 add_time= 0.000107043
2500 0.000159747 2500 0.000007107 add_time= 0.000198979
2500 0.000336746 2500 0.000006999 add_time= 0.000377143
2805 0.000159135 2805 0.000007130 add_time= 0.000197860
2805 0.000088873 2805 0.000007034 add_time= 0.000123250
2805 0.000151417 2805 0.000007385 add_time= 0.000193658
2750 0.000084717 2750 0.000006712 add_time= 0.000118797
2500 0.000227284 2500 0.000007978 add_time= 0.000269734
2500 0.000088324 2500 0.000007436 add_time= 0.000134860
2805 0.000039995 2805 0.000007177 add_time= 0.000074369
2750 0.000116471 2750 0.000006525 add_time= 0.000154082
2550 0.000039343 2550 0.000006895 add_time= 0.000079312
2500 0.000197888 2500 0.000007597 add_time= 0.000234441
2750 0.000191460 2750 0.000009519 add_time= 0.000232123
2703 0.000263599 2703 0.000008988 add_time= 0.000288028
2550 0.000360004 2550 0.000005854 add_time= 0.000380345
2500 0.000375237 2500 0.000006651 add_time= 0.000398140
2500 0.000246007 2500 0.000006709 add_time= 0.000270507
3025 0.000061230 3025 0.000015332 add_time= 0.000108945
2500 0.000183643 2500 0.000006667 add_time= 0.000206545
2600 0.000185070 2600 0.000005945 add_time= 0.000205580
2500 0.000038854 2500 0.000007299 add_time= 0.000062325
2703 0.000153359 2703 0.000007015 add_time= 0.000200050
2750 0.000138039 2750 0.000007272 add_time= 0.000183242
2750 0.000062804 2750 0.000006760 add_time= 0.000101490
2650 0.000553140 2650 0.000006519 add_time= 0.000589432
2500 0.000440886 2500 0.000007380 add_time= 0.000472979
2700 0.000099342 2700 0.000008841 add_time= 0.000169834
2500 0.000039781 2500 0.000008056 add_time= 0.000101231
2860 0.000038006 2860 0.000008913 add_time= 0.000107904
2805 0.000062433 2805 0.000009283 add_time= 0.000117020
2750 0.000034135 2750 0.000008629 add_time= 0.000102228
2550 0.000250422 2550 0.000007142 add_time= 0.000287059
2756 0.000056858 2756 0.000006500 add_time= 0.000103244
2650 0.000013654 2650 0.000027625 add_time= 0.000078119
2600 0.000078380 2600 0.000007292 add_time= 0.000117853
2550 0.000173097 2550 0.000007557 add_time= 0.000210619
1300 0.000244333 1300 0.000007181 add_time= 0.000287930
2703 0.000155134 2703 0.000018657 add_time= 0.000191455
2805 0.000073943 2805 0.000007338 add_time= 0.000099936
3025 0.000072443 3025 0.000007856 add_time= 0.000105079
2550 0.000112876 2550 0.000006992 add_time= 0.000136344
3025 0.000123317 3025 0.000007173 add_time= 0.000147992
2700 0.000096387 2700 0.000006879 add_time= 0.000120831
2550 0.000243593 2550 0.000006802 add_time= 0.000267667
2550 0.000016463 2550 0.000014705 add_time= 0.000046609
2750 0.000038045 2750 0.000007031 add_time= 0.000061419
2550 0.000088038 2550 0.000006691 add_time= 0.000109861
2500 0.000230677 2500 0.000006126 add_time= 0.000250896
2500 0.000072743 2500 0.000005921 add_time= 0.000091322
2500 0.000598407 2500 0.000021596 add_time= 0.000654442
2550 0.000028338 2550 0.000008003 add_time= 0.000059162
2500 0.000016637 2500 0.000021280 add_time= 0.000064883
2550 0.000056333 2550 0.000007921 add_time= 0.000081017
2700 0.000143382 2700 0.000007520 add_time= 0.000168106
1250 0.000020049 1250 0.000005950 add_time= 0.000040737
2704 0.000109199 2704 0.000006528 add_time= 0.000133913
2500 0.000026950 2500 0.000006813 add_time= 0.000050692
2860 0.000082343 2860 0.000008610 add_time= 0.000118114
2500 0.000116368 2500 0.000009811 add_time= 0.000151572
2500 0.000057793 2500 0.000007193 add_time= 0.000089634
2600 0.000137667 2600 0.000007763 add_time= 0.000164048
2750 0.000093238 2750 0.000006865 add_time= 0.000118499
2754 0.000043488 2754 0.000006708 add_time= 0.000067656
2750 0.000243076 2750 0.000007326 add_time= 0.000267701
1325 0.000087045 1325 0.000006397 add_time= 0.000106757
2500 0.000103032 2500 0.000006836 add_time= 0.000128257
2860 0.000090513 2860 0.000006597 add_time= 0.000113925
2500 0.000007341 2500 0.000013496 add_time= 0.000037733
2600 0.000042082 2600 0.000006774 add_time= 0.000064295
2700 0.000144533 2700 0.000006675 add_time= 0.000166791
1375 0.000063267 1375 0.000006225 add_time= 0.000084570
2600 0.000130546 2600 0.000006987 add_time= 0.000154817
2500 0.000039307 2500 0.000005955 add_time= 0.000070092
2500 0.000006638 2500 0.000015106 add_time= 0.000042484
2550 0.000054678 2550 0.000007145 add_time= 0.000078898
2700 0.000058268 2700 0.000006983 add_time= 0.000082569
1250 0.000040808 1250 0.000005834 add_time= 0.000060986
2500 0.000095008 2500 0.000007155 add_time= 0.000131427
2550 0.000117228 2550 0.000006441 add_time= 0.000139590
2500 0.000028300 2500 0.000026296 add_time= 0.000072058
2601 0.000230351 2601 0.000007141 add_time= 0.000254576
2652 0.000023613 2652 0.000007744 add_time= 0.000058916
1350 0.000205564 1350 0.000017236 add_time= 0.000238181
2750 0.000188702 2750 0.000007415 add_time= 0.000223407
2805 0.000067325 2805 0.000006766 add_time= 0.000091380
2750 0.000027713 2750 0.000007133 add_time= 0.000052003
2550 0.000283654 2550 0.000006760 add_time= 0.000307617
3025 0.000312697 3025 0.000007343 add_time= 0.000340722
2650 0.000268392 2650 0.000006857 add_time= 0.000292046
2650 0.000095369 2650 0.000005871 add_time= 0.000116549
2750 0.000017886 2750 0.000005899 add_time= 0.000039468
2601 0.000057175 2601 0.000005364 add_time= 0.000084611
2750 0.000027950 2750 0.000005844 add_time= 0.000047811
2550 0.000028668 2550 0.000007785 add_time= 0.000071882
2860 0.000027122 2860 0.000007314 add_time= 0.000064513
2805 0.000034206 2805 0.000007452 add_time= 0.000064508
3025 0.000064685 3025 0.000013837 add_time= 0.000118093
2750 0.000038765 2750 0.000006799 add_time= 0.000080859
2500 0.000073645 2500 0.000007050 add_time= 0.000103486
2750 0.000258899 2750 0.000006283 add_time= 0.000282554
2750 0.000073366 2750 0.000006548 add_time= 0.000094139
2500 0.000005556 2500 0.000035422 add_time= 0.000055568
2750 0.000058220 2750 0.000005864 add_time= 0.000078608
2550 0.000064444 2550 0.000005645 add_time= 0.000084032
2805 0.000036842 2805 0.000006305 add_time= 0.000059015
2500 0.000063952 2500 0.000006857 add_time= 0.000088357
2500 0.000057843 2500 0.000005977 add_time= 0.000078102
2750 0.000015750 2750 0.000014095 add_time= 0.000046979
2550 0.000079151 2550 0.000006958 add_time= 0.000102008
2500 0.000067352 2500 0.000012575 add_time= 0.000094099
2500 0.000055008 2500 0.000005595 add_time= 0.000073984
2600 0.000046936 2600 0.000007166 add_time= 0.000070294
2550 0.000251134 2550 0.000006823 add_time= 0.000275375
2550 0.000061273 2550 0.000025207 add_time= 0.000102692
1275 0.000020929 1275 0.000008999 add_time= 0.000044192
2700 0.000043117 2700 0.000006761 add_time= 0.000065792
2750 0.000133898 2750 0.000006761 add_time= 0.000163899
2500 0.000051510 2500 0.000007118 add_time= 0.000074777
2500 0.000015960 2500 0.000013582 add_time= 0.000043554
2550 0.000044849 2550 0.000007849 add_time= 0.000069082
2805 0.000026624 2805 0.000006384 add_time= 0.000053877
2805 0.000029540 2805 0.000006804 add_time= 0.000052560
2500 0.000260162 2500 0.000008282 add_time= 0.000292781
2860 0.000121499 2860 0.000019768 add_time= 0.000166255
3025 0.000174598 3025 0.000006930 add_time= 0.000198300
2805 0.000058394 2805 0.000006872 add_time= 0.000081678
2700 0.000586276 2700 0.000014195 add_time= 0.000627417
1250 0.000067251 1250 0.000006332 add_time= 0.000087275
2704 0.000228939 2704 0.000007410 add_time= 0.000254641
2750 0.000134337 2750 0.000007091 add_time= 0.000167243
2805 0.000041564 2805 0.000007225 add_time= 0.000070101
2750 0.000176712 2750 0.000007007 add_time= 0.000200847
2550 0.000067126 2550 0.000007079 add_time= 0.000091000
2652 0.000084127 2652 0.000006894 add_time= 0.000109133
2652 0.000036104 2652 0.000006883 add_time= 0.000062850
2915 0.000312227 2915 0.000006190 add_time= 0.000343915
2500 0.000005660 2500 0.000021666 add_time= 0.000040971
2550 0.000080545 2550 0.000007165 add_time= 0.000103381
2750 0.000064551 2750 0.000006532 add_time= 0.000091229
1275 0.000135000 1275 0.000011905 add_time= 0.000160787
2704 0.000057161 2704 0.000006834 add_time= 0.000080705
2500 0.000055928 2500 0.000006759 add_time= 0.000079647
2750 0.000013791 2750 0.000013507 add_time= 0.000051600
2500 0.000216090 2500 0.000012391 add_time= 0.000245145
2500 0.000168630 2500 0.000006311 add_time= 0.000190296
2970 0.000092006 2970 0.000006068 add_time= 0.000113507
2500 0.000371880 2500 0.000010593 add_time= 0.000409482
2750 0.000152107 2750 0.000007305 add_time= 0.000176288
2750 0.000078737 2750 0.000006648 add_time= 0.000101838
1275 0.000122604 1275 0.000005728 add_time= 0.000146861
2805 0.000060468 2805 0.000007215 add_time= 0.000093280
2500 0.000169518 2500 0.000006605 add_time= 0.000200024
2704 0.000031128 2704 0.000006656 add_time= 0.000053380
2750 0.000015614 2750 0.000014722 add_time= 0.000047580
2600 0.000038498 2600 0.000013027 add_time= 0.000073402
2550 0.000056938 2550 0.000006298 add_time= 0.000079209
2862 0.000120082 2862 0.000007446 add_time= 0.000145404
2860 0.000298210 2860 0.000007918 add_time= 0.000324022
2600 0.000189097 2600 0.000007149 add_time= 0.000214587
2652 0.000034645 2652 0.000010049 add_time= 0.000061462
2750 0.000072926 2750 0.000006037 add_time= 0.000094529
2550 0.000048729 2550 0.000006308 add_time= 0.000071071
2550 0.000029831 2550 0.000006599 add_time= 0.000068524
2700 0.000303162 2700 0.000007215 add_time= 0.000325696
2600 0.000437550 2600 0.000007575 add_time= 0.000463334
2500 0.000062212 2500 0.000012698 add_time= 0.000090203
2500 0.000012864 2500 0.000022379 add_time= 0.000050188
2550 0.000142212 2550 0.000023468 add_time= 0.000181368
2550 0.000099160 2550 0.000005989 add_time= 0.000119039
2500 0.000115106 2500 0.000014563 add_time= 0.000178867
2750 0.000007601 2750 0.000016635 add_time= 0.000055070
2500 0.000056337 2500 0.000007363 add_time= 0.000091470
1275 0.000061759 1275 0.000006521 add_time= 0.000097445
2550 0.000055002 2550 0.000007502 add_time= 0.000083176
2915 0.000087609 2915 0.000008608 add_time= 0.000124268
2500 0.000080230 2500 0.000006875 add_time= 0.000101842
2750 0.000095752 2750 0.000007273 add_time= 0.000118954
2550 0.000007324 2550 0.000051028 add_time= 0.000073884
2550 0.000051724 2550 0.000009052 add_time= 0.000075969
2750 0.000079922 2750 0.000014023 add_time= 0.000109967
1300 0.000187722 1300 0.000006116 add_time= 0.000205391
2915 0.000432561 2915 0.000007071 add_time= 0.000459866
2500 0.000037952 2500 0.000006318 add_time= 0.000061144
2500 0.000023687 2500 0.000013866 add_time= 0.000054031
2550 0.000068792 2550 0.000006991 add_time= 0.000092949
2750 0.000041175 2750 0.000006920 add_time= 0.000066336
2500 0.000108055 2500 0.000006908 add_time= 0.000132190
2600 0.000159110 2600 0.000007035 add_time= 0.000184755
2500 0.000067190 2500 0.000007419 add_time= 0.000091412
2652 0.000053394 2652 0.000007160 add_time= 0.000076301
2500 0.000128999 2500 0.000006491 add_time= 0.000150482
2700 0.000040062 2700 0.000006361 add_time= 0.000061643
1250 0.000228222 1250 0.000006202 add_time= 0.000247314
2500 0.000161200 2500 0.000007005 add_time= 0.000185371
2600 0.000104000 2600 0.000006585 add_time= 0.000125651
2650 0.000016120 2650 0.000018340 add_time= 0.000049261
3025 0.000067025 3025 0.000005885 add_time= 0.000089020
2500 0.000066462 2500 0.000012303 add_time= 0.000104296
1300 0.000232657 1300 0.000005116 add_time= 0.000250490
2703 0.000462420 2703 0.000006612 add_time= 0.000486147
2500 0.000122343 2500 0.000006483 add_time= 0.000143319
2970 0.000016628 2970 0.000071181 add_time= 0.000110675
2805 0.000030793 2805 0.000005561 add_time= 0.000051246
2600 0.000042739 2600 0.000016620 add_time= 0.000073830
2750 0.000131313 2750 0.000006690 add_time= 0.000153126
2750 0.000117331 2750 0.000015258 add_time= 0.000162872
2500 0.000160319 2500 0.000007889 add_time= 0.000188171
2750 0.000016550 2750 0.000023091 add_time= 0.000056841
2805 0.000059232 2805 0.000006730 add_time= 0.000094344
2601 0.000052324 2601 0.000007034 add_time= 0.000088166
2700 0.000094427 2700 0.000006837 add_time= 0.000118155
2500 0.000434780 2500 0.000006651 add_time= 0.000458669
2500 0.000075112 2500 0.000007107 add_time= 0.000098702
2750 0.000082947 2750 0.000008843 add_time= 0.000109586
2805 0.000079084 2805 0.000007397 add_time= 0.000111363
2500 0.000350472 2500 0.000006877 add_time= 0.000374198
2860 0.000133727 2860 0.000014819 add_time= 0.000177729
2500 0.000096731 2500 0.000006616 add_time= 0.000120592
2750 0.000066658 2750 0.000019318 add_time= 0.000112467
2500 0.000149179 2500 0.000007932 add_time= 0.000173945
2500 0.000302388 2500 0.000007365 add_time= 0.000326792
2500 0.000334296 2500 0.000008614 add_time= 0.000365529
2500 0.000116076 2500 0.000006743 add_time= 0.000147586
2750 0.000074814 2750 0.000006286 add_time= 0.000098047
2500 0.000173521 2500 0.000006570 add_time= 0.000196343
1250 0.000062187 1250 0.000005956 add_time= 0.000082140
2500 0.000357137 2500 0.000015357 add_time= 0.000389810
2750 0.000032766 2750 0.000007035 add_time= 0.000066568
2750 0.000048657 2750 0.000006917 add_time= 0.000074218
2970 0.000039183 2970 0.000006899 add_time= 0.000063424
2750 0.000188671 2750 0.000007399 add_time= 0.000249999
2750 0.000321778 2750 0.000017126 add_time= 0.000358915
2652 0.000098146 2652 0.000010489 add_time= 0.000125679
2550 0.000063995 2550 0.000006263 add_time= 0.000085121
2970 0.000158903 2970 0.000007131 add_time= 0.000187020
1250 0.000218159 1250 0.000009172 add_time= 0.000251705
2805 0.000055284 2805 0.000007234 add_time= 0.000083083
2805 0.000343801 2805 0.000005966 add_time= 0.000365328
2601 0.000038608 2601 0.000006976 add_time= 0.000062690
2601 0.000414085 2601 0.000006685 add_time= 0.000435521
1250 0.000244544 1250 0.000018089 add_time= 0.000276440
2756 0.000105222 2756 0.000006895 add_time= 0.000140736
2550 0.000135686 2550 0.000007519 add_time= 0.000169767
2750 0.000062405 2750 0.000006211 add_time= 0.000085783
2550 0.000040651 2550 0.000007512 add_time= 0.000065018
2500 0.000093603 2500 0.000007589 add_time= 0.000117411
2915 0.000113836 2915 0.000008968 add_time= 0.000168388
2550 0.000078568 2550 0.000016298 add_time= 0.000129758
2650 0.000024558 2650 0.000026942 add_time= 0.000081568
2500 0.000120296 2500 0.000008427 add_time= 0.000155809
2550 0.000038079 2550 0.000018489 add_time= 0.000079997
2700 0.000108145 2700 0.000008136 add_time= 0.000145116
1275 0.000033011 1275 0.000008541 add_time= 0.000075640
2500 0.000114243 2500 0.000007576 add_time= 0.000140150
2750 0.000063340 2750 0.000005462 add_time= 0.000085506
2550 0.000007761 2550 0.000024959 add_time= 0.000049242
2550 0.000042078 2550 0.000006783 add_time= 0.000064989
2500 0.000126413 2500 0.000007054 add_time= 0.000150480
2700 0.000221328 2700 0.000007456 add_time= 0.000246340
2750 0.000071740 2750 0.000007095 add_time= 0.000096034
2550 0.000016526 2550 0.000013350 add_time= 0.000056101
2550 0.000097714 2550 0.000007892 add_time= 0.000122038
2500 0.000168629 2500 0.000016167 add_time= 0.000211409
2550 0.000049602 2550 0.000006831 add_time= 0.000072717
2600 0.000181397 2600 0.000007060 add_time= 0.000217515
2750 0.000047794 2750 0.000006707 add_time= 0.000072039
2750 0.000038038 2750 0.000007440 add_time= 0.000062960
2550 0.000030149 2550 0.000006849 add_time= 0.000051512
2550 0.000046906 2550 0.000006658 add_time= 0.000067936
2500 0.000296213 2500 0.000007117 add_time= 0.000319073
2915 0.000056427 2915 0.000007438 add_time= 0.000080992
2970 0.000053516 2970 0.000006263 add_time= 0.000074784
2500 0.000074420 2500 0.000006812 add_time= 0.000098338
2500 0.000095477 2500 0.000006921 add_time= 0.000118303
2500 0.000046696 2500 0.000007076 add_time= 0.000071009
2500 0.000079396 2500 0.000006770 add_time= 0.000103157
2550 0.000017161 2550 0.000013567 add_time= 0.000054683
2600 0.000041763 2600 0.000007044 add_time= 0.000063809
2700 0.000033794 2700 0.000007063 add_time= 0.000057433
1250 0.000072955 1250 0.000006189 add_time= 0.000102635
2600 0.000430643 2600 0.000006732 add_time= 0.000455223
2750 0.000066111 2750 0.000006557 add_time= 0.000089456
2750 0.000088131 2750 0.000007081 add_time= 0.000112048
2550 0.000101094 2550 0.000006942 add_time= 0.000123851
2500 0.000088908 2500 0.000009085 add_time= 0.000113500
2600 0.000522788 2600 0.000008447 add_time= 0.000554360
2805 0.000055611 2805 0.000013185 add_time= 0.000094542
2600 0.000027857 2600 0.000016707 add_time= 0.000061772
2550 0.000227474 2550 0.000006614 add_time= 0.000251143
2600 0.000187223 2600 0.000006920 add_time= 0.000219852
1275 0.000057479 1275 0.000005618 add_time= 0.000076816
2550 0.000341364 2550 0.000007035 add_time= 0.000366954
2652 0.000120232 2652 0.000006478 add_time= 0.000144603
2915 0.000161910 2915 0.000005913 add_time= 0.000186712
2500 0.000115104 2500 0.000006741 add_time= 0.000138261
2550 0.000086567 2550 0.000006941 add_time= 0.000119694
2754 0.000103047 2754 0.000005984 add_time= 0.000135118
2650 0.000116791 2650 0.000006906 add_time= 0.000146858
2500 0.000251820 2500 0.000007273 add_time= 0.000277491
2652 0.000051185 2652 0.000006736 add_time= 0.000078844
2750 0.000370073 2750 0.000006859 add_time= 0.000394750
2550 0.000186653 2550 0.000015234 add_time= 0.000218501
2700 0.000053177 2700 0.000006895 add_time= 0.000076710
2750 0.000108660 2750 0.000016385 add_time= 0.000141954
2550 0.000526782 2550 0.000008246 add_time= 0.000553623
2500 0.000110991 2500 0.000006768 add_time= 0.000144747
3025 0.000180503 3025 0.000007229 add_time= 0.000206099
2805 0.000045176 2805 0.000007281 add_time= 0.000069371
2750 0.000052616 2750 0.000006661 add_time= 0.000076278
2500 0.000309309 2500 0.000007083 add_time= 0.000333614
2500 0.000081670 2500 0.000006290 add_time= 0.000102759
2750 0.000245272 2750 0.000006655 add_time= 0.000270635
2550 0.000106040 2550 0.000006574 add_time= 0.000148612
1250 0.000072662 1250 0.000006480 add_time= 0.000095645
2600 0.000064141 2600 0.000008652 add_time= 0.000107942
1300 0.000108078 1300 0.000005220 add_time= 0.000126600
2700 0.000251130 2700 0.000007255 add_time= 0.000285863
2750 0.000132617 2750 0.000005881 add_time= 0.000172846
2700 0.000136124 2700 0.000011052 add_time= 0.000164362
2500 0.000090639 2500 0.000005958 add_time= 0.000110421
2600 0.000075157 2600 0.000007034 add_time= 0.000103813
2500 0.000242611 2500 0.000007741 add_time= 0.000268531
2500 0.000175657 2500 0.000007085 add_time= 0.000204992
2500 0.000006012 2500 0.000014626 add_time= 0.000034921
2600 0.000070285 2600 0.000006765 add_time= 0.000093454
2916 0.000049131 2916 0.000007189 add_time= 0.000087641
1275 0.000055674 1275 0.000006070 add_time= 0.000075689
2500 0.000044639 2500 0.000007778 add_time= 0.000075251
2500 0.000130584 2500 0.000005978 add_time= 0.000151841
2970 0.000132486 2970 0.000006364 add_time= 0.000156781
1275 0.000050697 1275 0.000006106 add_time= 0.000072200
2805 0.000375912 2805 0.000007685 add_time= 0.000401311
2650 0.000261059 2650 0.000007844 add_time= 0.000315495
2550 0.000026457 2550 0.000007778 add_time= 0.000072701
2970 0.000034099 2970 0.000008282 add_time= 0.000076891
2500 0.000030772 2500 0.000007677 add_time= 0.000074970
1250 0.000008801 1250 0.000008553 add_time= 0.000042815
2550 0.000257993 2550 0.000006875 add_time= 0.000293149
2750 0.000007691 2750 0.000035691 add_time= 0.000061599
2550 0.000103132 2550 0.000006761 add_time= 0.000135532
1250 0.000132550 1250 0.000006198 add_time= 0.000160863
2500 0.000091157 2500 0.000007155 add_time= 0.000130442
2750 0.000072522 2750 0.000007061 add_time= 0.000095657
2805 0.000086157 2805 0.000006599 add_time= 0.000120043
2862 0.000062671 2862 0.000007017 add_time= 0.000086531
1250 0.000079079 1250 0.000006561 add_time= 0.000098896
2500 0.000092841 2500 0.000006859 add_time= 0.000116151
2650 0.000064235 2650 0.000007301 add_time= 0.000088085
3025 0.000085618 3025 0.000007303 add_time= 0.000110555
2500 0.000067224 2500 0.000006459 add_time= 0.000095830
2500 0.000086443 2500 0.000007225 add_time= 0.000109636
2700 0.000281843 2700 0.000006740 add_time= 0.000322010
2750 0.000058732 2750 0.000006910 add_time= 0.000082645
2550 0.000126602 2550 0.000007089 add_time= 0.000150116
2550 0.000048766 2550 0.000006312 add_time= 0.000069704
2750 0.000206764 2750 0.000006850 add_time= 0.000228710
2500 0.000200050 2500 0.000006024 add_time= 0.000221773
2805 0.000087194 2805 0.000006313 add_time= 0.000109152
2750 0.000066207 2750 0.000006291 add_time= 0.000087125
2550 0.000045326 2550 0.000006521 add_time= 0.000065914
2750 0.000083995 2750 0.000006198 add_time= 0.000105015
2500 0.000284261 2500 0.000008574 add_time= 0.000340205
2500 0.000115892 2500 0.000007053 add_time= 0.000141100
2550 0.000044898 2550 0.000007186 add_time= 0.000070325
2750 0.000052711 2750 0.000006501 add_time= 0.000077587
2550 0.000092359 2550 0.000006162 add_time= 0.000113200
2915 0.000096718 2915 0.000006329 add_time= 0.000117995
2704 0.000259865 2704 0.000007011 add_time= 0.000286718
3025 0.000242210 3025 0.000007115 add_time= 0.000268016
2500 0.000017005 2500 0.000013991 add_time= 0.000048522
2550 0.000109577 2550 0.000006978 add_time= 0.000133860
2550 0.000049717 2550 0.000006318 add_time= 0.000080939
2700 0.000036033 2700 0.000006319 add_time= 0.000057897
1300 0.000148443 1300 0.000005594 add_time= 0.000168256
2500 0.000608610 2500 0.000009243 add_time= 0.000640803
2750 0.000073718 2750 0.000008607 add_time= 0.000114610
2500 0.000064984 2500 0.000018088 add_time= 0.000100609
2600 0.000280371 2600 0.000006706 add_time= 0.000304773
1250 0.000046530 1250 0.000009874 add_time= 0.000070276
2500 0.000074774 2500 0.000006711 add_time= 0.000111043
2600 0.000070519 2600 0.000006637 add_time= 0.000093971
3025 0.000092835 3025 0.000007184 add_time= 0.000128286
2500 0.000066001 2500 0.000006791 add_time= 0.000088964
2750 0.000073851 2750 0.000006767 add_time= 0.000097407
2600 0.000327293 2600 0.000008825 add_time= 0.000352476
2750 0.000053149 2750 0.000006969 add_time= 0.000078107
2650 0.000006844 2650 0.000013879 add_time= 0.000042007
2550 0.000244666 2550 0.000006437 add_time= 0.000270733
2550 0.000074711 2550 0.000005991 add_time= 0.000105876
2700 0.000042176 2700 0.000005519 add_time= 0.000061718
2500 0.000076794 2500 0.000006844 add_time= 0.000100442
2500 0.000241351 2500 0.000006920 add_time= 0.000265020
2550 0.000089471 2550 0.000006644 add_time= 0.000112109
1275 0.000145051 1275 0.000024101 add_time= 0.000183203
2550 0.000055602 2550 0.000006488 add_time= 0.000077123
2750 0.000224193 2750 0.000006716 add_time= 0.000248809
2704 0.000077151 2704 0.000006924 add_time= 0.000104037
2550 0.000079370 2550 0.000006643 add_time= 0.000102299
2750 0.000007001 2750 0.000014224 add_time= 0.000039145
2805 0.000040008 2805 0.000006477 add_time= 0.000064180
2750 0.000167216 2750 0.000007242 add_time= 0.000191346
2750 0.000046895 2750 0.000007548 add_time= 0.000089237
2704 0.000035131 2704 0.000006594 add_time= 0.000058083
2805 0.000461105 2805 0.000006609 add_time= 0.000484406
2500 0.000098906 2500 0.000007279 add_time= 0.000122605
2650 0.000062917 2650 0.000007436 add_time= 0.000087069
2650 0.000161686 2650 0.000007865 add_time= 0.000187774
2650 0.000134909 2650 0.000007025 add_time= 0.000166661
2652 0.000167519 2652 0.000014017 add_time= 0.000197807
2805 0.000202435 2805 0.000007254 add_time= 0.000228725
2700 0.000138367 2700 0.000006960 add_time= 0.000162538
2500 0.000210708 2500 0.000013588 add_time= 0.000279254
2600 0.000069239 2600 0.000006861 add_time= 0.000107126
2970 0.000008129 2970 0.000035821 add_time= 0.000098345
2860 0.000046529 2860 0.000008495 add_time= 0.000092656
2700 0.000104831 2700 0.000008602 add_time= 0.000140367
1375 0.000036758 1375 0.000006236 add_time= 0.000080828
2500 0.000060101 2500 0.000008223 add_time= 0.000134636
3025 0.000037681 3025 0.000009744 add_time= 0.000112111
2750 0.000028389 2750 0.000008219 add_time= 0.000091454
2550 0.000041920 2550 0.000016187 add_time= 0.000104423
2860 0.000033811 2860 0.000015719 add_time= 0.000093380
2750 0.000101143 2750 0.000007529 add_time= 0.000137942
2500 0.000067035 2500 0.000007073 add_time= 0.000105591
1375 0.000040032 1375 0.000006423 add_time= 0.000076009
2750 0.000095238 2750 0.000005965 add_time= 0.000146577
2808 0.000059206 2808 0.000006216 add_time= 0.000092114
625 0.000057680 625 0.000006195 add_time= 0.000099344
2550 0.000311750 2550 0.000007680 add_time= 0.000336411
3025 0.000106104 3025 0.000007408 add_time= 0.000139951
2860 0.000100422 2860 0.000006956 add_time= 0.000123753
2550 0.000089322 2550 0.000006772 add_time= 0.000119921
2550 0.000033230 2550 0.000007217 add_time= 0.000055781
1275 0.000064000 1275 0.000007098 add_time= 0.000084453
2750 0.000130742 2750 0.000006808 add_time= 0.000154577
2750 0.000051239 2750 0.000006748 add_time= 0.000073897
2750 0.000032474 2750 0.000007011 add_time= 0.000055442
2805 0.000048528 2805 0.000007539 add_time= 0.000072295
2700 0.000045061 2700 0.000006503 add_time= 0.000074464
2500 0.000073175 2500 0.000007677 add_time= 0.000098935
2700 0.000104107 2700 0.000006539 add_time= 0.000135161
2500 0.000032947 2500 0.000006371 add_time= 0.000055112
2805 0.000084696 2805 0.000006949 add_time= 0.000120700
2750 0.000171473 2750 0.000007171 add_time= 0.000195592
2703 0.000208838 2703 0.000006789 add_time= 0.000233288
2805 0.000032336 2805 0.000006860 add_time= 0.000064155
2805 0.000092562 2805 0.000006999 add_time= 0.000122798
2550 0.000078230 2550 0.000006828 add_time= 0.000100937
1250 0.000098716 1250 0.000006907 add_time= 0.000119355
2700 0.000069966 2700 0.000007075 add_time= 0.000094849
2750 0.000061421 2750 0.000006783 add_time= 0.000084748
2700 0.000065692 2700 0.000006762 add_time= 0.000096642
2500 0.000067012 2500 0.000006909 add_time= 0.000089871
2700 0.000076114 2700 0.000007260 add_time= 0.000099376
2652 0.000119196 2652 0.000006295 add_time= 0.000142038
2550 0.000105966 2550 0.000032008 add_time= 0.000153653
2500 0.000036900 2500 0.000018650 add_time= 0.000071509
2652 0.000047028 2652 0.000006618 add_time= 0.000068314
2700 0.000026435 2700 0.000005647 add_time= 0.000046334
2700 0.000253847 2700 0.000006886 add_time= 0.000278142
2750 0.000071758 2750 0.000006840 add_time= 0.000095677
2500 0.000016724 2500 0.000013465 add_time= 0.000046039
2550 0.000074531 2550 0.000006551 add_time= 0.000095568
2703 0.000060142 2703 0.000007157 add_time= 0.000083210
2750 0.000081670 2750 0.000006714 add_time= 0.000104313
2500 0.000057439 2500 0.000011023 add_time= 0.000083377
2750 0.000488536 2750 0.000007353 add_time= 0.000526303
2500 0.000045395 2500 0.000007005 add_time= 0.000069419
2550 0.000059362 2550 0.000009890 add_time= 0.000102751
2550 0.000063572 2550 0.000006167 add_time= 0.000084902
2750 0.000131271 2750 0.000017855 add_time= 0.000165976
2500 0.000224783 2500 0.000008014 add_time= 0.000260224
1375 0.000006621 1375 0.000026168 add_time= 0.000048263
2601 0.000093308 2601 0.000024713 add_time= 0.000142253
2550 0.000105053 2550 0.000007363 add_time= 0.000131035
2700 0.000039397 2700 0.000009638 add_time= 0.000074175
1375 0.000060759 1375 0.000005934 add_time= 0.000080617
2704 0.000276041 2704 0.000007040 add_time= 0.000300265
2750 0.000064351 2750 0.000006748 add_time= 0.000088820
2750 0.000041100 2750 0.000018706 add_time= 0.000076573
2550 0.000043360 2550 0.000006391 add_time= 0.000066133
2700 0.000114949 2700 0.000006498 add_time= 0.000142367
1275 0.000106427 1275 0.000006348 add_time= 0.000126683
2500 0.000224564 2500 0.000006499 add_time= 0.000247557
1375 0.000044637 1375 0.000006125 add_time= 0.000065352
2700 0.000041508 2700 0.000006758 add_time= 0.000064688
2805 0.000077686 2805 0.000016778 add_time= 0.000110401
2750 0.000061480 2750 0.000006707 add_time= 0.000093424
2700 0.000246127 2700 0.000005928 add_time= 0.000276332
2500 0.000033527 2500 0.000009149 add_time= 0.000067270
2550 0.000055996 2550 0.000013921 add_time= 0.000086733
2500 0.000050001 2500 0.000006639 add_time= 0.000072472
2750 0.000046863 2750 0.000014253 add_time= 0.000078021
2750 0.000440689 2750 0.000009082 add_time= 0.000502394
2860 0.000071243 2860 0.000006361 add_time= 0.000095939
2750 0.000325805 2750 0.000005790 add_time= 0.000346474
2750 0.000028762 2750 0.000014709 add_time= 0.000060320
2500 0.000130618 2500 0.000025433 add_time= 0.000173104
2601 0.000204769 2601 0.000006605 add_time= 0.000226081
2750 0.000069223 2750 0.000006701 add_time= 0.000099685
2500 0.000123255 2500 0.000006717 add_time= 0.000147695
2500 0.000156429 2500 0.000006784 add_time= 0.000178938
2600 0.000005971 2600 0.000014469 add_time= 0.000043625
2500 0.000070921 2500 0.000006953 add_time= 0.000094746
2500 0.000038313 2500 0.000006787 add_time= 0.000059832
2750 0.000031056 2750 0.000006904 add_time= 0.000053073
1325 0.000171939 1325 0.000006409 add_time= 0.000193437
2600 0.000091948 2600 0.000006231 add_time= 0.000113485
2860 0.000077989 2860 0.000007290 add_time= 0.000103579
2970 0.000075099 2970 0.000006235 add_time= 0.000096364
2601 0.000127084 2601 0.000018096 add_time= 0.000160063
2700 0.000046454 2700 0.000006365 add_time= 0.000067720
1250 0.000545970 1250 0.000005541 add_time= 0.000563208
2500 0.000006712 2500 0.000009054 add_time= 0.000060203
2756 0.000031208 2756 0.000007420 add_time= 0.000067305
2970 0.000059695 2970 0.000034856 add_time= 0.000135146
2550 0.000068883 2550 0.000008176 add_time= 0.000103126
2808 0.000030855 2808 0.000007077 add_time= 0.000064861
1375 0.000004948 1375 0.000010678 add_time= 0.000048883
2550 0.000223732 2550 0.000007051 add_time= 0.000255967
2500 0.000050734 2500 0.000006698 add_time= 0.000073181
1375 0.000012979 1375 0.000028473 add_time= 0.000053351
2500 0.000037774 2500 0.000006889 add_time= 0.000060266
2750 0.000039265 2750 0.000006355 add_time= 0.000063107
2550 0.000164234 2550 0.000007744 add_time= 0.000187852
1250 0.000147705 1250 0.000005627 add_time= 0.000166151
2500 0.000054822 2500 0.000006575 add_time= 0.000076360
2750 0.000042347 2750 0.000006312 add_time= 0.000066022
2750 0.000041675 2750 0.000006712 add_time= 0.000072099
2805 0.000045345 2805 0.000005749 add_time= 0.000064417
2550 0.000052786 2550 0.000006069 add_time= 0.000071922
2750 0.000033798 2750 0.000006782 add_time= 0.000055928
2700 0.000065883 2700 0.000006548 add_time= 0.000088180
2500 0.000046086 2500 0.000006478 add_time= 0.000067521
1250 0.000012315 1250 0.000011610 add_time= 0.000036599
1375 0.000038786 1375 0.000005806 add_time= 0.000056032
2550 0.000068540 2550 0.000006323 add_time= 0.000090258
2550 0.000045924 2550 0.000007156 add_time= 0.000068279
2750 0.000078226 2750 0.000007013 add_time= 0.000101595
2600 0.000091523 2600 0.000005923 add_time= 0.000111068
2600 0.000023332 2600 0.000013295 add_time= 0.000052036
2550 0.000098314 2550 0.000006834 add_time= 0.000120797
2601 0.000049971 2601 0.000006632 add_time= 0.000086180
2500 0.000032076 2500 0.000014497 add_time= 0.000061402
2750 0.000501982 2750 0.000006469 add_time= 0.000535077
2704 0.000040611 2704 0.000006534 add_time= 0.000061125
2650 0.000022634 2650 0.000014189 add_time= 0.000051756
2550 0.000062818 2550 0.000006333 add_time= 0.000083815
2700 0.000164910 2700 0.000007009 add_time= 0.000185873
2750 0.000517366 2750 0.000006668 add_time= 0.000540022
2915 0.000140830 2915 0.000007110 add_time= 0.000162838
2805 0.000040867 2805 0.000014236 add_time= 0.000068948
2805 0.000038072 2805 0.000005678 add_time= 0.000057073
2750 0.000241989 2750 0.000006494 add_time= 0.000262155
2704 0.000077812 2704 0.000007429 add_time= 0.000100567
2550 0.000069633 2550 0.000005330 add_time= 0.000087810
2550 0.000014484 2550 0.000013861 add_time= 0.000041518
2805 0.000141101 2805 0.000006211 add_time= 0.000168559
2750 0.000059413 2750 0.000005393 add_time= 0.000077844
1250 0.000040185 1250 0.000005017 add_time= 0.000055811
2650 0.000149824 2650 0.000006072 add_time= 0.000181989
2600 0.000073373 2600 0.000009378 add_time= 0.000096089
1375 0.000011757 1375 0.000008374 add_time= 0.000031424
2500 0.000022580 2500 0.000011913 add_time= 0.000055279
2601 0.000086874 2601 0.000011733 add_time= 0.000112269
2750 0.000163716 2750 0.000006075 add_time= 0.000183982
2703 0.000216929 2703 0.000006226 add_time= 0.000237826
2550 0.000046959 2550 0.000005346 add_time= 0.000065446
2500 0.000022715 2500 0.000014064 add_time= 0.000049493
2500 0.000051357 2500 0.000005422 add_time= 0.000069394
2700 0.000039489 2700 0.000005693 add_time= 0.000057804
1375 0.000043638 1375 0.000005136 add_time= 0.000059716
2650 0.000559150 2650 0.000020266 add_time= 0.000601061
2500 0.000072012 2500 0.000006213 add_time= 0.000097714
2500 0.000046527 2500 0.000006980 add_time= 0.000070354
2601 0.000621805 2601 0.000006623 add_time= 0.000644376
1250 0.000405548 1250 0.000005125 add_time= 0.000431818
1250 0.000044460 1250 0.000006839 add_time= 0.000064840
2500 0.000124990 2500 0.000007199 add_time= 0.000150063
2750 0.000161664 2750 0.000006743 add_time= 0.000195976
2750 0.000007528 2750 0.000025571 add_time= 0.000050288
2750 0.000236645 2750 0.000006808 add_time= 0.000260671
2550 0.000094862 2550 0.000007100 add_time= 0.000118597
2700 0.000081384 2700 0.000005980 add_time= 0.000103011
1375 0.000034182 1375 0.000006067 add_time= 0.000055203
2650 0.000430180 2650 0.000009305 add_time= 0.000458248
2750 0.000039563 2750 0.000006815 add_time= 0.000063981
2750 0.000025433 2750 0.000014711 add_time= 0.000056569
2750 0.000096471 2750 0.000006362 add_time= 0.000119467
2808 0.000094925 2808 0.000006674 add_time= 0.000124126
2550 0.000093763 2550 0.000006855 add_time= 0.000117297
2704 0.000298984 2704 0.000007917 add_time= 0.000338283
2500 0.000007075 2500 0.000054146 add_time= 0.000078043
2500 0.000049876 2500 0.000006295 add_time= 0.000072396
2750 0.000162238 2750 0.000006859 add_time= 0.000185872
2500 0.000172383 2500 0.000006645 add_time= 0.000206807
2500 0.000152160 2500 0.000007218 add_time= 0.000175612
3025 0.000052267 3025 0.000006721 add_time= 0.000077021
2500 0.000072095 2500 0.000006946 add_time= 0.000094692
2500 0.000085394 2500 0.000007140 add_time= 0.000113638
625 0.000031208 625 0.000006162 add_time= 0.000062092
2500 0.000249933 2500 0.000007830 add_time= 0.000286196
3025 0.000067410 3025 0.000005734 add_time= 0.000086718
2500 0.000006978 2500 0.000019029 add_time= 0.000042218
2601 0.000167419 2601 0.000006746 add_time= 0.000191108
2652 0.000035708 2652 0.000006319 add_time= 0.000065958
2750 0.000425545 2750 0.000007283 add_time= 0.000449629
2860 0.000208048 2860 0.000008101 add_time= 0.000235520
2750 0.000215742 2750 0.000006953 add_time= 0.000251618
2550 0.000442234 2550 0.000006836 add_time= 0.000466087
2500 0.000207681 2500 0.000007000 add_time= 0.000232927
2550 0.000071087 2550 0.000013193 add_time= 0.000100411
2500 0.000157040 2500 0.000007027 add_time= 0.000181109
2860 0.000051929 2860 0.000006617 add_time= 0.000075571
2650 0.000006456 2650 0.000036231 add_time= 0.000056587
2550 0.000074828 2550 0.000007234 add_time= 0.000103768
2700 0.000138257 2700 0.000007074 add_time= 0.000161538
1250 0.000044826 1250 0.000005706 add_time= 0.000071212
2860 0.000144911 2860 0.000009201 add_time= 0.000207737
2500 0.000072383 2500 0.000007932 add_time= 0.000106881
2550 0.000085329 2550 0.000008921 add_time= 0.000122074
2550 0.000047511 2550 0.000008455 add_time= 0.000082670
1325 0.000039513 1325 0.000007742 add_time= 0.000077191
2650 0.000398758 2650 0.000007153 add_time= 0.000434596
2500 0.000055660 2500 0.000006599 add_time= 0.000078880
2601 0.000078176 2601 0.000006706 add_time= 0.000102089
2500 0.000063929 2500 0.000006346 add_time= 0.000086637
1250 0.000069363 1250 0.000007370 add_time= 0.000091562
2750 0.000420994 2750 0.000006877 add_time= 0.000446725
1375 0.000012359 1375 0.000010006 add_time= 0.000034360
2750 0.000044404 2750 0.000006894 add_time= 0.000067521
2750 0.000079825 2750 0.000007036 add_time= 0.000102836
2700 0.000101829 2700 0.000011137 add_time= 0.000127116
2500 0.000213374 2500 0.000018461 add_time= 0.000249131
2652 0.000039683 2652 0.000006350 add_time= 0.000061897
3025 0.000165332 3025 0.000007697 add_time= 0.000189912
2652 0.000068009 2652 0.000010103 add_time= 0.000093695
2500 0.000084638 2500 0.000007301 add_time= 0.000106712
2500 0.000139330 2500 0.000008406 add_time= 0.000163750
2500 0.000408544 2500 0.000012800 add_time= 0.000438934
2500 0.000073192 2500 0.000008227 add_time= 0.000105894
2970 0.000076317 2970 0.000007261 add_time= 0.000099952
1275 0.000081417 1275 0.000005881 add_time= 0.000100600
2550 0.000090971 2550 0.000007265 add_time= 0.000114253
2650 0.000189593 2650 0.000007670 add_time= 0.000217968
2808 0.000136119 2808 0.000006133 add_time= 0.000156918
2700 0.000088510 2700 0.000007258 add_time= 0.000113467
2750 0.000038662 2750 0.000017902 add_time= 0.000071072
2652 0.000042381 2652 0.000014881 add_time= 0.000084173
2970 0.000097110 2970 0.000006384 add_time= 0.000127486
1275 0.000048707 1275 0.000006076 add_time= 0.000068599
2500 0.000090053 2500 0.000022507 add_time= 0.000140486
2750 0.000060870 2750 0.000017178 add_time= 0.000102294
2500 0.000016175 2500 0.000015055 add_time= 0.000045587
2805 0.000076333 2805 0.000007048 add_time= 0.000108745
2750 0.000059422 2750 0.000007273 add_time= 0.000081547
1275 0.000074593 1275 0.000005382 add_time= 0.000091640
2500 0.000277207 2500 0.000007052 add_time= 0.000302192
2500 0.000106765 2500 0.000020800 add_time= 0.000142289
2650 0.000053020 2650 0.000006398 add_time= 0.000073667
2805 0.000101074 2805 0.000006356 add_time= 0.000121555
2750 0.000067810 2750 0.000006661 add_time= 0.000088542
2500 0.000143220 2500 0.000006563 add_time= 0.000167968
2500 0.000058547 2500 0.000005918 add_time= 0.000079385
2600 0.000110530 2600 0.000006746 add_time= 0.000155494
2650 0.000145219 2650 0.000007209 add_time= 0.000166755
2700 0.000066446 2700 0.000006235 add_time= 0.000086695
2500 0.000153660 2500 0.000015102 add_time= 0.000182739
2704 0.000155249 2704 0.000009830 add_time= 0.000182063
2860 0.000044809 2860 0.000006021 add_time= 0.000065949
2750 0.000102483 2750 0.000007043 add_time= 0.000131515
2650 0.000016892 2650 0.000015303 add_time= 0.000045797
2550 0.000070430 2550 0.000005974 add_time= 0.000090158
2915 0.000135911 2915 0.000006320 add_time= 0.000156490
2500 0.000313299 2500 0.000006838 add_time= 0.000337033
2750 0.000067121 2750 0.000010168 add_time= 0.000091652
2500 0.000062762 2500 0.000006376 add_time= 0.000082081
2750 0.000096479 2750 0.000005917 add_time= 0.000116814
2652 0.000084739 2652 0.000006637 add_time= 0.000104615
2862 0.000087522 2862 0.000006276 add_time= 0.000112917
2750 0.000102890 2750 0.000014192 add_time= 0.000131088
2750 0.000084725 2750 0.000008450 add_time= 0.000114313
2600 0.000097070 2600 0.000007572 add_time= 0.000119903
3025 0.000465071 3025 0.000008206 add_time= 0.000499691
2550 0.000221455 2550 0.000007485 add_time= 0.000246562
2500 0.000102624 2500 0.000006878 add_time= 0.000125664
2550 0.000079098 2550 0.000019201 add_time= 0.000115541
2500 0.000376988 2500 0.000006534 add_time= 0.000401269
2750 0.000323833 2750 0.000006849 add_time= 0.000347948
2500 0.000006944 2500 0.000014254 add_time= 0.000037899
2805 0.000204046 2805 0.000007979 add_time= 0.000236939
2550 0.000144749 2550 0.000007127 add_time= 0.000169730
2700 0.000097509 2700 0.000007641 add_time= 0.000122243
2500 0.000164541 2500 0.000005921 add_time= 0.000187969
2750 0.000239559 2750 0.000007378 add_time= 0.000263350
2500 0.000006194 2500 0.000014204 add_time= 0.000035681
2805 0.000257594 2805 0.000007826 add_time= 0.000303541
2550 0.000056927 2550 0.000006187 add_time= 0.000086104
2500 0.000079221 2500 0.000006652 add_time= 0.000112753
2500 0.000032510 2500 0.000019107 add_time= 0.000068843
2756 0.000241821 2756 0.000007029 add_time= 0.000266120
2500 0.000074318 2500 0.000006193 add_time= 0.000095770
2700 0.000094211 2700 0.000011269 add_time= 0.000120232
2550 0.000027552 2550 0.000005911 add_time= 0.000052653
2550 0.000034973 2550 0.000014649 add_time= 0.000066499
2805 0.000059816 2805 0.000006998 add_time= 0.000083721
2500 0.000438135 2500 0.000006849 add_time= 0.000463074
2805 0.000030723 2805 0.000013357 add_time= 0.000060743
2750 0.000035056 2750 0.000014107 add_time= 0.000065582
2805 0.000053431 2805 0.000006432 add_time= 0.000076251
3025 0.000034310 3025 0.000006685 add_time= 0.000058323
2500 0.000308281 2500 0.000006369 add_time= 0.000342676
2500 0.000134208 2500 0.000006826 add_time= 0.000156436
2550 0.000024999 2550 0.000013723 add_time= 0.000054826
2550 0.000166878 2550 0.000010722 add_time= 0.000193663
2550 0.000171872 2550 0.000007127 add_time= 0.000195350
2500 0.000399484 2500 0.000006553 add_time= 0.000422294
2500 0.000059085 2500 0.000022071 add_time= 0.000113899
2550 0.000258744 2550 0.000008015 add_time= 0.000283448
2700 0.000077539 2700 0.000008986 add_time= 0.000103591
1250 0.000045496 1250 0.000006401 add_time= 0.000065224
1250 0.000092367 1250 0.000005756 add_time= 0.000113935
2500 0.000090970 2500 0.000006575 add_time= 0.000114573
2550 0.000007256 2550 0.000029546 add_time= 0.000052521
2500 0.000073529 2500 0.000006240 add_time= 0.000094181
2970 0.000082838 2970 0.000007320 add_time= 0.000107873
2500 0.000158197 2500 0.000007173 add_time= 0.000181884
2500 0.000420861 2500 0.000013508 add_time= 0.000499503
2600 0.000073351 2600 0.000008123 add_time= 0.000110762
2750 0.000076054 2750 0.000039399 add_time= 0.000144401
2750 0.000033853 2750 0.000007597 add_time= 0.000067932
2550 0.000056629 2550 0.000007887 add_time= 0.000096334
2970 0.000006172 2970 0.000009243 add_time= 0.000047607
1250 0.000036540 1250 0.000007920 add_time= 0.000071306
2652 0.000229907 2652 0.000005906 add_time= 0.000262888
2550 0.000074469 2550 0.000005531 add_time= 0.000101937
2805 0.000124105 2805 0.000006593 add_time= 0.000147562
2600 0.000067219 2600 0.000006612 add_time= 0.000090125
2750 0.000029492 2750 0.000006748 add_time= 0.000061572
2500 0.000440626 2500 0.000006195 add_time= 0.000463296
2805 0.000060581 2805 0.000006730 add_time= 0.000082872
2500 0.000014957 2500 0.000014322 add_time= 0.000045192
2550 0.000025393 2550 0.000007548 add_time= 0.000059644
2500 0.000108236 2500 0.000006981 add_time= 0.000130485
2750 0.000226995 2750 0.000006573 add_time= 0.000251071
2750 0.000046425 2750 0.000006075 add_time= 0.000067743
2500 0.000015538 2500 0.000012848 add_time= 0.000043243
2652 0.000027443 2652 0.000006614 add_time= 0.000056441
2970 0.000081857 2970 0.000006907 add_time= 0.000111649
1275 0.000055760 1275 0.000005056 add_time= 0.000082171
2550 0.000288992 2550 0.000018016 add_time= 0.000322877
2500 0.000079834 2500 0.000006341 add_time= 0.000102636
2500 0.000015653 2500 0.000022563 add_time= 0.000052773
2703 0.000048881 2703 0.000006390 add_time= 0.000069244
2860 0.000054533 2860 0.000007032 add_time= 0.000076077
1250 0.000261737 1250 0.000005697 add_time= 0.000280659
2550 0.000130991 2550 0.000007184 add_time= 0.000154389
2750 0.000016066 2750 0.000013946 add_time= 0.000052174
2750 0.000068702 2750 0.000006522 add_time= 0.000088926
2550 0.000054264 2550 0.000006380 add_time= 0.000073714
2756 0.000092885 2756 0.000006372 add_time= 0.000115174
2750 0.000041444 2750 0.000007071 add_time= 0.000064143
2750 0.000062585 2750 0.000006641 add_time= 0.000102930
2601 0.000067879 2601 0.000005671 add_time= 0.000087744
2754 0.000038935 2754 0.000006185 add_time= 0.000058626
2750 0.000163361 2750 0.000006047 add_time= 0.000186243
2750 0.000109872 2750 0.000006889 add_time= 0.000132408
2750 0.000094221 2750 0.000006303 add_time= 0.000116412
2805 0.000117091 2805 0.000006417 add_time= 0.000142887
2500 0.000063569 2500 0.000006122 add_time= 0.000083778
1250 0.000078082 1250 0.000023216 add_time= 0.000112921
2550 0.000147725 2550 0.000006509 add_time= 0.000170441
2550 0.000201573 2550 0.000006168 add_time= 0.000223640
2500 0.000015322 2500 0.000023311 add_time= 0.000052765
2550 0.000125349 2550 0.000006479 add_time= 0.000145904
2500 0.000138601 2500 0.000006910 add_time= 0.000167816
2500 0.000300636 2500 0.000006239 add_time= 0.000322848
3025 0.000057492 3025 0.000009822 add_time= 0.000082634
2500 0.000014222 2500 0.000013815 add_time= 0.000041668
2550 0.000312033 2550 0.000006552 add_time= 0.000340704
2750 0.000051641 2750 0.000006756 add_time= 0.000072510
2650 0.000223213 2650 0.000006449 add_time= 0.000245885
2500 0.000134585 2500 0.000006143 add_time= 0.000154556
2500 0.000031051 2500 0.000019956 add_time= 0.000064909
2652 0.000113342 2652 0.000006901 add_time= 0.000133837
2500 0.000021137 2500 0.000006039 add_time= 0.000045774
2650 0.000151903 2650 0.000006276 add_time= 0.000174556
2805 0.000049339 2805 0.000006193 add_time= 0.000074939
2600 0.000015666 2600 0.000031469 add_time= 0.000062144
2703 0.000032384 2703 0.000006289 add_time= 0.000052961
2750 0.000028841 2750 0.000006094 add_time= 0.000049080
2500 0.000474005 2500 0.000008575 add_time= 0.000510083
2500 0.001852106 2500 0.000007227 add_time= 0.001876247
2805 0.000289289 2805 0.000014389 add_time= 0.000321505
2650 0.000053855 2650 0.000006758 add_time= 0.000075749
2750 0.000106307 2750 0.000007118 add_time= 0.000130501
2500 0.000275310 2500 0.000006844 add_time= 0.000308941
2750 0.000027503 2750 0.000006795 add_time= 0.000050397
2650 0.000006118 2650 0.000022099 add_time= 0.000042900
2750 0.000064316 2750 0.000006639 add_time= 0.000087692
2754 0.000077218 2754 0.000006985 add_time= 0.000105249
2805 0.000056706 2805 0.000014332 add_time= 0.000087079
2600 0.000366269 2600 0.000009222 add_time= 0.000393456
2700 0.000078260 2700 0.000007333 add_time= 0.000102875
2550 0.000224311 2550 0.000015091 add_time= 0.000256083
2601 0.000064816 2601 0.000005902 add_time= 0.000086207
2750 0.000157404 2750 0.000014382 add_time= 0.000186654
2500 0.000077417 2500 0.000006553 add_time= 0.000099403
2650 0.000190026 2650 0.000007197 add_time= 0.000215728
3025 0.000305107 3025 0.000007760 add_time= 0.000330998
2500 0.000006810 2500 0.000024340 add_time= 0.000054947
2550 0.000080644 2550 0.000006402 add_time= 0.000103357
2750 0.000098821 2750 0.000006650 add_time= 0.000130779
2500 0.000518296 2500 0.000006394 add_time= 0.000553118
2550 0.000061827 2550 0.000007009 add_time= 0.000085644
2750 0.000099840 2750 0.000007289 add_time= 0.000123971
2700 0.000061213 2700 0.000006322 add_time= 0.000083268
1275 0.000097421 1275 0.000017893 add_time= 0.000128438
2915 0.000354339 2915 0.000008383 add_time= 0.000393418
2652 0.000194098 2652 0.000006490 add_time= 0.000216842
2500 0.000039463 2500 0.000006558 add_time= 0.000065204
3025 0.000054257 3025 0.000018703 add_time= 0.000091424
2600 0.000063708 2600 0.000006189 add_time= 0.000085961
2805 0.000312383 2805 0.000026101 add_time= 0.000355009
3025 0.000377112 3025 0.000008517 add_time= 0.000403637
1250 0.000077812 1250 0.000005994 add_time= 0.000095729
2500 0.000297620 2500 0.000009400 add_time= 0.000324214
2500 0.000094518 2500 0.000005905 add_time= 0.000115104
2600 0.000006749 2600 0.000012435 add_time= 0.000032992
2652 0.000182153 2652 0.000005361 add_time= 0.000201679
2700 0.000254754 2700 0.000007097 add_time= 0.000279022
2500 0.000197155 2500 0.000006505 add_time= 0.000221486
2500 0.000034077 2500 0.000006575 add_time= 0.000057351
2750 0.000045061 2750 0.000006861 add_time= 0.000069737
2600 0.000087295 2600 0.000006689 add_time= 0.000110789
1375 0.000030573 1375 0.000006212 add_time= 0.000051355
1250 0.000086877 1250 0.000007466 add_time= 0.000166453
1375 0.000036931 1375 0.000007243 add_time= 0.000085385
3025 0.000043384 3025 0.000008360 add_time= 0.000086259
1275 0.000030723 1275 0.000007650 add_time= 0.000074586
2500 0.000086860 2500 0.000007366 add_time= 0.000131562
2550 0.000139008 2550 0.000005971 add_time= 0.000162650
2805 0.000056419 2805 0.000006786 add_time= 0.000080109
1250 0.000026836 1250 0.000005586 add_time= 0.000045818
2650 0.000049415 2650 0.000006715 add_time= 0.000071305
2808 0.000137462 2808 0.000007183 add_time= 0.000167924
1375 0.000021013 1375 0.000012151 add_time= 0.000046789
2750 0.000284643 2750 0.000012933 add_time= 0.000324290
2750 0.000057211 2750 0.000013138 add_time= 0.000084606
2500 0.000055192 2500 0.000006294 add_time= 0.000074275
2750 0.000044710 2750 0.000007168 add_time= 0.000067890
2703 0.000325800 2703 0.000005956 add_time= 0.000345652
2550 0.000149094 2550 0.000006556 add_time= 0.000171273
2600 0.000232248 2600 0.000006511 add_time= 0.000262608
2704 0.000034658 2704 0.000006841 add_time= 0.000055731
3025 0.000062383 3025 0.000006686 add_time= 0.000085371
2500 0.000097228 2500 0.000006758 add_time= 0.000119432
2700 0.000070629 2700 0.000006571 add_time= 0.000092932
2500 0.000136035 2500 0.000006562 add_time= 0.000158176
2500 0.000077144 2500 0.000005829 add_time= 0.000097655
2550 0.000035489 2550 0.000013524 add_time= 0.000064210
2500 0.000147004 2500 0.000006613 add_time= 0.000168716
2700 0.000043101 2700 0.000006472 add_time= 0.000064910
625 0.000222068 625 0.000006340 add_time= 0.000238446
2500 0.000122682 2500 0.000006608 add_time= 0.000154877
2860 0.000030214 2860 0.000006444 add_time= 0.000051406
2550 0.000083935 2550 0.000006607 add_time= 0.000111902
2600 0.000039422 2600 0.000005937 add_time= 0.000063081
1250 0.000174454 1250 0.000005244 add_time= 0.000190584
2500 0.000077157 2500 0.000006887 add_time= 0.000098805
2600 0.000080017 2600 0.000006249 add_time= 0.000099475
2750 0.000013013 2750 0.000013533 add_time= 0.000040104
2500 0.000154993 2500 0.000005938 add_time= 0.000173914
2600 0.000129654 2600 0.000012559 add_time= 0.000155059
1375 0.000133118 1375 0.000005703 add_time= 0.000149681
2600 0.000443459 2600 0.000006323 add_time= 0.000464411
3025 0.000032028 3025 0.000006295 add_time= 0.000052331
2500 0.000027535 2500 0.000005687 add_time= 0.000051380
2805 0.000053539 2805 0.000005538 add_time= 0.000071873
2700 0.000066497 2700 0.000005818 add_time= 0.000085692
1375 0.000099367 1375 0.000005531 add_time= 0.000115469
1250 0.000191627 1250 0.000006332 add_time= 0.000209882
2600 0.000089399 2600 0.000006047 add_time= 0.000108925
2500 0.000014711 2500 0.000013188 add_time= 0.000041103
2750 0.000162989 2750 0.000006116 add_time= 0.000182209
2750 0.000081271 2750 0.000005700 add_time= 0.000099971
2805 0.000030394 2805 0.000006337 add_time= 0.000049904
2550 0.000067358 2550 0.000006311 add_time= 0.000086568
2550 0.000166533 2550 0.000006156 add_time= 0.000185452
2600 0.000202536 2600 0.000006075 add_time= 0.000223070
1250 0.000046024 1250 0.000005012 add_time= 0.000061891
3025 0.000052119 3025 0.000006601 add_time= 0.000073482
2550 0.000030193 2550 0.000006025 add_time= 0.000049155
2500 0.000158812 2500 0.000006950 add_time= 0.000178808
2500 0.000158901 2500 0.000006126 add_time= 0.000179672
2652 0.000034923 2652 0.000010882 add_time= 0.000059370
2970 0.000015276 2970 0.000020739 add_time= 0.000049378
2550 0.000055847 2550 0.000006275 add_time= 0.000075051
2550 0.000109951 2550 0.000005949 add_time= 0.000128582
2550 0.000055984 2550 0.000005557 add_time= 0.000074784
2550 0.000253727 2550 0.000014566 add_time= 0.000283031
2500 0.000026808 2500 0.000006501 add_time= 0.000046630
2805 0.000072682 2805 0.000006962 add_time= 0.000103737
2805 0.000044801 2805 0.000006578 add_time= 0.000065104
1325 0.000374302 1325 0.000005760 add_time= 0.000391278
2550 0.000671204 2550 0.000009515 add_time= 0.000704649
2805 0.000153663 2805 0.000014396 add_time= 0.000185445
2750 0.000019164 2750 0.000033079 add_time= 0.000080706
2550 0.000238828 2550 0.000010234 add_time= 0.000275321
2550 0.000349325 2550 0.000006148 add_time= 0.000370453
2550 0.000067594 2550 0.000006613 add_time= 0.000088820
2650 0.000442134 2650 0.000007214 add_time= 0.000467079
2750 0.000141170 2750 0.000007620 add_time= 0.000166060
2750 0.000006052 2750 0.000025726 add_time= 0.000047275
1375 0.000185299 1375 0.000006147 add_time= 0.000205418
2500 0.000140965 2500 0.000006537 add_time= 0.000163422
2600 0.000151536 2600 0.000007046 add_time= 0.000175040
2500 0.000207627 2500 0.000006890 add_time= 0.000230192
2600 0.000200838 2600 0.000007068 add_time= 0.000234790
2860 0.000040568 2860 0.000006754 add_time= 0.000064694
2550 0.000255084 2550 0.000007999 add_time= 0.000279253
2915 0.000043113 2915 0.000006668 add_time= 0.000066501
2500 0.000233962 2500 0.000006838 add_time= 0.000274701
2500 0.000006942 2500 0.000022803 add_time= 0.000045780
2550 0.000227577 2550 0.000008626 add_time= 0.000252503
2600 0.000075475 2600 0.000006194 add_time= 0.000096689
2750 0.000060928 2750 0.000006773 add_time= 0.000082649
1250 0.000115825 1250 0.000005260 add_time= 0.000132806
2650 0.000331759 2650 0.000020589 add_time= 0.000369290
2970 0.000076752 2970 0.000021818 add_time= 0.000116148
2750 0.000047174 2750 0.000006860 add_time= 0.000070394
2805 0.000041678 2805 0.000010021 add_time= 0.000068211
2970 0.000062898 2970 0.000018402 add_time= 0.000097333
2500 0.000155443 2500 0.000006491 add_time= 0.000194626
2500 0.000183074 2500 0.000006487 add_time= 0.000209963
2500 0.000082705 2500 0.000014216 add_time= 0.000112765
2754 0.000187510 2754 0.000010613 add_time= 0.000218393
2500 0.000082049 2500 0.000006814 add_time= 0.000105060
2704 0.000185061 2704 0.000006746 add_time= 0.000209345
2500 0.000081531 2500 0.000011707 add_time= 0.000109352
2500 0.000005613 2500 0.000012987 add_time= 0.000032936
2500 0.000061753 2500 0.000006706 add_time= 0.000084896
2550 0.000100178 2550 0.000006989 add_time= 0.000131757
1275 0.000062367 1275 0.000010196 add_time= 0.000086172
2750 0.000097045 2750 0.000006527 add_time= 0.000121849
2860 0.000124734 2860 0.000007877 add_time= 0.000149875
2500 0.000018351 2500 0.000025514 add_time= 0.000057973
2550 0.000114120 2550 0.000006962 add_time= 0.000135546
2700 0.000054658 2700 0.000007156 add_time= 0.000087035
2500 0.000041130 2500 0.000005719 add_time= 0.000061212
2703 0.000080424 2703 0.000009053 add_time= 0.000130402
2600 0.000050520 2600 0.000007895 add_time= 0.000081748
2500 0.000060440 2500 0.000025838 add_time= 0.000108768
2550 0.000075579 2550 0.000007792 add_time= 0.000108114
2750 0.000039213 2750 0.000007966 add_time= 0.000074175
1250 0.000062136 1250 0.000007161 add_time= 0.000095952
2700 0.000327447 2700 0.000017858 add_time= 0.000379394
2600 0.000101429 2600 0.000006650 add_time= 0.000134049
3025 0.000055832 3025 0.000006327 add_time= 0.000093201
1275 0.000051931 1275 0.000005168 add_time= 0.000085501
2750 0.000076482 2750 0.000007557 add_time= 0.000139651
2756 0.000065934 2756 0.000008439 add_time= 0.000090002
2600 0.000093234 2600 0.000007086 add_time= 0.000116018
2750 0.000024698 2750 0.000017016 add_time= 0.000057299
2754 0.000112871 2754 0.000007594 add_time= 0.000135706
2500 0.000074905 2500 0.000007615 add_time= 0.000096966
1375 0.000034740 1375 0.000006544 add_time= 0.000053737
2860 0.000337156 2860 0.000013694 add_time= 0.000367307
2750 0.000217994 2750 0.000007502 add_time= 0.000240841
3025 0.000064690 3025 0.000007270 add_time= 0.000087348
2550 0.000052568 2550 0.000007059 add_time= 0.000074563
1325 0.000078451 1325 0.000009695 add_time= 0.000111559
2750 0.000145570 2750 0.000009449 add_time= 0.000171312
2750 0.000120233 2750 0.000007230 add_time= 0.000142515
2750 0.000016630 2750 0.000016099 add_time= 0.000048243
2550 0.000065132 2550 0.000013377 add_time= 0.000094136
1350 0.000091039 1350 0.000006357 add_time= 0.000110228
2750 0.000119896 2750 0.000006395 add_time= 0.000140074
2500 0.000181319 2500 0.000006957 add_time= 0.000203614
2750 0.000098604 2750 0.000008381 add_time= 0.000132911
2915 0.000273218 2915 0.000010129 add_time= 0.000308308
2550 0.000145334 2550 0.000014171 add_time= 0.000184697
2600 0.000054457 2600 0.000006303 add_time= 0.000075269
2600 0.000085847 2600 0.000007443 add_time= 0.000116536
2500 0.000099804 2500 0.000007224 add_time= 0.000122415
2500 0.000076441 2500 0.000007831 add_time= 0.000099820
2550 0.000018770 2550 0.000014841 add_time= 0.000048926
2500 0.000063064 2500 0.000006565 add_time= 0.000083403
2750 0.000121517 2750 0.000006011 add_time= 0.000140978
2650 0.000396003 2650 0.000007048 add_time= 0.000418186
2915 0.000197356 2915 0.000007023 add_time= 0.000219412
2550 0.000014489 2550 0.000026650 add_time= 0.000053798
2601 0.000095641 2601 0.000006861 add_time= 0.000115869
2600 0.000104566 2600 0.000017052 add_time= 0.000141104
2750 0.000078392 2750 0.000006962 add_time= 0.000109496
2500 0.000107643 2500 0.000008432 add_time= 0.000139446
2750 0.000147808 2750 0.000014214 add_time= 0.000176998
3025 0.000081942 3025 0.000009558 add_time= 0.000107357
2600 0.000095527 2600 0.000006822 add_time= 0.000117157
2550 0.000067747 2550 0.000018068 add_time= 0.000099525
2704 0.000109396 2704 0.000006471 add_time= 0.000131443
2500 0.000176920 2500 0.000006945 add_time= 0.000209249
2652 0.000094668 2652 0.000007294 add_time= 0.000116013
2805 0.000087410 2805 0.000016664 add_time= 0.000117831
2750 0.000108504 2750 0.000006105 add_time= 0.000127412
2500 0.000091073 2500 0.000006524 add_time= 0.000110623
2750 0.000088948 2750 0.000007162 add_time= 0.000111667
2756 0.000073474 2756 0.000008643 add_time= 0.000095980
2860 0.000166335 2860 0.000006355 add_time= 0.000186264
2805 0.000090330 2805 0.000006035 add_time= 0.000109884
2808 0.000148053 2808 0.000009007 add_time= 0.000179186
2700 0.000102396 2700 0.000013614 add_time= 0.000128982
2750 0.000349595 2750 0.000007341 add_time= 0.000372696
2652 0.000055146 2652 0.000006615 add_time= 0.000075186
2805 0.000016196 2805 0.000016519 add_time= 0.000050956
2500 0.000083284 2500 0.000006197 add_time= 0.000102102
2754 0.000091958 2754 0.000014746 add_time= 0.000119839
2500 0.000077351 2500 0.000006567 add_time= 0.000097382
1325 0.000060801 1325 0.000008157 add_time= 0.000079531
2700 0.000714659 2700 0.000011362 add_time= 0.000750138
2500 0.000256014 2500 0.000007510 add_time= 0.000309520
2860 0.000316355 2860 0.000007265 add_time= 0.000341251
2601 0.000313253 2601 0.000006608 add_time= 0.000336162
2700 0.000033799 2700 0.000006299 add_time= 0.000054762
1250 0.000056714 1250 0.000007257 add_time= 0.000078493
2650 0.000407258 2650 0.000007031 add_time= 0.000433309
2750 0.000061905 2750 0.000006768 add_time= 0.000085402
2500 0.000007056 2500 0.000022350 add_time= 0.000045385
2754 0.000283980 2754 0.000006836 add_time= 0.000314110
2750 0.000067736 2750 0.000010351 add_time= 0.000103657
1250 0.000252820 1250 0.000006372 add_time= 0.000273681
2550 0.000044350 2550 0.000006295 add_time= 0.000067070
2700 0.000007256 2700 0.000037752 add_time= 0.000061387
3025 0.000092590 3025 0.000007252 add_time= 0.000116772
2652 0.000069895 2652 0.000006648 add_time= 0.000101171
2700 0.000020376 2700 0.000006844 add_time= 0.000042740
1300 0.000091377 1300 0.000019962 add_time= 0.000125076
2700 0.000168985 2700 0.000007261 add_time= 0.000194675
2550 0.000231723 2550 0.000006781 add_time= 0.000265815
2500 0.000166167 2500 0.000008981 add_time= 0.000192205
2650 0.000076497 2650 0.000009886 add_time= 0.000103020
2500 0.000109637 2500 0.000006203 add_time= 0.000130636
