2750 0.000817822 2750 0.000035439 add_time= 0.002128430
2500 0.000027445 2500 0.000007924 add_time= 0.000052110
2500 0.000047034 2500 0.000007178 add_time= 0.000070358
2756 0.000151871 2756 0.000008506 add_time= 0.000181376
2750 0.000167976 2750 0.000006935 add_time= 0.000195104
3025 0.000052190 3025 0.000006341 add_time= 0.000075608
3025 0.000076996 3025 0.000023072 add_time= 0.000172032
2750 0.000008320 2750 0.000028213 add_time= 0.000053714
3025 0.000170238 3025 0.000007302 add_time= 0.000194408
2915 0.000118188 2915 0.000012127 add_time= 0.000151934
2970 0.000007805 2970 0.000027246 add_time= 0.000051924
1300 0.000254443 1300 0.000008296 add_time= 0.000282644
2600 0.000549092 2600 0.000010929 add_time= 0.000605524
2550 0.000069231 2550 0.000006792 add_time= 0.000092017
1350 0.000045799 1350 0.000006602 add_time= 0.000066950
2500 0.000109051 2500 0.000007773 add_time= 0.000136750
3025 0.000008469 3025 0.000023929 add_time= 0.000063497
2750 0.000326067 2750 0.000036324 add_time= 0.000385214
2700 0.000427389 2700 0.000007445 add_time= 0.000455926
2550 0.000070976 2550 0.000006611 add_time= 0.000093264
1250 0.002704498 1250 0.000006915 add_time= 0.002726773
2750 0.000315952 2750 0.000022054 add_time= 0.000462585
2550 0.000124999 2550 0.000008513 add_time= 0.000160133
2860 0.000162269 2860 0.000015074 add_time= 0.001888810
2652 0.000133352 2652 0.000009306 add_time= 0.000158637
2704 0.000359859 2704 0.000009576 add_time= 0.000390778
2805 0.000122499 2805 0.000006907 add_time= 0.000153446
2862 0.000109583 2862 0.000006417 add_time= 0.000130263
2600 0.000177605 2600 0.000010540 add_time= 0.000235460
2750 0.000027039 2750 0.000027831 add_time= 0.000070080
2805 0.000054338 2805 0.000008569 add_time= 0.000079084
2500 0.000112692 2500 0.000009696 add_time= 0.000143967
2805 0.000212189 2805 0.000007376 add_time= 0.000236266
2700 0.000138891 2700 0.000007322 add_time= 0.000161973
2750 0.000173274 2750 0.000006927 add_time= 0.000196091
2500 0.000275856 2500 0.000020685 add_time= 0.000324861
2750 0.000024014 2750 0.000017863 add_time= 0.000070910
2500 0.000128506 2500 0.000008914 add_time= 0.000153053
2805 0.000083304 2805 0.000009717 add_time= 0.000118030
2750 0.000083765 2750 0.000016374 add_time= 0.000116373
2700 0.000455657 2700 0.000006740 add_time= 0.000478208
2550 0.000207214 2550 0.000016210 add_time= 0.000248437
3025 0.000029141 3025 0.000076469 add_time= 0.000123460
1375 0.000073421 1375 0.000007453 add_time= 0.000095381
2550 0.000019134 2550 0.000016004 add_time= 0.000158498
2550 0.000064110 2550 0.000008452 add_time= 0.000105562
2750 0.000036808 2750 0.000009263 add_time= 0.000075892
2750 0.000012037 2750 0.000035456 add_time= 0.000106142
