2704 0.000298744 2704 0.000014684 add_time= 0.001886169
2550 0.000034923 2550 0.000007931 add_time= 0.000060189
2700 0.000060226 2700 0.000008204 add_time= 0.000090083
2500 0.000011970 2500 0.000222866 add_time= 0.000265700
2700 0.000069975 2700 0.000007993 add_time= 0.000094325
2750 0.000205052 2750 0.000009765 add_time= 0.000259841
2600 0.000187216 2600 0.000007407 add_time= 0.000210619
2860 0.000141602 2860 0.000007176 add_time= 0.000172303
1375 0.000007282 1375 0.000023369 add_time= 0.000100540
2550 0.000077971 2550 0.000006986 add_time= 0.000110725
2860 0.000145802 2860 0.000013999 add_time= 0.000202451
2500 0.000139657 2500 0.000007304 add_time= 0.000171917
2750 0.000062542 2750 0.000007450 add_time= 0.000084358
2500 0.000008634 2500 0.000075849 add_time= 0.000114939
2550 0.000075114 2550 0.000008217 add_time= 0.000100408
2600 0.000017733 2600 0.000139461 add_time= 0.000183805
2805 0.000228274 2805 0.000014597 add_time= 0.000260997
1375 0.002515072 1375 0.000007419 add_time= 0.002537939
2750 0.000348448 2750 0.000027600 add_time= 0.000536152
2970 0.000071395 2970 0.000025257 add_time= 0.000141076
2700 0.000065577 2700 0.000007845 add_time= 0.000112002
2600 0.000215951 2600 0.000014235 add_time= 0.001684884
1250 0.000013518 1250 0.000014959 add_time= 0.000042993
2500 0.000164634 2500 0.000008326 add_time= 0.000188751
2750 0.000512389 2750 0.000007920 add_time= 0.000540716
3025 0.000019518 3025 0.000038774 add_time= 0.000075575
2700 0.000087949 2700 0.000006801 add_time= 0.000110330
2550 0.000631347 2550 0.000021424 add_time= 0.000688349
2750 0.000316655 2750 0.000008571 add_time= 0.000342706
2500 0.000198206 2500 0.000007408 add_time= 0.000229877
2600 0.000545008 2600 0.000007663 add_time= 0.000574016
2805 0.000061916 2805 0.000007462 add_time= 0.000086185
2550 0.000359262 2550 0.000006996 add_time= 0.000390445
2500 0.000302330 2500 0.000014068 add_time= 0.000365760
2550 0.000319853 2550 0.000008429 add_time= 0.000348751
2500 0.000302359 2500 0.000011180 add_time= 0.000338734
2550 0.000192046 2550 0.000013272 add_time= 0.000224747
2600 0.000284992 2600 0.000007898 add_time= 0.000346823
2915 0.000019478 2915 0.000025177 add_time= 0.000075251
2700 0.000133124 2700 0.000007705 add_time= 0.000172255
2550 0.000179393 2550 0.000009974 add_time= 0.000289747
2500 0.000140811 2500 0.000033405 add_time= 0.000216480
1250 0.000092150 1250 0.000018519 add_time= 0.000158138
2860 0.000086201 2860 0.000015185 add_time= 0.001176750
2500 0.000051525 2500 0.000006083 add_time= 0.000074156
2650 0.000079578 2650 0.000005930 add_time= 0.000099618
2650 0.000096594 2650 0.000005893 add_time= 0.000116610
2700 0.000050948 2700 0.000005708 add_time= 0.000070525
2700 0.000034387 2700 0.000008291 add_time= 0.000058549
1375 0.000123702 1375 0.000006537 add_time= 0.000145083
2500 0.000028674 2500 0.000006820 add_time= 0.000052339
2600 0.000049666 2600 0.000005994 add_time= 0.000070489
2970 0.000048611 2970 0.000007557 add_time= 0.000073660
2550 0.000073779 2550 0.000006725 add_time= 0.000096647
2700 0.000084032 2700 0.000006922 add_time= 0.000107125
1250 0.000101364 1250 0.000005824 add_time= 0.000121198
2704 0.000093513 2704 0.000010044 add_time= 0.000134724
2750 0.000107307 2750 0.000009834 add_time= 0.000145738
2750 0.000123137 2750 0.000007275 add_time= 0.000146387
2550 0.000082155 2550 0.000007198 add_time= 0.000113096
2550 0.000008274 2550 0.000027012 add_time= 0.000052211
2750 0.000085586 2750 0.000007170 add_time= 0.000110089
2750 0.000115959 2750 0.000018707 add_time= 0.000151611
2550 0.000101848 2550 0.000006821 add_time= 0.000130475
2750 0.000060140 2750 0.000007215 add_time= 0.000083725
3025 0.000055093 3025 0.000007629 add_time= 0.000080197
2805 0.000106312 2805 0.000006876 add_time= 0.000137005
2750 0.000173348 2750 0.000008059 add_time= 0.000204936
2500 0.000118641 2500 0.000006538 add_time= 0.000140051
2550 0.000241179 2550 0.000007418 add_time= 0.000275890
2805 0.000045719 2805 0.000036435 add_time= 0.000112595
1250 0.000286929 1250 0.000013786 add_time= 0.000313436
2754 0.000241688 2754 0.000006952 add_time= 0.000263565
2750 0.000014880 2750 0.000015637 add_time= 0.000045050
2970 0.000049445 2970 0.000008390 add_time= 0.000095017
2915 0.000429584 2915 0.000018569 add_time= 0.000465200
2650 0.000176007 2650 0.000007138 add_time= 0.000203703
2750 0.000233365 2750 0.000007542 add_time= 0.000257886
2652 0.000007402 2652 0.000024276 add_time= 0.000047171
2700 0.000047518 2700 0.000006410 add_time= 0.000068749
2500 0.000051254 2500 0.000024390 add_time= 0.000094841
2600 0.000418629 2600 0.000006593 add_time= 0.000440311
2600 0.000105151 2600 0.000009835 add_time= 0.000129924
1250 0.000032959 1250 0.000005710 add_time= 0.000049679
3025 0.000088618 3025 0.000006569 add_time= 0.000111162
1250 0.000180762 1250 0.000005707 add_time= 0.000197363
2550 0.000014833 2550 0.000021957 add_time= 0.000049792
2750 0.000217804 2750 0.000006466 add_time= 0.000237463
2750 0.000126918 2750 0.000009420 add_time= 0.000236454
2750 0.000015386 2750 0.000018131 add_time= 0.000067114
2550 0.000373977 2550 0.000008354 add_time= 0.000415510
2500 0.000014832 2500 0.000023227 add_time= 0.000062065
2750 0.000055161 2750 0.000007660 add_time= 0.000086311
2600 0.000054661 2600 0.000008429 add_time= 0.000092647
2860 0.000140717 2860 0.000007588 add_time= 0.000169368
2500 0.000099648 2500 0.000015707 add_time= 0.000133989
3025 0.000134980 3025 0.000007600 add_time= 0.000177506
2550 0.000262580 2550 0.000006366 add_time= 0.000283884
2970 0.000316629 2970 0.000006552 add_time= 0.000337654
1325 0.000423757 1325 0.000007445 add_time= 0.000446132
2500 0.000139871 2500 0.000007489 add_time= 0.000164128
2550 0.000442864 2550 0.000023475 add_time= 0.000487679
2550 0.000412945 2550 0.000007519 add_time= 0.000448324
2860 0.000308425 2860 0.000006435 add_time= 0.000329880
2704 0.000082676 2704 0.000026841 add_time= 0.000125092
2750 0.000151330 2750 0.000007116 add_time= 0.000195763
2750 0.000068575 2750 0.000007123 add_time= 0.000092961
2601 0.000007103 2601 0.000046629 add_time= 0.000072867
2650 0.000103808 2650 0.000007605 add_time= 0.000129170
2650 0.000223599 2650 0.000010998 add_time= 0.000271984
3025 0.000031372 3025 0.000007360 add_time= 0.000058772
1250 0.000185662 1250 0.000006289 add_time= 0.000207425
2754 0.000350480 2754 0.000013703 add_time= 0.000382386
3025 0.000041590 3025 0.000007424 add_time= 0.000067190
1250 0.000046115 1250 0.000006279 add_time= 0.000065542
2860 0.000152120 2860 0.000007016 add_time= 0.000197048
2600 0.000111515 2600 0.000018633 add_time= 0.000148276
2500 0.000223691 2500 0.000007303 add_time= 0.000247792
2550 0.000109599 2550 0.000006253 add_time= 0.000142279
2500 0.000006447 2500 0.000021980 add_time= 0.000043241
3025 0.000082894 3025 0.000007306 add_time= 0.000108064
2500 0.000169745 2500 0.000033194 add_time= 0.000230177
2860 0.000310255 2860 0.000019248 add_time= 0.000354089
2750 0.000343778 2750 0.000007377 add_time= 0.000374532
2750 0.000049810 2750 0.000006061 add_time= 0.000069728
2500 0.000173640 2500 0.000007350 add_time= 0.000196596
2550 0.000108698 2550 0.000006620 add_time= 0.000140999
2860 0.000224162 2860 0.000007111 add_time= 0.000248354
2600 0.000055318 2600 0.000006463 add_time= 0.000087460
2805 0.000052300 2805 0.000007129 add_time= 0.000075598
2500 0.000154529 2500 0.000007218 add_time= 0.000193262
2750 0.000096482 2750 0.000006800 add_time= 0.000119108
2704 0.000157087 2704 0.000006533 add_time= 0.000179547
2500 0.000058675 2500 0.000007006 add_time= 0.000081403
2500 0.000139088 2500 0.000006712 add_time= 0.000171006
2601 0.000079927 2601 0.000007113 add_time= 0.000108229
2550 0.000006022 2550 0.000025518 add_time= 0.000044829
2500 0.000118649 2500 0.000006855 add_time= 0.000140741
2500 0.000110504 2500 0.000009181 add_time= 0.000156736
2600 0.000038491 2600 0.000007745 add_time= 0.000072235
2970 0.000038698 2970 0.000020363 add_time= 0.000096629
2915 0.000069062 2915 0.000008222 add_time= 0.000104191
2805 0.000039087 2805 0.000007544 add_time= 0.000072813
2750 0.000067321 2750 0.000008122 add_time= 0.000108365
2500 0.000041336 2500 0.000008872 add_time= 0.000075140
2860 0.000156578 2860 0.000007316 add_time= 0.000181137
2500 0.000047801 2500 0.000007550 add_time= 0.000071492
2750 0.000077365 2750 0.000006549 add_time= 0.000098770
2750 0.000080590 2750 0.000006286 add_time= 0.000112391
2805 0.000007443 2805 0.000026490 add_time= 0.000047990
2750 0.000102843 2750 0.000019060 add_time= 0.000138624
2550 0.000134395 2550 0.000006121 add_time= 0.000167559
2500 0.000299053 2500 0.000014134 add_time= 0.000329337
2750 0.000067561 2750 0.000007743 add_time= 0.000102771
2970 0.000112047 2970 0.000007114 add_time= 0.000136468
2600 0.000028213 2600 0.000015508 add_time= 0.000060870
2805 0.000105403 2805 0.000013351 add_time= 0.000134970
2550 0.000269386 2550 0.000009423 add_time= 0.000298956
2650 0.000089465 2650 0.000007189 add_time= 0.000123992
2750 0.000058007 2750 0.000007658 add_time= 0.000090495
2550 0.000021345 2550 0.000024050 add_time= 0.000061546
2500 0.000090814 2500 0.000006720 add_time= 0.000111691
2600 0.000232861 2600 0.000007181 add_time= 0.000256691
2600 0.000081003 2600 0.000007615 add_time= 0.000105323
2750 0.000400801 2750 0.000006354 add_time= 0.000422085
2750 0.000155078 2750 0.000006869 add_time= 0.000178157
2703 0.000363522 2703 0.000006968 add_time= 0.000387157
2700 0.000050855 2700 0.000006438 add_time= 0.000071173
2750 0.000107637 2750 0.000006304 add_time= 0.000139638
2652 0.000248635 2652 0.000006719 add_time= 0.000271395
2750 0.000078091 2750 0.000006773 add_time= 0.000100134
1250 0.000064742 1250 0.000006274 add_time= 0.000084239
2550 0.000084743 2550 0.000006334 add_time= 0.000104657
2550 0.000007190 2550 0.000023988 add_time= 0.000046280
1250 0.000109967 1250 0.000005712 add_time= 0.000128507
2550 0.000287797 2550 0.000007220 add_time= 0.000319421
2550 0.000251266 2550 0.000007655 add_time= 0.000273950
2750 0.000043240 2750 0.000007077 add_time= 0.000065463
2652 0.000089957 2652 0.000007532 add_time= 0.000113249
2700 0.000102907 2700 0.000007439 add_time= 0.000125792
2970 0.000071633 2970 0.000006814 add_time= 0.000094332
2915 0.000128217 2915 0.000007104 add_time= 0.000151860
2650 0.000073156 2650 0.000006996 add_time= 0.000095222
2750 0.000066583 2750 0.000015492 add_time= 0.000097560
2600 0.000063240 2600 0.000013642 add_time= 0.000090633
2500 0.000082106 2500 0.000006367 add_time= 0.000102959
2652 0.000135415 2652 0.000007387 add_time= 0.000166557
2860 0.000110106 2860 0.000027495 add_time= 0.000155595
2500 0.000084051 2500 0.000007591 add_time= 0.000108182
2805 0.000021502 2805 0.000030327 add_time= 0.000076673
1350 0.000139247 1350 0.000006005 add_time= 0.000158442
2700 0.000097875 2700 0.000006666 add_time= 0.000118580
2600 0.000113520 2600 0.000007961 add_time= 0.000146926
2970 0.000052477 2970 0.000006997 add_time= 0.000078822
2970 0.000066480 2970 0.000006549 add_time= 0.000088801
2970 0.000116624 2970 0.000007972 add_time= 0.000158071
2805 0.000259391 2805 0.000037757 add_time= 0.000317045
2500 0.000006069 2500 0.000021683 add_time= 0.000041560
2500 0.000223384 2500 0.000006504 add_time= 0.000244508
2750 0.000131403 2750 0.000006798 add_time= 0.000159344
2915 0.000066336 2915 0.000006871 add_time= 0.000094606
2500 0.000054322 2500 0.000006561 add_time= 0.000076266
2550 0.000057418 2550 0.000008239 add_time= 0.000090364
2860 0.000107946 2860 0.000008499 add_time= 0.000134489
1250 0.000096518 1250 0.000008274 add_time= 0.000170478
2750 0.000090951 2750 0.000008934 add_time= 0.000131983
2550 0.000023488 2550 0.000009117 add_time= 0.000060608
2700 0.000035250 2700 0.000007838 add_time= 0.000072743
2970 0.000034909 2970 0.000016655 add_time= 0.000081689
1250 0.000053135 1250 0.000008139 add_time= 0.000093909
2500 0.000199183 2500 0.000006743 add_time= 0.000224215
2600 0.000053883 2600 0.000017619 add_time= 0.000088271
2860 0.000147021 2860 0.000006687 add_time= 0.000183925
2750 0.000059236 2750 0.000006513 add_time= 0.000089431
2805 0.000007983 2805 0.000025540 add_time= 0.000050849
2700 0.000006648 2700 0.000030347 add_time= 0.000052260
2500 0.000159789 2500 0.000006492 add_time= 0.000181134
2600 0.000112378 2600 0.000007138 add_time= 0.000138669
2915 0.000143834 2915 0.000007218 add_time= 0.000176827
2500 0.000082706 2500 0.000006619 add_time= 0.000110737
2805 0.000017586 2805 0.000015474 add_time= 0.000056225
2750 0.000098426 2750 0.000013533 add_time= 0.000142605
1250 0.000252641 1250 0.000005888 add_time= 0.000278839
2750 0.000058923 2750 0.000007579 add_time= 0.000088407
2652 0.000187986 2652 0.000007935 add_time= 0.000213638
2805 0.000049470 2805 0.000007439 add_time= 0.000071593
2500 0.000111667 2500 0.000013717 add_time= 0.000138546
1275 0.000080810 1275 0.000007175 add_time= 0.000111619
2750 0.000016646 2750 0.000016055 add_time= 0.000047075
1250 0.000145270 1250 0.000005812 add_time= 0.000162116
2704 0.000083736 2704 0.000012519 add_time= 0.000125568
2750 0.000045797 2750 0.000039577 add_time= 0.000132426
2500 0.000144543 2500 0.000016458 add_time= 0.000176668
2750 0.000065579 2750 0.000013681 add_time= 0.000095108
2805 0.000008995 2805 0.000041633 add_time= 0.000085160
2750 0.000058091 2750 0.000007225 add_time= 0.000082225
2600 0.000505121 2600 0.000007467 add_time= 0.000531266
2500 0.000218532 2500 0.000007310 add_time= 0.000241251
2750 0.000107570 2750 0.000030805 add_time= 0.000153900
2805 0.000103534 2805 0.000006092 add_time= 0.000125400
2500 0.000007687 2500 0.000025958 add_time= 0.000049310
2500 0.000123718 2500 0.000006976 add_time= 0.000145130
1325 0.000207613 1325 0.000006915 add_time= 0.000229089
1250 0.000280150 1250 0.000006668 add_time= 0.000300813
2500 0.001519520 2500 0.000007542 add_time= 0.001551626
2550 0.000006603 2550 0.000035430 add_time= 0.000056777
2500 0.000224228 2500 0.000008117 add_time= 0.000247519
2550 0.000113511 2550 0.000007040 add_time= 0.000134694
2550 0.000151760 2550 0.000034469 add_time= 0.000203556
3025 0.000041898 3025 0.000028043 add_time= 0.000088486
2700 0.000742381 2700 0.000007667 add_time= 0.000771071
2750 0.000125672 2750 0.000036174 add_time= 0.000177207
1250 0.000005694 1250 0.000027344 add_time= 0.000046209
2500 0.000081594 2500 0.000007721 add_time= 0.000106010
2550 0.000235527 2550 0.000019103 add_time= 0.000270977
2750 0.000059620 2750 0.000027144 add_time= 0.000104052
2750 0.000050716 2750 0.000007731 add_time= 0.000073060
2600 0.000088336 2600 0.000006645 add_time= 0.000111027
2754 0.000147854 2754 0.000017227 add_time= 0.000192060
1250 0.000119850 1250 0.000006644 add_time= 0.000140562
2500 0.000096117 2500 0.000007657 add_time= 0.000130308
2600 0.000077091 2600 0.000007978 add_time= 0.000101267
2750 0.000073205 2750 0.000006895 add_time= 0.000115954
2805 0.000163762 2805 0.000025938 add_time= 0.000204321
2500 0.000285089 2500 0.000006522 add_time= 0.000305632
2500 0.000243987 2500 0.000008115 add_time= 0.000268436
2500 0.000246183 2500 0.000007645 add_time= 0.000269101
3025 0.000090859 3025 0.000007141 add_time= 0.000114460
2750 0.000207805 2750 0.000007052 add_time= 0.000230551
2754 0.000227258 2754 0.000007551 add_time= 0.000250513
2754 0.000030569 2754 0.000007458 add_time= 0.000054416
1325 0.000082135 1325 0.000007084 add_time= 0.000117544
2600 0.000324634 2600 0.000006909 add_time= 0.000346912
2750 0.000070135 2750 0.000006767 add_time= 0.000103071
3025 0.000086936 3025 0.000006205 add_time= 0.000107510
2500 0.000185829 2500 0.000011867 add_time= 0.000211102
2750 0.000172632 2750 0.000006167 add_time= 0.000192106
2600 0.000006354 2600 0.000024644 add_time= 0.000044197
2750 0.000052345 2750 0.000026161 add_time= 0.000091260
1275 0.000081185 1275 0.000005931 add_time= 0.000098273
2652 0.000082242 2652 0.000007656 add_time= 0.000125231
2600 0.000097682 2600 0.000007345 add_time= 0.000136826
2500 0.000039517 2500 0.000008639 add_time= 0.000090648
2500 0.000058182 2500 0.000008109 add_time= 0.000099891
2550 0.000040493 2550 0.000045936 add_time= 0.000107901
2750 0.000049601 2750 0.000008103 add_time= 0.000082991
2860 0.000157705 2860 0.000007192 add_time= 0.000180322
2500 0.000087184 2500 0.000006446 add_time= 0.000107399
2750 0.000064496 2750 0.000006421 add_time= 0.000084978
2550 0.000084622 2550 0.000005988 add_time= 0.000103589
2550 0.000007009 2550 0.000025099 add_time= 0.000046925
2750 0.000096376 2750 0.000013499 add_time= 0.000125512
2704 0.000133033 2704 0.000006479 add_time= 0.000154758
3025 0.000075351 3025 0.000015507 add_time= 0.000107583
2750 0.000183726 2750 0.000006226 add_time= 0.000203322
2754 0.000127122 2754 0.000008397 add_time= 0.000162041
2808 0.000016738 2808 0.000016484 add_time= 0.000063485
1250 0.000076081 1250 0.000006111 add_time= 0.000095766
2860 0.000169874 2860 0.000018709 add_time= 0.000204624
2500 0.000038264 2500 0.000009376 add_time= 0.000062432
2750 0.000054743 2750 0.000008401 add_time= 0.000079058
2700 0.000048151 2700 0.000006661 add_time= 0.000069759
2750 0.000080781 2750 0.000018289 add_time= 0.000113020
2750 0.000154884 2750 0.000006645 add_time= 0.000176769
2600 0.000063036 2600 0.000007397 add_time= 0.000094129
2550 0.000069372 2550 0.000007160 add_time= 0.000091878
2600 0.000015975 2600 0.000016247 add_time= 0.000047622
2600 0.000095581 2600 0.000007746 add_time= 0.000118470
2650 0.000085217 2650 0.000010870 add_time= 0.000129590
2652 0.000078871 2652 0.000007383 add_time= 0.000104153
2500 0.000185345 2500 0.000007338 add_time= 0.000209313
2860 0.000032165 2860 0.000007285 add_time= 0.000061597
2652 0.000132762 2652 0.000018416 add_time= 0.000166684
2970 0.000035976 2970 0.000006239 add_time= 0.000065193
2860 0.000097309 2860 0.000007254 add_time= 0.000141137
2750 0.000221361 2750 0.000006962 add_time= 0.000245235
2750 0.000053652 2750 0.000006512 add_time= 0.000074845
2500 0.000468923 2500 0.000006502 add_time= 0.000502485
2550 0.000010526 2550 0.000023887 add_time= 0.000050341
2500 0.000085096 2500 0.000006812 add_time= 0.000108412
2703 0.000579452 2703 0.000026775 add_time= 0.000624031
2550 0.000168354 2550 0.000006929 add_time= 0.000201397
2500 0.000263548 2500 0.000006086 add_time= 0.000294764
2805 0.000142432 2805 0.000007413 add_time= 0.000176958
2862 0.000006970 2862 0.000034875 add_time= 0.000057415
2500 0.000160688 2500 0.000006977 add_time= 0.000182264
2500 0.000061751 2500 0.000007434 add_time= 0.000084398
2805 0.000044995 2805 0.000007068 add_time= 0.000068587
2500 0.000048830 2500 0.000006826 add_time= 0.000070090
2750 0.000076516 2750 0.000006188 add_time= 0.000096705
2652 0.000007469 2652 0.000026103 add_time= 0.000049710
2500 0.000099124 2500 0.000006668 add_time= 0.000120077
2704 0.000096027 2704 0.000006421 add_time= 0.000117660
2750 0.000140834 2750 0.000006435 add_time= 0.000162704
2500 0.000056152 2500 0.000006830 add_time= 0.000077980
2805 0.000135245 2805 0.000007761 add_time= 0.000171060
1250 0.000050457 1250 0.000006257 add_time= 0.000096848
2600 0.000201432 2600 0.000016609 add_time= 0.000244231
2970 0.000195432 2970 0.000009261 add_time= 0.000228534
2500 0.000309930 2500 0.000007476 add_time= 0.000332776
2550 0.000086094 2550 0.000006309 add_time= 0.000115753
2750 0.000330470 2750 0.000008006 add_time= 0.000354296
2600 0.000149218 2600 0.000006712 add_time= 0.000172736
2750 0.000042597 2750 0.000007174 add_time= 0.000065861
2500 0.000179625 2500 0.000007669 add_time= 0.000211996
2805 0.000138885 2805 0.000026553 add_time= 0.000179732
2500 0.000007754 2500 0.000014909 add_time= 0.000038148
2700 0.000062677 2700 0.000029300 add_time= 0.000107191
1375 0.000046043 1375 0.000006378 add_time= 0.000067028
2600 0.000079162 2600 0.000020735 add_time= 0.000115811
3025 0.000183962 3025 0.000007457 add_time= 0.000208941
1375 0.000082129 1375 0.000006236 add_time= 0.000112544
2500 0.000006625 2500 0.000024661 add_time= 0.000045113
2700 0.000086911 2700 0.000018236 add_time= 0.000119002
3025 0.000077865 3025 0.000011182 add_time= 0.000104037
2500 0.000039834 2500 0.000008247 add_time= 0.000083539
2650 0.000044066 2650 0.000007561 add_time= 0.000076716
2700 0.000060310 2700 0.000008553 add_time= 0.000096334
2550 0.000044561 2550 0.000008457 add_time= 0.000078493
2750 0.000036383 2750 0.000008244 add_time= 0.000072524
2600 0.000150848 2600 0.000006529 add_time= 0.000182678
3025 0.000083619 3025 0.000017079 add_time= 0.000117489
2700 0.000047588 2700 0.000007037 add_time= 0.000069880
2550 0.000007534 2550 0.000025649 add_time= 0.000049018
2750 0.000055897 2750 0.000007177 add_time= 0.000080139
2750 0.000101302 2750 0.000007576 add_time= 0.000127786
2500 0.000138878 2500 0.000007110 add_time= 0.000163182
2750 0.000067819 2750 0.000007518 add_time= 0.000092459
2550 0.000018196 2550 0.000015194 add_time= 0.000050308
2750 0.000127902 2750 0.000007548 add_time= 0.000152525
2750 0.000131363 2750 0.000007209 add_time= 0.000157775
2500 0.000050570 2500 0.000007441 add_time= 0.000075693
2754 0.000154929 2754 0.000008152 add_time= 0.000180646
2500 0.000016452 2500 0.000015438 add_time= 0.000048103
2500 0.000242779 2500 0.000006838 add_time= 0.000266197
1250 0.000287037 1250 0.000007175 add_time= 0.000310171
2550 0.000086210 2550 0.000007448 add_time= 0.000111254
2550 0.000071660 2550 0.000007358 add_time= 0.000095034
2970 0.000053399 2970 0.000008127 add_time= 0.000079034
2700 0.000159578 2700 0.000007422 add_time= 0.000184050
2652 0.000150635 2652 0.000008785 add_time= 0.000178318
2750 0.000179195 2750 0.000008256 add_time= 0.000243057
2750 0.000087082 2750 0.000006895 add_time= 0.000110158
2805 0.000019859 2805 0.000134947 add_time= 0.000171929
2500 0.000139222 2500 0.000017182 add_time= 0.000172533
2650 0.000711316 2650 0.000008906 add_time= 0.000741195
3025 0.000224045 3025 0.000008387 add_time= 0.000251045
2550 0.000087503 2550 0.000007772 add_time= 0.000111296
1250 0.000068485 1250 0.000006196 add_time= 0.000100054
2600 0.000096037 2600 0.000007587 add_time= 0.000120346
1250 0.000057487 1250 0.000006925 add_time= 0.000078363
2500 0.000159007 2500 0.000008065 add_time= 0.000184552
2500 0.000088158 2500 0.000007531 add_time= 0.000122576
2750 0.000063935 2750 0.000007740 add_time= 0.000090437
2703 0.000042850 2703 0.000006729 add_time= 0.000065134
2650 0.000107825 2650 0.000012505 add_time= 0.000134600
2500 0.000108283 2500 0.000008564 add_time= 0.000131273
2600 0.000094216 2600 0.000006441 add_time= 0.000127378
2500 0.000048265 2500 0.000006528 add_time= 0.000070519
2915 0.000049234 2915 0.000007676 add_time= 0.000074457
2550 0.000132435 2550 0.000007486 add_time= 0.000156210
2700 0.000304225 2700 0.000007146 add_time= 0.000328223
2704 0.000183436 2704 0.000007679 add_time= 0.000213326
2500 0.000118918 2500 0.000006913 add_time= 0.000141725
2805 0.000056873 2805 0.000006709 add_time= 0.000079706
2500 0.000007771 2500 0.000026026 add_time= 0.000050101
2750 0.000148424 2750 0.000008690 add_time= 0.000173698
2700 0.000522911 2700 0.000006609 add_time= 0.000546076
2750 0.000094560 2750 0.000007285 add_time= 0.000118510
2700 0.000055259 2700 0.000006588 add_time= 0.000077401
2700 0.000074683 2700 0.000008044 add_time= 0.000098894
1250 0.005210708 1250 0.000007639 add_time= 0.005236861
2600 0.000167901 2600 0.000008191 add_time= 0.000203460
2805 0.000175698 2805 0.000007142 add_time= 0.000207049
2550 0.000050678 2550 0.000006387 add_time= 0.000082810
2601 0.000063934 2601 0.000017868 add_time= 0.000096125
1250 0.000006344 1250 0.000009955 add_time= 0.000049196
2500 0.000054679 2500 0.000007219 add_time= 0.000075866
2860 0.000073709 2860 0.000027257 add_time= 0.000117748
2600 0.000051914 2600 0.000006775 add_time= 0.000090585
2750 0.000063606 2750 0.000007932 add_time= 0.000087908
2550 0.000129349 2550 0.000006463 add_time= 0.000150400
2805 0.000190594 2805 0.000006448 add_time= 0.000221532
2750 0.000006238 2750 0.000015837 add_time= 0.000036267
2500 0.000258551 2500 0.000006677 add_time= 0.000279329
2600 0.000196865 2600 0.000006935 add_time= 0.000232227
2750 0.000079465 2750 0.000006065 add_time= 0.000115232
2600 0.000045540 2600 0.000006736 add_time= 0.000066324
2550 0.000092312 2550 0.000006269 add_time= 0.000112642
1250 0.000005307 1250 0.000024143 add_time= 0.000042253
1250 0.000064164 1250 0.000006468 add_time= 0.000082018
2700 0.000007754 2700 0.000009276 add_time= 0.000063962
2756 0.000063052 2756 0.000011977 add_time= 0.000101630
3025 0.000085579 3025 0.000008816 add_time= 0.000124684
2805 0.000109827 2805 0.000008185 add_time= 0.000144746
2601 0.000054942 2601 0.000018999 add_time= 0.000106226
2750 0.000046718 2750 0.000008518 add_time= 0.000081338
2650 0.000177739 2650 0.000006779 add_time= 0.000200076
2750 0.000061832 2750 0.000017817 add_time= 0.000095586
2600 0.000104917 2600 0.000007691 add_time= 0.000128522
2550 0.000101884 2550 0.000006342 add_time= 0.000122717
2754 0.000006576 2754 0.000042397 add_time= 0.000063132
2754 0.000101671 2754 0.000006693 add_time= 0.000122671
1300 0.000062421 1300 0.000006757 add_time= 0.000082963
2650 0.000247002 2650 0.000027487 add_time= 0.000289330
2805 0.000043647 2805 0.000007607 add_time= 0.000066892
2600 0.000364106 2600 0.000006960 add_time= 0.000384887
2600 0.000007268 2600 0.000015939 add_time= 0.000038193
1250 0.000124044 1250 0.000006731 add_time= 0.000142091
2500 0.000183761 2500 0.000007797 add_time= 0.000206766
2750 0.000109059 2750 0.000007411 add_time= 0.000131675
2500 0.000072889 2500 0.000007070 add_time= 0.000095080
2500 0.000115693 2500 0.000007504 add_time= 0.000138378
2860 0.000045533 2860 0.000008076 add_time= 0.000069405
2860 0.000079033 2860 0.000007245 add_time= 0.000102198
2600 0.000067323 2600 0.000006363 add_time= 0.000087407
2500 0.000110489 2500 0.000007308 add_time= 0.000132604
2805 0.000084491 2805 0.000006880 add_time= 0.000105555
2808 0.000015871 2808 0.000016744 add_time= 0.000047939
1300 0.000042885 1300 0.000006138 add_time= 0.000062007
2500 0.000046231 2500 0.000006741 add_time= 0.000067395
1300 0.000049247 1300 0.000005282 add_time= 0.000065771
2750 0.000065596 2750 0.000033477 add_time= 0.000114216
2860 0.000034995 2860 0.000007043 add_time= 0.000066409
2754 0.000101906 2754 0.000005857 add_time= 0.000120752
2700 0.000028166 2700 0.000015521 add_time= 0.000057050
2500 0.000039552 2500 0.000006542 add_time= 0.000058984
2550 0.000428066 2550 0.000007517 add_time= 0.000450464
2805 0.000156106 2805 0.000006925 add_time= 0.000178357
2600 0.000141125 2600 0.000006082 add_time= 0.000159651
2601 0.000143532 2601 0.000006767 add_time= 0.000180152
2500 0.000111635 2500 0.000006077 add_time= 0.000130805
1250 0.000036586 1250 0.000008317 add_time= 0.000055652
2500 0.000564112 2500 0.000008583 add_time= 0.000592087
2860 0.000280475 2860 0.000007884 add_time= 0.000306942
1250 0.000066250 1250 0.000019179 add_time= 0.000100106
2500 0.000206274 2500 0.000006916 add_time= 0.000238607
2750 0.000017019 2750 0.000024581 add_time= 0.000055523
2550 0.000065957 2550 0.000007688 add_time= 0.000100754
2500 0.000288552 2500 0.000007737 add_time= 0.000312958
2500 0.000246845 2500 0.000007082 add_time= 0.000270029
2750 0.000291824 2750 0.000005810 add_time= 0.000320769
2550 0.000305629 2550 0.000007208 add_time= 0.000329431
2600 0.000007521 2600 0.000024959 add_time= 0.000048971
2500 0.000077430 2500 0.000026594 add_time= 0.000125400
2750 0.000072643 2750 0.000006918 add_time= 0.000105404
2600 0.000105242 2600 0.000013010 add_time= 0.000133791
2750 0.000049356 2750 0.000007013 add_time= 0.000072657
2500 0.000082367 2500 0.000014956 add_time= 0.000112761
2600 0.000094048 2600 0.000007050 add_time= 0.000116937
2750 0.000135554 2750 0.000007577 add_time= 0.000170105
1250 0.000173182 1250 0.000015301 add_time= 0.000202376
2500 0.000111406 2500 0.000007427 add_time= 0.000134206
2600 0.000061115 2600 0.000006559 add_time= 0.000082065
2750 0.000074687 2750 0.000006182 add_time= 0.000100421
3025 0.000131765 3025 0.000006730 add_time= 0.000163376
2750 0.000088617 2750 0.000006573 add_time= 0.000109953
2650 0.000006491 2650 0.000033183 add_time= 0.000053395
2916 0.000084795 2916 0.000006694 add_time= 0.000105689
1250 0.000086911 1250 0.000007569 add_time= 0.000107851
2550 0.000240478 2550 0.000007484 add_time= 0.000262897
3025 0.000097290 3025 0.000007372 add_time= 0.000126119
2750 0.000233695 2750 0.000018122 add_time= 0.000266266
2500 0.000110493 2500 0.000005684 add_time= 0.000129499
2550 0.000190717 2550 0.000006485 add_time= 0.000210707
2500 0.000005675 2500 0.000015310 add_time= 0.000044203
1250 0.000142799 1250 0.000006629 add_time= 0.000166396
1250 0.000224686 1250 0.000007058 add_time= 0.000257266
3025 0.000051829 3025 0.000007795 add_time= 0.000086701
2550 0.000099087 2550 0.000007054 add_time= 0.000122359
2500 0.000158904 2500 0.000007433 add_time= 0.000182903
2700 0.000123109 2700 0.000007244 add_time= 0.000146739
1250 0.000108684 1250 0.000007227 add_time= 0.000130401
2550 0.000371493 2550 0.000007189 add_time= 0.000395519
1375 0.000179141 1375 0.000006493 add_time= 0.000201846
2600 0.000105143 2600 0.000006527 add_time= 0.000126860
2550 0.000206365 2550 0.000007338 add_time= 0.000230017
1350 0.000102388 1350 0.000005770 add_time= 0.000120441
1325 0.000169984 1325 0.000007494 add_time= 0.000195769
2860 0.000119392 2860 0.000007420 add_time= 0.000148314
2550 0.000104688 2550 0.000007061 add_time= 0.000126714
2500 0.000133029 2500 0.000007566 add_time= 0.000157036
2650 0.000092161 2650 0.000007039 add_time= 0.000115189
2750 0.000685733 2750 0.000007213 add_time= 0.000707925
2750 0.000054579 2750 0.000008943 add_time= 0.000102511
2750 0.000097549 2750 0.000008322 add_time= 0.000130695
2860 0.000051322 2860 0.000020323 add_time= 0.000099674
2754 0.000066526 2754 0.000008358 add_time= 0.000103391
2500 0.000115631 2500 0.000029530 add_time= 0.000168780
1250 0.000033300 1250 0.000007735 add_time= 0.000065406
2652 0.000249646 2652 0.000007220 add_time= 0.000281514
2750 0.000220479 2750 0.000007039 add_time= 0.000260268
2652 0.000094579 2652 0.000034789 add_time= 0.000150016
2550 0.000098224 2550 0.000006532 add_time= 0.000120016
2600 0.000184058 2600 0.000007564 add_time= 0.000208113
2703 0.000129586 2703 0.000007309 add_time= 0.000155703
2808 0.000165792 2808 0.000007660 add_time= 0.000198214
2750 0.000062262 2750 0.000028339 add_time= 0.000105828
2550 0.000123834 2550 0.000008088 add_time= 0.000147995
2750 0.000016213 2750 0.000017805 add_time= 0.000060837
1250 0.000069304 1250 0.000007636 add_time= 0.000091677
2550 0.000069458 2550 0.000009031 add_time= 0.000098566
2756 0.000059819 2756 0.000006668 add_time= 0.000082756
1250 0.000112826 1250 0.000009993 add_time= 0.000136684
2750 0.000088819 2750 0.000018657 add_time= 0.000130402
2601 0.000058605 2601 0.000007373 add_time= 0.000082826
2500 0.000016531 2500 0.000024054 add_time= 0.000054869
2750 0.000118872 2750 0.000006983 add_time= 0.000142666
2650 0.000175898 2650 0.000007864 add_time= 0.000202586
2600 0.000130327 2600 0.000006745 add_time= 0.000152562
2805 0.000051999 2805 0.000007184 add_time= 0.000077134
2601 0.000098556 2601 0.000007482 add_time= 0.000122128
2500 0.000015036 2500 0.000132478 add_time= 0.000162139
2550 0.000136832 2550 0.000015681 add_time= 0.000179783
2600 0.000266575 2600 0.000007804 add_time= 0.000300790
2860 0.000140141 2860 0.000007264 add_time= 0.000165612
2703 0.000102816 2703 0.000026731 add_time= 0.000145404
2600 0.000027195 2600 0.000015069 add_time= 0.000058815
1250 0.000097536 1250 0.000006768 add_time= 0.000117997
2652 0.000078068 2652 0.000007030 add_time= 0.000112165
2750 0.000234601 2750 0.000006832 add_time= 0.000257542
2805 0.000040856 2805 0.000007067 add_time= 0.000063123
2750 0.000050651 2750 0.000015427 add_time= 0.000104869
2805 0.000018261 2805 0.000017155 add_time= 0.000051677
2808 0.000025198 2808 0.000015785 add_time= 0.000055064
1350 0.000154607 1350 0.000006814 add_time= 0.000176201
2650 0.000127869 2650 0.000007463 add_time= 0.000164111
2550 0.000092487 2550 0.000007297 add_time= 0.000115638
1250 0.000066750 1250 0.000006247 add_time= 0.000086948
2550 0.000109447 2550 0.000007183 add_time= 0.000132666
2750 0.000071563 2750 0.000007259 add_time= 0.000096089
1275 0.000169486 1275 0.000005633 add_time= 0.000195677
2500 0.000134705 2500 0.000007871 add_time= 0.000167389
2805 0.000086521 2805 0.000017260 add_time= 0.000128824
2970 0.000529594 2970 0.000016245 add_time= 0.000562507
2805 0.000018979 2805 0.000023888 add_time= 0.000066342
2750 0.000072830 2750 0.000007062 add_time= 0.000095455
2704 0.000146829 2704 0.000007725 add_time= 0.000173597
2500 0.000090794 2500 0.000007276 add_time= 0.000114087
2500 0.000391942 2500 0.000007837 add_time= 0.000427516
2550 0.000060355 2550 0.000017872 add_time= 0.000106715
2500 0.000108897 2500 0.000026785 add_time= 0.000151216
2600 0.000274127 2600 0.000007221 add_time= 0.000298060
1375 0.000074614 1375 0.000007174 add_time= 0.000096326
2500 0.000242210 2500 0.000007527 add_time= 0.000265854
2500 0.000046118 2500 0.000033801 add_time= 0.000094747
2550 0.000006320 2550 0.000035403 add_time= 0.000056086
2500 0.000128253 2500 0.000007306 add_time= 0.000151538
2500 0.000219037 2500 0.000008150 add_time= 0.000254895
2650 0.000081571 2650 0.000007397 add_time= 0.000115707
2550 0.000195777 2550 0.000007027 add_time= 0.000225129
2550 0.000080612 2550 0.000007114 add_time= 0.000113355
2700 0.000079797 2700 0.000006965 add_time= 0.000102117
1375 0.000086598 1375 0.000012125 add_time= 0.000123271
2600 0.000116688 2600 0.000006742 add_time= 0.000144073
1375 0.000044465 1375 0.000017725 add_time= 0.000079252
2650 0.000105410 2650 0.000037692 add_time= 0.000171510
2601 0.000170960 2601 0.000006950 add_time= 0.000191984
2550 0.000045302 2550 0.000023930 add_time= 0.000082553
2500 0.000143231 2500 0.000007145 add_time= 0.000166165
2652 0.000287545 2652 0.000007869 add_time= 0.000322388
2704 0.000057653 2704 0.000007823 add_time= 0.000087811
2750 0.000137903 2750 0.000006431 add_time= 0.000166363
2650 0.000091134 2650 0.000006205 add_time= 0.000111242
2500 0.000176911 2500 0.000008201 add_time= 0.000201152
2970 0.000047526 2970 0.000006659 add_time= 0.000069240
1250 0.000061210 1250 0.000006475 add_time= 0.000081337
2500 0.000091835 2500 0.000007192 add_time= 0.000114857
2600 0.000152426 2600 0.000006777 add_time= 0.000174613
2750 0.000092375 2750 0.000006180 add_time= 0.000112849
2750 0.000098668 2750 0.000016337 add_time= 0.000131721
2550 0.000006461 2550 0.000013775 add_time= 0.000033763
2500 0.000149948 2500 0.000006964 add_time= 0.000180856
2600 0.000259251 2600 0.000007671 add_time= 0.000283947
2915 0.000101966 2915 0.000007590 add_time= 0.000136380
2750 0.000097840 2750 0.000006650 add_time= 0.000119065
1275 0.000006113 1275 0.000010219 add_time= 0.000030876
1250 0.000046311 1250 0.000006088 add_time= 0.000066284
2650 0.000119992 2650 0.000010687 add_time= 0.000173641
2805 0.000008471 2805 0.000009338 add_time= 0.000048805
2750 0.000051572 2750 0.000008525 add_time= 0.000088846
2550 0.000044854 2550 0.000008827 add_time= 0.000080283
2700 0.000146445 2700 0.000009531 add_time= 0.000184623
1250 0.000080734 1250 0.000007775 add_time= 0.000114467
2600 0.000108731 2600 0.000007499 add_time= 0.000132397
2500 0.000104753 2500 0.000007028 add_time= 0.000127293
2600 0.000094523 2600 0.000016189 add_time= 0.000132798
2601 0.000013307 2601 0.000042483 add_time= 0.000072083
2750 0.000087065 2750 0.000007118 add_time= 0.000110673
2600 0.000139659 2600 0.000007133 add_time= 0.000163111
2750 0.000109093 2750 0.000007140 add_time= 0.000142262
2860 0.000067379 2860 0.000015428 add_time= 0.000097003
2601 0.000055059 2601 0.000006785 add_time= 0.000076012
2750 0.000086202 2750 0.000007266 add_time= 0.000112767
2500 0.000182866 2500 0.000026845 add_time= 0.000226178
2750 0.000168896 2750 0.000007155 add_time= 0.000203456
2805 0.000109287 2805 0.000007235 add_time= 0.000141571
2550 0.000016807 2550 0.000015630 add_time= 0.000048383
2750 0.000054937 2750 0.000006624 add_time= 0.000087008
1275 0.000064321 1275 0.000006099 add_time= 0.000081784
2703 0.000424772 2703 0.000007050 add_time= 0.000449264
2750 0.000145216 2750 0.000006805 add_time= 0.000168434
2805 0.000094994 2805 0.000007051 add_time= 0.000118133
2550 0.000016770 2550 0.000019154 add_time= 0.000062937
2970 0.000056218 2970 0.000006249 add_time= 0.000076518
1250 0.000096541 1250 0.000006507 add_time= 0.000116750
2500 0.000147765 2500 0.000007080 add_time= 0.000171693
1300 0.000110265 1300 0.000007124 add_time= 0.000149528
2750 0.000045866 2750 0.000006369 add_time= 0.000067164
2754 0.000087416 2754 0.000007282 add_time= 0.000110554
2550 0.000016408 2550 0.000019107 add_time= 0.000051762
2500 0.000091947 2500 0.000006562 add_time= 0.000112938
1325 0.000327674 1325 0.000007609 add_time= 0.000349441
2750 0.000047351 2750 0.000006973 add_time= 0.000070329
2600 0.000073984 2600 0.000007754 add_time= 0.000108841
2805 0.000093955 2805 0.000006152 add_time= 0.000122027
2805 0.000090768 2805 0.000006716 add_time= 0.000111858
2750 0.000100121 2750 0.000006907 add_time= 0.000122811
2500 0.000078267 2500 0.000006626 add_time= 0.000099131
2650 0.000282732 2650 0.000007202 add_time= 0.000317783
2750 0.000045054 2750 0.000006959 add_time= 0.000068912
2750 0.000110936 2750 0.000006197 add_time= 0.000139913
2600 0.000076398 2600 0.000008785 add_time= 0.000101562
2754 0.000058440 2754 0.000006759 add_time= 0.000092186
1250 0.000081696 1250 0.000021759 add_time= 0.000115769
2750 0.000229000 2750 0.000007759 add_time= 0.000252752
2500 0.000104782 2500 0.000012619 add_time= 0.000133049
2750 0.000103534 2750 0.000007101 add_time= 0.000129666
2500 0.000026675 2500 0.000013785 add_time= 0.000054165
2600 0.000150077 2600 0.000006810 add_time= 0.000170467
2600 0.000070301 2600 0.000006896 add_time= 0.000099502
2500 0.000142329 2500 0.000006972 add_time= 0.000171592
2750 0.000106757 2750 0.000006977 add_time= 0.000142571
2550 0.000047790 2550 0.000006223 add_time= 0.000082970
2750 0.000078278 2750 0.000007122 add_time= 0.000112295
1250 0.000231743 1250 0.000006611 add_time= 0.000252659
2500 0.000185468 2500 0.000007300 add_time= 0.000208933
3025 0.000080401 3025 0.000007817 add_time= 0.000104845
2550 0.000121841 2550 0.000006623 add_time= 0.000143558
2750 0.000007595 2750 0.000016184 add_time= 0.000039465
2500 0.000061484 2500 0.000007025 add_time= 0.000084914
2652 0.000292002 2652 0.000007224 add_time= 0.000315196
2915 0.000074399 2915 0.000008300 add_time= 0.000098948
2750 0.000093911 2750 0.000006774 add_time= 0.000116368
2805 0.000007331 2805 0.000020772 add_time= 0.000042391
2700 0.000098254 2700 0.000045537 add_time= 0.000163468
2500 0.000096293 2500 0.000007097 add_time= 0.000116526
2860 0.000196822 2860 0.000037381 add_time= 0.000251089
2750 0.000058889 2750 0.000006923 add_time= 0.000081935
2500 0.000077657 2500 0.000007112 add_time= 0.000106581
2750 0.000051831 2750 0.000007033 add_time= 0.000074681
2754 0.000047185 2754 0.000006956 add_time= 0.000069425
1300 0.000083739 1300 0.000025820 add_time= 0.000133764
2600 0.000160283 2600 0.000007063 add_time= 0.000182071
2750 0.000082725 2750 0.000008101 add_time= 0.000107148
2550 0.000074044 2550 0.000035635 add_time= 0.000124902
2550 0.000007191 2550 0.000074022 add_time= 0.000096239
2750 0.000292282 2750 0.000007353 add_time= 0.000315320
2550 0.000486644 2550 0.000007968 add_time= 0.000531053
2600 0.000097356 2600 0.000008329 add_time= 0.000121867
2750 0.000072796 2750 0.000006572 add_time= 0.000101055
2500 0.000274878 2500 0.000005970 add_time= 0.000314488
2805 0.000419491 2805 0.000007371 add_time= 0.000443177
2500 0.000147559 2500 0.000017230 add_time= 0.000178490
2500 0.000065079 2500 0.000026763 add_time= 0.000113728
2862 0.000241184 2862 0.000014727 add_time= 0.000273405
2500 0.000174961 2500 0.000015382 add_time= 0.000210262
2550 0.000352753 2550 0.000019038 add_time= 0.000387945
2805 0.000311026 2805 0.000006772 add_time= 0.000332551
3025 0.000101444 3025 0.000007924 add_time= 0.000126240
2700 0.000124242 2700 0.000006846 add_time= 0.000149555
2600 0.000073038 2600 0.000006797 add_time= 0.000103967
2750 0.000102700 2750 0.000006691 add_time= 0.000125276
2500 0.000079597 2500 0.000006363 add_time= 0.000100377
2650 0.000095189 2650 0.000006731 add_time= 0.000117907
2704 0.000091363 2704 0.000008251 add_time= 0.000147842
2500 0.000040073 2500 0.000008505 add_time= 0.000076390
2805 0.000007438 2805 0.000008168 add_time= 0.000041054
2750 0.000046341 2750 0.000008396 add_time= 0.000084857
2700 0.000052526 2700 0.000034002 add_time= 0.000119145
1325 0.000031066 1325 0.000008615 add_time= 0.000073281
2500 0.000201614 2500 0.000013345 add_time= 0.000229598
2650 0.000052644 2650 0.000017079 add_time= 0.000095902
2550 0.000122313 2550 0.000006220 add_time= 0.000142308
2500 0.000086571 2500 0.000006810 add_time= 0.000106974
2500 0.000007017 2500 0.000024247 add_time= 0.000045851
2500 0.000199505 2500 0.000007432 add_time= 0.000222333
2600 0.000363357 2600 0.000026903 add_time= 0.000406897
2750 0.000285936 2750 0.000007140 add_time= 0.000308483
1275 0.000050088 1275 0.000006656 add_time= 0.000069693
2808 0.000015497 2808 0.000015923 add_time= 0.000047099
2860 0.000267399 2860 0.000007070 add_time= 0.000289938
2600 0.000135969 2600 0.000007081 add_time= 0.000158874
2805 0.000063807 2805 0.000007120 add_time= 0.000103870
2500 0.000073041 2500 0.000013459 add_time= 0.000101201
2703 0.000083218 2703 0.000006690 add_time= 0.000105928
2700 0.000137655 2700 0.000006887 add_time= 0.000160195
1275 0.000040852 1275 0.000006426 add_time= 0.000059105
2500 0.000135148 2500 0.000006769 add_time= 0.000157801
2704 0.000120282 2704 0.000007139 add_time= 0.000141661
3025 0.000093268 3025 0.000007785 add_time= 0.000119071
2860 0.000057323 2860 0.000007058 add_time= 0.000087199
2550 0.000017076 2550 0.000015076 add_time= 0.000047562
2700 0.000044064 2700 0.000007525 add_time= 0.000065822
1325 0.000148868 1325 0.000006782 add_time= 0.000168566
2750 0.000203361 2750 0.000012621 add_time= 0.000243836
2915 0.000107055 2915 0.000007370 add_time= 0.000130588
2600 0.000096500 2600 0.000011925 add_time= 0.000122334
2550 0.000127145 2550 0.000007250 add_time= 0.000147941
2652 0.000107910 2652 0.000006133 add_time= 0.000126845
2600 0.000014917 2600 0.000027385 add_time= 0.000055837
2860 0.000271251 2860 0.000006970 add_time= 0.000293887
2700 0.000102707 2700 0.000007314 add_time= 0.000126259
2650 0.000119365 2650 0.000018666 add_time= 0.000153829
2805 0.000109887 2805 0.000007841 add_time= 0.000133713
2550 0.000014819 2550 0.000014531 add_time= 0.000043120
2805 0.000127733 2805 0.000006503 add_time= 0.000148568
2550 0.000078587 2550 0.000006358 add_time= 0.000100424
2750 0.000067071 2750 0.000006702 add_time= 0.000088538
1250 0.000084107 1250 0.000009913 add_time= 0.000104802
2750 0.000087530 2750 0.000021763 add_time= 0.000123327
2500 0.000124189 2500 0.000005902 add_time= 0.000143047
2805 0.000015082 2805 0.000015885 add_time= 0.000045113
1375 0.000074532 1375 0.000005734 add_time= 0.000091385
2550 0.000215116 2550 0.000007056 add_time= 0.000238648
2750 0.000096953 2750 0.000006224 add_time= 0.000117347
2500 0.000072355 2500 0.000005872 add_time= 0.000091669
2601 0.000089236 2601 0.000006171 add_time= 0.000109039
2500 0.000087500 2500 0.000005972 add_time= 0.000106625
1250 0.000044475 1250 0.000005865 add_time= 0.000069685
2500 0.000133837 2500 0.000007015 add_time= 0.000156154
2750 0.000145244 2750 0.000013130 add_time= 0.000172551
2805 0.000056841 2805 0.000006118 add_time= 0.000076724
2601 0.000015543 2601 0.000016604 add_time= 0.000045979
3025 0.000049115 3025 0.000006032 add_time= 0.000069329
2550 0.000619697 2550 0.000007895 add_time= 0.000661101
2600 0.000061765 2600 0.000007940 add_time= 0.000086078
3025 0.000328440 3025 0.000033968 add_time= 0.000381294
2750 0.000279346 2750 0.000007232 add_time= 0.000302032
2550 0.000097559 2550 0.000007718 add_time= 0.000127622
2700 0.000075859 2700 0.000028481 add_time= 0.000130106
2862 0.000448231 2862 0.000008111 add_time= 0.000478048
1250 0.000087380 1250 0.000024329 add_time= 0.000125284
2500 0.000094126 2500 0.000007114 add_time= 0.000118032
2601 0.000387853 2601 0.000006748 add_time= 0.000421298
2500 0.000007828 2500 0.000035935 add_time= 0.000068851
2750 0.000054754 2750 0.000006752 add_time= 0.000078189
2860 0.000308024 2860 0.000007709 add_time= 0.000333899
2500 0.000113136 2500 0.000024481 add_time= 0.000152629
2703 0.000255981 2703 0.000006707 add_time= 0.000279269
2550 0.000007237 2550 0.000023247 add_time= 0.000057407
2915 0.000205945 2915 0.000008135 add_time= 0.000229889
2700 0.000266553 2700 0.000009746 add_time= 0.000294313
1250 0.000110315 1250 0.000006271 add_time= 0.000130412
2750 0.000158529 2750 0.000008026 add_time= 0.000194790
2750 0.000007869 2750 0.000024433 add_time= 0.000048440
1375 0.000152546 1375 0.000007118 add_time= 0.000172053
2600 0.000231405 2600 0.000006637 add_time= 0.000255782
2750 0.000206354 2750 0.000031694 add_time= 0.000274162
2600 0.000071555 2600 0.000039536 add_time= 0.000127087
2862 0.000007933 2862 0.000040853 add_time= 0.000064779
2500 0.000085478 2500 0.000033661 add_time= 0.000135193
2500 0.000095398 2500 0.000006121 add_time= 0.000122095
2600 0.000253228 2600 0.000007911 add_time= 0.000285964
2500 0.000071080 2500 0.000005906 add_time= 0.000092222
2650 0.000063102 2650 0.000007084 add_time= 0.000096386
2500 0.000084708 2500 0.000007535 add_time= 0.000111881
2916 0.000042078 2916 0.000007564 add_time= 0.000066919
1375 0.000049507 1375 0.000006130 add_time= 0.000068221
2650 0.000137625 2650 0.000007960 add_time= 0.000171549
2750 0.000073162 2750 0.000006428 add_time= 0.000106420
2750 0.000107900 2750 0.000006688 add_time= 0.000129259
2601 0.000472160 2601 0.000007409 add_time= 0.000495814
2500 0.000124351 2500 0.000010250 add_time= 0.000150331
2704 0.000258440 2704 0.000007624 add_time= 0.000289223
2500 0.000102479 2500 0.000006502 add_time= 0.000124802
2500 0.000076879 2500 0.000006688 add_time= 0.000098362
2500 0.000145755 2500 0.000006481 add_time= 0.000174123
2550 0.000007044 2550 0.000026139 add_time= 0.000046948
1375 0.000083370 1375 0.000006808 add_time= 0.000104075
2750 0.000099357 2750 0.000008762 add_time= 0.000156953
2500 0.000049556 2500 0.000013445 add_time= 0.000088413
2500 0.000037652 2500 0.000007811 add_time= 0.000077227
2754 0.000050355 2754 0.000008749 add_time= 0.000090863
2700 0.000040122 2700 0.000025528 add_time= 0.000092581
2600 0.000049930 2600 0.000007667 add_time= 0.000082434
2500 0.000512276 2500 0.000019172 add_time= 0.000548840
2550 0.000088901 2550 0.000006340 add_time= 0.000120236
2750 0.000084291 2750 0.000007730 add_time= 0.000109311
2550 0.000062208 2550 0.000006254 add_time= 0.000084722
2500 0.000006986 2500 0.000025229 add_time= 0.000057211
2970 0.000066510 2970 0.000006912 add_time= 0.000090539
2600 0.000211685 2600 0.000027755 add_time= 0.000255357
2652 0.000057876 2652 0.000006856 add_time= 0.000079911
2600 0.000047197 2600 0.000007102 add_time= 0.000080773
2750 0.000058700 2750 0.000014463 add_time= 0.000086871
2652 0.000017110 2652 0.000022158 add_time= 0.000054342
2600 0.000075529 2600 0.000006570 add_time= 0.000105244
2652 0.000092192 2652 0.000006622 add_time= 0.000114597
2750 0.000099100 2750 0.000016402 add_time= 0.000139001
2805 0.000068424 2805 0.000006977 add_time= 0.000099019
2805 0.000007683 2805 0.000016122 add_time= 0.000039499
3025 0.000077006 3025 0.000007439 add_time= 0.000100613
2704 0.000102405 2704 0.000006847 add_time= 0.000125218
2750 0.000050954 2750 0.000007110 add_time= 0.000073404
2550 0.000127400 2550 0.000007400 add_time= 0.000149968
2500 0.000016391 2500 0.000014462 add_time= 0.000046246
3025 0.000063953 3025 0.000012722 add_time= 0.000092163
2600 0.000277789 2600 0.000007412 add_time= 0.000311919
2750 0.000072004 2750 0.000007471 add_time= 0.000094475
2805 0.000064211 2805 0.000007358 add_time= 0.000087087
2500 0.000059714 2500 0.000006440 add_time= 0.000080091
2600 0.000076967 2600 0.000009185 add_time= 0.000099865
2500 0.000015021 2500 0.000014766 add_time= 0.000043401
1325 0.000046789 1325 0.000006209 add_time= 0.000083202
2650 0.000166775 2650 0.000007502 add_time= 0.000190008
2704 0.000060795 2704 0.000006771 add_time= 0.000081187
2860 0.000048156 2860 0.000006783 add_time= 0.000070376
2805 0.000091283 2805 0.000007298 add_time= 0.000112975
2550 0.000014794 2550 0.000014517 add_time= 0.000042765
2750 0.000059089 2750 0.000007786 add_time= 0.000080707
2500 0.000159578 2500 0.000007156 add_time= 0.000181794
1375 0.000063653 1375 0.000006305 add_time= 0.000085869
2500 0.000060699 2500 0.000006468 add_time= 0.000080048
2550 0.000017402 2550 0.000019251 add_time= 0.000049924
2916 0.000058287 2916 0.000006934 add_time= 0.000079018
1375 0.000064343 1375 0.000005470 add_time= 0.000080885
2704 0.000159524 2704 0.000006760 add_time= 0.000182089
2500 0.000134360 2500 0.000006273 add_time= 0.000154390
1375 0.000138129 1375 0.000006221 add_time= 0.000155594
2750 0.000015713 2750 0.000015278 add_time= 0.000044050
2550 0.000075141 2550 0.000005890 add_time= 0.000093842
2650 0.000186659 2650 0.000007207 add_time= 0.000209628
2500 0.000050180 2500 0.000007539 add_time= 0.000085837
2500 0.000071344 2500 0.000013650 add_time= 0.000098187
2500 0.000053210 2500 0.000006293 add_time= 0.000072771
2500 0.000014918 2500 0.000132196 add_time= 0.000160511
1250 0.000042840 1250 0.000005832 add_time= 0.000059267
1325 0.000313994 1325 0.000006310 add_time= 0.000332806
2500 0.000068035 2500 0.000006606 add_time= 0.000088013
2500 0.000138715 2500 0.000005949 add_time= 0.000158017
2750 0.000047249 2750 0.000006508 add_time= 0.000067304
2600 0.000014714 2600 0.000019563 add_time= 0.000047696
2500 0.000036430 2500 0.000010283 add_time= 0.000059448
2600 0.000126772 2600 0.000007513 add_time= 0.000161645
2500 0.000191507 2500 0.000034570 add_time= 0.000241334
2750 0.000190660 2750 0.000006824 add_time= 0.000212087
2550 0.000018532 2550 0.000090055 add_time= 0.000134086
2500 0.000137426 2500 0.000007136 add_time= 0.000157835
2600 0.000077689 2600 0.000008052 add_time= 0.000101588
2750 0.000189151 2750 0.000007244 add_time= 0.000210843
2500 0.000093598 2500 0.000007399 add_time= 0.000123859
2652 0.000166467 2652 0.000006836 add_time= 0.000189256
2650 0.000142331 2650 0.000027237 add_time= 0.000194771
2650 0.000175562 2650 0.000007758 add_time= 0.000198925
2860 0.000274430 2860 0.000007261 add_time= 0.000297339
2750 0.000055812 2750 0.000017344 add_time= 0.000088084
2750 0.000084183 2750 0.000015543 add_time= 0.000131652
2550 0.000006115 2550 0.000023560 add_time= 0.000042917
3025 0.000091604 3025 0.000008034 add_time= 0.000115079
1275 0.000051865 1275 0.000006485 add_time= 0.000070090
2550 0.000113306 2550 0.000006953 add_time= 0.000135249
1300 0.000029882 1300 0.000005694 add_time= 0.000046735
2750 0.000141038 2750 0.000007216 add_time= 0.000168287
2805 0.000137008 2805 0.000006584 add_time= 0.000157025
2754 0.000073837 2754 0.000006355 add_time= 0.000093362
2550 0.000107668 2550 0.000006601 add_time= 0.000128892
2700 0.000528835 2700 0.000007502 add_time= 0.000552622
2970 0.000058643 2970 0.000007453 add_time= 0.000082077
1250 0.000068692 1250 0.000005958 add_time= 0.000086893
2805 0.000007502 2805 0.000016785 add_time= 0.000059065
2860 0.000272012 2860 0.000006903 add_time= 0.000294178
2500 0.000244795 2500 0.000008468 add_time= 0.000272568
2750 0.000115499 2750 0.000008346 add_time= 0.000140892
2550 0.000114127 2550 0.000006111 add_time= 0.000134316
2652 0.000299167 2652 0.000006529 add_time= 0.000320145
2805 0.000007284 2805 0.000016054 add_time= 0.000048479
2970 0.000054626 2970 0.000006289 add_time= 0.000075567
2500 0.000065021 2500 0.000006316 add_time= 0.000087177
2700 0.000252228 2700 0.000007736 add_time= 0.000276975
2500 0.000085315 2500 0.000007295 add_time= 0.000108849
2750 0.000192428 2750 0.000007427 add_time= 0.000216174
2805 0.000016293 2805 0.000015470 add_time= 0.000048103
2500 0.000044988 2500 0.000007425 add_time= 0.000068457
2703 0.000076886 2703 0.000006673 add_time= 0.000099766
2600 0.000069298 2600 0.000006113 add_time= 0.000088710
3025 0.000056916 3025 0.000005818 add_time= 0.000076588
2750 0.000043928 2750 0.000006031 add_time= 0.000062846
2550 0.000148534 2550 0.000005971 add_time= 0.000167015
2550 0.000108067 2550 0.000006231 add_time= 0.000126415
2750 0.000065031 2750 0.000007102 add_time= 0.000087065
1275 0.000057551 1275 0.000006080 add_time= 0.000074515
2652 0.000116601 2652 0.000007768 add_time= 0.000156425
3025 0.000043071 3025 0.000007821 add_time= 0.000081239
1250 0.000118959 1250 0.000007568 add_time= 0.000149191
2805 0.000035225 2805 0.000007640 add_time= 0.000074837
2500 0.000046161 2500 0.000008260 add_time= 0.000078157
2500 0.000501262 2500 0.000006541 add_time= 0.000522329
3025 0.000051183 3025 0.000007261 add_time= 0.000074143
1250 0.000088837 1250 0.000006210 add_time= 0.000106922
2500 0.000202637 2500 0.000007249 add_time= 0.000224339
2550 0.000007011 2550 0.000081756 add_time= 0.000103239
2970 0.000101628 2970 0.000006981 add_time= 0.000124158
2750 0.000148116 2750 0.000012083 add_time= 0.000185171
2750 0.000171464 2750 0.000006007 add_time= 0.000190595
2550 0.000099151 2550 0.000007051 add_time= 0.000120493
2550 0.000060124 2550 0.000006967 add_time= 0.000081492
2600 0.000063976 2600 0.000006916 add_time= 0.000085784
2704 0.000132751 2704 0.000006651 add_time= 0.000154598
2750 0.000053631 2750 0.000008681 add_time= 0.000077156
2860 0.000210975 2860 0.000006961 add_time= 0.000233727
1275 0.000102142 1275 0.000005934 add_time= 0.000120592
2550 0.000052294 2550 0.000006562 add_time= 0.000073932
2704 0.000190555 2704 0.000006838 add_time= 0.000213068
2860 0.000062882 2860 0.000006367 add_time= 0.000082575
2750 0.000281430 2750 0.000006545 add_time= 0.000301763
2750 0.000083470 2750 0.000010554 add_time= 0.000109582
2703 0.000102202 2703 0.000007699 add_time= 0.000124891
2700 0.000064124 2700 0.000025704 add_time= 0.000105388
1250 0.000130014 1250 0.000006275 add_time= 0.000148935
2550 0.000182291 2550 0.000008426 add_time= 0.000206181
2860 0.000174505 2860 0.000007338 add_time= 0.000197788
2750 0.000105587 2750 0.000007279 add_time= 0.000138862
2500 0.000074341 2500 0.000006454 add_time= 0.000093874
2500 0.000088343 2500 0.000006966 add_time= 0.000120113
2500 0.000046589 2500 0.000006569 add_time= 0.000067627
1250 0.000112663 1250 0.000006686 add_time= 0.000131874
2700 0.000095193 2700 0.000006835 add_time= 0.000121157
3025 0.000073750 3025 0.000007099 add_time= 0.000096889
2700 0.000087190 2700 0.000006452 add_time= 0.000107124
2601 0.000290119 2601 0.000006172 add_time= 0.000320380
2500 0.000017284 2500 0.000014344 add_time= 0.000044359
2500 0.000041857 2500 0.000018052 add_time= 0.000072789
2860 0.000198129 2860 0.000007168 add_time= 0.000220427
2750 0.000161043 2750 0.000006025 add_time= 0.000180648
2500 0.000092574 2500 0.000014872 add_time= 0.000120148
2550 0.000059820 2550 0.000006253 add_time= 0.000078542
2750 0.000079148 2750 0.000006173 add_time= 0.000098671
2750 0.000204984 2750 0.000006843 add_time= 0.000225894
2805 0.000037651 2805 0.000006607 add_time= 0.000057888
2500 0.000062772 2500 0.000006443 add_time= 0.000096031
2703 0.000114229 2703 0.000011777 add_time= 0.000139537
1250 0.000125128 1250 0.000005815 add_time= 0.000141912
2860 0.000262678 2860 0.000007184 add_time= 0.000285077
2750 0.000135476 2750 0.000006111 add_time= 0.000154910
2750 0.000110254 2750 0.000005982 add_time= 0.000129559
2805 0.000063943 2805 0.000007058 add_time= 0.000084066
2600 0.000093378 2600 0.000006201 add_time= 0.000112786
1350 0.000112283 1350 0.000006089 add_time= 0.000129076
2500 0.000169675 2500 0.000007331 add_time= 0.000191437
2600 0.000076219 2600 0.000006463 add_time= 0.000095883
2860 0.000056075 2860 0.000006130 add_time= 0.000075742
2500 0.000049556 2500 0.000005799 add_time= 0.000073904
2550 0.000085128 2550 0.000005641 add_time= 0.000103176
2700 0.000118406 2700 0.000006437 add_time= 0.000148418
1375 0.000177036 1375 0.000012618 add_time= 0.000200362
2704 0.000132626 2704 0.000006041 add_time= 0.000153267
2500 0.000086450 2500 0.000006622 add_time= 0.000106169
2500 0.000078751 2500 0.000005765 add_time= 0.000097400
2601 0.000067381 2601 0.000006597 add_time= 0.000087097
2970 0.000060620 2970 0.000006920 add_time= 0.000097699
2750 0.000069463 2750 0.000006982 add_time= 0.000088997
2704 0.000218743 2704 0.000008745 add_time= 0.000247312
2750 0.000082521 2750 0.000006633 add_time= 0.000105239
2805 0.000033733 2805 0.000006457 add_time= 0.000055493
2500 0.000253212 2500 0.000005930 add_time= 0.000272549
2652 0.000020996 2652 0.000022611 add_time= 0.000056410
2500 0.000081575 2500 0.000014416 add_time= 0.000112947
2500 0.000124320 2500 0.000015075 add_time= 0.000154031
2650 0.000293961 2650 0.000007006 add_time= 0.000316964
2750 0.000122017 2750 0.000006556 add_time= 0.000144207
2700 0.000128111 2700 0.000006934 add_time= 0.000151288
2500 0.000042949 2500 0.000007224 add_time= 0.000073597
2500 0.000016289 2500 0.000016136 add_time= 0.000047527
2500 0.000089566 2500 0.000007590 add_time= 0.000113027
2704 0.000250513 2704 0.000007034 add_time= 0.000272514
2600 0.000105442 2600 0.000006676 add_time= 0.000126022
2750 0.000626143 2750 0.000006289 add_time= 0.000645979
2500 0.000098264 2500 0.000007188 add_time= 0.000127017
2550 0.000293022 2550 0.000006380 add_time= 0.000312982
1275 0.000043992 1275 0.000005398 add_time= 0.000068546
2915 0.000095378 2915 0.000007502 add_time= 0.000118651
2500 0.000280450 2500 0.000009761 add_time= 0.000305270
2860 0.000086133 2860 0.000006563 add_time= 0.000107628
2750 0.000066544 2750 0.000006350 add_time= 0.000086171
2754 0.000236108 2754 0.000007475 add_time= 0.000267103
1275 0.000103644 1275 0.000005256 add_time= 0.000119743
2750 0.000117328 2750 0.000007227 add_time= 0.000139751
2652 0.000127704 2652 0.000006310 add_time= 0.000150476
2600 0.000113219 2600 0.000006807 add_time= 0.000135349
2500 0.000041535 2500 0.000006145 add_time= 0.000061167
2500 0.000054708 2500 0.000015004 add_time= 0.000084597
1275 0.000057778 1275 0.000012179 add_time= 0.000080941
2550 0.000090651 2550 0.000006792 add_time= 0.000112143
2750 0.000271347 2750 0.000007689 add_time= 0.000302671
2700 0.000074029 2700 0.000007671 add_time= 0.000097915
2750 0.000093676 2750 0.000006647 add_time= 0.000115259
2500 0.000017151 2500 0.000015842 add_time= 0.000059518
2550 0.000070901 2550 0.000007789 add_time= 0.000098931
2600 0.000290888 2600 0.000007603 add_time= 0.000315885
2750 0.000068794 2750 0.000006996 add_time= 0.000092035
3025 0.000095105 3025 0.000007343 add_time= 0.000119879
2550 0.000016533 2550 0.000037482 add_time= 0.000070305
2805 0.000049836 2805 0.000007174 add_time= 0.000072748
2600 0.000198745 2600 0.000007272 add_time= 0.000226766
2750 0.000089963 2750 0.000006809 add_time= 0.000113689
2500 0.000129271 2500 0.000006579 add_time= 0.000148597
2750 0.000063824 2750 0.000006548 add_time= 0.000082870
2550 0.000007380 2550 0.000026469 add_time= 0.000048510
2805 0.000046811 2805 0.000006829 add_time= 0.000077860
2860 0.000055441 2860 0.000008148 add_time= 0.000113712
2600 0.000054171 2600 0.000006879 add_time= 0.000084639
2750 0.000108742 2750 0.000007788 add_time= 0.000140849
3025 0.000076393 3025 0.000008237 add_time= 0.000111466
2601 0.000037072 2601 0.000025780 add_time= 0.000092126
2500 0.000081869 2500 0.000008504 add_time= 0.000115160
2600 0.000194972 2600 0.000017120 add_time= 0.000232074
2750 0.000103521 2750 0.000007002 add_time= 0.000126352
2550 0.000084004 2550 0.000006829 add_time= 0.000106446
2500 0.000008263 2500 0.000034962 add_time= 0.000068227
2750 0.000130890 2750 0.000007974 add_time= 0.000154448
2500 0.000207177 2500 0.000007076 add_time= 0.000231345
2970 0.000126370 2970 0.000008170 add_time= 0.000152072
2500 0.000083810 2500 0.000007080 add_time= 0.000106167
2652 0.000148674 2652 0.000007534 add_time= 0.000172111
2750 0.000016719 2750 0.000015571 add_time= 0.000047241
1375 0.000099474 1375 0.000006639 add_time= 0.000128856
2750 0.000071775 2750 0.000007811 add_time= 0.000098116
2600 0.000051611 2600 0.000006454 add_time= 0.000082818
3025 0.000053820 3025 0.000014777 add_time= 0.000085325
2650 0.000054699 2650 0.000014761 add_time= 0.000085450
2754 0.000091124 2754 0.000006239 add_time= 0.000120792
1250 0.000012816 1250 0.000011429 add_time= 0.000046822
1250 0.000333243 1250 0.000006874 add_time= 0.000353853
2500 0.000106288 2500 0.000006830 add_time= 0.000130587
2500 0.000067220 2500 0.000008016 add_time= 0.000102878
2500 0.000066144 2500 0.000007791 add_time= 0.000090159
2915 0.000116735 2915 0.000006894 add_time= 0.000146863
2550 0.000145162 2550 0.000007044 add_time= 0.000167945
2754 0.000074033 2754 0.000006451 add_time= 0.000094444
1250 0.000334395 1250 0.000006796 add_time= 0.000354823
2550 0.000235142 2550 0.000006950 add_time= 0.000259692
2805 0.000079726 2805 0.000007087 add_time= 0.000103441
2650 0.000097976 2650 0.000006879 add_time= 0.000120966
2500 0.000007546 2500 0.000014557 add_time= 0.000037655
2550 0.000073779 2550 0.000006449 add_time= 0.000094923
2600 0.000085856 2600 0.000014231 add_time= 0.000119143
2750 0.000150756 2750 0.000007363 add_time= 0.000185088
2650 0.000080828 2650 0.000007441 add_time= 0.000105250
2550 0.000141933 2550 0.000006136 add_time= 0.000172459
2500 0.000112347 2500 0.000007788 add_time= 0.000136160
1250 0.000163976 1250 0.000006641 add_time= 0.000183313
2860 0.000068730 2860 0.000007396 add_time= 0.000094022
2550 0.000081571 2550 0.000006304 add_time= 0.000102778
2500 0.000089160 2500 0.000007029 add_time= 0.000111687
2652 0.000072455 2652 0.000006762 add_time= 0.000113290
2550 0.000015898 2550 0.000015411 add_time= 0.000045077
2805 0.000106389 2805 0.000006929 add_time= 0.000127703
2600 0.000239601 2600 0.000007026 add_time= 0.000264036
2600 0.000120797 2600 0.000005780 add_time= 0.000141093
2750 0.000144098 2750 0.000007468 add_time= 0.000165730
2805 0.000105944 2805 0.000007473 add_time= 0.000129843
2700 0.000079174 2700 0.000007762 add_time= 0.000121511
3025 0.000099569 3025 0.000006830 add_time= 0.000121443
2500 0.000132120 2500 0.000008465 add_time= 0.000156992
2550 0.000069173 2550 0.000007051 add_time= 0.000102494
2750 0.000113319 2750 0.000007955 add_time= 0.000137132
2750 0.000064913 2750 0.000007274 add_time= 0.000088748
2500 0.000023896 2500 0.000013640 add_time= 0.000051811
2600 0.000057889 2600 0.000007245 add_time= 0.000079211
2500 0.000148189 2500 0.000006268 add_time= 0.000167136
2860 0.000319657 2860 0.000006926 add_time= 0.000343108
2500 0.000068441 2500 0.000006373 add_time= 0.000089900
2550 0.000105411 2550 0.000007128 add_time= 0.000139513
2750 0.000016654 2750 0.000036397 add_time= 0.000075813
2500 0.000238111 2500 0.000006002 add_time= 0.000257870
2750 0.000113298 2750 0.000006884 add_time= 0.000136176
3025 0.000085426 3025 0.000008671 add_time= 0.000122049
2550 0.000051208 2550 0.000014744 add_time= 0.000080293
2601 0.000178673 2601 0.000007172 add_time= 0.000200234
2500 0.000121282 2500 0.000006859 add_time= 0.000142197
2500 0.000308216 2500 0.000012881 add_time= 0.000335251
2500 0.000559225 2500 0.000008230 add_time= 0.000587157
2500 0.000297969 2500 0.000008505 add_time= 0.000322177
2805 0.000567784 2805 0.000008094 add_time= 0.000592175
2500 0.000014810 2500 0.000036287 add_time= 0.000064994
2750 0.000040166 2750 0.000006966 add_time= 0.000061651
2704 0.000271089 2704 0.000013788 add_time= 0.000300737
2750 0.000089095 2750 0.000017972 add_time= 0.000134062
2550 0.000179479 2550 0.000007112 add_time= 0.000201623
2652 0.000007068 2652 0.000043908 add_time= 0.000065745
2600 0.000076505 2600 0.000006624 add_time= 0.000096897
2750 0.000255139 2750 0.000007282 add_time= 0.000288621
2860 0.000278656 2860 0.000006583 add_time= 0.000305190
3025 0.000387119 3025 0.000006159 add_time= 0.000409341
2550 0.000087185 2550 0.000007008 add_time= 0.000109521
2601 0.000190818 2601 0.000006939 add_time= 0.000222272
2550 0.000058403 2550 0.000007162 add_time= 0.000080284
2500 0.000113078 2500 0.000006649 add_time= 0.000133233
2700 0.000180532 2700 0.000006443 add_time= 0.000202623
2750 0.000155965 2750 0.000008050 add_time= 0.000179609
2750 0.000089218 2750 0.000006028 add_time= 0.000108549
2550 0.000142506 2550 0.000007569 add_time= 0.000170635
2700 0.000075316 2700 0.000007575 add_time= 0.000117404
1300 0.000103542 1300 0.000005431 add_time= 0.000120289
2652 0.000227042 2652 0.000006524 add_time= 0.000250093
2500 0.000147136 2500 0.000006597 add_time= 0.000167557
2750 0.000117071 2750 0.000007466 add_time= 0.000139793
2601 0.000006784 2601 0.000015460 add_time= 0.000035167
2750 0.000063578 2750 0.000006248 add_time= 0.000083583
2500 0.000148286 2500 0.000007588 add_time= 0.000189830
2600 0.000091668 2600 0.000006500 add_time= 0.000113208
2500 0.000086565 2500 0.000046355 add_time= 0.000146687
1250 0.000250762 1250 0.000006896 add_time= 0.000270381
2500 0.000015584 2500 0.000015920 add_time= 0.000055779
2500 0.000045654 2500 0.000006336 add_time= 0.000065051
2500 0.000347977 2500 0.000006670 add_time= 0.000370135
2750 0.000254238 2750 0.000006950 add_time= 0.000276983
2550 0.000124024 2550 0.000007314 add_time= 0.000146050
2550 0.000272231 2550 0.000007045 add_time= 0.000295209
2500 0.000057925 2500 0.000007185 add_time= 0.000078989
2600 0.000125876 2600 0.000007094 add_time= 0.000148398
2750 0.000077031 2750 0.000007143 add_time= 0.000099723
2750 0.000051769 2750 0.000007955 add_time= 0.000085536
2500 0.000022906 2500 0.000006528 add_time= 0.000045877
2500 0.000006449 2500 0.000081927 add_time= 0.000107058
2500 0.000051657 2500 0.000006329 add_time= 0.000072756
2860 0.000047930 2860 0.000009000 add_time= 0.000106179
2500 0.000041543 2500 0.000007776 add_time= 0.000077746
2860 0.000030154 2860 0.000008920 add_time= 0.000072759
2601 0.000086685 2601 0.000008450 add_time= 0.000129586
2700 0.000031513 2700 0.000008721 add_time= 0.000070681
2652 0.000269195 2652 0.000008030 add_time= 0.000296302
2650 0.000083455 2650 0.000019248 add_time= 0.000117343
2750 0.000118724 2750 0.000006586 add_time= 0.000138684
2805 0.000071619 2805 0.000006409 add_time= 0.000092946
2550 0.000043133 2550 0.000007207 add_time= 0.000065436
2756 0.000225517 2756 0.000014446 add_time= 0.000255466
1375 0.000318268 1375 0.000006380 add_time= 0.000337420
2700 0.000043349 2700 0.000006701 add_time= 0.000065186
2703 0.000064549 2703 0.000018603 add_time= 0.000099141
2750 0.000061897 2750 0.000007748 add_time= 0.000085402
2500 0.000134773 2500 0.000007038 add_time= 0.000157679
2600 0.000166513 2600 0.000007972 add_time= 0.000189751
2500 0.000143564 2500 0.000007185 add_time= 0.000176819
2652 0.000064378 2652 0.000006557 add_time= 0.000085790
2700 0.000080980 2700 0.000007265 add_time= 0.000103034
1250 0.000074068 1250 0.000006764 add_time= 0.000093376
2703 0.000224942 2703 0.000007375 add_time= 0.000248270
2860 0.000183229 2860 0.000006593 add_time= 0.000206004
2601 0.000077199 2601 0.000007202 add_time= 0.000099324
2550 0.000038067 2550 0.000006539 add_time= 0.000058218
2550 0.000101214 2550 0.000007396 add_time= 0.000124054
2550 0.000033400 2550 0.000006933 add_time= 0.000064860
2600 0.000256350 2600 0.000007540 add_time= 0.000279702
2550 0.000299203 2550 0.000007143 add_time= 0.000328368
2600 0.000061600 2600 0.000006519 add_time= 0.000082878
2750 0.000090833 2750 0.000015868 add_time= 0.000122457
2600 0.000219832 2600 0.000015577 add_time= 0.000251232
2750 0.000049769 2750 0.000007572 add_time= 0.000079059
2500 0.000083216 2500 0.000007244 add_time= 0.000105027
2805 0.000061077 2805 0.000007180 add_time= 0.000084001
2500 0.000015270 2500 0.000014545 add_time= 0.000043246
2750 0.000080098 2750 0.000006939 add_time= 0.000106512
2700 0.000486641 2700 0.000007206 add_time= 0.000521588
2500 0.000114758 2500 0.000006802 add_time= 0.000135807
2500 0.000075869 2500 0.000007347 add_time= 0.000098702
2754 0.000149507 2754 0.000008000 add_time= 0.000173005
1250 0.000048847 1250 0.000006449 add_time= 0.000075562
2750 0.000588600 2750 0.000007729 add_time= 0.000611785
2860 0.000192496 2860 0.000007158 add_time= 0.000214101
2970 0.000047068 2970 0.000006245 add_time= 0.000069017
2550 0.000100499 2550 0.000007460 add_time= 0.000123041
2754 0.000048404 2754 0.000007308 add_time= 0.000070755
2860 0.000089749 2860 0.000007168 add_time= 0.000111253
1250 0.000065766 1250 0.000006042 add_time= 0.000082063
2500 0.000482339 2500 0.000007396 add_time= 0.000504745
2500 0.000165397 2500 0.000006252 add_time= 0.000186441
2750 0.000045561 2750 0.000006865 add_time= 0.000078914
1275 0.000012927 1275 0.000018263 add_time= 0.000044324
2750 0.000138537 2750 0.000006697 add_time= 0.000159266
2500 0.000237682 2500 0.000006727 add_time= 0.000259439
2750 0.000099332 2750 0.000006633 add_time= 0.000121455
2750 0.000067378 2750 0.000006684 add_time= 0.000089483
2550 0.000107516 2550 0.000006075 add_time= 0.000134736
2970 0.000077729 2970 0.000024989 add_time= 0.000117027
1250 0.000066132 1250 0.000015241 add_time= 0.000091746
2750 0.000067868 2750 0.000006648 add_time= 0.000088985
1300 0.000045975 1300 0.000005738 add_time= 0.000062734
2550 0.000124601 2550 0.000006201 add_time= 0.000143955
2805 0.000105351 2805 0.000006067 add_time= 0.000125000
1275 0.000127256 1275 0.000005184 add_time= 0.000143420
2970 0.000092842 2970 0.000007365 add_time= 0.000125336
1250 0.000060488 1250 0.000011171 add_time= 0.000082195
2600 0.000140483 2600 0.000009244 add_time= 0.000169873
2600 0.000085400 2600 0.000007108 add_time= 0.000107643
3025 0.000349372 3025 0.000006362 add_time= 0.000377082
2750 0.000333703 2750 0.000006124 add_time= 0.000353243
2703 0.000271218 2703 0.000007724 add_time= 0.000294852
2750 0.000098678 2750 0.000028063 add_time= 0.000141391
2500 0.000072591 2500 0.000007253 add_time= 0.000095181
2704 0.000240040 2704 0.000008988 add_time= 0.000263318
2750 0.000172188 2750 0.000006636 add_time= 0.000193159
3025 0.000086525 3025 0.000005991 add_time= 0.000106864
2805 0.000006749 2805 0.000027408 add_time= 0.000047853
2500 0.000081518 2500 0.000006250 add_time= 0.000100105
625 0.000063787 625 0.000007028 add_time= 0.000082827
2500 0.000251615 2500 0.000009375 add_time= 0.000276086
2500 0.000244847 2500 0.000007220 add_time= 0.000280122
2805 0.000213537 2805 0.000015914 add_time= 0.000245125
2750 0.000083123 2750 0.000006356 add_time= 0.000103299
1350 0.000055426 1350 0.000007267 add_time= 0.000081737
2750 0.000115721 2750 0.000006902 add_time= 0.000136514
2600 0.000230420 2600 0.000007283 add_time= 0.000264492
2500 0.000198953 2500 0.000006607 add_time= 0.000218959
2750 0.000127450 2750 0.000014714 add_time= 0.000157668
2550 0.000198645 2550 0.000006809 add_time= 0.000220374
2500 0.000006536 2500 0.000023801 add_time= 0.000063189
2750 0.000065668 2750 0.000006356 add_time= 0.000087872
