2500 0.000288089 2500 0.000014710 add_time= 0.001912793
2754 0.000061628 2754 0.000016603 add_time= 0.000094170
2756 0.000158701 2756 0.000009084 add_time= 0.000187910
2550 0.000133498 2550 0.000008954 add_time= 0.000168853
1250 0.000726811 1250 0.000011057 add_time= 0.000784584
2550 0.000104048 2550 0.000010160 add_time= 0.000140309
2750 0.000106560 2750 0.000010122 add_time= 0.000139535
2805 0.000795207 2805 0.000007873 add_time= 0.000819348
2601 0.000143874 2601 0.000007502 add_time= 0.000166696
1325 0.000156554 1325 0.000009907 add_time= 0.000181133
2860 0.000161840 2860 0.000011089 add_time= 0.000202989
2500 0.000016031 2500 0.000012900 add_time= 0.000052569
2700 0.000109135 2700 0.000007056 add_time= 0.000137127
2500 0.000855723 2500 0.000009343 add_time= 0.000892439
2550 0.000094469 2550 0.000030158 add_time= 0.000140771
2500 0.000317758 2500 0.000007873 add_time= 0.000348082
2805 0.001252608 2805 0.000008153 add_time= 0.001287456
2650 0.000087136 2650 0.000006642 add_time= 0.000108838
2650 0.000106068 2650 0.000012561 add_time= 0.000238032
2970 0.000074347 2970 0.000008803 add_time= 0.000129141
2600 0.000091122 2600 0.000014082 add_time= 0.001623834
3025 0.000030336 3025 0.000034652 add_time= 0.000092415
2700 0.000065061 2700 0.000008391 add_time= 0.000095244
2750 0.000049536 2750 0.000010843 add_time= 0.000089069
2805 0.000046975 2805 0.000036153 add_time= 0.000101356
2550 0.000046436 2550 0.000008577 add_time= 0.000071908
2550 0.000063811 2550 0.000007901 add_time= 0.000091699
2750 0.000445530 2750 0.000011028 add_time= 0.000543828
2550 0.000291741 2550 0.000009858 add_time= 0.000317773
2750 0.000073338 2750 0.000007380 add_time= 0.000106393
1250 0.000152703 1250 0.000006715 add_time= 0.000178614
2750 0.000210583 2750 0.000027007 add_time= 0.000264454
2550 0.000303406 2550 0.000040319 add_time= 0.000360326
2650 0.000324836 2650 0.000010416 add_time= 0.000373356
2550 0.000129602 2550 0.000019655 add_time= 0.000165317
2703 0.000499711 2703 0.000020912 add_time= 0.000543047
2550 0.000145902 2550 0.000030168 add_time= 0.000192421
2500 0.000373881 2500 0.000007540 add_time= 0.000416794
2550 0.000056770 2550 0.000006951 add_time= 0.000088889
2550 0.000107235 2550 0.000006387 add_time= 0.000143110
2650 0.000434313 2650 0.000010315 add_time= 0.000597826
2600 0.000046795 2600 0.000009497 add_time= 0.000111462
2550 0.000115293 2550 0.000012645 add_time= 0.001151501
2550 0.000077549 2550 0.000007229 add_time= 0.000100536
2500 0.000232940 2500 0.000006460 add_time= 0.000253031
2915 0.000085345 2915 0.000007023 add_time= 0.000111669
2805 0.000054043 2805 0.000007734 add_time= 0.000089132
2700 0.000096793 2700 0.000007000 add_time= 0.000120201
1275 0.000005763 1275 0.000009856 add_time= 0.000030447
2860 0.000172402 2860 0.000007577 add_time= 0.000196366
2750 0.000124219 2750 0.000007137 add_time= 0.000156407
2750 0.000113648 2750 0.000007465 add_time= 0.000137337
2550 0.000039020 2550 0.000007388 add_time= 0.000062247
2750 0.000007454 2750 0.000015429 add_time= 0.000038535
2550 0.000037602 2550 0.000012733 add_time= 0.000098726
2650 0.000052459 2650 0.000008952 add_time= 0.000079758
2750 0.000074606 2750 0.000014703 add_time= 0.000107392
2970 0.000100866 2970 0.000009338 add_time= 0.000160160
2652 0.000093208 2652 0.000006452 add_time= 0.000116217
2550 0.000039335 2550 0.000006340 add_time= 0.000060865
1250 0.000006874 1250 0.000008951 add_time= 0.000033682
2600 0.000264144 2600 0.000006691 add_time= 0.000287620
2756 0.000059227 2756 0.000007004 add_time= 0.000082604
2750 0.000038641 2750 0.000006102 add_time= 0.000062717
2550 0.000049561 2550 0.000007849 add_time= 0.000079444
2754 0.000060698 2754 0.000006343 add_time= 0.000082234
2650 0.000007009 2650 0.000015475 add_time= 0.000046081
2860 0.000277962 2860 0.000007847 add_time= 0.000335391
2500 0.000154097 2500 0.000006908 add_time= 0.000177397
2750 0.000040970 2750 0.000006936 add_time= 0.000072958
2600 0.000042519 2600 0.000010236 add_time= 0.000069551
2700 0.000096771 2700 0.000006409 add_time= 0.000118105
2500 0.000009020 2500 0.000013931 add_time= 0.000045682
2860 0.000214578 2860 0.000007448 add_time= 0.000240281
2808 0.000108069 2808 0.000005913 add_time= 0.000128610
2500 0.000326837 2500 0.000007168 add_time= 0.000350503
2750 0.000212556 2750 0.000006377 add_time= 0.000234165
2500 0.000094676 2500 0.000008710 add_time= 0.000117491
1325 0.000005713 1325 0.000021779 add_time= 0.000049771
2860 0.000098916 2860 0.000007922 add_time= 0.000133551
2805 0.000049072 2805 0.000017895 add_time= 0.000084619
2500 0.001589874 2500 0.000007291 add_time= 0.001623388
2750 0.000069365 2750 0.000007570 add_time= 0.000114054
1375 0.000005268 1375 0.000009949 add_time= 0.000028188
2550 0.000098888 2550 0.000008552 add_time= 0.000187853
2750 0.000081310 2750 0.000008227 add_time= 0.000120676
2750 0.000065374 2750 0.000015499 add_time= 0.000119078
2550 0.000077424 2550 0.000015847 add_time= 0.000124347
3025 0.000104255 3025 0.000021200 add_time= 0.000177250
2750 0.000436889 2750 0.000007924 add_time= 0.000474588
2750 0.000572313 2750 0.000008490 add_time= 0.000599047
2750 0.000135460 2750 0.000019211 add_time= 0.000170968
2550 0.000166143 2550 0.000007423 add_time= 0.000189648
2750 0.000006808 2750 0.000014716 add_time= 0.000037850
2600 0.000215154 2600 0.000007096 add_time= 0.000239018
2808 0.000179827 2808 0.000005769 add_time= 0.000200566
2500 0.000297091 2500 0.000005947 add_time= 0.000316640
2805 0.000047291 2805 0.000006833 add_time= 0.000070203
2700 0.000267600 2700 0.000015166 add_time= 0.000299143
2750 0.000006613 2750 0.000022281 add_time= 0.000042710
2750 0.000044170 2750 0.000006142 add_time= 0.000068619
2808 0.000058108 2808 0.000008454 add_time= 0.000081752
2750 0.000203495 2750 0.000006528 add_time= 0.000226389
2805 0.000152800 2805 0.000007254 add_time= 0.000183924
2550 0.000082100 2550 0.000006536 add_time= 0.000104532
1250 0.000327810 1250 0.000016538 add_time= 0.000359182
2860 0.000254706 2860 0.000007036 add_time= 0.000279254
2860 0.000100976 2860 0.000006378 add_time= 0.000122281
2750 0.000259142 2750 0.000006482 add_time= 0.000282276
2550 0.000069030 2550 0.000006916 add_time= 0.000092319
2550 0.000122713 2550 0.000007638 add_time= 0.000144394
2500 0.000257916 2500 0.000006331 add_time= 0.000280998
2500 0.000052360 2500 0.000008339 add_time= 0.000076511
2704 0.000050920 2704 0.000006970 add_time= 0.000074774
2915 0.000144156 2915 0.000006518 add_time= 0.000166923
2550 0.000199638 2550 0.000014364 add_time= 0.000229803
2650 0.000041684 2650 0.000009581 add_time= 0.000066447
2500 0.000123435 2500 0.000007730 add_time= 0.000159307
2600 0.000149106 2600 0.000018365 add_time= 0.000188047
2970 0.000190234 2970 0.000007846 add_time= 0.000228636
2550 0.000150251 2550 0.000005901 add_time= 0.000182771
2550 0.000242968 2550 0.000010014 add_time= 0.000269136
2750 0.000016110 2750 0.000013999 add_time= 0.000047078
2704 0.000242807 2704 0.000006508 add_time= 0.000268303
2750 0.000033879 2750 0.000010025 add_time= 0.000061008
2805 0.000116904 2805 0.000006350 add_time= 0.000139186
2550 0.000084637 2550 0.000006055 add_time= 0.000104900
2805 0.000246755 2805 0.000007315 add_time= 0.000270650
2600 0.000017901 2600 0.000017384 add_time= 0.000051768
1250 0.000005197 1250 0.000008298 add_time= 0.000032922
2600 0.000073766 2600 0.000007327 add_time= 0.000100065
2600 0.000097680 2600 0.000006157 add_time= 0.000129962
2750 0.000072721 2750 0.000006881 add_time= 0.000111529
2805 0.000054322 2805 0.000015095 add_time= 0.000086364
2862 0.000059985 2862 0.000006805 add_time= 0.000084431
1250 0.000004890 1250 0.000008466 add_time= 0.000028289
2600 0.000026624 2600 0.000009085 add_time= 0.000086004
2600 0.000027342 2600 0.000007004 add_time= 0.000060170
2750 0.000029864 2750 0.000018817 add_time= 0.000077105
2550 0.000030703 2550 0.000006747 add_time= 0.000067753
2805 0.000022639 2805 0.000006959 add_time= 0.000054821
2550 0.000032631 2550 0.000008164 add_time= 0.000066529
2750 0.000113003 2750 0.000006367 add_time= 0.000140877
2805 0.000026505 2805 0.000013200 add_time= 0.000065912
2500 0.000022978 2500 0.000006702 add_time= 0.000045445
2700 0.000051450 2700 0.000006304 add_time= 0.000073908
2500 0.000231670 2500 0.000006543 add_time= 0.000256001
2704 0.000028598 2704 0.000006829 add_time= 0.000060991
2915 0.000032963 2915 0.000018465 add_time= 0.000068369
2550 0.000047476 2550 0.000007176 add_time= 0.000071400
2700 0.000078597 2700 0.000006507 add_time= 0.000101348
2700 0.000021722 2700 0.000013890 add_time= 0.000051773
2915 0.000518494 2915 0.000010230 add_time= 0.000561471
2600 0.000101094 2600 0.000007845 add_time= 0.000126315
2500 0.000407724 2500 0.000006137 add_time= 0.000428234
2750 0.000027337 2750 0.000006114 add_time= 0.000053496
2500 0.000191423 2500 0.000006828 add_time= 0.000225325
2750 0.000184048 2750 0.000006137 add_time= 0.000204505
2600 0.000006114 2600 0.000013644 add_time= 0.000038651
2550 0.000058662 2550 0.000007229 add_time= 0.000084180
2756 0.000469962 2756 0.000006881 add_time= 0.000505698
2915 0.000300547 2915 0.000006888 add_time= 0.000323793
1375 0.000123622 1375 0.000006525 add_time= 0.000145771
2500 0.000091879 2500 0.000007595 add_time= 0.000126871
2600 0.000046909 2600 0.000006873 add_time= 0.000070154
2550 0.000174467 2550 0.000007193 add_time= 0.000199082
1300 0.000529172 1300 0.000005872 add_time= 0.000547336
2750 0.000115599 2750 0.000008496 add_time= 0.000141235
2601 0.000040518 2601 0.000006094 add_time= 0.000061147
2862 0.000193891 2862 0.000018018 add_time= 0.000228616
2750 0.000026079 2750 0.000013240 add_time= 0.000053462
2860 0.000151865 2860 0.000007613 add_time= 0.000178129
2750 0.000187219 2750 0.000006102 add_time= 0.000209298
3025 0.000033801 3025 0.000007071 add_time= 0.000058466
2600 0.000088253 2600 0.000005976 add_time= 0.000119579
2652 0.000036551 2652 0.000006460 add_time= 0.000071977
2750 0.000007050 2750 0.000014724 add_time= 0.000037658
1250 0.000004722 1250 0.000011819 add_time= 0.000029170
2500 0.000269538 2500 0.000006481 add_time= 0.000294591
3025 0.000032094 3025 0.000006870 add_time= 0.000057292
3025 0.000065245 3025 0.000006467 add_time= 0.000097609
2750 0.000026281 2750 0.000017195 add_time= 0.000063547
2754 0.000093124 2754 0.000009429 add_time= 0.000121563
2500 0.000112380 2500 0.000005432 add_time= 0.000131524
2750 0.000006851 2750 0.000013812 add_time= 0.000046276
2500 0.000104381 2500 0.000009074 add_time= 0.000177073
1300 0.000047177 1300 0.000006244 add_time= 0.000095605
2750 0.000270178 2750 0.000007556 add_time= 0.000297950
2500 0.000112558 2500 0.000006355 add_time= 0.000136246
2500 0.000276753 2500 0.000006802 add_time= 0.000311507
2600 0.000006040 2600 0.000014283 add_time= 0.000051525
1250 0.000004674 1250 0.000007831 add_time= 0.000038080
2704 0.000113668 2704 0.000005861 add_time= 0.000135909
2750 0.000047588 2750 0.000007128 add_time= 0.000078973
2500 0.000060445 2500 0.000010557 add_time= 0.000098689
2652 0.000316077 2652 0.000005967 add_time= 0.000337032
2650 0.000181753 2650 0.000007411 add_time= 0.000214604
2650 0.000006733 2650 0.000014852 add_time= 0.000039026
2750 0.000083151 2750 0.000006822 add_time= 0.000117922
2750 0.000123637 2750 0.000006686 add_time= 0.000147224
2550 0.000119232 2550 0.000007161 add_time= 0.000141786
2601 0.000080474 2601 0.000005706 add_time= 0.000100784
2550 0.000054296 2550 0.000006686 add_time= 0.000077584
625 0.000008856 625 0.000008593 add_time= 0.000055274
2860 0.000097488 2860 0.000008961 add_time= 0.000189684
2750 0.000028090 2750 0.000008084 add_time= 0.000076123
2652 0.000028826 2652 0.000007680 add_time= 0.000072082
2600 0.000035060 2600 0.000023662 add_time= 0.000088483
2860 0.000114533 2860 0.000007194 add_time= 0.000145884
2500 0.000036574 2500 0.000006641 add_time= 0.000060183
2550 0.000060476 2550 0.000006567 add_time= 0.000083669
2550 0.000061401 2550 0.000006553 add_time= 0.000091692
2750 0.000067321 2750 0.000006233 add_time= 0.000089934
2500 0.000006703 2500 0.000012939 add_time= 0.000035285
2750 0.000069031 2750 0.000006824 add_time= 0.000093467
2652 0.000075064 2652 0.000017484 add_time= 0.000112897
2860 0.000106131 2860 0.000006132 add_time= 0.000133162
2860 0.000054847 2860 0.000007440 add_time= 0.000079368
1275 0.000063045 1275 0.000005280 add_time= 0.000087246
2650 0.000085860 2650 0.000006911 add_time= 0.000119239
1375 0.000007256 1375 0.000009981 add_time= 0.000038361
2500 0.000074215 2500 0.000006760 add_time= 0.000099463
2808 0.000039167 2808 0.000009071 add_time= 0.000063481
2750 0.000084331 2750 0.000006831 add_time= 0.000114370
2500 0.000038559 2500 0.000006971 add_time= 0.000062230
2700 0.000276420 2700 0.000006914 add_time= 0.000300513
1375 0.000010875 1375 0.000009187 add_time= 0.000044900
2700 0.000564145 2700 0.000009800 add_time= 0.000604995
2750 0.000287616 2750 0.000007588 add_time= 0.000315400
2750 0.000060730 2750 0.000006827 add_time= 0.000087724
2550 0.000040835 2550 0.000006171 add_time= 0.000063889
2700 0.000204637 2700 0.000006400 add_time= 0.000228428
2650 0.000458894 2650 0.000007197 add_time= 0.000484142
1250 0.000313213 1250 0.000005469 add_time= 0.000338900
2500 0.000195707 2500 0.000006326 add_time= 0.000219220
2550 0.000078662 2550 0.000025048 add_time= 0.000120493
2700 0.000107540 2700 0.000006957 add_time= 0.000132464
2860 0.000143061 2860 0.000007264 add_time= 0.000169920
2750 0.000076959 2750 0.000006458 add_time= 0.000102743
2550 0.001890737 2550 0.000007145 add_time= 0.001914484
2805 0.000070713 2805 0.000006334 add_time= 0.000092338
2970 0.000065948 2970 0.000006954 add_time= 0.000090141
1250 0.000005401 1250 0.000008110 add_time= 0.000028588
2500 0.000525747 2500 0.000007140 add_time= 0.000549412
2500 0.000284681 2500 0.000014926 add_time= 0.000314093
2750 0.000513143 2750 0.000012897 add_time= 0.000540775
2550 0.000060029 2550 0.000006041 add_time= 0.000098439
2550 0.000046939 2550 0.000005299 add_time= 0.000071384
2500 0.000281332 2500 0.000005720 add_time= 0.000301189
2600 0.000042781 2600 0.000006681 add_time= 0.000068400
2652 0.000024290 2652 0.000006174 add_time= 0.000057175
2550 0.000052210 2550 0.000006278 add_time= 0.000074374
2750 0.000043640 2750 0.000013772 add_time= 0.000074266
1275 0.000212826 1275 0.000006748 add_time= 0.000234217
1300 0.000005819 1300 0.000066664 add_time= 0.000086663
2600 0.000120261 2600 0.000008671 add_time= 0.000165394
2600 0.000066670 2600 0.000006310 add_time= 0.000095617
2970 0.000057675 2970 0.000007336 add_time= 0.000083230
2550 0.000206540 2550 0.000006368 add_time= 0.000238292
2500 0.000293216 2500 0.000007522 add_time= 0.000317107
2750 0.000006998 2750 0.000014107 add_time= 0.000038116
2750 0.000218172 2750 0.000006741 add_time= 0.000242267
2860 0.000250412 2860 0.000008777 add_time= 0.000275441
2600 0.000093570 2600 0.000007125 add_time= 0.000117659
2600 0.000110115 2600 0.000006776 add_time= 0.000141717
2754 0.000043171 2754 0.000007273 add_time= 0.000067100
2500 0.000006035 2500 0.000014255 add_time= 0.000034978
2860 0.000153397 2860 0.000006686 add_time= 0.000178737
2600 0.000035534 2600 0.000005466 add_time= 0.000059023
2500 0.000173968 2500 0.000006274 add_time= 0.000202031
2750 0.000046293 2750 0.000006294 add_time= 0.000066925
2652 0.000041298 2652 0.000007212 add_time= 0.000065052
2860 0.000069096 2860 0.000011342 add_time= 0.000095317
2500 0.000061481 2500 0.000008156 add_time= 0.000118814
2860 0.000104063 2860 0.000007290 add_time= 0.000137031
3025 0.000006417 3025 0.000008778 add_time= 0.000043316
2750 0.000052514 2750 0.000007021 add_time= 0.000084461
2550 0.000046978 2550 0.000013551 add_time= 0.000085883
3025 0.000031784 3025 0.000008029 add_time= 0.000067549
2500 0.000288204 2500 0.000006538 add_time= 0.000310452
3025 0.000118651 3025 0.000012693 add_time= 0.000156738
2600 0.000057086 2600 0.000006571 add_time= 0.000089103
2652 0.000051917 2652 0.000006784 add_time= 0.000074476
2500 0.000044024 2500 0.000006419 add_time= 0.000065681
2500 0.000037535 2500 0.000006710 add_time= 0.000060639
2600 0.000040919 2600 0.000008140 add_time= 0.000063338
2860 0.000073564 2860 0.000006870 add_time= 0.000096322
2550 0.000055195 2550 0.000006043 add_time= 0.000076778
2550 0.000067941 2550 0.000006683 add_time= 0.000090304
1250 0.000013378 1250 0.000016084 add_time= 0.000063760
2500 0.000196370 2500 0.000006540 add_time= 0.000220073
2500 0.000070445 2500 0.000006447 add_time= 0.000092272
2652 0.000104955 2652 0.000006867 add_time= 0.000128035
2600 0.000037602 2600 0.000006648 add_time= 0.000060429
1250 0.000005583 1250 0.000010488 add_time= 0.000029791
2860 0.000116328 2860 0.000007359 add_time= 0.000140742
2652 0.000031673 2652 0.000006425 add_time= 0.000063742
2750 0.000085581 2750 0.000006462 add_time= 0.000108052
2550 0.000065692 2550 0.000006355 add_time= 0.000091030
2600 0.000046481 2600 0.000006344 add_time= 0.000066160
3025 0.000006084 3025 0.000014145 add_time= 0.000039629
2600 0.000210413 2600 0.000008988 add_time= 0.000245473
2600 0.000023043 2600 0.000007436 add_time= 0.000058606
2805 0.000182731 2805 0.000006812 add_time= 0.000207081
2500 0.000216690 2500 0.000006506 add_time= 0.000239134
2650 0.000046371 2650 0.000006498 add_time= 0.000074984
1375 0.000006165 1375 0.000021546 add_time= 0.000044140
2600 0.000084802 2600 0.000006939 add_time= 0.000109275
2600 0.000028546 2600 0.000006116 add_time= 0.000057644
2750 0.000069252 2750 0.000006645 add_time= 0.000098736
2500 0.000451035 2500 0.000006345 add_time= 0.000471837
2601 0.000198055 2601 0.000006542 add_time= 0.000221034
2500 0.000079322 2500 0.000006197 add_time= 0.000100277
2500 0.000494826 2500 0.000006618 add_time= 0.000517207
2500 0.000103100 2500 0.000007034 add_time= 0.000137817
2500 0.000366034 2500 0.000007240 add_time= 0.000390153
2550 0.000111196 2550 0.000006205 add_time= 0.000132200
2805 0.000007661 2805 0.000015250 add_time= 0.000040301
1350 0.000004739 1350 0.000023833 add_time= 0.000041924
2600 0.000032373 2600 0.000006346 add_time= 0.000055860
2808 0.000027323 2808 0.000005956 add_time= 0.000047924
2500 0.000070319 2500 0.000005811 add_time= 0.000090609
2750 0.000301953 2750 0.000006409 add_time= 0.000333229
2805 0.000145357 2805 0.000007117 add_time= 0.000178523
2915 0.000056816 2915 0.000007036 add_time= 0.000081012
2500 0.000006094 2500 0.000020784 add_time= 0.000041058
2500 0.000040695 2500 0.000006273 add_time= 0.000064146
2600 0.000056774 2600 0.000006965 add_time= 0.000080522
2750 0.000125346 2750 0.000006240 add_time= 0.000146115
2500 0.000066594 2500 0.000013997 add_time= 0.000095029
2550 0.000080158 2550 0.000006709 add_time= 0.000103651
2550 0.000103340 2550 0.000016277 add_time= 0.000136893
3025 0.000160526 3025 0.000011052 add_time= 0.000204793
2550 0.000120874 2550 0.000007344 add_time= 0.000156878
2600 0.000037670 2600 0.000006276 add_time= 0.000061116
2550 0.000129957 2550 0.000006519 add_time= 0.000153809
2750 0.000060411 2750 0.000006681 add_time= 0.000084717
2652 0.000041279 2652 0.000006434 add_time= 0.000065087
2500 0.000186806 2500 0.000006037 add_time= 0.000208181
1375 0.000006379 1375 0.000010967 add_time= 0.000034414
2650 0.000345713 2650 0.000007384 add_time= 0.000372221
2500 0.000111017 2500 0.000014452 add_time= 0.000142828
2750 0.000289698 2750 0.000007300 add_time= 0.000315248
2601 0.000031799 2601 0.000006424 add_time= 0.000055791
2750 0.000346333 2750 0.000006590 add_time= 0.000369990
1250 0.000005568 1250 0.000008121 add_time= 0.000037265
2500 0.000075172 2500 0.000026864 add_time= 0.000123194
2750 0.000187259 2750 0.000006559 add_time= 0.000220237
2750 0.000100064 2750 0.000005811 add_time= 0.000119981
2550 0.000120257 2550 0.000006426 add_time= 0.000140849
1375 0.000006091 1375 0.000016628 add_time= 0.000038866
2600 0.000092131 2600 0.000008247 add_time= 0.000154551
2500 0.000061234 2500 0.000007733 add_time= 0.000110904
2600 0.000074006 2600 0.000011975 add_time= 0.000140873
2550 0.000040446 2550 0.000007914 add_time= 0.000075468
2500 0.000032849 2500 0.000007387 add_time= 0.000063241
2750 0.000013826 2750 0.000016185 add_time= 0.000064126
2550 0.000110800 2550 0.000006446 add_time= 0.000137021
2805 0.000030736 2805 0.000006224 add_time= 0.000054544
2860 0.000053239 2860 0.000021900 add_time= 0.000094365
2805 0.000029925 2805 0.000007000 add_time= 0.000054150
2500 0.000042399 2500 0.000005768 add_time= 0.000062709
2500 0.000007310 2500 0.000036658 add_time= 0.000083910
2500 0.000050394 2500 0.000018699 add_time= 0.000088751
2600 0.000112366 2600 0.000014738 add_time= 0.000150075
1375 0.000084023 1375 0.000012309 add_time= 0.000123532
2750 0.000107280 2750 0.000007620 add_time= 0.000131609
1275 0.000069784 1275 0.000005595 add_time= 0.000087834
2750 0.000010956 2750 0.000024148 add_time= 0.000051449
2500 0.000244391 2500 0.000028117 add_time= 0.000292429
2500 0.000070405 2500 0.000018481 add_time= 0.000105568
2600 0.000071997 2600 0.000014945 add_time= 0.000120164
2750 0.000070984 2750 0.000006993 add_time= 0.000102616
2652 0.000068645 2652 0.000006881 add_time= 0.000103383
2808 0.000093698 2808 0.000006051 add_time= 0.000115558
1300 0.000009424 1300 0.000014470 add_time= 0.000052212
2500 0.000120267 2500 0.000007499 add_time= 0.000149112
2600 0.000135385 2600 0.000007236 add_time= 0.000159327
2500 0.000057814 2500 0.000008136 add_time= 0.000100586
2805 0.000083484 2805 0.000016529 add_time= 0.000117030
1350 0.000063680 1350 0.000006576 add_time= 0.000086938
1250 0.000183703 1250 0.000006711 add_time= 0.000206621
3025 0.000220294 3025 0.000007859 add_time= 0.000253127
1250 0.000042885 1250 0.000007514 add_time= 0.000093021
2601 0.000064961 2601 0.000007506 add_time= 0.000090678
2500 0.000011171 2500 0.000030563 add_time= 0.000063824
2600 0.000083640 2600 0.000008610 add_time= 0.000125204
2750 0.000153464 2750 0.000015776 add_time= 0.000188117
2700 0.000068258 2700 0.000006531 add_time= 0.000108921
2550 0.000051376 2550 0.000007954 add_time= 0.000084586
2500 0.000110900 2500 0.000007702 add_time= 0.000145095
2970 0.000006384 2970 0.000015458 add_time= 0.000052853
2500 0.000075090 2500 0.000006970 add_time= 0.000103118
2750 0.000087180 2750 0.000006437 add_time= 0.000113112
2550 0.000128885 2550 0.000006853 add_time= 0.000156464
2754 0.000066001 2754 0.000006557 add_time= 0.000091442
2970 0.000059618 2970 0.000007579 add_time= 0.000098915
2750 0.000006916 2750 0.000013744 add_time= 0.000046618
2500 0.000457888 2500 0.000008357 add_time= 0.000487382
2600 0.000125950 2600 0.000006958 add_time= 0.000159532
2500 0.000212232 2500 0.000006456 add_time= 0.000236453
2500 0.000063550 2500 0.000005606 add_time= 0.000083281
2754 0.000131096 2754 0.000007473 add_time= 0.000162861
1250 0.000005826 1250 0.000008164 add_time= 0.000035761
2860 0.000187556 2860 0.000006987 add_time= 0.000212158
2500 0.000084847 2500 0.000005968 add_time= 0.000105868
2500 0.000088088 2500 0.000009671 add_time= 0.000122555
2550 0.000048087 2550 0.000009798 add_time= 0.000073759
2550 0.000163390 2550 0.000006557 add_time= 0.000186232
2600 0.000097046 2600 0.000012911 add_time= 0.000131980
2750 0.000056662 2750 0.000007026 add_time= 0.000080323
2750 0.000040261 2750 0.000007010 add_time= 0.000063634
2805 0.000116702 2805 0.000006955 add_time= 0.000141112
2750 0.000011749 2750 0.000029354 add_time= 0.000069633
2500 0.000154918 2500 0.000006895 add_time= 0.000191447
2600 0.000041773 2600 0.000006400 add_time= 0.000063746
2650 0.000083553 2650 0.000007081 add_time= 0.000107915
2550 0.000127807 2550 0.000007137 add_time= 0.000151578
2500 0.000304591 2500 0.000007169 add_time= 0.000328299
2550 0.000106315 2550 0.000006955 add_time= 0.000131384
2500 0.000029326 2500 0.000006311 add_time= 0.000063008
2550 0.000191685 2550 0.000007622 add_time= 0.000215850
2550 0.000360966 2550 0.000007774 add_time= 0.000385344
2700 0.000048068 2700 0.000006185 add_time= 0.000069671
2750 0.000006281 2750 0.000013782 add_time= 0.000035813
2750 0.000091559 2750 0.000007166 add_time= 0.000119174
2600 0.000068670 2600 0.000007715 add_time= 0.000100899
2805 0.000041245 2805 0.000006361 add_time= 0.000063249
2805 0.000133249 2805 0.000006184 add_time= 0.000154055
2862 0.000115648 2862 0.000007407 add_time= 0.000143868
1250 0.000026569 1250 0.000009634 add_time= 0.000053031
2750 0.000110685 2750 0.000009122 add_time= 0.000197899
3025 0.000053078 3025 0.000008593 add_time= 0.000105672
2750 0.000053500 2750 0.000008040 add_time= 0.000088776
2652 0.000043763 2652 0.000006890 add_time= 0.000076551
2750 0.000080103 2750 0.000008457 add_time= 0.000127337
2500 0.000084407 2500 0.000073501 add_time= 0.000185080
2700 0.000200199 2700 0.000007768 add_time= 0.000227719
2550 0.000061944 2550 0.000006493 add_time= 0.000085606
2750 0.000116914 2750 0.000005909 add_time= 0.000138465
3025 0.000155286 3025 0.000006643 add_time= 0.000180716
2601 0.000112389 2601 0.000006816 add_time= 0.000136049
2860 0.000169076 2860 0.000007012 add_time= 0.000191540
2500 0.000370669 2500 0.000007835 add_time= 0.000398197
2500 0.000111644 2500 0.000020147 add_time= 0.000148230
2750 0.000075197 2750 0.000007673 add_time= 0.000108267
2500 0.000119225 2500 0.000007156 add_time= 0.000142561
2700 0.000007215 2700 0.000014108 add_time= 0.000049525
2704 0.000201642 2704 0.000007171 add_time= 0.000228924
2750 0.000051253 2750 0.000006851 add_time= 0.000075192
2550 0.000111776 2550 0.000007083 add_time= 0.000135209
2500 0.000150573 2500 0.000007834 add_time= 0.000174371
2550 0.000008295 2550 0.000014748 add_time= 0.000039478
2500 0.000069985 2500 0.000007185 add_time= 0.000097965
2500 0.000091027 2500 0.000007847 add_time= 0.000119719
2750 0.000100424 2750 0.000006825 add_time= 0.000137814
2750 0.000110219 2750 0.000006762 add_time= 0.000141695
2650 0.000075078 2650 0.000006701 add_time= 0.000104823
2970 0.000007916 2970 0.000018578 add_time= 0.000065586
1250 0.000005326 1250 0.000009184 add_time= 0.000030447
2750 0.000054621 2750 0.000007594 add_time= 0.000083384
2808 0.000076818 2808 0.000006627 add_time= 0.000098751
3025 0.000059871 3025 0.000006930 add_time= 0.000084715
2550 0.000086842 2550 0.000007337 add_time= 0.000124899
2750 0.000066560 2750 0.000006606 add_time= 0.000098237
2500 0.000007529 2500 0.000015662 add_time= 0.000040128
2500 0.000069281 2500 0.000007460 add_time= 0.000096031
2600 0.000193145 2600 0.000007455 add_time= 0.000215594
2500 0.000090268 2500 0.000007241 add_time= 0.000115369
2550 0.000074427 2550 0.000006980 add_time= 0.000097665
2500 0.000066719 2500 0.000007928 add_time= 0.000102388
2600 0.000208471 2600 0.000008713 add_time= 0.000242423
2805 0.000057719 2805 0.000007060 add_time= 0.000081401
2750 0.000157779 2750 0.000006511 add_time= 0.000191553
2750 0.000223222 2750 0.000006379 add_time= 0.000244775
2550 0.000115283 2550 0.000006441 add_time= 0.000135776
2500 0.000007174 2500 0.000015004 add_time= 0.000041048
2600 0.000143509 2600 0.000006957 add_time= 0.000167534
2600 0.000116257 2600 0.000007118 add_time= 0.000139165
2500 0.000041719 2500 0.000006646 add_time= 0.000064472
2550 0.000147706 2550 0.000006387 add_time= 0.000169983
2805 0.000051949 2805 0.000017375 add_time= 0.000083996
2700 0.000103007 2700 0.000006483 add_time= 0.000123843
1250 0.000005842 1250 0.000012451 add_time= 0.000041316
2860 0.000121355 2860 0.000007571 add_time= 0.000148072
2650 0.000117594 2650 0.000006707 add_time= 0.000140250
1250 0.000089512 1250 0.000005789 add_time= 0.000108979
2550 0.000167944 2550 0.000006615 add_time= 0.000210315
2915 0.000227295 2915 0.000006591 add_time= 0.000251615
2550 0.000228512 2550 0.000008756 add_time= 0.000254216
2970 0.000037062 2970 0.000018296 add_time= 0.000071407
2550 0.000046663 2550 0.000005937 add_time= 0.000067311
2805 0.000226974 2805 0.000012077 add_time= 0.000254137
2808 0.000028176 2808 0.000005767 add_time= 0.000057429
1250 0.000013309 1250 0.000008593 add_time= 0.000034602
2550 0.000091986 2550 0.000006426 add_time= 0.000116126
2750 0.000111598 2750 0.000007415 add_time= 0.000136368
2500 0.000046445 2500 0.000006727 add_time= 0.000068932
2754 0.000146153 2754 0.000006731 add_time= 0.000169612
2550 0.000069021 2550 0.000005689 add_time= 0.000095785
2550 0.000182225 2550 0.000006487 add_time= 0.000205078
2550 0.000011904 2550 0.000013331 add_time= 0.000056970
2750 0.000068531 2750 0.000009259 add_time= 0.000117394
2756 0.000099349 2756 0.000006618 add_time= 0.000121003
3025 0.000350389 3025 0.000006854 add_time= 0.000375997
2500 0.000087304 2500 0.000007425 add_time= 0.000111722
2500 0.000161456 2500 0.000006054 add_time= 0.000190963
2500 0.000007759 2500 0.000013470 add_time= 0.000044996
2600 0.000140398 2600 0.000010585 add_time= 0.000168542
2550 0.000136783 2550 0.000007063 add_time= 0.000160540
2550 0.000237180 2550 0.000007633 add_time= 0.000261344
2754 0.000036580 2754 0.000010211 add_time= 0.000063494
2750 0.000005548 2750 0.000014572 add_time= 0.000035155
2756 0.000207634 2756 0.000018017 add_time= 0.000257335
2652 0.000140746 2652 0.000008108 add_time= 0.000175542
2750 0.000036421 2750 0.000013082 add_time= 0.000066871
2650 0.000058567 2650 0.000006800 add_time= 0.000081837
2700 0.000042781 2700 0.000006319 add_time= 0.000064476
1375 0.000014317 1375 0.000011686 add_time= 0.000046404
2500 0.000006616 2500 0.000009210 add_time= 0.000069677
2860 0.000033021 2860 0.000007709 add_time= 0.000069857
2805 0.000028944 2805 0.000011255 add_time= 0.000081322
2601 0.000063051 2601 0.000012236 add_time= 0.000115351
2970 0.000028235 2970 0.000008276 add_time= 0.000066689
2750 0.000044221 2750 0.000041157 add_time= 0.000111332
1250 0.000073920 1250 0.000006481 add_time= 0.000097447
2600 0.000069019 2600 0.000005944 add_time= 0.000092066
2805 0.000039662 2805 0.000006705 add_time= 0.000063760
1250 0.000044702 1250 0.000005379 add_time= 0.000062961
2601 0.000072611 2601 0.000005948 add_time= 0.000095030
2750 0.000068882 2750 0.000009562 add_time= 0.000095845
2500 0.000007218 2500 0.000013756 add_time= 0.000038103
2600 0.000207373 2600 0.000006903 add_time= 0.000249416
2600 0.000083233 2600 0.000016803 add_time= 0.000115173
2805 0.000054465 2805 0.000006319 add_time= 0.000077204
3025 0.000039034 3025 0.000008810 add_time= 0.000066432
2805 0.000059246 2805 0.000007878 add_time= 0.000085313
2500 0.000049208 2500 0.000015444 add_time= 0.000082240
1275 0.000005910 1275 0.000022809 add_time= 0.000060131
2650 0.000441055 2650 0.000007916 add_time= 0.000469982
2750 0.000088205 2750 0.000006828 add_time= 0.000122157
2550 0.000099243 2550 0.000006840 add_time= 0.000123375
2550 0.000043903 2550 0.000010500 add_time= 0.000071209
2500 0.000086107 2500 0.000006781 add_time= 0.000109677
2500 0.000279263 2500 0.000008881 add_time= 0.000309438
3025 0.000048386 3025 0.000007148 add_time= 0.000076587
2550 0.000091087 2550 0.000006721 add_time= 0.000115395
2652 0.000124315 2652 0.000019999 add_time= 0.000162509
2860 0.000159602 2860 0.000007465 add_time= 0.000185166
2550 0.000241139 2550 0.000007155 add_time= 0.000268464
2970 0.000104786 2970 0.000007518 add_time= 0.000131857
2750 0.000093472 2750 0.000007377 add_time= 0.000118902
2550 0.000106167 2550 0.000007676 add_time= 0.000131370
2750 0.000098232 2750 0.000006689 add_time= 0.000121964
2500 0.000162376 2500 0.000007916 add_time= 0.000191332
2750 0.000124799 2750 0.000007045 add_time= 0.000149833
1250 0.000037906 1250 0.000006332 add_time= 0.000061471
2550 0.000078364 2550 0.000007612 add_time= 0.000102956
2750 0.000131770 2750 0.000064134 add_time= 0.000213094
2860 0.000256510 2860 0.000011284 add_time= 0.000289126
2750 0.000164779 2750 0.000010893 add_time= 0.000202841
2500 0.000092272 2500 0.000006798 add_time= 0.000117711
2500 0.000103287 2500 0.000006668 add_time= 0.000126768
2750 0.000072950 2750 0.000026457 add_time= 0.000117209
2550 0.000505084 2550 0.000011250 add_time= 0.000534977
2750 0.000329915 2750 0.000007535 add_time= 0.000374950
2550 0.000359939 2550 0.000007236 add_time= 0.000383846
2601 0.000064304 2601 0.000006897 add_time= 0.000088249
2550 0.000250331 2550 0.000007014 add_time= 0.000273682
2600 0.000374981 2600 0.000006948 add_time= 0.000399023
2500 0.000050992 2500 0.000006290 add_time= 0.000072955
2970 0.000138241 2970 0.000007492 add_time= 0.000167360
2805 0.000087270 2805 0.000006372 add_time= 0.000108831
2754 0.000025404 2754 0.000005924 add_time= 0.000045894
1250 0.000006086 1250 0.000008188 add_time= 0.000029394
2550 0.000252949 2550 0.000007393 add_time= 0.000277675
2860 0.000219874 2860 0.000007744 add_time= 0.000244975
3025 0.000099557 3025 0.000007379 add_time= 0.000123772
2750 0.000058942 2750 0.000006529 add_time= 0.000082458
2700 0.000046479 2700 0.000006954 add_time= 0.000070027
2700 0.000113567 2700 0.000006713 add_time= 0.000136103
1300 0.000005827 1300 0.000018829 add_time= 0.000038521
2860 0.000069256 2860 0.000006758 add_time= 0.000092070
2860 0.000031578 2860 0.000005791 add_time= 0.000060037
2750 0.000062205 2750 0.000006502 add_time= 0.000084891
1375 0.000074303 1375 0.000006029 add_time= 0.000104323
2500 0.000069390 2500 0.000006974 add_time= 0.000092316
2600 0.000111569 2600 0.000013208 add_time= 0.000139304
2750 0.000014935 2750 0.000013470 add_time= 0.000047745
2500 0.000030813 2500 0.000006688 add_time= 0.000054655
2808 0.000038787 2808 0.000007234 add_time= 0.000073405
3025 0.000051345 3025 0.000006979 add_time= 0.000075241
3025 0.000097048 3025 0.000005605 add_time= 0.000127087
2500 0.000108925 2500 0.000006667 add_time= 0.000131333
2970 0.000081995 2970 0.000005747 add_time= 0.000102014
2500 0.000180799 2500 0.000008646 add_time= 0.000222515
2500 0.000115138 2500 0.000007099 add_time= 0.000139522
2600 0.000112495 2600 0.000006623 add_time= 0.000135175
2750 0.000139670 2750 0.000007169 add_time= 0.000164953
2550 0.000068686 2550 0.000006580 add_time= 0.000090137
2750 0.000049224 2750 0.000007072 add_time= 0.000073043
2860 0.000197571 2860 0.000007573 add_time= 0.000225280
2600 0.000085859 2600 0.000006168 add_time= 0.000107451
2750 0.000283365 2750 0.000006426 add_time= 0.000305543
2970 0.000055203 2970 0.000006412 add_time= 0.000104255
2601 0.000225047 2601 0.000005464 add_time= 0.000253267
2754 0.000315147 2754 0.000005653 add_time= 0.000335670
2805 0.000006603 2805 0.000015355 add_time= 0.000038420
2500 0.000169081 2500 0.000007066 add_time= 0.000197551
1300 0.000038057 1300 0.000005615 add_time= 0.000057911
2500 0.000128024 2500 0.000007366 add_time= 0.000153146
2500 0.000106634 2500 0.000006752 add_time= 0.000131150
2500 0.000083611 2500 0.000006130 add_time= 0.000108963
3025 0.000006451 3025 0.000015230 add_time= 0.000036627
1350 0.000004690 1350 0.000127272 add_time= 0.000163537
2704 0.000115491 2704 0.000009044 add_time= 0.000173016
2500 0.000025791 2500 0.000007780 add_time= 0.000063282
2500 0.000069903 2500 0.000008059 add_time= 0.000107792
2550 0.000027862 2550 0.000008012 add_time= 0.000063177
2805 0.000035111 2805 0.000006861 add_time= 0.000070709
2700 0.000058406 2700 0.000027740 add_time= 0.000125339
1275 0.000022698 1275 0.000012056 add_time= 0.000077083
2500 0.000058413 2500 0.000006647 add_time= 0.000084291
2756 0.000022703 2756 0.000015031 add_time= 0.000063444
2500 0.000056698 2500 0.000007103 add_time= 0.000079662
2750 0.000036578 2750 0.000005948 add_time= 0.000056799
2550 0.000074315 2550 0.000005981 add_time= 0.000102840
2750 0.000057485 2750 0.000006568 add_time= 0.000081038
2550 0.000006519 2550 0.000014028 add_time= 0.000045619
2500 0.000290860 2500 0.000015846 add_time= 0.000325180
2652 0.000056276 2652 0.000006974 add_time= 0.000086130
2500 0.000097365 2500 0.000006080 add_time= 0.000129695
2750 0.000081686 2750 0.000007175 add_time= 0.000104935
1250 0.000118752 1250 0.000006755 add_time= 0.000140117
2500 0.000101988 2500 0.000006487 add_time= 0.000124207
2750 0.000169415 2750 0.000006991 add_time= 0.000194130
1300 0.000070959 1300 0.000005702 add_time= 0.000089128
2750 0.000040565 2750 0.000006653 add_time= 0.000068564
2500 0.000061291 2500 0.000006730 add_time= 0.000083649
2550 0.000047507 2550 0.000006418 add_time= 0.000069576
2860 0.000042667 2860 0.000007090 add_time= 0.000066660
2550 0.000064340 2550 0.000006842 add_time= 0.000088171
2600 0.000144124 2600 0.000006551 add_time= 0.000167005
2550 0.000049313 2550 0.000006579 add_time= 0.000072037
3025 0.000053526 3025 0.000006462 add_time= 0.000076054
2550 0.000116282 2550 0.000006739 add_time= 0.000139393
2750 0.000007114 2750 0.000015846 add_time= 0.000038848
2600 0.000232432 2600 0.000006950 add_time= 0.000256905
2500 0.000023808 2500 0.000006038 add_time= 0.000044444
2600 0.000063193 2600 0.000006836 add_time= 0.000085514
2805 0.000133095 2805 0.000006791 add_time= 0.000155542
2550 0.000061690 2550 0.000006351 add_time= 0.000083186
2860 0.000181528 2860 0.000006924 add_time= 0.000205883
2860 0.000088237 2860 0.000009913 add_time= 0.000115226
2500 0.000062804 2500 0.000018164 add_time= 0.000097396
2805 0.000093840 2805 0.000009254 add_time= 0.000117900
2601 0.000060521 2601 0.000005467 add_time= 0.000079220
2550 0.000067411 2550 0.000006027 add_time= 0.000086964
2750 0.000117530 2750 0.000006692 add_time= 0.000140926
2500 0.000077238 2500 0.000005940 add_time= 0.000098141
2750 0.000083420 2750 0.000005733 add_time= 0.000108363
2750 0.000076032 2750 0.000005706 add_time= 0.000095458
2700 0.000046054 2700 0.000005975 add_time= 0.000066623
1250 0.000004827 1250 0.000008168 add_time= 0.000025418
2500 0.000057698 2500 0.000006744 add_time= 0.000080004
2600 0.000035121 2600 0.000005941 add_time= 0.000055462
2750 0.000068526 2750 0.000005782 add_time= 0.000096344
2550 0.000057585 2550 0.000005520 add_time= 0.000095084
2650 0.000038951 2650 0.000005835 add_time= 0.000058557
2750 0.000005662 2750 0.000014237 add_time= 0.000041828
2500 0.000051265 2500 0.000009338 add_time= 0.000094044
2600 0.000038945 2600 0.000015186 add_time= 0.000075643
2500 0.000056987 2500 0.000006736 add_time= 0.000083142
2601 0.000071524 2601 0.000006843 add_time= 0.000096018
2970 0.000140616 2970 0.000007086 add_time= 0.000169744
2650 0.000006154 2650 0.000019012 add_time= 0.000052613
2600 0.000141731 2600 0.000006883 add_time= 0.000167056
2805 0.000055837 2805 0.000007899 add_time= 0.000092786
2750 0.000042067 2750 0.000018899 add_time= 0.000080823
2550 0.000104596 2550 0.000007182 add_time= 0.000130844
2970 0.000091829 2970 0.000007137 add_time= 0.000118528
2550 0.000165140 2550 0.000009707 add_time= 0.000196058
2600 0.000116658 2600 0.000006547 add_time= 0.000141039
2500 0.000031340 2500 0.000007328 add_time= 0.000056145
2805 0.000117403 2805 0.000006795 add_time= 0.000149648
2700 0.000082745 2700 0.000008676 add_time= 0.000113779
2600 0.000039571 2600 0.000006559 add_time= 0.000064187
2600 0.000046398 2600 0.000006102 add_time= 0.000090805
2860 0.000232250 2860 0.000005807 add_time= 0.000270611
2750 0.000043460 2750 0.000007767 add_time= 0.000075345
2550 0.000065446 2550 0.000006835 add_time= 0.000091790
2750 0.000007327 2750 0.000014595 add_time= 0.000041235
2500 0.000060658 2500 0.000006577 add_time= 0.000084977
2652 0.000043518 2652 0.000005410 add_time= 0.000063240
3025 0.000053966 3025 0.000009738 add_time= 0.000090583
2550 0.000088359 2550 0.000006301 add_time= 0.000110599
1250 0.000100185 1250 0.000006403 add_time= 0.000125408
1375 0.000006158 1375 0.000009568 add_time= 0.000030458
2860 0.000203641 2860 0.000007327 add_time= 0.000242197
2550 0.000243822 2550 0.000014724 add_time= 0.000283936
2750 0.000228723 2750 0.000007107 add_time= 0.000252964
2700 0.000146473 2700 0.000006620 add_time= 0.000169213
2808 0.000460612 2808 0.000008308 add_time= 0.000504270
2500 0.000143034 2500 0.000009772 add_time= 0.000170911
2600 0.000064039 2600 0.000006714 add_time= 0.000093496
2650 0.000039153 2650 0.000006138 add_time= 0.000061110
2750 0.000131059 2750 0.000007527 add_time= 0.000155834
2550 0.000110230 2550 0.000007213 add_time= 0.000138353
2750 0.000006249 2750 0.000014975 add_time= 0.000038346
2600 0.000212133 2600 0.000010015 add_time= 0.000247885
2500 0.000064449 2500 0.000006215 add_time= 0.000087492
2600 0.000087797 2600 0.000013814 add_time= 0.000119036
2550 0.000072014 2550 0.000006479 add_time= 0.000095151
2970 0.000067069 2970 0.000007069 add_time= 0.000093556
2915 0.000073519 2915 0.000009119 add_time= 0.000165146
2600 0.000022965 2600 0.000007516 add_time= 0.000066297
2500 0.000052114 2500 0.000009792 add_time= 0.000097430
2860 0.000036844 2860 0.000007970 add_time= 0.000075266
2805 0.000050100 2805 0.000007779 add_time= 0.000087718
2750 0.000039999 2750 0.000016225 add_time= 0.000094385
2500 0.000159080 2500 0.000006461 add_time= 0.000183549
2808 0.000083303 2808 0.000006492 add_time= 0.000106949
2750 0.000039939 2750 0.000006120 add_time= 0.000061277
2550 0.000047106 2550 0.000006679 add_time= 0.000069788
2650 0.000081749 2650 0.000006320 add_time= 0.000103854
2700 0.000031726 2700 0.000006724 add_time= 0.000064986
1375 0.000005955 1375 0.000010727 add_time= 0.000045034
2750 0.000298106 2750 0.000007509 add_time= 0.000324143
2500 0.000341589 2500 0.000006817 add_time= 0.000362716
2700 0.000273269 2700 0.000007231 add_time= 0.000295151
2652 0.000087072 2652 0.000007351 add_time= 0.000121489
2500 0.000027341 2500 0.000014111 add_time= 0.000057330
2750 0.000078697 2750 0.000008026 add_time= 0.000105287
2550 0.000048207 2550 0.000006913 add_time= 0.000071353
2500 0.000069539 2500 0.000023889 add_time= 0.000110870
2550 0.000049661 2550 0.000007087 add_time= 0.000073205
2500 0.000271485 2500 0.000018811 add_time= 0.000306514
2500 0.000074489 2500 0.000033178 add_time= 0.000125213
2750 0.000182991 2750 0.000006471 add_time= 0.000212272
2600 0.000079794 2600 0.000018994 add_time= 0.000115784
2550 0.000073910 2550 0.000007140 add_time= 0.000097831
2550 0.000145017 2550 0.000006542 add_time= 0.000167926
2600 0.000206225 2600 0.000007437 add_time= 0.000231133
2650 0.000119680 2650 0.000006232 add_time= 0.000140888
2550 0.000064249 2550 0.000006458 add_time= 0.000086943
2550 0.000084335 2550 0.000006826 add_time= 0.000112328
2700 0.000123086 2700 0.000007666 add_time= 0.000146874
2650 0.000505044 2650 0.000007824 add_time= 0.000530489
2860 0.000081985 2860 0.000007331 add_time= 0.000106086
2500 0.000083118 2500 0.000006896 add_time= 0.000106153
2805 0.000090764 2805 0.000010071 add_time= 0.000116957
2860 0.000220587 2860 0.000015556 add_time= 0.000252589
2600 0.000101562 2600 0.000006672 add_time= 0.000124879
2500 0.000070785 2500 0.000007041 add_time= 0.000093282
2500 0.000101662 2500 0.000006397 add_time= 0.000122811
1250 0.000078429 1250 0.000006533 add_time= 0.000107526
2915 0.000186063 2915 0.000015952 add_time= 0.000218989
2500 0.000061579 2500 0.000007748 add_time= 0.000086876
2860 0.000059923 2860 0.000043139 add_time= 0.000118214
2750 0.000078796 2750 0.000006470 add_time= 0.000100224
2750 0.000182898 2750 0.000006976 add_time= 0.000205593
2805 0.000089994 2805 0.000006834 add_time= 0.000110956
2970 0.000093774 2970 0.000007724 add_time= 0.000118120
2750 0.000007951 2750 0.000016637 add_time= 0.000040776
2600 0.000233631 2600 0.000013319 add_time= 0.000276506
2500 0.000114540 2500 0.000007060 add_time= 0.000145685
2750 0.000140904 2750 0.000014667 add_time= 0.000170762
2550 0.000105030 2550 0.000006868 add_time= 0.000127534
2750 0.000007755 2750 0.000014209 add_time= 0.000038143
1250 0.000005531 1250 0.000008898 add_time= 0.000026483
2600 0.000093109 2600 0.000008337 add_time= 0.000133717
2600 0.000043832 2600 0.000007148 add_time= 0.000071254
2750 0.000218196 2750 0.000007079 add_time= 0.000244508
2805 0.000671976 2805 0.000007468 add_time= 0.000697809
2970 0.000050015 2970 0.000007406 add_time= 0.000077809
1375 0.000005893 1375 0.000010850 add_time= 0.000033705
2500 0.000242314 2500 0.000006491 add_time= 0.000267569
2650 0.000112677 2650 0.000006106 add_time= 0.000135089
2805 0.000031225 2805 0.000006418 add_time= 0.000055544
2550 0.000087036 2550 0.000006771 add_time= 0.000110352
2500 0.000099822 2500 0.000007189 add_time= 0.000124374
2600 0.000030731 2600 0.000006703 add_time= 0.000057940
2808 0.000359323 2808 0.000006212 add_time= 0.000393837
2750 0.000238240 2750 0.000006343 add_time= 0.000260843
2805 0.000202745 2805 0.000006876 add_time= 0.000229211
2754 0.000063694 2754 0.000006299 add_time= 0.000087600
2500 0.000183293 2500 0.000015031 add_time= 0.000235519
2600 0.000313118 2600 0.000008880 add_time= 0.000352591
2750 0.000144388 2750 0.000009032 add_time= 0.000179417
2550 0.000190966 2550 0.000006685 add_time= 0.000216808
2550 0.000188383 2550 0.000006710 add_time= 0.000213885
2550 0.000008616 2550 0.000030045 add_time= 0.000061355
2500 0.000146072 2500 0.000006794 add_time= 0.000174707
2704 0.000098213 2704 0.000006073 add_time= 0.000128563
2750 0.000226807 2750 0.000006530 add_time= 0.000281430
2601 0.000166383 2601 0.000006681 add_time= 0.000189682
2700 0.000104943 2700 0.000006559 add_time= 0.000128619
2805 0.000005870 2805 0.000013902 add_time= 0.000041564
1250 0.000166746 1250 0.000008704 add_time= 0.000209439
2500 0.000066124 2500 0.000006462 add_time= 0.000089647
2750 0.000067685 2750 0.000006777 add_time= 0.000091720
2550 0.000275432 2550 0.000006172 add_time= 0.000296780
2700 0.000287534 2700 0.000006753 add_time= 0.000310297
2500 0.000006808 2500 0.000015468 add_time= 0.000049259
2500 0.000097002 2500 0.000006568 add_time= 0.000121649
2600 0.000033937 2600 0.000006395 add_time= 0.000055625
2750 0.000215799 2750 0.000006880 add_time= 0.000242704
2805 0.000109987 2805 0.000006666 add_time= 0.000147105
1250 0.000230805 1250 0.000006184 add_time= 0.000250656
1250 0.000005540 1250 0.000008364 add_time= 0.000053731
2860 0.000137104 2860 0.000008078 add_time= 0.000170305
2808 0.000060349 2808 0.000006642 add_time= 0.000083583
2500 0.000056173 2500 0.000006381 add_time= 0.000088967
2750 0.000090074 2750 0.000014423 add_time= 0.000121374
2970 0.000112866 2970 0.000006763 add_time= 0.000134473
1275 0.000005600 1275 0.000009741 add_time= 0.000029159
2500 0.000006945 2500 0.000008482 add_time= 0.000061576
2600 0.000123896 2600 0.000007778 add_time= 0.000162567
2500 0.000017500 2500 0.000008941 add_time= 0.000057613
2703 0.000071886 2703 0.000008471 add_time= 0.000114437
2500 0.000039245 2500 0.000016347 add_time= 0.000096475
1350 0.000040572 1350 0.000019036 add_time= 0.000092614
2860 0.000285533 2860 0.000007387 add_time= 0.000317120
2750 0.000075190 2750 0.000018115 add_time= 0.000116168
2500 0.000077829 2500 0.000006737 add_time= 0.000100504
2650 0.000056420 2650 0.000005902 add_time= 0.000077648
2700 0.000073027 2700 0.000007620 add_time= 0.000097028
1375 0.000006210 1375 0.000123760 add_time= 0.000155343
2600 0.000283819 2600 0.000007998 add_time= 0.000310965
3025 0.000131526 3025 0.000007730 add_time= 0.000156515
2750 0.000095819 2750 0.000005975 add_time= 0.000115753
2805 0.000060730 2805 0.000007054 add_time= 0.000104205
2550 0.000110926 2550 0.000007302 add_time= 0.000134479
2500 0.000189091 2500 0.000012502 add_time= 0.000221861
2500 0.000081291 2500 0.000006820 add_time= 0.000104776
2750 0.000098211 2750 0.000014761 add_time= 0.000138883
2550 0.000097975 2550 0.000016091 add_time= 0.000131164
3025 0.000011300 3025 0.000025815 add_time= 0.000054041
1375 0.000017069 1375 0.000013041 add_time= 0.000045491
2860 0.000125650 2860 0.000007395 add_time= 0.000153783
2750 0.000109168 2750 0.000011098 add_time= 0.000137110
2500 0.000049371 2500 0.000006880 add_time= 0.000071997
2805 0.000146572 2805 0.000006523 add_time= 0.000167704
2750 0.000077805 2750 0.000007720 add_time= 0.000102268
2750 0.000007567 2750 0.000024455 add_time= 0.000049076
2550 0.000241389 2550 0.000007348 add_time= 0.000268064
2500 0.000070701 2500 0.000007092 add_time= 0.000093622
3025 0.000064650 3025 0.000007034 add_time= 0.000101326
2808 0.000071650 2808 0.000006645 add_time= 0.000104860
1275 0.000005364 1275 0.000009192 add_time= 0.000032196
1250 0.000187717 1250 0.000007142 add_time= 0.000209952
2500 0.000096663 2500 0.000006495 add_time= 0.000118834
2650 0.000099030 2650 0.000006468 add_time= 0.000120231
2550 0.000042761 2550 0.000005953 add_time= 0.000063258
3025 0.000009922 3025 0.000019149 add_time= 0.000044432
2652 0.000345050 2652 0.000007046 add_time= 0.000371065
2750 0.000128776 2750 0.000007386 add_time= 0.000152440
2703 0.000131398 2703 0.000006646 add_time= 0.000161137
2500 0.000087479 2500 0.000006412 add_time= 0.000119691
2600 0.000126891 2600 0.000006618 add_time= 0.000168888
2500 0.000206944 2500 0.000022688 add_time= 0.000248101
2600 0.000088259 2600 0.000006496 add_time= 0.000110009
2750 0.000084505 2750 0.000014972 add_time= 0.000114615
2750 0.000070041 2750 0.000006041 add_time= 0.000090969
2500 0.000080015 2500 0.000006358 add_time= 0.000100119
2550 0.000093036 2550 0.000006646 add_time= 0.000113615
1300 0.000005094 1300 0.000009091 add_time= 0.000026141
2550 0.000073716 2550 0.000006844 add_time= 0.000099078
2500 0.000090532 2500 0.000012646 add_time= 0.000117712
2750 0.000102729 2750 0.000006936 add_time= 0.000124500
2652 0.000102379 2652 0.000006549 add_time= 0.000128740
2500 0.000119749 2500 0.000012365 add_time= 0.000146011
1375 0.000005119 1375 0.000009551 add_time= 0.000026770
2600 0.000132123 2600 0.000011635 add_time= 0.000162667
2750 0.000088857 2750 0.000006460 add_time= 0.000110121
2550 0.000114381 2550 0.000007194 add_time= 0.000152281
2500 0.000116405 2500 0.000006260 add_time= 0.000137426
2550 0.000006518 2550 0.000024836 add_time= 0.000044938
2600 0.000131047 2600 0.000008708 add_time= 0.000170021
2700 0.000046702 2700 0.000005785 add_time= 0.000067359
2600 0.000034127 2600 0.000006615 add_time= 0.000065246
2970 0.000136904 2970 0.000019790 add_time= 0.000183432
2652 0.000049841 2652 0.000006026 add_time= 0.000079748
2700 0.000126322 2700 0.000006490 add_time= 0.000163377
1300 0.000006061 1300 0.000009919 add_time= 0.000031258
2860 0.000148929 2860 0.000007643 add_time= 0.000177241
2652 0.000068080 2652 0.000007270 add_time= 0.000102968
3025 0.000330765 3025 0.000007279 add_time= 0.000356285
2550 0.000207159 2550 0.000008472 add_time= 0.000233707
1275 0.000180438 1275 0.000006761 add_time= 0.000201292
2750 0.000007154 2750 0.000015487 add_time= 0.000038260
2860 0.000236533 2860 0.000006579 add_time= 0.000262356
2652 0.000102652 2652 0.000006306 add_time= 0.000125343
2500 0.000190214 2500 0.000007184 add_time= 0.000223052
2550 0.000259410 2550 0.000015908 add_time= 0.000292942
2970 0.000093772 2970 0.000006786 add_time= 0.000117156
2500 0.000225977 2500 0.000017587 add_time= 0.000262387
3025 0.000251955 3025 0.000007298 add_time= 0.000296682
2550 0.000101553 2550 0.000006352 add_time= 0.000123346
2652 0.000044443 2652 0.000007169 add_time= 0.000086904
3025 0.000008222 3025 0.000017406 add_time= 0.000043610
2860 0.000241619 2860 0.000009598 add_time= 0.000273284
2500 0.000153755 2500 0.000006958 add_time= 0.000177469
2703 0.000149711 2703 0.000007310 add_time= 0.000183057
2550 0.000054881 2550 0.000038809 add_time= 0.000109427
2750 0.000015330 2750 0.000016544 add_time= 0.000049494
2600 0.000104383 2600 0.000007881 add_time= 0.000149559
2500 0.000040659 2500 0.000006240 add_time= 0.000063953
2550 0.000083681 2550 0.000007561 add_time= 0.000108130
2500 0.000091520 2500 0.000006719 add_time= 0.000114647
2754 0.000036637 2754 0.000007329 add_time= 0.000065746
1375 0.000005721 1375 0.000009625 add_time= 0.000030256
2860 0.000291535 2860 0.000006833 add_time= 0.000317425
2805 0.000040799 2805 0.000006937 add_time= 0.000065003
2750 0.000094733 2750 0.000006901 add_time= 0.000126294
2805 0.000136599 2805 0.000006320 add_time= 0.000162856
2500 0.000161916 2500 0.000015054 add_time= 0.000193845
1250 0.000004809 1250 0.000008234 add_time= 0.000026744
2600 0.000121388 2600 0.000018629 add_time= 0.000159041
2600 0.000042795 2600 0.000006188 add_time= 0.000065855
2500 0.000034741 2500 0.000005897 add_time= 0.000056338
2805 0.000066071 2805 0.000005579 add_time= 0.000087626
2500 0.000179683 2500 0.000005679 add_time= 0.000200000
1250 0.000005946 1250 0.000007800 add_time= 0.000037627
2500 0.000006387 2500 0.000009119 add_time= 0.000066181
2600 0.000036106 2600 0.000006882 add_time= 0.000067869
1375 0.000016456 1375 0.000008847 add_time= 0.000058080
2500 0.000087097 2500 0.000007779 add_time= 0.000118501
2550 0.000031154 2550 0.000006992 add_time= 0.000066972
2500 0.000005703 2500 0.000008689 add_time= 0.000042898
2500 0.000445656 2500 0.000007318 add_time= 0.000473588
2750 0.000070205 2750 0.000005991 add_time= 0.000091924
2650 0.000038086 2650 0.000006407 add_time= 0.000061064
2805 0.000140388 2805 0.000006612 add_time= 0.000163443
2750 0.000060950 2750 0.000006400 add_time= 0.000083768
1375 0.000006123 1375 0.000010337 add_time= 0.000038805
2860 0.000124007 2860 0.000006557 add_time= 0.000148452
2750 0.000183402 2750 0.000005891 add_time= 0.000203365
2700 0.000113160 2700 0.000006477 add_time= 0.000135903
2805 0.000061651 2805 0.000006696 add_time= 0.000091757
2750 0.000086657 2750 0.000006771 add_time= 0.000109351
2500 0.000232687 2500 0.000006834 add_time= 0.000257286
2600 0.000034520 2600 0.000005639 add_time= 0.000059709
2860 0.000115750 2860 0.000006486 add_time= 0.000138555
2500 0.000063169 2500 0.000007088 add_time= 0.000086060
1250 0.000084953 1250 0.000006477 add_time= 0.000104997
2600 0.000126001 2600 0.000006907 add_time= 0.000150716
2550 0.000115915 2550 0.000006350 add_time= 0.000138039
2750 0.000052263 2750 0.000006535 add_time= 0.000074645
2550 0.000070114 2550 0.000007217 add_time= 0.000093078
2754 0.000036703 2754 0.000007085 add_time= 0.000059827
2600 0.000246833 2600 0.000006878 add_time= 0.000271253
2500 0.000181172 2500 0.000006893 add_time= 0.000203706
2500 0.000084549 2500 0.000006322 add_time= 0.000107143
2805 0.000045241 2805 0.000007259 add_time= 0.000068768
2550 0.000051202 2550 0.000006105 add_time= 0.000072128
2750 0.000007120 2750 0.000014126 add_time= 0.000038233
1375 0.000005538 1375 0.000009386 add_time= 0.000028747
2750 0.000051504 2750 0.000006836 add_time= 0.000076939
2808 0.000147886 2808 0.000006487 add_time= 0.000169960
2500 0.000169299 2500 0.000005979 add_time= 0.000188880
2500 0.000090961 2500 0.000014631 add_time= 0.000121736
2500 0.000053294 2500 0.000005946 add_time= 0.000073558
2550 0.000073572 2550 0.000005775 add_time= 0.000094870
2550 0.000044867 2550 0.000006397 add_time= 0.000066434
2750 0.000040946 2750 0.000006846 add_time= 0.000065894
2600 0.000023691 2600 0.000013247 add_time= 0.000051006
2915 0.000161842 2915 0.000006476 add_time= 0.000183468
2700 0.000030825 2700 0.000006166 add_time= 0.000051379
2805 0.000025956 2805 0.000006185 add_time= 0.000046766
2601 0.000085114 2601 0.000005687 add_time= 0.000104395
2500 0.000078402 2500 0.000006780 add_time= 0.000101251
2550 0.000006908 2550 0.000013303 add_time= 0.000036323
2550 0.000318112 2550 0.000007207 add_time= 0.000342739
2600 0.000068505 2600 0.000005872 add_time= 0.000088884
2860 0.000119974 2860 0.000005854 add_time= 0.000140318
2500 0.000050332 2500 0.000005328 add_time= 0.000068577
2550 0.000063417 2550 0.000006611 add_time= 0.000085397
2600 0.000396835 2600 0.000006528 add_time= 0.000417532
2750 0.000089930 2750 0.000007922 add_time= 0.000112891
1250 0.000005244 1250 0.000034229 add_time= 0.000050469
2704 0.000071325 2704 0.000006737 add_time= 0.000094138
2860 0.000118734 2860 0.000009076 add_time= 0.000148851
2550 0.000066386 2550 0.000006486 add_time= 0.000091949
2550 0.000099029 2550 0.000006400 add_time= 0.000123055
1250 0.000082904 1250 0.000017569 add_time= 0.000114008
2500 0.000009385 2500 0.000019657 add_time= 0.000054478
2500 0.000208902 2500 0.000006752 add_time= 0.000233057
2860 0.000068945 2860 0.000006498 add_time= 0.000091099
2750 0.000049120 2750 0.000007270 add_time= 0.000072394
2500 0.000089910 2500 0.000014229 add_time= 0.000119783
2600 0.000080844 2600 0.000007430 add_time= 0.000104510
2550 0.000026011 2550 0.000006773 add_time= 0.000050348
2600 0.000040801 2600 0.000017543 add_time= 0.000072577
2500 0.000108375 2500 0.000006571 add_time= 0.000136393
2805 0.000032375 2805 0.000006530 add_time= 0.000054850
2500 0.000176198 2500 0.000006568 add_time= 0.000198215
1250 0.000005724 1250 0.000010333 add_time= 0.000029173
2600 0.000081529 2600 0.000010741 add_time= 0.000126956
2600 0.000122040 2600 0.000007374 add_time= 0.000148609
2550 0.000039982 2550 0.000007136 add_time= 0.000065807
2750 0.000126822 2750 0.000015081 add_time= 0.000169516
2500 0.000043513 2500 0.000007001 add_time= 0.000067666
2700 0.000300210 2700 0.000016958 add_time= 0.000337148
2500 0.000109314 2500 0.000007130 add_time= 0.000134407
2500 0.000068248 2500 0.000006905 add_time= 0.000094286
2750 0.000085352 2750 0.000007854 add_time= 0.000124259
2805 0.000049692 2805 0.000007208 add_time= 0.000076105
2500 0.000190426 2500 0.000006247 add_time= 0.000212052
2500 0.000044708 2500 0.000006567 add_time= 0.000077482
2860 0.000268323 2860 0.000007272 add_time= 0.000298172
2500 0.000162257 2500 0.000006641 add_time= 0.000196312
2500 0.000135605 2500 0.000007535 add_time= 0.000169632
2652 0.000069779 2652 0.000006697 add_time= 0.000093196
2700 0.000116292 2700 0.000007044 add_time= 0.000147299
2750 0.000187391 2750 0.000008194 add_time= 0.000213515
2600 0.000077810 2600 0.000006538 add_time= 0.000101030
2500 0.000092636 2500 0.000008860 add_time= 0.000121287
3025 0.000154940 3025 0.000006956 add_time= 0.000191432
2750 0.000141128 2750 0.000006894 add_time= 0.000173767
1300 0.000005954 1300 0.000008754 add_time= 0.000032684
2500 0.000070561 2500 0.000006611 add_time= 0.000104180
1300 0.000197254 1300 0.000005548 add_time= 0.000218734
2500 0.000051296 2500 0.000010693 add_time= 0.000079674
2550 0.000034917 2550 0.000007193 add_time= 0.000067090
2500 0.000007714 2500 0.000013076 add_time= 0.000036936
2600 0.000300483 2600 0.000008863 add_time= 0.000345546
3025 0.000110008 3025 0.000017710 add_time= 0.000154352
2750 0.000124199 2750 0.000006661 add_time= 0.000147919
2500 0.000272328 2500 0.000006765 add_time= 0.000307450
2750 0.000007312 2750 0.000014884 add_time= 0.000038768
2704 0.000279593 2704 0.000006913 add_time= 0.000305875
2860 0.000118114 2860 0.000006131 add_time= 0.000150372
2600 0.000089172 2600 0.000006742 add_time= 0.000120419
2500 0.000045591 2500 0.000006695 add_time= 0.000068502
2754 0.000295794 2754 0.000007202 add_time= 0.000320336
1275 0.000005691 1275 0.000008359 add_time= 0.000027907
2500 0.000099224 2500 0.000007209 add_time= 0.000125910
2600 0.000125396 2600 0.000006610 add_time= 0.000149098
2750 0.000020930 2750 0.000006797 add_time= 0.000043429
2500 0.000051475 2500 0.000006789 add_time= 0.000075126
2500 0.000056522 2500 0.000005985 add_time= 0.000077997
2700 0.000035981 2700 0.000005909 add_time= 0.000054712
2860 0.000097070 2860 0.000005929 add_time= 0.000118890
2600 0.000100867 2600 0.000007836 add_time= 0.000149220
2700 0.000050260 2700 0.000013666 add_time= 0.000099074
2500 0.000180978 2500 0.000007528 add_time= 0.000212153
2805 0.000005898 2805 0.000008032 add_time= 0.000039303
1250 0.000005355 1250 0.000008098 add_time= 0.000038846
2500 0.000027660 2500 0.000014542 add_time= 0.000068736
2500 0.000168533 2500 0.000006918 add_time= 0.000194145
2915 0.000083400 2915 0.000006823 add_time= 0.000117772
2750 0.000082065 2750 0.000015159 add_time= 0.000115265
2500 0.000111883 2500 0.000007065 add_time= 0.000135386
2550 0.000008414 2550 0.000020645 add_time= 0.000056963
2860 0.000154184 2860 0.000006772 add_time= 0.000178820
2550 0.000051184 2550 0.000006799 add_time= 0.000072821
2805 0.000048597 2805 0.000010214 add_time= 0.000079406
2700 0.000146444 2700 0.000014344 add_time= 0.000176101
2860 0.000155933 2860 0.000007591 add_time= 0.000180892
2750 0.000062001 2750 0.000007011 add_time= 0.000084383
2550 0.000054523 2550 0.000007140 add_time= 0.000077128
2805 0.000050278 2805 0.000005973 add_time= 0.000070271
2600 0.000007722 2600 0.000026986 add_time= 0.000058384
2860 0.000269287 2860 0.000007660 add_time= 0.000293385
2750 0.000023876 2750 0.000009873 add_time= 0.000049991
2500 0.000100676 2500 0.000007093 add_time= 0.000123138
2700 0.000060217 2700 0.000007234 add_time= 0.000083101
1275 0.000006567 1275 0.000010776 add_time= 0.000039129
2860 0.000229499 2860 0.000006620 add_time= 0.000264316
2750 0.000026785 2750 0.000006294 add_time= 0.000048692
2550 0.000051320 2550 0.000006561 add_time= 0.000079324
2500 0.000056209 2500 0.000009928 add_time= 0.000081136
2550 0.000007245 2550 0.000041519 add_time= 0.000065112
2860 0.000138172 2860 0.000009167 add_time= 0.000173780
2500 0.000083275 2500 0.000020166 add_time= 0.000121782
2500 0.000088407 2500 0.000015583 add_time= 0.000122072
2550 0.000096870 2550 0.000007886 add_time= 0.000123183
2600 0.000127265 2600 0.000006778 add_time= 0.000154912
2750 0.000073622 2750 0.000006973 add_time= 0.000108422
2652 0.000104769 2652 0.000006517 add_time= 0.000128336
2652 0.000141566 2652 0.000006347 add_time= 0.000163379
2500 0.000133863 2500 0.000012034 add_time= 0.000163412
2600 0.000072897 2600 0.000007307 add_time= 0.000099892
2500 0.000105422 2500 0.000007021 add_time= 0.000145603
2500 0.000097780 2500 0.000008362 add_time= 0.000152143
1275 0.000054797 1275 0.000009737 add_time= 0.000078368
2500 0.000109729 2500 0.000007655 add_time= 0.000135116
1250 0.000006467 1250 0.000009870 add_time= 0.000031479
2600 0.000172787 2600 0.000009209 add_time= 0.000201948
2750 0.000071844 2750 0.000007610 add_time= 0.000098103
2550 0.000070543 2550 0.000013470 add_time= 0.000101321
2700 0.000102310 2700 0.000006697 add_time= 0.000126222
2500 0.000008442 2500 0.000025568 add_time= 0.000058823
2750 0.000193688 2750 0.000006648 add_time= 0.000218943
2650 0.000078694 2650 0.000006323 add_time= 0.000104977
2500 0.000080608 2500 0.000007377 add_time= 0.000104841
2750 0.000099562 2750 0.000007296 add_time= 0.000124572
2500 0.000116255 2500 0.000006284 add_time= 0.000137976
2750 0.000008959 2750 0.000020323 add_time= 0.000055461
1350 0.000005533 1350 0.000013549 add_time= 0.000031948
2704 0.000190541 2704 0.000006949 add_time= 0.000215908
2860 0.000094394 2860 0.000007413 add_time= 0.000127746
2860 0.000107620 2860 0.000006658 add_time= 0.000130472
2550 0.000091496 2550 0.000006536 add_time= 0.000113086
2550 0.000055082 2550 0.000006364 add_time= 0.000076304
3025 0.000010324 3025 0.000028493 add_time= 0.000073809
1250 0.000005043 1250 0.000016442 add_time= 0.000038199
2600 0.000160321 2600 0.000009841 add_time= 0.000196232
2750 0.000310114 2750 0.000007727 add_time= 0.000338144
2500 0.000102997 2500 0.000007628 add_time= 0.000128813
2805 0.000254990 2805 0.000007011 add_time= 0.000279941
1375 0.000008401 1375 0.000012023 add_time= 0.000054949
2550 0.000091935 2550 0.000008254 add_time= 0.000118956
2756 0.000177612 2756 0.000006668 add_time= 0.000201078
2805 0.000045945 2805 0.000006130 add_time= 0.000066337
1250 0.000080151 1250 0.000006619 add_time= 0.000104699
2650 0.000107519 2650 0.000009209 add_time= 0.000137278
2650 0.000055106 2650 0.000006733 add_time= 0.000078477
1375 0.000005306 1375 0.000014188 add_time= 0.000039431
2500 0.000201032 2500 0.000006675 add_time= 0.000226518
2750 0.000298344 2750 0.000008849 add_time= 0.000327880
2550 0.000064749 2550 0.000006182 add_time= 0.000087751
2750 0.000033986 2750 0.000005977 add_time= 0.000056743
2703 0.000280379 2703 0.000006973 add_time= 0.000313826
2500 0.000057772 2500 0.000006761 add_time= 0.000082673
2860 0.000102207 2860 0.000007492 add_time= 0.000129376
2550 0.000133708 2550 0.000006622 add_time= 0.000160173
2500 0.000042229 2500 0.000009068 add_time= 0.000066572
2805 0.000228521 2805 0.000007235 add_time= 0.000252976
2500 0.000082368 2500 0.000006801 add_time= 0.000108128
2750 0.000056142 2750 0.000007230 add_time= 0.000085359
2600 0.000092732 2600 0.000006521 add_time= 0.000115012
2750 0.000145151 2750 0.000007041 add_time= 0.000168798
2703 0.000079400 2703 0.000006297 add_time= 0.000101742
2600 0.000113863 2600 0.000009955 add_time= 0.000139237
1275 0.000017389 1275 0.000008606 add_time= 0.000040699
2700 0.000324626 2700 0.000007874 add_time= 0.000367988
2500 0.000152297 2500 0.000014331 add_time= 0.000193001
2750 0.000058007 2750 0.000007024 add_time= 0.000081322
2703 0.000237013 2703 0.000006800 add_time= 0.000260381
2500 0.000125872 2500 0.000007072 add_time= 0.000149402
1250 0.000010709 1250 0.000007505 add_time= 0.000036834
2600 0.000231377 2600 0.000006837 add_time= 0.000256299
2750 0.000086966 2750 0.000006047 add_time= 0.000108707
2500 0.000068613 2500 0.000006896 add_time= 0.000100005
2652 0.000315960 2652 0.000007172 add_time= 0.000342488
2700 0.000080716 2700 0.000007059 add_time= 0.000114723
1250 0.000005166 1250 0.000009395 add_time= 0.000059127
2650 0.000059214 2650 0.000006807 add_time= 0.000087530
2652 0.000028102 2652 0.000006455 add_time= 0.000051621
2500 0.000060545 2500 0.000006083 add_time= 0.000082455
2750 0.000023675 2750 0.000005713 add_time= 0.000044264
2601 0.000067328 2601 0.000007072 add_time= 0.000091543
3025 0.000006922 3025 0.000026070 add_time= 0.000051156
2756 0.000277437 2756 0.000008071 add_time= 0.000336358
3025 0.000063819 3025 0.000007299 add_time= 0.000098522
2550 0.000042598 2550 0.000007679 add_time= 0.000074507
2652 0.000030099 2652 0.000006920 add_time= 0.000072476
2600 0.000029099 2600 0.000007668 add_time= 0.000067420
1250 0.000045419 1250 0.000006754 add_time= 0.000069445
2600 0.000101758 2600 0.000005557 add_time= 0.000126298
2915 0.000068506 2915 0.000006433 add_time= 0.000091909
2550 0.000071929 2550 0.000007136 add_time= 0.000095141
2500 0.000037860 2500 0.000006378 add_time= 0.000059552
1250 0.000005634 1250 0.000008756 add_time= 0.000028279
2500 0.000286108 2500 0.000006586 add_time= 0.000308326
2500 0.000080039 2500 0.000015388 add_time= 0.000108786
2600 0.000074382 2600 0.000006811 add_time= 0.000101775
2805 0.000142583 2805 0.000006931 add_time= 0.000164757
2500 0.000047924 2500 0.000010907 add_time= 0.000073436
2700 0.000182622 2700 0.000007074 add_time= 0.000205648
2500 0.000112841 2500 0.000006749 add_time= 0.000133017
2550 0.000055565 2550 0.000013812 add_time= 0.000084545
3025 0.000086054 3025 0.000006382 add_time= 0.000106707
2750 0.000074801 2750 0.000017699 add_time= 0.000106491
2750 0.000067233 2750 0.000006645 add_time= 0.000088799
2650 0.000159316 2650 0.000006552 add_time= 0.000192593
2750 0.000065142 2750 0.000006877 add_time= 0.000087557
2600 0.000079525 2600 0.000006132 add_time= 0.000099226
2805 0.000062878 2805 0.000006754 add_time= 0.000085079
2652 0.000083679 2652 0.000005872 add_time= 0.000102615
2700 0.000066813 2700 0.000006281 add_time= 0.000088179
2500 0.000160264 2500 0.000006904 add_time= 0.000182813
2500 0.000100528 2500 0.000005806 add_time= 0.000119924
2500 0.000045945 2500 0.000007090 add_time= 0.000074271
2550 0.000118999 2550 0.000005628 add_time= 0.000139335
2754 0.000062315 2754 0.000007341 add_time= 0.000088154
1300 0.000006020 1300 0.000010624 add_time= 0.000031759
2750 0.000106238 2750 0.000007312 add_time= 0.000133186
2750 0.000067840 2750 0.000035705 add_time= 0.000120489
2915 0.000133791 2915 0.000007960 add_time= 0.000169253
2500 0.000054119 2500 0.000006559 add_time= 0.000077332
2700 0.000029173 2700 0.000006882 add_time= 0.000053711
3025 0.000007140 3025 0.000016016 add_time= 0.000039799
2600 0.000379443 2600 0.000006929 add_time= 0.000404154
2860 0.000043165 2860 0.000006719 add_time= 0.000067524
2750 0.000118083 2750 0.000007126 add_time= 0.000141789
1275 0.000076957 1275 0.000006583 add_time= 0.000098083
2754 0.000085768 2754 0.000014991 add_time= 0.000116797
2750 0.000018500 2750 0.000014164 add_time= 0.000057319
2600 0.000036064 2600 0.000006516 add_time= 0.000061565
2600 0.000121690 2600 0.000006122 add_time= 0.000144214
1250 0.000186965 1250 0.000013862 add_time= 0.000213921
2805 0.000123047 2805 0.000005891 add_time= 0.000144106
2700 0.000045423 2700 0.000006199 add_time= 0.000066351
2860 0.000075592 2860 0.000006821 add_time= 0.000101989
2650 0.000075267 2650 0.000006564 add_time= 0.000099240
2550 0.000059200 2550 0.000006506 add_time= 0.000081344
2500 0.000043373 2500 0.000006410 add_time= 0.000064574
2754 0.000054916 2754 0.000005572 add_time= 0.000080744
2500 0.000404416 2500 0.000007105 add_time= 0.000429155
2500 0.000104421 2500 0.000005638 add_time= 0.000125465
2550 0.000043584 2550 0.000017940 add_time= 0.000076885
2550 0.000018720 2550 0.000005903 add_time= 0.000039312
2970 0.000045750 2970 0.000006562 add_time= 0.000068679
2500 0.000217214 2500 0.000007220 add_time= 0.000242077
2750 0.000057313 2750 0.000005967 add_time= 0.000078753
2805 0.000054092 2805 0.000006080 add_time= 0.000075103
2652 0.000094110 2652 0.000008123 add_time= 0.000124690
2500 0.000035878 2500 0.000006098 add_time= 0.000056025
2600 0.000040496 2600 0.000009299 add_time= 0.000083999
2600 0.000024907 2600 0.000007243 add_time= 0.000052218
2750 0.000263747 2750 0.000006891 add_time= 0.000288628
2805 0.000538623 2805 0.000007886 add_time= 0.000564780
2500 0.000237139 2500 0.000007418 add_time= 0.000272423
2750 0.000159584 2750 0.000007464 add_time= 0.000186264
2500 0.000064009 2500 0.000007113 add_time= 0.000090716
2550 0.000105447 2550 0.000007709 add_time= 0.000141389
2550 0.000134488 2550 0.000006980 add_time= 0.000160338
2750 0.000151503 2750 0.000006802 add_time= 0.000176059
2550 0.000082803 2550 0.000006401 add_time= 0.000105546
2600 0.000196687 2600 0.000006412 add_time= 0.000221451
2750 0.000196363 2750 0.000007853 add_time= 0.000234524
2750 0.000048113 2750 0.000011817 add_time= 0.000083384
2754 0.000263597 2754 0.000005737 add_time= 0.000284259
2500 0.000237987 2500 0.000006103 add_time= 0.000258398
2700 0.000006766 2700 0.000013999 add_time= 0.000037223
2500 0.000106512 2500 0.000008822 add_time= 0.000133850
2550 0.000046966 2550 0.000006992 add_time= 0.000081694
2700 0.000077784 2700 0.000006875 add_time= 0.000101033
2550 0.000108218 2550 0.000006296 add_time= 0.000130255
2500 0.000065815 2500 0.000006621 add_time= 0.000087789
