2809 0.000011019 2809 0.000020080 add_time= 0.001685851
2500 0.000049064 2500 0.000006921 add_time= 0.000083817
2500 0.000046731 2500 0.000007664 add_time= 0.000091523
2500 0.000060535 2500 0.000006622 add_time= 0.000088620
2703 0.000009600 2703 0.000017171 add_time= 0.000058136
2750 0.000099552 2750 0.000009400 add_time= 0.000126671
2805 0.000051177 2805 0.000006687 add_time= 0.000073592
2756 0.000008456 2756 0.000018318 add_time= 0.000117178
2805 0.000096300 2805 0.000007390 add_time= 0.000121724
2550 0.000293248 2550 0.000101544 add_time= 0.000412473
2650 0.000011508 2650 0.000144641 add_time= 0.000189104
2500 0.000085470 2500 0.000008136 add_time= 0.000111446
2700 0.000158388 2700 0.000008023 add_time= 0.000183247
2650 0.000042206 2650 0.000016614 add_time= 0.000103618
2750 0.000130952 2750 0.000056076 add_time= 0.000215366
2500 0.000087236 2500 0.000007402 add_time= 0.000110782
1250 0.000053285 1250 0.000079385 add_time= 0.000175073
2809 0.000011192 2809 0.000140907 add_time= 0.000182413
2860 0.000062122 2860 0.000026527 add_time= 0.000111088
2500 0.000236799 2500 0.000010325 add_time= 0.000272794
2650 0.000008363 2650 0.000129799 add_time= 0.000164574
2550 0.000117696 2550 0.000007272 add_time= 0.000142438
2550 0.001175937 2550 0.000019223 add_time= 0.001220544
2550 0.000115765 2550 0.000012001 add_time= 0.000226731
2550 0.000071648 2550 0.000013134 add_time= 0.000114555
2970 0.000048940 2970 0.000012357 add_time= 0.000104077
2703 0.000014102 2703 0.000025014 add_time= 0.001409371
2750 0.000048218 2750 0.000007160 add_time= 0.000072957
2805 0.000114077 2805 0.000007732 add_time= 0.000138403
2500 0.000109182 2500 0.000006490 add_time= 0.000130059
2650 0.000007689 2650 0.000022493 add_time= 0.000052898
2750 0.000073666 2750 0.000009118 add_time= 0.000111768
2754 0.000077624 2754 0.000006996 add_time= 0.000101016
2750 0.000064727 2750 0.000006338 add_time= 0.000090697
2500 0.000008880 2500 0.000016223 add_time= 0.000066178
2750 0.000283270 2750 0.000006530 add_time= 0.000343109
2652 0.000134963 2652 0.000007038 add_time= 0.000166442
2600 0.000149587 2600 0.000007597 add_time= 0.000176093
2809 0.000009932 2809 0.000018191 add_time= 0.000062343
2500 0.000130706 2500 0.000011490 add_time= 0.000172206
2550 0.000254647 2550 0.000008352 add_time= 0.000280955
2805 0.000401788 2805 0.000008431 add_time= 0.000450567
1250 0.000144949 1250 0.000006814 add_time= 0.000168739
2700 0.000050437 2700 0.000007574 add_time= 0.000080037
2650 0.000010549 2650 0.000076122 add_time= 0.000113989
2750 0.000035270 2750 0.000011002 add_time= 0.000067522
2750 0.000230687 2750 0.000007365 add_time= 0.000255866
2700 0.000063618 2700 0.000007096 add_time= 0.000087861
3025 0.000346745 3025 0.000009555 add_time= 0.000379697
2750 0.000054352 2750 0.000007726 add_time= 0.000080156
2600 0.000067606 2600 0.000011264 add_time= 0.000097615
2650 0.000077815 2650 0.000007399 add_time= 0.000112362
2862 0.000055075 2862 0.000087816 add_time= 0.000280319
2550 0.000028786 2550 0.000009299 add_time= 0.000084707
2550 0.000029273 2550 0.000007844 add_time= 0.000061081
2750 0.000046720 2750 0.000010123 add_time= 0.000085779
1375 0.000060323 1375 0.000010183 add_time= 0.000109557
2809 0.000013173 2809 0.000018298 add_time= 0.001173885
2600 0.000043002 2600 0.000006514 add_time= 0.000066532
2750 0.000063508 2750 0.000006903 add_time= 0.000085769
1275 0.000057286 1275 0.000006110 add_time= 0.000078961
2550 0.000045069 2550 0.000007980 add_time= 0.000069891
2750 0.000039665 2750 0.000006969 add_time= 0.000071420
2915 0.000007025 2915 0.000014916 add_time= 0.000042539
2652 0.000083808 2652 0.000007167 add_time= 0.000114741
2600 0.000098903 2600 0.000005911 add_time= 0.000136953
2750 0.000064126 2750 0.000015488 add_time= 0.000096177
2550 0.000103834 2550 0.000007168 add_time= 0.000135455
2805 0.000031431 2805 0.000006962 add_time= 0.000059412
2700 0.000097761 2700 0.000007560 add_time= 0.000121984
2915 0.000015327 2915 0.000015959 add_time= 0.000086972
2600 0.000086634 2600 0.000006739 add_time= 0.000109686
2652 0.000113378 2652 0.000010287 add_time= 0.000165241
2650 0.000138552 2650 0.000014589 add_time= 0.000175020
2805 0.000063247 2805 0.000010692 add_time= 0.000093377
2601 0.000046482 2601 0.000006146 add_time= 0.000067059
2750 0.000082527 2750 0.000011737 add_time= 0.000120070
2756 0.000007545 2756 0.000015453 add_time= 0.000043971
2652 0.000034457 2652 0.000018160 add_time= 0.000070854
2500 0.000100518 2500 0.000006392 add_time= 0.000123188
3025 0.000039095 3025 0.000009755 add_time= 0.000066079
2550 0.000080667 2550 0.000006889 add_time= 0.000103618
2500 0.000067965 2500 0.000007442 add_time= 0.000092134
1250 0.000076699 1250 0.000005525 add_time= 0.000100445
2650 0.000011131 2650 0.000014565 add_time= 0.000066739
2652 0.000419714 2652 0.000007142 add_time= 0.000447268
2500 0.000149620 2500 0.000007750 add_time= 0.000173936
2500 0.000204784 2500 0.000005645 add_time= 0.000235910
1250 0.000074608 1250 0.000005770 add_time= 0.000092692
2652 0.000200499 2652 0.000007104 add_time= 0.000224481
1350 0.000144663 1350 0.000007151 add_time= 0.000165635
1250 0.000062439 1250 0.000005736 add_time= 0.000089120
2809 0.000007641 2809 0.000073125 add_time= 0.000099055
1300 0.000224074 1300 0.000007088 add_time= 0.000257062
2750 0.000097332 2750 0.000006774 add_time= 0.000119666
2500 0.000048708 2500 0.000007118 add_time= 0.000071794
2805 0.000157377 2805 0.000012876 add_time= 0.000185768
2550 0.000145882 2550 0.000006801 add_time= 0.000178317
2809 0.000006991 2809 0.000073031 add_time= 0.000102294
2652 0.000050067 2652 0.000006759 add_time= 0.000074603
2750 0.000058088 2750 0.000006689 add_time= 0.000099599
2703 0.000058738 2703 0.000006696 add_time= 0.000081943
2550 0.000167091 2550 0.000006867 add_time= 0.000190187
2750 0.000092017 2750 0.000007028 add_time= 0.000115386
1250 0.000181251 1250 0.000005973 add_time= 0.000200343
2809 0.000005718 2809 0.000015276 add_time= 0.000155203
2652 0.000027278 2652 0.000007802 add_time= 0.000060752
2500 0.000014892 2500 0.000009645 add_time= 0.000052819
2500 0.000005919 2500 0.000027700 add_time= 0.000059837
2550 0.000045810 2550 0.000007869 add_time= 0.000077255
2808 0.000024993 2808 0.000008305 add_time= 0.000071913
1250 0.000025631 1250 0.000012669 add_time= 0.000071448
2650 0.000008114 2650 0.000272334 add_time= 0.000318315
2652 0.000209367 2652 0.000044742 add_time= 0.000270430
3025 0.000589506 3025 0.000008374 add_time= 0.000618875
2750 0.000351887 2750 0.000006392 add_time= 0.000378065
2500 0.000049291 2500 0.000006439 add_time= 0.000081471
1250 0.000350358 1250 0.000009021 add_time= 0.000376740
2500 0.000137567 2500 0.000007053 add_time= 0.000159368
2650 0.000011640 2650 0.000234238 add_time= 0.000276378
2805 0.000035372 2805 0.000006582 add_time= 0.000057660
2805 0.000041988 2805 0.000006456 add_time= 0.000063861
2750 0.000145436 2750 0.000006046 add_time= 0.000172787
2500 0.000072932 2500 0.000005905 add_time= 0.000092978
2600 0.000109654 2600 0.000006004 add_time= 0.000130234
3025 0.000029479 3025 0.000006968 add_time= 0.000052726
1325 0.000005421 1325 0.000104930 add_time= 0.000134357
2500 0.000179854 2500 0.000006643 add_time= 0.000214075
1250 0.000203571 1250 0.000006062 add_time= 0.000223512
2750 0.000185088 2750 0.000008650 add_time= 0.000227371
2700 0.000353671 2700 0.000006908 add_time= 0.000383758
2750 0.000115250 2750 0.000007462 add_time= 0.000139801
2500 0.000006415 2500 0.000021099 add_time= 0.000044092
2652 0.000286871 2652 0.000009394 add_time= 0.000322737
2805 0.000101171 2805 0.000007531 add_time= 0.000126054
2700 0.000203026 2700 0.000007069 add_time= 0.000225501
2550 0.000109231 2550 0.000007390 add_time= 0.000142718
2550 0.000074066 2550 0.000006924 add_time= 0.000097890
2700 0.000185473 2700 0.000018290 add_time= 0.000219173
1250 0.000052585 1250 0.000010020 add_time= 0.000082042
2809 0.000006760 2809 0.000320978 add_time= 0.000348675
2600 0.000038421 2600 0.000009267 add_time= 0.000062931
2750 0.000200177 2750 0.000009119 add_time= 0.000234877
2600 0.000060092 2600 0.000009511 add_time= 0.000084513
2754 0.000328711 2754 0.000019528 add_time= 0.000365692
2550 0.000080090 2550 0.000007242 add_time= 0.000102343
2915 0.000100404 2915 0.000006785 add_time= 0.000122918
2650 0.000011461 2650 0.000014958 add_time= 0.000073068
2600 0.000080822 2600 0.000006292 add_time= 0.000101814
2750 0.000072845 2750 0.000013348 add_time= 0.000101135
2550 0.000125655 2550 0.000008744 add_time= 0.000155095
2550 0.000108840 2550 0.000005415 add_time= 0.000128463
2500 0.000258282 2500 0.000007262 add_time= 0.000282185
1250 0.000055247 1250 0.000005710 add_time= 0.000074321
2500 0.000007026 2500 0.000072182 add_time= 0.000097999
2808 0.000311117 2808 0.000010342 add_time= 0.000338010
2750 0.000078454 2750 0.000006104 add_time= 0.000107416
2750 0.000035977 2750 0.000006173 add_time= 0.000056635
2805 0.000206506 2805 0.000007779 add_time= 0.000231228
2550 0.000296176 2550 0.000014898 add_time= 0.000328143
2809 0.000009174 2809 0.000186154 add_time= 0.000221912
2700 0.000048481 2700 0.000011211 add_time= 0.000087896
2600 0.000082032 2600 0.000006753 add_time= 0.000116322
2805 0.000051675 2805 0.000005962 add_time= 0.000073002
2500 0.000065746 2500 0.000005997 add_time= 0.000097462
3025 0.000150140 3025 0.000006552 add_time= 0.000174189
2650 0.000031517 2650 0.000014522 add_time= 0.000105660
2652 0.000043159 2652 0.000008258 add_time= 0.000078983
2600 0.000112377 2600 0.000007831 add_time= 0.000147682
3025 0.000075049 3025 0.000008391 add_time= 0.000114597
2500 0.000071322 2500 0.000027719 add_time= 0.000162526
2970 0.000060745 2970 0.000009022 add_time= 0.000099589
3025 0.000044942 3025 0.000008080 add_time= 0.000082318
1250 0.000026469 1250 0.000006755 add_time= 0.000062472
2550 0.000232437 2550 0.000007117 add_time= 0.000258591
2500 0.000066521 2500 0.000007076 add_time= 0.000090854
2600 0.000055906 2600 0.000006517 add_time= 0.000081878
2600 0.000071096 2600 0.000007951 add_time= 0.000096050
2652 0.000035031 2652 0.000007997 add_time= 0.000061072
2500 0.000062907 2500 0.000006483 add_time= 0.000084227
1250 0.000062090 1250 0.000005546 add_time= 0.000080577
2500 0.000006915 2500 0.000014274 add_time= 0.000042955
2652 0.000043877 2652 0.000006253 add_time= 0.000067780
2750 0.000022168 2750 0.000006722 add_time= 0.000053941
2500 0.000047122 2500 0.000006192 add_time= 0.000068243
2805 0.000045747 2805 0.000006324 add_time= 0.000067819
2500 0.000056166 2500 0.000007555 add_time= 0.000080546
2860 0.000109159 2860 0.000006486 add_time= 0.000131289
1250 0.000056893 1250 0.000012706 add_time= 0.000081444
2809 0.000021339 2809 0.000093519 add_time= 0.000145398
2860 0.000100990 2860 0.000012546 add_time= 0.000156382
2500 0.000040945 2500 0.000006808 add_time= 0.000079963
2805 0.000105470 2805 0.000007264 add_time= 0.000131262
2805 0.000382360 2805 0.000007495 add_time= 0.000412915
2500 0.000050382 2500 0.000006394 add_time= 0.000079491
1375 0.000054812 1375 0.000008798 add_time= 0.000079075
2809 0.000023623 2809 0.000144059 add_time= 0.000189494
2600 0.000359649 2600 0.000007867 add_time= 0.000389011
2600 0.000180074 2600 0.000007289 add_time= 0.000203840
2550 0.000081458 2550 0.000007137 add_time= 0.000105624
2652 0.000137877 2652 0.000011110 add_time= 0.000166636
2600 0.000040653 2600 0.000007112 add_time= 0.000065116
1300 0.000084436 1300 0.000006345 add_time= 0.000105328
2650 0.000006777 2650 0.000014962 add_time= 0.000040713
2652 0.000530927 2652 0.000020786 add_time= 0.000567441
2500 0.000131026 2500 0.000007256 add_time= 0.000154875
3025 0.000059881 3025 0.000006993 add_time= 0.000083521
2805 0.000060245 2805 0.000006902 add_time= 0.000102622
2500 0.000065612 2500 0.000010218 add_time= 0.000091023
2809 0.000011925 2809 0.000014877 add_time= 0.000045239
2652 0.000198126 2652 0.000006995 add_time= 0.000221771
3025 0.000198527 3025 0.000006850 add_time= 0.000222841
2650 0.000050124 2650 0.000007298 add_time= 0.000074153
2550 0.000041558 2550 0.000007350 add_time= 0.000065674
2970 0.000088356 2970 0.000007582 add_time= 0.000113950
1250 0.000040479 1250 0.000006075 add_time= 0.000059841
2862 0.000007454 2862 0.000127180 add_time= 0.000153994
2500 0.000067340 2500 0.000005830 add_time= 0.000087424
2750 0.000048703 2750 0.000006842 add_time= 0.000071584
2550 0.000064333 2550 0.000010290 add_time= 0.000090540
2550 0.000058002 2550 0.000007466 add_time= 0.000081883
2750 0.000042719 2750 0.000012987 add_time= 0.000071485
2809 0.000011284 2809 0.000128436 add_time= 0.000179902
2600 0.000074726 2600 0.000006998 add_time= 0.000098635
1250 0.000184333 1250 0.000006562 add_time= 0.000205451
2750 0.000034890 2750 0.000007471 add_time= 0.000059000
2550 0.000279603 2550 0.000006704 add_time= 0.000301591
2500 0.000183266 2500 0.000006134 add_time= 0.000203300
1250 0.000025060 1250 0.000005791 add_time= 0.000044729
2756 0.000007668 2756 0.000014779 add_time= 0.000040870
2652 0.000161578 2652 0.000009358 add_time= 0.000185670
3025 0.000056465 3025 0.000009529 add_time= 0.000092745
2500 0.000094879 2500 0.000007596 add_time= 0.000119157
2500 0.000193626 2500 0.000007084 add_time= 0.000217024
2700 0.000156550 2700 0.000007495 add_time= 0.000181152
1325 0.000031057 1325 0.000006618 add_time= 0.000051938
2703 0.000008888 2703 0.000071979 add_time= 0.000110031
2500 0.000085632 2500 0.000006970 add_time= 0.000127903
2650 0.000061288 2650 0.000007720 add_time= 0.000097111
2750 0.000071730 2750 0.000006661 add_time= 0.000107207
2600 0.000063616 2600 0.000012958 add_time= 0.000100541
2550 0.000070543 2550 0.000006975 add_time= 0.000101974
2500 0.000037497 2500 0.000006395 add_time= 0.000069650
2500 0.000388100 2500 0.000006736 add_time= 0.000418852
2650 0.000065843 2650 0.000016576 add_time= 0.000144202
2652 0.000067404 2652 0.000008857 add_time= 0.000132434
2750 0.000062741 2750 0.000009103 add_time= 0.000128600
2500 0.000051666 2500 0.000008505 add_time= 0.000102634
2500 0.000029900 2500 0.000008621 add_time= 0.000089288
3025 0.000213827 3025 0.000009112 add_time= 0.000270960
2650 0.000015306 2650 0.000132416 add_time= 0.000172529
2652 0.000044734 2652 0.000007262 add_time= 0.000073237
2750 0.000046527 2750 0.000006888 add_time= 0.000080048
3025 0.000086201 3025 0.000008696 add_time= 0.000114509
2652 0.000069679 2652 0.000006398 add_time= 0.000091568
2700 0.000425795 2700 0.000006982 add_time= 0.000450443
2550 0.000148511 2550 0.000006896 add_time= 0.000172018
2703 0.000020936 2703 0.000015574 add_time= 0.000062486
2652 0.000042504 2652 0.000006712 add_time= 0.000066452
2860 0.000076977 2860 0.000007515 add_time= 0.000102609
1375 0.000112122 1375 0.000006544 add_time= 0.000133142
2500 0.000385640 2500 0.000007604 add_time= 0.000410221
2805 0.000089475 2805 0.000006728 add_time= 0.000112124
2809 0.000007711 2809 0.000015961 add_time= 0.000045919
2652 0.000182957 2652 0.000007098 add_time= 0.000205790
2805 0.000037272 2805 0.000007305 add_time= 0.000061381
1250 0.000066932 1250 0.000006875 add_time= 0.000088299
2750 0.000060924 2750 0.000007218 add_time= 0.000084551
2500 0.000128428 2500 0.000006306 add_time= 0.000149578
2750 0.000060899 2750 0.000008014 add_time= 0.000086118
2915 0.000017034 2915 0.000105342 add_time= 0.000166692
2600 0.000082741 2600 0.000006680 add_time= 0.000107290
2750 0.000030889 2750 0.000007101 add_time= 0.000066541
2750 0.000043745 2750 0.000011344 add_time= 0.000083831
2550 0.000151528 2550 0.000008142 add_time= 0.000185462
2970 0.000139958 2970 0.000013337 add_time= 0.000183866
1250 0.000063301 1250 0.000009472 add_time= 0.000085903
2915 0.000024342 2915 0.000023815 add_time= 0.000077714
2808 0.000042602 2808 0.000007181 add_time= 0.000075822
2805 0.000025278 2805 0.000007122 add_time= 0.000052004
2550 0.000200278 2550 0.000007488 add_time= 0.000229150
2550 0.000038973 2550 0.000010395 add_time= 0.000066159
2500 0.000346139 2500 0.000011560 add_time= 0.000374610
2915 0.000009516 2915 0.000083087 add_time= 0.000117817
2750 0.000093940 2750 0.000006998 add_time= 0.000126376
2500 0.001737815 2500 0.000008239 add_time= 0.001774266
2550 0.000068862 2550 0.000006676 add_time= 0.000090630
2754 0.000069586 2754 0.000006561 add_time= 0.000096294
2500 0.000070391 2500 0.000006248 add_time= 0.000090951
2809 0.000012448 2809 0.000072488 add_time= 0.000102133
2600 0.000086616 2600 0.000007245 add_time= 0.000118099
2750 0.000085274 2750 0.000006328 add_time= 0.000106743
2550 0.000032070 2550 0.000008823 add_time= 0.000065203
2805 0.000093400 2805 0.000005948 add_time= 0.000113778
2550 0.000338585 2550 0.000014281 add_time= 0.000370685
1350 0.000031551 1350 0.000005448 add_time= 0.000049861
2650 0.000005675 2650 0.000076565 add_time= 0.000101648
2600 0.000075110 2600 0.000010225 add_time= 0.000109352
3025 0.000063491 3025 0.000007258 add_time= 0.000088939
2550 0.000082200 2550 0.000007210 add_time= 0.000109526
2550 0.000102871 2550 0.000006597 add_time= 0.000124223
1375 0.000024402 1375 0.000006703 add_time= 0.000056936
2650 0.000011259 2650 0.000024821 add_time= 0.000079929
2652 0.000116678 2652 0.000006505 add_time= 0.000144842
2805 0.000514223 2805 0.000008249 add_time= 0.000542100
2600 0.000359017 2600 0.000007398 add_time= 0.000382526
2700 0.000199866 2700 0.000011381 add_time= 0.000241234
1375 0.000032362 1375 0.000006321 add_time= 0.000054959
2915 0.000007363 2915 0.000016110 add_time= 0.000053016
2808 0.000298818 2808 0.000006954 add_time= 0.000321895
2500 0.000136070 2500 0.000026186 add_time= 0.000178701
2550 0.000320885 2550 0.000010790 add_time= 0.000348486
2805 0.000151417 2805 0.000007552 add_time= 0.000179541
2500 0.000148781 2500 0.000006639 add_time= 0.000171987
2750 0.000041030 2750 0.000009481 add_time= 0.000065229
2600 0.000214558 2600 0.000008539 add_time= 0.000247520
2652 0.000054818 2652 0.000007007 add_time= 0.000078723
3025 0.000091434 3025 0.000006686 add_time= 0.000116908
2550 0.000170728 2550 0.000006614 add_time= 0.000193854
1275 0.000069234 1275 0.000005687 add_time= 0.000088065
2700 0.000078898 2700 0.000006503 add_time= 0.000099824
1250 0.000083529 1250 0.000006956 add_time= 0.000104644
2650 0.000018674 2650 0.000164752 add_time= 0.000265826
2600 0.000018754 2600 0.000011050 add_time= 0.000067051
2550 0.000036976 2550 0.000007994 add_time= 0.000069762
3025 0.000043614 3025 0.000009617 add_time= 0.000096782
2550 0.000037683 2550 0.000009022 add_time= 0.000073958
2500 0.000045328 2500 0.000007871 add_time= 0.000097345
1375 0.000056367 1375 0.000007997 add_time= 0.000099943
2750 0.000007841 2750 0.000248308 add_time= 0.000276558
2970 0.000043173 2970 0.000005715 add_time= 0.000066109
2750 0.000067211 2750 0.000017263 add_time= 0.000100857
2550 0.000055642 2550 0.000006099 add_time= 0.000076578
2600 0.000082617 2600 0.000007034 add_time= 0.000106545
2750 0.000050366 2750 0.000006918 add_time= 0.000073754
2915 0.000011128 2915 0.000082699 add_time= 0.000113723
2808 0.000049809 2808 0.000007108 add_time= 0.000073212
2500 0.000047529 2500 0.000006958 add_time= 0.000070116
2500 0.000027958 2500 0.000006505 add_time= 0.000049106
2550 0.000111278 2550 0.000006636 add_time= 0.000132345
2650 0.000046850 2650 0.000005828 add_time= 0.000066188
1250 0.000097919 1250 0.000006966 add_time= 0.000119477
2650 0.000010388 2650 0.000015728 add_time= 0.000043284
2652 0.000146518 2652 0.000006739 add_time= 0.000176883
2970 0.000025211 2970 0.000007287 add_time= 0.000050209
1250 0.000027525 1250 0.000006183 add_time= 0.000055742
2550 0.000091640 2550 0.000006977 add_time= 0.000114122
2500 0.000064818 2500 0.000006662 add_time= 0.000090894
2809 0.000007163 2809 0.000014900 add_time= 0.000040051
2652 0.000062544 2652 0.000007486 add_time= 0.000086654
2600 0.000065123 2600 0.000005963 add_time= 0.000084900
2500 0.000064109 2500 0.000005878 add_time= 0.000083920
2750 0.000162311 2750 0.000005989 add_time= 0.000181738
2500 0.000035318 2500 0.000007002 add_time= 0.000058461
2750 0.000044741 2750 0.000007181 add_time= 0.000069154
1300 0.000067274 1300 0.000006464 add_time= 0.000087865
2650 0.000012587 2650 0.000074178 add_time= 0.000120447
2750 0.000140436 2750 0.000005371 add_time= 0.000161825
3025 0.000113215 3025 0.000007593 add_time= 0.000149184
2550 0.000382277 2550 0.000007140 add_time= 0.000406365
2750 0.000133593 2750 0.000007550 add_time= 0.000158704
2703 0.000015817 2703 0.000015004 add_time= 0.000049792
2652 0.000131499 2652 0.000007392 add_time= 0.000154539
2805 0.000025748 2805 0.000006019 add_time= 0.000047134
2550 0.000068616 2550 0.000006996 add_time= 0.000092259
2550 0.000096710 2550 0.000018848 add_time= 0.000137928
2600 0.000077278 2600 0.000006596 add_time= 0.000099017
2650 0.000006423 2650 0.000018720 add_time= 0.000054038
2808 0.000057943 2808 0.000006225 add_time= 0.000080878
2750 0.000403289 2750 0.000006920 add_time= 0.000425951
2970 0.000041781 2970 0.000012084 add_time= 0.000080535
2550 0.000079952 2550 0.000015757 add_time= 0.000114883
2750 0.000061203 2750 0.000007355 add_time= 0.000085072
2809 0.000015022 2809 0.000023130 add_time= 0.000064380
2600 0.000050101 2600 0.000011367 add_time= 0.000084686
2600 0.000038613 2600 0.000013611 add_time= 0.000071888
1375 0.000061288 1375 0.000006085 add_time= 0.000082295
2500 0.000112991 2500 0.000018104 add_time= 0.000148305
2703 0.000298808 2703 0.000035497 add_time= 0.000369100
2750 0.000111061 2750 0.000006951 add_time= 0.000134878
2650 0.000012738 2650 0.000032378 add_time= 0.000078154
2600 0.000097448 2600 0.000007439 add_time= 0.000125056
2750 0.000224454 2750 0.000007283 add_time= 0.000254946
2750 0.000060074 2750 0.000012748 add_time= 0.000091228
2500 0.000082027 2500 0.000006417 add_time= 0.000103822
2500 0.000044042 2500 0.000006885 add_time= 0.000066562
1250 0.000065223 1250 0.000005368 add_time= 0.000092326
2650 0.000011860 2650 0.000127377 add_time= 0.000177634
2500 0.000066821 2500 0.000007808 add_time= 0.000100880
2750 0.000315808 2750 0.000007697 add_time= 0.000360708
2550 0.000034078 2550 0.000007413 add_time= 0.000064191
2550 0.000067706 2550 0.000006839 add_time= 0.000106868
2750 0.000044305 2750 0.000007508 add_time= 0.000078900
1350 0.000076766 1350 0.000007659 add_time= 0.000105582
2500 0.000008525 2500 0.000013563 add_time= 0.000049132
2652 0.000044824 2652 0.000008740 add_time= 0.000079688
2750 0.000268407 2750 0.000007714 add_time= 0.000310179
2970 0.000077446 2970 0.000008177 add_time= 0.000131153
2703 0.000051251 2703 0.000006632 add_time= 0.000079845
2750 0.000358569 2750 0.000007587 add_time= 0.000402697
2750 0.000286992 2750 0.000007110 add_time= 0.000315673
2600 0.000032714 2600 0.000005890 add_time= 0.000054062
2650 0.000027717 2650 0.000007404 add_time= 0.000057519
2500 0.000064044 2500 0.000006835 add_time= 0.000086466
2550 0.000209194 2550 0.000010624 add_time= 0.000243624
2750 0.000094222 2750 0.000007268 add_time= 0.000118622
1250 0.002913321 1250 0.000006691 add_time= 0.002934352
2809 0.000008066 2809 0.000129613 add_time= 0.000204548
2805 0.000103228 2805 0.000009644 add_time= 0.000143149
2750 0.000076359 2750 0.000008571 add_time= 0.000113814
2550 0.000097865 2550 0.000007836 add_time= 0.000130336
2970 0.000071809 2970 0.000008133 add_time= 0.000112285
1250 0.000032529 1250 0.000007100 add_time= 0.000063541
2600 0.000121917 2600 0.000007104 add_time= 0.000153570
2860 0.000050044 2860 0.000015694 add_time= 0.000083479
2700 0.000077013 2700 0.000006528 add_time= 0.000098934
2500 0.000078994 2500 0.000007454 add_time= 0.000102805
2600 0.000085786 2600 0.000007258 add_time= 0.000109859
2500 0.000065904 2500 0.000007001 add_time= 0.000089379
2550 0.000300038 2550 0.000014053 add_time= 0.000331393
2809 0.000012018 2809 0.000015194 add_time= 0.000046485
2652 0.000139611 2652 0.000013798 add_time= 0.000168557
2600 0.000148937 2600 0.000006398 add_time= 0.000175791
2500 0.000143782 2500 0.000006100 add_time= 0.000163337
2860 0.000096010 2860 0.000007258 add_time= 0.000119988
2550 0.000136910 2550 0.000006544 add_time= 0.000159219
2550 0.000056832 2550 0.000026039 add_time= 0.000097974
2500 0.000101658 2500 0.000006852 add_time= 0.000123949
2915 0.000017369 2915 0.000019385 add_time= 0.000055443
2808 0.000036676 2808 0.000007037 add_time= 0.000070510
2600 0.000086668 2600 0.000007317 add_time= 0.000121252
2500 0.000181221 2500 0.000006631 add_time= 0.000203351
2700 0.000062016 2700 0.000006978 add_time= 0.000084408
1375 0.000270797 1375 0.000006635 add_time= 0.000291583
2500 0.000010926 2500 0.000014422 add_time= 0.000042398
2652 0.000243989 2652 0.000006574 add_time= 0.000270203
2750 0.000079779 2750 0.000006944 add_time= 0.000102379
2550 0.000074617 2550 0.000007438 add_time= 0.000097510
2754 0.000072321 2754 0.000006849 add_time= 0.000095109
2750 0.000118670 2750 0.000007443 add_time= 0.000141954
2809 0.000008279 2809 0.000084891 add_time= 0.000110393
2808 0.000059839 2808 0.000006530 add_time= 0.000084718
2750 0.000086170 2750 0.000007107 add_time= 0.000108749
2805 0.000108373 2805 0.000006854 add_time= 0.000145669
1275 0.000131192 1275 0.000006404 add_time= 0.000151673
3025 0.000145498 3025 0.000008213 add_time= 0.000171188
2915 0.000019085 2915 0.000015577 add_time= 0.000072939
2600 0.000045011 2600 0.000011765 add_time= 0.000074290
2600 0.000042055 2600 0.000015983 add_time= 0.000074395
2750 0.000104739 2750 0.000007459 add_time= 0.000144125
2750 0.000070024 2750 0.000013121 add_time= 0.000096228
2550 0.000091885 2550 0.000014074 add_time= 0.000121489
2500 0.000105403 2500 0.000007416 add_time= 0.000141007
2809 0.000015423 2809 0.000180763 add_time= 0.000213937
2652 0.000118356 2652 0.000017473 add_time= 0.000153605
2750 0.000073190 2750 0.000006305 add_time= 0.000095512
1250 0.000065579 1250 0.000006606 add_time= 0.000085478
2601 0.000115627 2601 0.000007641 add_time= 0.000139467
1350 0.000114542 1350 0.000005734 add_time= 0.000143640
1325 0.000116196 1325 0.000007831 add_time= 0.000136577
2809 0.000006817 2809 0.000021803 add_time= 0.000047609
2600 0.000059959 2600 0.000007354 add_time= 0.000084248
3025 0.000043630 3025 0.000012590 add_time= 0.000082456
2500 0.000193936 2500 0.000015414 add_time= 0.000261515
2500 0.000044822 2500 0.000008994 add_time= 0.000083249
2550 0.000089465 2550 0.000007651 add_time= 0.000134201
2750 0.000042864 2750 0.000007715 add_time= 0.000076517
2809 0.000013579 2809 0.000015024 add_time= 0.000060800
1300 0.000070898 1300 0.000008503 add_time= 0.000120489
2750 0.000093915 2750 0.000007988 add_time= 0.000135793
3025 0.000073879 3025 0.000007580 add_time= 0.000116882
2601 0.000097500 2601 0.000009101 add_time= 0.000153242
2700 0.000029681 2700 0.000006765 add_time= 0.000067395
2750 0.000054367 2750 0.000007596 add_time= 0.000097555
2809 0.000011433 2809 0.000013963 add_time= 0.000065210
2652 0.000057845 2652 0.000015199 add_time= 0.000108959
2750 0.000066818 2750 0.000007605 add_time= 0.000104565
2915 0.000044219 2915 0.000017687 add_time= 0.000099892
2805 0.000092459 2805 0.000007441 add_time= 0.000132709
2500 0.000141390 2500 0.000008127 add_time= 0.000192019
2756 0.000010662 2756 0.000015288 add_time= 0.000061341
2652 0.000032524 2652 0.000006203 add_time= 0.000054662
1250 0.000064741 1250 0.000006339 add_time= 0.000099580
2500 0.000092063 2500 0.000007478 add_time= 0.000116103
2550 0.000039873 2550 0.000007115 add_time= 0.000064208
2550 0.000057571 2550 0.000006251 add_time= 0.000079061
2550 0.000092115 2550 0.000006334 add_time= 0.000113244
2500 0.000055569 2500 0.000007963 add_time= 0.000080555
2600 0.000244530 2600 0.000007402 add_time= 0.000278296
2970 0.000109144 2970 0.000007702 add_time= 0.000143517
2700 0.000094963 2700 0.000009365 add_time= 0.000120064
2550 0.000209492 2550 0.000007145 add_time= 0.000244414
2700 0.000063028 2700 0.000014995 add_time= 0.000095267
3025 0.000025583 3025 0.000006420 add_time= 0.000050092
2650 0.000009933 2650 0.000076015 add_time= 0.000112431
2808 0.000072865 2808 0.000020656 add_time= 0.000125676
2750 0.000079499 2750 0.000006346 add_time= 0.000101497
2500 0.000053884 2500 0.000006727 add_time= 0.000078090
2700 0.000097464 2700 0.000007555 add_time= 0.000122730
2750 0.000102413 2750 0.000007378 add_time= 0.000127825
2500 0.000129618 2500 0.000009496 add_time= 0.000222750
3025 0.000120855 3025 0.000009148 add_time= 0.000166067
2550 0.000050791 2550 0.000009474 add_time= 0.000110009
2750 0.000033884 2750 0.000008278 add_time= 0.000074282
2550 0.000103080 2550 0.000008937 add_time= 0.000140498
2500 0.000068288 2500 0.000008619 add_time= 0.000104768
2915 0.000011775 2915 0.000140273 add_time= 0.000174994
2704 0.000088343 2704 0.000020259 add_time= 0.000137831
2550 0.000129675 2550 0.000007207 add_time= 0.000153602
2750 0.000098345 2750 0.000007701 add_time= 0.000134729
2601 0.000089976 2601 0.000006652 add_time= 0.000125334
2750 0.000153148 2750 0.000006949 add_time= 0.000177608
2500 0.000412978 2500 0.000007285 add_time= 0.000438830
2750 0.000061452 2750 0.000006418 add_time= 0.000082873
1250 0.000322601 1250 0.000006889 add_time= 0.000343530
2652 0.000121302 2652 0.000006812 add_time= 0.000152839
2600 0.000130465 2600 0.000008028 add_time= 0.000155045
1375 0.000026855 1375 0.000006238 add_time= 0.000052382
2650 0.000024024 2650 0.000074134 add_time= 0.000117192
2600 0.000097090 2600 0.000007635 add_time= 0.000121726
2700 0.000071407 2700 0.000007112 add_time= 0.000094874
2500 0.000069363 2500 0.000007103 add_time= 0.000103323
2700 0.000079915 2700 0.000007360 add_time= 0.000104582
1300 0.000085630 1300 0.000006473 add_time= 0.000106674
2650 0.000024149 2650 0.000212222 add_time= 0.000255968
2808 0.000077737 2808 0.000008073 add_time= 0.000103227
2500 0.000106928 2500 0.000007135 add_time= 0.000130468
2805 0.000075467 2805 0.000010301 add_time= 0.000102708
2750 0.000104487 2750 0.000006423 add_time= 0.000125648
2700 0.000117950 2700 0.000006539 add_time= 0.000138986
3025 0.000120431 3025 0.000006328 add_time= 0.000143395
2650 0.000025026 2650 0.000115336 add_time= 0.000158301
2650 0.000086470 2650 0.000007172 add_time= 0.000108913
2500 0.000218784 2500 0.000007226 add_time= 0.000242221
1250 0.000041989 1250 0.000006279 add_time= 0.000062358
2500 0.000095257 2500 0.000006874 add_time= 0.000118597
1275 0.000060269 1275 0.000005957 add_time= 0.000080130
2809 0.000008438 2809 0.000016538 add_time= 0.000044208
2652 0.000236128 2652 0.000007170 add_time= 0.000258310
2550 0.000126738 2550 0.000006611 add_time= 0.000149849
2550 0.000119289 2550 0.000006463 add_time= 0.000139970
2500 0.000081800 2500 0.000006537 add_time= 0.000115211
2754 0.000121210 2754 0.000006277 add_time= 0.000141006
1375 0.000064601 1375 0.000006123 add_time= 0.000083606
2915 0.000020611 2915 0.000025373 add_time= 0.000094638
2808 0.000117988 2808 0.000014926 add_time= 0.000159848
2500 0.000114872 2500 0.000011307 add_time= 0.000150897
2500 0.000099994 2500 0.000013404 add_time= 0.000154921
2550 0.000534068 2550 0.000013553 add_time= 0.000574551
2500 0.000121358 2500 0.000011559 add_time= 0.000157337
2750 0.000072814 2750 0.000007449 add_time= 0.000097669
2650 0.000025154 2650 0.000013993 add_time= 0.000068825
2600 0.000047523 2600 0.000007407 add_time= 0.000072308
2500 0.000094813 2500 0.000010243 add_time= 0.000120989
2750 0.000082419 2750 0.000011488 add_time= 0.000120562
2601 0.000271732 2601 0.000006525 add_time= 0.000295668
2500 0.000132187 2500 0.000007726 add_time= 0.000156953
2650 0.000011910 2650 0.000127805 add_time= 0.000163967
2652 0.000049231 2652 0.000006281 add_time= 0.000070938
2500 0.000061974 2500 0.000006095 add_time= 0.000082051
2805 0.000027638 2805 0.000006741 add_time= 0.000050477
2601 0.000261046 2601 0.000007497 add_time= 0.000285121
2500 0.000116360 2500 0.000028200 add_time= 0.000163364
3025 0.000031871 3025 0.000006412 add_time= 0.000055077
1275 0.000118897 1275 0.000005499 add_time= 0.000138446
2809 0.000011990 2809 0.000300475 add_time= 0.000336953
2915 0.000105648 2915 0.000006421 add_time= 0.000136770
3025 0.000039618 3025 0.000006435 add_time= 0.000061412
2550 0.000183744 2550 0.000016204 add_time= 0.000229381
2750 0.000075921 2750 0.000006644 add_time= 0.000102279
2805 0.000026691 2805 0.000007481 add_time= 0.000051250
2650 0.000006328 2650 0.000014291 add_time= 0.000037453
2652 0.000038245 2652 0.000006710 add_time= 0.000059925
2500 0.000058535 2500 0.000006575 add_time= 0.000087676
2500 0.000074164 2500 0.000005978 add_time= 0.000095946
2550 0.000220453 2550 0.000007625 add_time= 0.000244604
2500 0.000054642 2500 0.000006706 add_time= 0.000076448
2600 0.000149378 2600 0.000007061 add_time= 0.000172348
2915 0.000008745 2915 0.000132610 add_time= 0.000188366
2750 0.000223818 2750 0.000006813 add_time= 0.000248937
2500 0.000041567 2500 0.000015632 add_time= 0.000072433
1250 0.000086454 1250 0.000006298 add_time= 0.000107351
2700 0.000122849 2700 0.000006905 add_time= 0.000157587
2500 0.000100560 2500 0.000006437 add_time= 0.000122085
2915 0.000009998 2915 0.000015489 add_time= 0.000054903
2652 0.000166089 2652 0.000007326 add_time= 0.000190675
2915 0.000202470 2915 0.000007965 add_time= 0.000228201
1250 0.000066368 1250 0.000005750 add_time= 0.000086705
2500 0.000156849 2500 0.000015667 add_time= 0.000189241
2500 0.000106005 2500 0.000007026 add_time= 0.000129690
2500 0.000103051 2500 0.000007857 add_time= 0.000136750
1350 0.000021399 1350 0.000005626 add_time= 0.000044687
2750 0.000007845 2750 0.000073761 add_time= 0.000103825
1300 0.000045438 1300 0.000006912 add_time= 0.000077111
2500 0.000189018 2500 0.000007683 add_time= 0.000211251
2703 0.000145736 2703 0.000006405 add_time= 0.000166801
2550 0.000116068 2550 0.000008544 add_time= 0.000158387
2750 0.000055282 2750 0.000007908 add_time= 0.000082187
1275 0.002040042 1275 0.000006650 add_time= 0.002061317
2809 0.000006922 2809 0.000182403 add_time= 0.000254572
2915 0.000006571 2915 0.000018005 add_time= 0.000058049
2750 0.000033533 2750 0.000008535 add_time= 0.000075288
2500 0.000056650 2500 0.000009125 add_time= 0.000094653
2500 0.000092288 2500 0.000008907 add_time= 0.000130401
1250 0.000026791 1250 0.000007507 add_time= 0.000065193
2915 0.000016085 2915 0.000018608 add_time= 0.000057156
2600 0.000028689 2600 0.000006351 add_time= 0.000053002
2750 0.000157193 2750 0.000008003 add_time= 0.000182998
3025 0.000058850 3025 0.000008426 add_time= 0.000086463
2550 0.000094332 2550 0.000006597 add_time= 0.000117897
2916 0.000115264 2916 0.000006657 add_time= 0.000137414
2650 0.000136230 2650 0.000006976 add_time= 0.000160432
2750 0.000212890 2750 0.000007469 add_time= 0.000236220
1300 0.000090799 1300 0.000006367 add_time= 0.000110826
2805 0.000066082 2805 0.000006911 add_time= 0.000087973
2750 0.000103502 2750 0.000007209 add_time= 0.000125950
2600 0.000060372 2600 0.000007221 add_time= 0.000082650
2970 0.000041316 2970 0.000006675 add_time= 0.000074374
2809 0.000018953 2809 0.000016233 add_time= 0.000051240
2652 0.000065375 2652 0.000007196 add_time= 0.000088310
2500 0.000130085 2500 0.000007191 add_time= 0.000153100
2750 0.000080000 2750 0.000007128 add_time= 0.000103103
2754 0.000071232 2754 0.000007267 add_time= 0.000094047
2500 0.000107759 2500 0.000006727 add_time= 0.000140016
625 0.000042296 625 0.000005688 add_time= 0.000064951
2600 0.000014363 2600 0.000015226 add_time= 0.000045773
2652 0.000043043 2652 0.000006322 add_time= 0.000062916
2805 0.000073465 2805 0.000007215 add_time= 0.000096100
3025 0.000106541 3025 0.000007082 add_time= 0.000129808
2600 0.000077650 2600 0.000006886 add_time= 0.000099729
2750 0.000233880 2750 0.000007843 add_time= 0.000257708
2703 0.000017904 2703 0.000015863 add_time= 0.000050265
2652 0.000280368 2652 0.000006982 add_time= 0.000301054
2700 0.000168774 2700 0.000006193 add_time= 0.000188827
2750 0.000118140 2750 0.000007541 add_time= 0.000159376
2805 0.000109248 2805 0.000006794 add_time= 0.000130187
2805 0.000076428 2805 0.000006227 add_time= 0.000096734
2550 0.000167583 2550 0.000007738 add_time= 0.000191328
2550 0.000014135 2550 0.000018389 add_time= 0.000078815
2600 0.000046003 2600 0.000008778 add_time= 0.000082964
2600 0.000088600 2600 0.000007692 add_time= 0.000113759
2550 0.000077146 2550 0.000007411 add_time= 0.000100254
2754 0.000033601 2754 0.000006373 add_time= 0.000055506
2500 0.000041047 2500 0.000006204 add_time= 0.000065241
2915 0.000007108 2915 0.000015758 add_time= 0.000044493
2652 0.000147608 2652 0.000013473 add_time= 0.000178133
2500 0.000072818 2500 0.000006277 add_time= 0.000094223
3025 0.000067785 3025 0.000007148 add_time= 0.000091557
2500 0.000029771 2500 0.000015007 add_time= 0.000059611
2808 0.000046482 2808 0.000006915 add_time= 0.000076935
2550 0.000116904 2550 0.000006321 add_time= 0.000138500
2809 0.000021513 2809 0.000019522 add_time= 0.000072945
2600 0.000245755 2600 0.000031889 add_time= 0.000301363
2860 0.000450162 2860 0.000016924 add_time= 0.000490571
2500 0.000501083 2500 0.000007040 add_time= 0.000524057
2805 0.000132154 2805 0.000007593 add_time= 0.000161449
2750 0.000307901 2750 0.000012719 add_time= 0.000337303
1250 0.000097471 1250 0.000006414 add_time= 0.000124730
2500 0.000010129 2500 0.000025191 add_time= 0.000061323
2750 0.000178943 2750 0.000008022 add_time= 0.000215366
2600 0.000143325 2600 0.000007057 add_time= 0.000166887
2860 0.000093159 2860 0.000015015 add_time= 0.000129491
2550 0.000092265 2550 0.000006295 add_time= 0.000113302
2700 0.000206309 2700 0.000006998 add_time= 0.000228419
1275 0.000086598 1275 0.000005960 add_time= 0.000109724
2915 0.000007185 2915 0.000085347 add_time= 0.000111946
2600 0.000122337 2600 0.000006602 add_time= 0.000153972
2750 0.000066037 2750 0.000007154 add_time= 0.000089908
2703 0.000171089 2703 0.000007132 add_time= 0.000204813
2808 0.000051715 2808 0.000010249 add_time= 0.000078657
2500 0.000032389 2500 0.000007098 add_time= 0.000054949
2650 0.000010787 2650 0.000081284 add_time= 0.000112868
2600 0.000028927 2600 0.000007372 add_time= 0.000052741
2500 0.000099720 2500 0.000006963 add_time= 0.000122914
2652 0.000223752 2652 0.000007327 add_time= 0.000247991
2601 0.000064272 2601 0.000006034 add_time= 0.000085190
2805 0.000029717 2805 0.000010213 add_time= 0.000066572
2500 0.000107971 2500 0.000007935 add_time= 0.000130233
2500 0.000006775 2500 0.000014109 add_time= 0.000039922
2652 0.000038202 2652 0.000005614 add_time= 0.000066792
2750 0.000063753 2750 0.000007037 add_time= 0.000087191
2550 0.000046003 2550 0.000017811 add_time= 0.000127716
2550 0.000060619 2550 0.000007636 add_time= 0.000085328
2600 0.000105651 2600 0.000006476 add_time= 0.000127104
3025 0.000040002 3025 0.000006413 add_time= 0.000062183
2809 0.000010650 2809 0.000306569 add_time= 0.000351800
2750 0.000418482 2750 0.000007691 add_time= 0.000446673
2750 0.000088434 2750 0.000011912 add_time= 0.000118031
2550 0.000060462 2550 0.000006240 add_time= 0.000081743
2500 0.000125597 2500 0.000017802 add_time= 0.000162518
2703 0.000013754 2703 0.000014234 add_time= 0.000050294
2600 0.000202370 2600 0.000007459 add_time= 0.000225522
3025 0.000124196 3025 0.000007508 add_time= 0.000159087
2750 0.000069268 2750 0.000006815 add_time= 0.000091432
2550 0.000029555 2550 0.000006939 add_time= 0.000052971
2500 0.000073696 2500 0.000006668 add_time= 0.000096961
1250 0.000040558 1250 0.000006506 add_time= 0.000062012
2915 0.000008198 2915 0.000105384 add_time= 0.000147133
2750 0.000111351 2750 0.000006726 add_time= 0.000143316
2750 0.000117723 2750 0.000006778 add_time= 0.000139955
2805 0.000121784 2805 0.000007077 add_time= 0.000143940
2500 0.000056894 2500 0.000007291 add_time= 0.000080763
2500 0.000060729 2500 0.000008498 add_time= 0.000086705
2809 0.000006557 2809 0.000079515 add_time= 0.000163443
2600 0.000028182 2600 0.000008058 add_time= 0.000071168
2750 0.000006870 2750 0.000010070 add_time= 0.000062621
2750 0.000063356 2750 0.000016429 add_time= 0.000107254
2500 0.000085892 2500 0.000008120 add_time= 0.000118811
2750 0.000038211 2750 0.000007708 add_time= 0.000071715
2750 0.000029041 2750 0.000013799 add_time= 0.000071570
2650 0.000009228 2650 0.000193933 add_time= 0.000226291
2750 0.000049074 2750 0.000006238 add_time= 0.000072084
3025 0.000030195 3025 0.000007459 add_time= 0.000063570
2703 0.000082460 2703 0.000006791 add_time= 0.000106432
2550 0.000054490 2550 0.000006380 add_time= 0.000076184
2860 0.000120851 2860 0.000006412 add_time= 0.000143727
2809 0.000010899 2809 0.000013898 add_time= 0.000041949
2652 0.000198358 2652 0.000006732 add_time= 0.000230040
2600 0.000119449 2600 0.000006683 add_time= 0.000141244
3025 0.000073681 3025 0.000014956 add_time= 0.000105210
2550 0.000070109 2550 0.000006633 add_time= 0.000091682
2600 0.000058226 2600 0.000006033 add_time= 0.000077927
2750 0.000105246 2750 0.000007363 add_time= 0.000128401
1375 0.000030970 1375 0.000006324 add_time= 0.000050830
2703 0.000009816 2703 0.000013651 add_time= 0.000038672
2652 0.000296127 2652 0.000006454 add_time= 0.000315954
3025 0.000093581 3025 0.000006893 add_time= 0.000116428
2500 0.000078966 2500 0.000006600 add_time= 0.000100274
2500 0.000027817 2500 0.000005868 add_time= 0.000046774
2550 0.000080337 2550 0.000006319 add_time= 0.000100030
2500 0.000062760 2500 0.000015785 add_time= 0.000093578
2650 0.000032840 2650 0.000017168 add_time= 0.000075978
2808 0.000027966 2808 0.000007351 add_time= 0.000052085
2500 0.000069116 2500 0.000007117 add_time= 0.000092214
2550 0.000107045 2550 0.000007662 add_time= 0.000135519
2601 0.000117272 2601 0.000006582 add_time= 0.000138098
2500 0.000046510 2500 0.000006969 add_time= 0.000071958
2550 0.000110058 2550 0.000007041 add_time= 0.000132628
2650 0.000010365 2650 0.000013714 add_time= 0.000040742
2652 0.000289105 2652 0.000006627 add_time= 0.000315393
1375 0.000041238 1375 0.000011629 add_time= 0.000066461
2500 0.000066954 2500 0.000006632 add_time= 0.000089607
2550 0.000062491 2550 0.000007751 add_time= 0.000085988
2700 0.000042224 2700 0.000007441 add_time= 0.000066025
2809 0.000010335 2809 0.000014387 add_time= 0.000042383
2652 0.000218487 2652 0.000006746 add_time= 0.000240107
2750 0.000078824 2750 0.000013912 add_time= 0.000109633
2750 0.000084608 2750 0.000006945 add_time= 0.000106106
2652 0.000065506 2652 0.000006907 add_time= 0.000088036
2550 0.000068153 2550 0.000010842 add_time= 0.000093079
2756 0.000010601 2756 0.000015098 add_time= 0.000042807
2652 0.000042006 2652 0.000006272 add_time= 0.000062860
2750 0.000062334 2750 0.000006997 add_time= 0.000085502
2805 0.000111620 2805 0.000007422 add_time= 0.000135984
2700 0.000079318 2700 0.000006892 add_time= 0.000101668
1250 0.000127990 1250 0.000006672 add_time= 0.000148866
2500 0.000007506 2500 0.000013784 add_time= 0.000037578
2652 0.000039787 2652 0.000006287 add_time= 0.000060855
2500 0.000085756 2500 0.000005857 add_time= 0.000105015
1250 0.000091347 1250 0.000006561 add_time= 0.000111263
2805 0.000063006 2805 0.000006001 add_time= 0.000098688
2500 0.000047300 2500 0.000007167 add_time= 0.000074262
2550 0.000105882 2550 0.000007130 add_time= 0.000128717
2650 0.000007399 2650 0.000074142 add_time= 0.000112967
2652 0.000036031 2652 0.000007005 add_time= 0.000060654
2915 0.000053173 2915 0.000007695 add_time= 0.000090932
2500 0.000078204 2500 0.000007055 add_time= 0.000101836
2550 0.000069866 2550 0.000007285 add_time= 0.000105545
2500 0.000105862 2500 0.000010739 add_time= 0.000142885
2500 0.000178880 2500 0.000024462 add_time= 0.000220065
2703 0.000024232 2703 0.000042743 add_time= 0.000084218
2652 0.000070410 2652 0.000006608 add_time= 0.000092041
2750 0.000055162 2750 0.000006438 add_time= 0.000076939
2805 0.000032045 2805 0.000005978 add_time= 0.000053469
2550 0.000111468 2550 0.000006420 add_time= 0.000132473
2652 0.000144538 2652 0.000005713 add_time= 0.000163813
2500 0.000299330 2500 0.000007162 add_time= 0.000332038
1250 0.000063887 1250 0.000005915 add_time= 0.000083537
2915 0.000007541 2915 0.000084172 add_time= 0.000113010
2500 0.000134286 2500 0.000006794 add_time= 0.000164581
2750 0.000042764 2750 0.000007495 add_time= 0.000066883
2600 0.000043712 2600 0.000006249 add_time= 0.000071708
2550 0.000060086 2550 0.000007543 add_time= 0.000084143
2700 0.000027667 2700 0.000007323 add_time= 0.000053040
1350 0.000046306 1350 0.000006362 add_time= 0.000066601
2500 0.000007509 2500 0.000014365 add_time= 0.000039109
2652 0.000234179 2652 0.000006881 add_time= 0.000256513
2500 0.000074309 2500 0.000023063 add_time= 0.000113243
2750 0.000079555 2750 0.000006199 add_time= 0.000107471
2500 0.000042881 2500 0.000006102 add_time= 0.000077969
2500 0.000157531 2500 0.000007777 add_time= 0.000181748
2750 0.000029781 2750 0.000006527 add_time= 0.000051875
2703 0.000006880 2703 0.000013856 add_time= 0.000040664
2860 0.000035432 2860 0.000007930 add_time= 0.000060713
2750 0.000087156 2750 0.000005958 add_time= 0.000107597
2500 0.000095239 2500 0.000007148 add_time= 0.000118945
2862 0.000077207 2862 0.000008565 add_time= 0.000102606
2700 0.000051402 2700 0.000007519 add_time= 0.000075812
2650 0.000009508 2650 0.000073772 add_time= 0.000119917
2808 0.000108523 2808 0.000006009 add_time= 0.000140716
2805 0.000119664 2805 0.000007391 add_time= 0.000144080
2500 0.000273977 2500 0.000006374 add_time= 0.000295227
2550 0.000075226 2550 0.000013692 add_time= 0.000103385
1275 0.000458370 1275 0.000005489 add_time= 0.000476370
2970 0.000120185 2970 0.000006435 add_time= 0.000150451
2500 0.000056888 2500 0.000008222 add_time= 0.000079144
2500 0.000007087 2500 0.000090321 add_time= 0.000115909
2650 0.000092731 2650 0.000006749 add_time= 0.000122621
3025 0.000093182 3025 0.000008131 add_time= 0.000123102
2652 0.000077122 2652 0.000009367 add_time= 0.000102455
2550 0.000099659 2550 0.000007362 add_time= 0.000124356
2750 0.000070527 2750 0.000007049 add_time= 0.000103303
1325 0.000028790 1325 0.000005586 add_time= 0.000059119
2750 0.000015450 2750 0.000014845 add_time= 0.000073338
2600 0.000035354 2600 0.000007357 add_time= 0.000080668
2750 0.000075830 2750 0.000013762 add_time= 0.000118260
2805 0.000102130 2805 0.000007255 add_time= 0.000137418
2805 0.000053927 2805 0.000008347 add_time= 0.000096839
2750 0.000026089 2750 0.000007680 add_time= 0.000063197
2600 0.000143092 2600 0.000014941 add_time= 0.000223711
2500 0.000066141 2500 0.000008525 add_time= 0.000122784
2750 0.000053416 2750 0.000008204 add_time= 0.000107482
2500 0.000064640 2500 0.000008446 add_time= 0.000141736
2601 0.000025323 2601 0.000007778 add_time= 0.000079038
2550 0.000058403 2550 0.000008699 add_time= 0.000112983
1250 0.000169937 1250 0.000008311 add_time= 0.000244408
2650 0.000014606 2650 0.000187404 add_time= 0.000228903
2750 0.000090680 2750 0.000006873 add_time= 0.000125796
2600 0.000223391 2600 0.000007284 add_time= 0.000257292
2805 0.000067891 2805 0.000015708 add_time= 0.000109165
2500 0.000081843 2500 0.000007228 add_time= 0.000107348
3025 0.000036815 3025 0.000007480 add_time= 0.000105518
2650 0.000013899 2650 0.000015334 add_time= 0.000049920
2652 0.000290360 2652 0.000006072 add_time= 0.000311309
2750 0.000131157 2750 0.000006492 add_time= 0.000151872
2500 0.000164153 2500 0.000014244 add_time= 0.000194215
2550 0.000058370 2550 0.000007298 add_time= 0.000081353
2650 0.000244091 2650 0.000007393 add_time= 0.000267490
1250 0.000065673 1250 0.000010219 add_time= 0.000090084
2650 0.000018805 2650 0.000020388 add_time= 0.000058565
2652 0.000153648 2652 0.000008482 add_time= 0.000178620
2750 0.000172811 2750 0.000007565 add_time= 0.000196782
2750 0.000056173 2750 0.000006678 add_time= 0.000077724
2750 0.000142170 2750 0.000008229 add_time= 0.000179226
2750 0.000134028 2750 0.000017706 add_time= 0.000166467
2500 0.000240693 2500 0.000006156 add_time= 0.000268895
2500 0.000070879 2500 0.000006504 add_time= 0.000090696
2600 0.000015400 2600 0.000015684 add_time= 0.000050693
2652 0.000079047 2652 0.000007384 add_time= 0.000100687
2750 0.000158073 2750 0.000007072 add_time= 0.000181880
2750 0.000106573 2750 0.000006909 add_time= 0.000130568
2550 0.000160125 2550 0.000007883 add_time= 0.000184229
2700 0.000222276 2700 0.000007277 add_time= 0.000246178
2750 0.000175849 2750 0.000006575 add_time= 0.000204496
2809 0.000017115 2809 0.000075089 add_time= 0.000112589
2600 0.000106453 2600 0.000007040 add_time= 0.000128923
2600 0.000141209 2600 0.000014484 add_time= 0.000172157
2750 0.000067509 2750 0.000006911 add_time= 0.000095495
2703 0.000074978 2703 0.000006657 add_time= 0.000108691
3025 0.000070323 3025 0.000007479 add_time= 0.000094293
2650 0.000017833 2650 0.000182190 add_time= 0.000219324
2915 0.000077574 2915 0.000007359 add_time= 0.000102821
2750 0.000088168 2750 0.000006994 add_time= 0.000111251
2700 0.000096508 2700 0.000007229 add_time= 0.000120059
2750 0.000226548 2750 0.000007364 add_time= 0.000250307
2650 0.000014147 2650 0.000014578 add_time= 0.000047043
2652 0.000164452 2652 0.000007401 add_time= 0.000186785
2500 0.000082235 2500 0.000007033 add_time= 0.000105261
2500 0.000068425 2500 0.000007291 add_time= 0.000091791
2550 0.000170128 2550 0.000007469 add_time= 0.000195025
2600 0.000132280 2600 0.000006968 add_time= 0.000163838
2650 0.000014203 2650 0.000015546 add_time= 0.000049497
2652 0.000142356 2652 0.000006649 add_time= 0.000174280
2805 0.000062186 2805 0.000007411 add_time= 0.000085820
2750 0.000062543 2750 0.000006739 add_time= 0.000095637
2550 0.000073212 2550 0.000007057 add_time= 0.000095759
2500 0.000171428 2500 0.000007147 add_time= 0.000194370
2500 0.000168727 2500 0.000006893 add_time= 0.000191762
2500 0.000009104 2500 0.000014958 add_time= 0.000041835
2652 0.000382453 2652 0.000008170 add_time= 0.000406151
2500 0.000172319 2500 0.000006032 add_time= 0.000191936
2860 0.000098550 2860 0.000007324 add_time= 0.000122829
2703 0.000058741 2703 0.000007201 add_time= 0.000082239
2500 0.000167059 2500 0.000007087 add_time= 0.000189650
2650 0.000020670 2650 0.000021791 add_time= 0.000077120
2600 0.000072280 2600 0.000018917 add_time= 0.000119037
2750 0.000322396 2750 0.000014420 add_time= 0.000367388
2550 0.000048336 2550 0.000010560 add_time= 0.000075184
2500 0.000208594 2500 0.000011392 add_time= 0.000235880
1375 0.000092700 1375 0.000005857 add_time= 0.000117324
2650 0.000012679 2650 0.000145900 add_time= 0.000184907
2750 0.000145218 2750 0.000009611 add_time= 0.000181771
2500 0.000056663 2500 0.000005809 add_time= 0.000076097
2500 0.000044719 2500 0.000006669 add_time= 0.000068008
2500 0.000124084 2500 0.000006828 add_time= 0.000146946
1250 0.000050488 1250 0.000010250 add_time= 0.000074951
2809 0.000008159 2809 0.000195735 add_time= 0.000227905
2652 0.000284578 2652 0.000006414 add_time= 0.000306044
3025 0.000141308 3025 0.000006645 add_time= 0.000169152
2700 0.000074635 2700 0.000007289 add_time= 0.000105380
3025 0.000126106 3025 0.000009774 add_time= 0.000150752
2805 0.000099299 2805 0.000006980 add_time= 0.000122572
2916 0.000102839 2916 0.000011889 add_time= 0.000132487
1300 0.000043182 1300 0.000006078 add_time= 0.000062335
2809 0.000012133 2809 0.000236221 add_time= 0.000270859
2600 0.000098738 2600 0.000007194 add_time= 0.000122009
2750 0.000080805 2750 0.000006696 add_time= 0.000106087
2750 0.000060901 2750 0.000007004 add_time= 0.000084850
2750 0.000066087 2750 0.000007630 add_time= 0.000091544
2970 0.000028293 2970 0.000007769 add_time= 0.000062233
2500 0.000072739 2500 0.000007381 add_time= 0.000096881
2600 0.000014177 2600 0.000148030 add_time= 0.000183896
2915 0.000080816 2915 0.000006454 add_time= 0.000111578
2750 0.000060742 2750 0.000012365 add_time= 0.000090815
2550 0.000044722 2550 0.000017723 add_time= 0.000090539
2970 0.000079690 2970 0.000027008 add_time= 0.000133280
1375 0.000021631 1375 0.000005998 add_time= 0.000041571
2703 0.000009187 2703 0.000014087 add_time= 0.000061204
2652 0.000113268 2652 0.000006200 add_time= 0.000135238
2860 0.000136858 2860 0.000019633 add_time= 0.000174072
1250 0.000062636 1250 0.000006195 add_time= 0.000105448
2652 0.000098894 2652 0.000007678 add_time= 0.000130760
2500 0.000117679 2500 0.000007062 add_time= 0.000141515
1275 0.000038189 1275 0.000006222 add_time= 0.000062599
2500 0.000180606 2500 0.000007511 add_time= 0.000206395
2652 0.000028765 2652 0.000017476 add_time= 0.000063034
2500 0.000100134 2500 0.000009322 add_time= 0.000125891
2750 0.000040310 2750 0.000006574 add_time= 0.000062477
2500 0.000052297 2500 0.000006673 add_time= 0.000075360
2805 0.000149307 2805 0.000006952 add_time= 0.000177974
2500 0.000176596 2500 0.000009864 add_time= 0.000201298
1275 0.000034931 1275 0.000006300 add_time= 0.000053463
2650 0.000007413 2650 0.000072965 add_time= 0.000105410
2600 0.000105640 2600 0.000007885 add_time= 0.000152724
3025 0.000086636 3025 0.000007221 add_time= 0.000111168
2500 0.000043141 2500 0.000007599 add_time= 0.000066663
2805 0.000043473 2805 0.000007082 add_time= 0.000066684
2500 0.000093340 2500 0.000028029 add_time= 0.000170555
1350 0.000022366 1350 0.000006219 add_time= 0.000042780
2650 0.000006844 2650 0.000073399 add_time= 0.000132020
2652 0.000039532 2652 0.000009240 add_time= 0.000090380
3025 0.000034793 3025 0.000008899 add_time= 0.000084184
2500 0.000038254 2500 0.000016627 add_time= 0.000081280
2550 0.000023685 2550 0.000008353 add_time= 0.000060793
2500 0.000070427 2500 0.000008669 add_time= 0.000126006
2809 0.000014129 2809 0.000237602 add_time= 0.000271132
2600 0.000105807 2600 0.000005970 add_time= 0.000125945
2750 0.000038448 2750 0.000006686 add_time= 0.000061422
2500 0.000025864 2500 0.000006577 add_time= 0.000063661
2970 0.000023613 2970 0.000007090 add_time= 0.000046753
1250 0.000059838 1250 0.000006689 add_time= 0.000086668
2809 0.000011533 2809 0.000072519 add_time= 0.000102100
2600 0.000184903 2600 0.000006405 add_time= 0.000206731
2550 0.000171073 2550 0.000006606 add_time= 0.000192835
1250 0.000053967 1250 0.000005719 add_time= 0.000072445
2805 0.000147936 2805 0.000006979 add_time= 0.000171360
2500 0.000027331 2500 0.000006665 add_time= 0.000057364
2650 0.000015761 2650 0.000016168 add_time= 0.000049617
2860 0.000083490 2860 0.000008267 add_time= 0.000131688
2500 0.000085178 2500 0.000006466 add_time= 0.000105487
2750 0.000070415 2750 0.000005984 add_time= 0.000097427
2805 0.000042538 2805 0.000010541 add_time= 0.000066505
2500 0.000114412 2500 0.000007013 add_time= 0.000137451
2754 0.000029537 2754 0.000006185 add_time= 0.000050469
625 0.000055403 625 0.000006440 add_time= 0.000074732
2809 0.000012927 2809 0.000126953 add_time= 0.000157949
2652 0.000037125 2652 0.000006642 add_time= 0.000058153
2750 0.000080961 2750 0.000007634 add_time= 0.000105414
2550 0.000076404 2550 0.000006982 add_time= 0.000099170
2601 0.000072541 2601 0.000016315 add_time= 0.000122394
2970 0.000039217 2970 0.000006215 add_time= 0.000060817
1375 0.000028194 1375 0.000006124 add_time= 0.000056105
2650 0.000015720 2650 0.000014968 add_time= 0.000047843
2652 0.000200220 2652 0.000006190 add_time= 0.000221346
2600 0.000025602 2600 0.000006683 add_time= 0.000047842
2500 0.000044115 2500 0.000007103 add_time= 0.000066993
2703 0.000051123 2703 0.000006956 add_time= 0.000080703
2700 0.000032963 2700 0.000006346 add_time= 0.000054312
2650 0.000013829 2650 0.000013930 add_time= 0.000044401
2600 0.000052287 2600 0.000006181 add_time= 0.000073020
2750 0.000061800 2750 0.000006400 add_time= 0.000082760
2750 0.000059740 2750 0.000006792 add_time= 0.000081304
2805 0.000057062 2805 0.000006642 add_time= 0.000078020
2700 0.000081006 2700 0.000006583 add_time= 0.000108430
1300 0.000095273 1300 0.000005399 add_time= 0.000112329
2650 0.000014840 2650 0.000071621 add_time= 0.000102574
2652 0.000058579 2652 0.000007212 add_time= 0.000080438
2700 0.000076429 2700 0.000006629 add_time= 0.000097916
2750 0.000035409 2750 0.000006156 add_time= 0.000056308
2652 0.000081645 2652 0.000005910 add_time= 0.000101140
2750 0.000036926 2750 0.000005880 add_time= 0.000057162
2915 0.000013577 2915 0.000073564 add_time= 0.000104607
2652 0.000052466 2652 0.000007037 add_time= 0.000085474
3025 0.000067922 3025 0.000006489 add_time= 0.000097552
2500 0.000073330 2500 0.000006080 add_time= 0.000093644
2500 0.000046487 2500 0.000006153 add_time= 0.000066260
2700 0.000082828 2700 0.000006359 add_time= 0.000103519
2550 0.000105393 2550 0.000006615 add_time= 0.000134774
2756 0.000013859 2756 0.000014186 add_time= 0.000045090
2652 0.000119088 2652 0.000008075 add_time= 0.000142125
2750 0.000072279 2750 0.000006208 add_time= 0.000092827
2500 0.000033670 2500 0.000006180 add_time= 0.000053807
1275 0.000051198 1275 0.000005524 add_time= 0.000068459
2550 0.000028965 2550 0.000005829 add_time= 0.000048836
2500 0.000038611 2500 0.000007106 add_time= 0.000061954
2500 0.000052864 2500 0.000006999 add_time= 0.000075756
2805 0.000070593 2805 0.000006852 add_time= 0.000092812
2750 0.000097072 2750 0.000006179 add_time= 0.000118250
2805 0.000047149 2805 0.000006740 add_time= 0.000068734
2550 0.000033451 2550 0.000006118 add_time= 0.000053332
2700 0.000044840 2700 0.000006415 add_time= 0.000065324
1250 0.000037941 1250 0.000005709 add_time= 0.000055319
2650 0.000022010 2650 0.000014286 add_time= 0.000065072
2808 0.000056808 2808 0.000007087 add_time= 0.000079887
2652 0.000085640 2652 0.000823898 add_time= 0.001715069
2805 0.000040585 2805 0.000007582 add_time= 0.000071646
2805 0.000190071 2805 0.000019140 add_time= 0.000235958
2601 0.000074479 2601 0.000019044 add_time= 0.000109681
2500 0.000333518 2500 0.000006839 add_time= 0.000358668
2862 0.000007617 2862 0.000016475 add_time= 0.000044238
2600 0.000150440 2600 0.000007792 add_time= 0.000183929
2700 0.000236511 2700 0.000015238 add_time= 0.000272630
2500 0.000091584 2500 0.000014532 add_time= 0.000121508
2750 0.000094015 2750 0.000007989 add_time= 0.000131343
2970 0.000092531 2970 0.000006837 add_time= 0.000114911
1250 0.000109440 1250 0.000007256 add_time= 0.000143836
1325 0.000005146 1325 0.000128589 add_time= 0.000151527
2652 0.000226977 2652 0.000006762 add_time= 0.000250148
2550 0.000064585 2550 0.000006509 add_time= 0.000101533
2750 0.000071281 2750 0.000006156 add_time= 0.000097513
2550 0.000050072 2550 0.000006916 add_time= 0.000078201
2500 0.000171716 2500 0.000007045 add_time= 0.000195077
2809 0.000012050 2809 0.000072782 add_time= 0.000102755
2808 0.000241821 2808 0.000007156 add_time= 0.000273526
2500 0.000068775 2500 0.000006112 add_time= 0.000089595
2500 0.000088170 2500 0.000006312 add_time= 0.000111171
2601 0.000295255 2601 0.000007177 add_time= 0.000318416
2700 0.000114015 2700 0.000011830 add_time= 0.000140941
2500 0.000033899 2500 0.000007201 add_time= 0.000056526
2809 0.000009139 2809 0.000018074 add_time= 0.000053226
2600 0.000152567 2600 0.000006417 add_time= 0.000193185
2805 0.000075775 2805 0.000006648 add_time= 0.000098309
2601 0.000151625 2601 0.000007453 add_time= 0.000186115
2600 0.000068537 2600 0.000012795 add_time= 0.000097015
2500 0.000048149 2500 0.000006751 add_time= 0.000070380
2756 0.000011655 2756 0.000074338 add_time= 0.000121205
2600 0.000030508 2600 0.000006164 add_time= 0.000051624
2860 0.000097615 2860 0.000007124 add_time= 0.000124738
2550 0.000312888 2550 0.000006928 add_time= 0.000336289
2601 0.000104151 2601 0.000006193 add_time= 0.000130950
2700 0.000043667 2700 0.000006830 add_time= 0.000065639
2750 0.000034942 2750 0.000006607 add_time= 0.000056817
2650 0.000007359 2650 0.000072142 add_time= 0.000097415
2600 0.000359474 2600 0.000014919 add_time= 0.000389312
2700 0.000038394 2700 0.000006759 add_time= 0.000061416
2750 0.000121976 2750 0.000006725 add_time= 0.000146516
2500 0.000206755 2500 0.000006901 add_time= 0.000229959
2650 0.000143459 2650 0.000006958 add_time= 0.000167039
1250 0.000039998 1250 0.000006675 add_time= 0.000061159
2550 0.000008411 2550 0.000013717 add_time= 0.000047237
2652 0.000031879 2652 0.000007083 add_time= 0.000056554
2500 0.000054241 2500 0.000006960 add_time= 0.000077748
1275 0.000034963 1275 0.000006775 add_time= 0.000063337
2500 0.000167587 2500 0.000006110 add_time= 0.000188856
2970 0.000036271 2970 0.000014099 add_time= 0.000063847
2809 0.000006871 2809 0.000016153 add_time= 0.000081482
2652 0.000042229 2652 0.000007767 add_time= 0.000074995
2750 0.000035910 2750 0.000008181 add_time= 0.000083037
2550 0.000049293 2550 0.000008035 add_time= 0.000090877
2703 0.000007059 2703 0.000009320 add_time= 0.000056841
2650 0.000005968 2650 0.000009787 add_time= 0.000039880
2750 0.000055538 2750 0.000008701 add_time= 0.000089657
2809 0.000008107 2809 0.000189938 add_time= 0.000223906
2600 0.000036660 2600 0.000006440 add_time= 0.000060167
3025 0.000056116 3025 0.000007583 add_time= 0.000081910
2650 0.000038616 2650 0.000006305 add_time= 0.000064786
2601 0.000046533 2601 0.000006660 add_time= 0.000078068
2500 0.000024715 2500 0.000006841 add_time= 0.000047845
2650 0.000007875 2650 0.000136687 add_time= 0.000165795
2600 0.000179138 2600 0.000007571 add_time= 0.000208880
2600 0.000066189 2600 0.000006592 add_time= 0.000098845
2550 0.000394875 2550 0.000007234 add_time= 0.000418232
2808 0.000068758 2808 0.000007313 add_time= 0.000092192
2500 0.000126927 2500 0.000006663 add_time= 0.000157540
2650 0.000007502 2650 0.000014800 add_time= 0.000039155
2600 0.000125389 2600 0.000006293 add_time= 0.000146079
1250 0.000114617 1250 0.000004934 add_time= 0.000131863
2750 0.000046660 2750 0.000006571 add_time= 0.000068055
2550 0.000072935 2550 0.000006538 add_time= 0.000093268
2970 0.000051404 2970 0.000006599 add_time= 0.000073358
1250 0.000026933 1250 0.000005458 add_time= 0.000044354
2650 0.000007098 2650 0.000014982 add_time= 0.000038691
2652 0.000079820 2652 0.000015139 add_time= 0.000110401
2500 0.000120027 2500 0.000005967 add_time= 0.000140545
2860 0.000062910 2860 0.000006096 add_time= 0.000088935
2652 0.000071976 2652 0.000006493 add_time= 0.000093021
2550 0.000057524 2550 0.000005994 add_time= 0.000083719
2500 0.000083518 2500 0.000005568 add_time= 0.000102690
2600 0.000006695 2600 0.000015193 add_time= 0.000038426
2652 0.000297904 2652 0.000006640 add_time= 0.000319311
2600 0.000084670 2600 0.000022506 add_time= 0.000121576
2750 0.000080333 2750 0.000006663 add_time= 0.000101618
2754 0.000027337 2754 0.000006322 add_time= 0.000048182
2750 0.000048220 2750 0.000006015 add_time= 0.000077461
1250 0.000050093 1250 0.000005362 add_time= 0.000067227
2756 0.000007399 2756 0.000014949 add_time= 0.000039538
2652 0.000240681 2652 0.000006270 add_time= 0.000260744
2750 0.000106491 2750 0.000005877 add_time= 0.000126922
2500 0.000040663 2500 0.000006149 add_time= 0.000060112
2550 0.000043763 2550 0.000005814 add_time= 0.000062536
2754 0.000035799 2754 0.000005836 add_time= 0.000055049
1250 0.000019931 1250 0.000005814 add_time= 0.000036720
2915 0.000007243 2915 0.000014948 add_time= 0.000039663
2652 0.000221587 2652 0.000006687 add_time= 0.000242232
2500 0.000105330 2500 0.000006189 add_time= 0.000124761
3025 0.000064979 3025 0.000005985 add_time= 0.000085095
2550 0.000104485 2550 0.000008809 add_time= 0.000126447
1275 0.000794150 1275 0.000006263 add_time= 0.000811486
2805 0.000045876 2805 0.000006473 add_time= 0.000066143
1275 0.000114746 1275 0.000005267 add_time= 0.000130896
2700 0.000140439 2700 0.000006716 add_time= 0.000162702
2652 0.000029997 2652 0.000005870 add_time= 0.000049572
2500 0.000052713 2500 0.000005585 add_time= 0.000071583
2750 0.000113572 2750 0.000005786 add_time= 0.000133003
2550 0.000220852 2550 0.000006223 add_time= 0.000240219
2750 0.000056740 2750 0.000006015 add_time= 0.000075671
2650 0.000006692 2650 0.000013333 add_time= 0.000036245
2652 0.000094962 2652 0.000006781 add_time= 0.000115354
2500 0.000179101 2500 0.000006349 add_time= 0.000202996
2750 0.000093450 2750 0.000006361 add_time= 0.000113557
2860 0.000125125 2860 0.000006263 add_time= 0.000145086
2652 0.000049049 2652 0.000005780 add_time= 0.000075456
2750 0.000426992 2750 0.000006373 add_time= 0.000447143
2500 0.000081717 2500 0.000006220 add_time= 0.000101160
2862 0.000006738 2862 0.000014670 add_time= 0.000038467
2652 0.000330963 2652 0.000006219 add_time= 0.000350788
2750 0.000034841 2750 0.000006222 add_time= 0.000063415
2700 0.000044405 2700 0.000007522 add_time= 0.000065820
2600 0.000030603 2600 0.000005829 add_time= 0.000049356
2805 0.000049552 2805 0.000006268 add_time= 0.000069621
2862 0.000414736 2862 0.000006735 add_time= 0.000435873
1250 0.000058380 1250 0.000004703 add_time= 0.000073928
2756 0.000015941 2756 0.000015199 add_time= 0.000047859
2652 0.000198778 2652 0.000006283 add_time= 0.000219066
2750 0.000121332 2750 0.000006225 add_time= 0.000141565
2700 0.000051199 2700 0.000006223 add_time= 0.000070841
2550 0.000053244 2550 0.000006248 add_time= 0.000072976
2500 0.000119143 2500 0.000005429 add_time= 0.000136959
2970 0.000061104 2970 0.000006259 add_time= 0.000081976
2809 0.000011071 2809 0.000271104 add_time= 0.000314504
2652 0.000372158 2652 0.000010294 add_time= 0.000409601
2860 0.001663316 2860 0.000007000 add_time= 0.001686659
2500 0.000058798 2500 0.000013192 add_time= 0.000088280
2550 0.000265399 2550 0.000006884 add_time= 0.000287370
1250 0.000033198 1250 0.000005785 add_time= 0.000053406
2650 0.000007140 2650 0.000015571 add_time= 0.000046367
2652 0.000705369 2652 0.000022053 add_time= 0.000742694
2805 0.000036604 2805 0.000011072 add_time= 0.000066043
2750 0.000064969 2750 0.000006155 add_time= 0.000087610
2500 0.000066668 2500 0.000010652 add_time= 0.000092762
2550 0.000083221 2550 0.000005965 add_time= 0.000110856
2550 0.000075866 2550 0.000006101 add_time= 0.000097066
2650 0.000006210 2650 0.000062878 add_time= 0.000091265
2600 0.000124333 2600 0.000006630 add_time= 0.000147100
3025 0.000095907 3025 0.000010304 add_time= 0.000136791
2550 0.000174584 2550 0.000006681 add_time= 0.000195802
2652 0.000058277 2652 0.000005792 add_time= 0.000078304
2700 0.000166105 2700 0.000005545 add_time= 0.000185519
2500 0.000125784 2500 0.000008105 add_time= 0.000152183
2809 0.000006551 2809 0.000015380 add_time= 0.000038771
2652 0.000429980 2652 0.000007218 add_time= 0.000451508
2550 0.000165426 2550 0.000005553 add_time= 0.000184161
3025 0.000063302 3025 0.000006856 add_time= 0.000096192
2601 0.000204726 2601 0.000006031 add_time= 0.000224607
2550 0.000103165 2550 0.000005922 add_time= 0.000122829
2750 0.000072495 2750 0.000006010 add_time= 0.000092670
2809 0.000007226 2809 0.000236802 add_time= 0.000271049
2805 0.000040022 2805 0.000005935 add_time= 0.000088259
2500 0.000090679 2500 0.000006589 add_time= 0.000112999
1250 0.000045807 1250 0.000005777 add_time= 0.000064695
2700 0.000094063 2700 0.000008874 add_time= 0.000126531
1375 0.000035805 1375 0.000015438 add_time= 0.000064863
2809 0.000007808 2809 0.000073775 add_time= 0.000118548
2600 0.000082829 2600 0.000005463 add_time= 0.000101836
3025 0.000253787 3025 0.000008003 add_time= 0.000279619
2600 0.000063095 2600 0.000010080 add_time= 0.000088419
2703 0.000122404 2703 0.000007657 add_time= 0.000152396
2970 0.000082077 2970 0.000006649 add_time= 0.000103448
1250 0.000112988 1250 0.000005687 add_time= 0.000130418
2550 0.000006879 2550 0.000013336 add_time= 0.000037447
2652 0.000200630 2652 0.000007110 add_time= 0.000230991
2805 0.000070642 2805 0.000006558 add_time= 0.000092000
2750 0.000069261 2750 0.000007043 add_time= 0.000092904
2500 0.000177925 2500 0.000006794 add_time= 0.000200436
2700 0.000259981 2700 0.000007276 add_time= 0.000283175
1375 0.000026160 1375 0.000006691 add_time= 0.000046198
2650 0.000008491 2650 0.000016889 add_time= 0.000046461
2652 0.000177173 2652 0.000007032 add_time= 0.000199613
2750 0.000088192 2750 0.000006059 add_time= 0.000109317
2500 0.000056382 2500 0.000007106 add_time= 0.000080164
2601 0.000124422 2601 0.000006539 add_time= 0.000145949
2915 0.000071496 2915 0.000007264 add_time= 0.000096317
2650 0.000068583 2650 0.000018410 add_time= 0.000137513
2652 0.000070287 2652 0.000008266 add_time= 0.000119186
3025 0.000086227 3025 0.000007482 add_time= 0.000130293
2915 0.000006844 2915 0.000008224 add_time= 0.000040404
2601 0.000055062 2601 0.000008043 add_time= 0.000089949
2600 0.000050123 2600 0.000013671 add_time= 0.000091442
1250 0.000070186 1250 0.000008021 add_time= 0.000102278
2500 0.000007867 2500 0.000015969 add_time= 0.000045871
2652 0.000092199 2652 0.000006304 add_time= 0.000131374
2750 0.000108194 2750 0.000005954 add_time= 0.000128724
2550 0.000090040 2550 0.000006861 add_time= 0.000112159
2754 0.000106116 2754 0.000006102 add_time= 0.000126185
2550 0.000126865 2550 0.000006009 add_time= 0.000146391
2754 0.000081592 2754 0.000005736 add_time= 0.000101089
1250 0.000052792 1250 0.000006385 add_time= 0.000072094
2750 0.000008868 2750 0.000033959 add_time= 0.000063397
2652 0.000058227 2652 0.000006184 add_time= 0.000077326
2750 0.000129922 2750 0.000007201 add_time= 0.000152473
2650 0.000098263 2650 0.000007035 add_time= 0.000120984
1375 0.000049421 1375 0.000005154 add_time= 0.000065933
2601 0.000064778 2601 0.000007531 add_time= 0.000092537
2750 0.000131148 2750 0.000006881 add_time= 0.000154194
2915 0.000008050 2915 0.000017470 add_time= 0.000043207
2652 0.000117502 2652 0.000008445 add_time= 0.000140942
1300 0.000061879 1300 0.000004983 add_time= 0.000078371
2700 0.000086792 2700 0.000006943 add_time= 0.000109298
2750 0.000129978 2750 0.000006353 add_time= 0.000149810
2700 0.000072342 2700 0.000007464 add_time= 0.000106305
2500 0.000172158 2500 0.000007139 add_time= 0.000193980
2650 0.000006853 2650 0.000014439 add_time= 0.000041870
2652 0.000137694 2652 0.000008154 add_time= 0.000161078
2750 0.000067918 2750 0.000007895 add_time= 0.000097433
2550 0.000070199 2550 0.000006865 add_time= 0.000092824
2600 0.000034450 2600 0.000007442 add_time= 0.000058287
2550 0.000150995 2550 0.000007051 add_time= 0.000173924
2809 0.000006612 2809 0.000019555 add_time= 0.000073640
2600 0.000061779 2600 0.000008748 add_time= 0.000087483
3025 0.000079227 3025 0.000008040 add_time= 0.000105015
2805 0.000100742 2805 0.000006295 add_time= 0.000121850
2750 0.000112709 2750 0.000006355 add_time= 0.000133065
2700 0.000081310 2700 0.000006986 add_time= 0.000104863
3025 0.000133744 3025 0.000006680 add_time= 0.000154935
2500 0.000008761 2500 0.000016147 add_time= 0.000043663
2652 0.000253619 2652 0.000007869 add_time= 0.000284917
2550 0.000105731 2550 0.000006875 add_time= 0.000128297
2550 0.000108993 2550 0.000018569 add_time= 0.000141923
2754 0.000083384 2754 0.000006839 add_time= 0.000104388
2550 0.000062448 2550 0.000008414 add_time= 0.000087058
2750 0.000088010 2750 0.000006738 add_time= 0.000109655
1350 0.000165516 1350 0.000006579 add_time= 0.000185705
2600 0.000008786 2600 0.000027574 add_time= 0.000053321
2500 0.000089737 2500 0.000007329 add_time= 0.000123171
2500 0.000072660 2500 0.000006785 add_time= 0.000094267
2550 0.000155901 2550 0.000007295 add_time= 0.000178859
2700 0.000080503 2700 0.000007170 add_time= 0.000114084
1325 0.000138516 1325 0.000006154 add_time= 0.000158031
2756 0.000008613 2756 0.000015872 add_time= 0.000042121
2652 0.000137982 2652 0.000006892 add_time= 0.000158877
2750 0.000059823 2750 0.000007108 add_time= 0.000081412
2500 0.000068254 2500 0.000006787 add_time= 0.000089065
3025 0.000110058 3025 0.000006274 add_time= 0.000131530
2805 0.000196379 2805 0.000007390 add_time= 0.000220579
2600 0.000092307 2600 0.000006250 add_time= 0.000113124
2650 0.000008524 2650 0.000013835 add_time= 0.000039848
2652 0.000075260 2652 0.000007026 add_time= 0.000097531
3025 0.000062226 3025 0.000007975 add_time= 0.000098836
2500 0.000079042 2500 0.000006413 add_time= 0.000098931
2601 0.000180797 2601 0.000007166 add_time= 0.000202985
2750 0.000087018 2750 0.000006538 add_time= 0.000107409
2805 0.000126382 2805 0.000006740 add_time= 0.000147085
2915 0.000008484 2915 0.000017530 add_time= 0.000043502
2652 0.000301003 2652 0.000007155 add_time= 0.000322300
2750 0.000060649 2750 0.000006466 add_time= 0.000080816
2600 0.000084919 2600 0.000007106 add_time= 0.000118749
2750 0.000086239 2750 0.000006597 add_time= 0.000108552
2500 0.000083345 2500 0.000007226 add_time= 0.000104065
2550 0.000141150 2550 0.000015651 add_time= 0.000172475
2500 0.000175082 2500 0.000006542 add_time= 0.000195165
2809 0.000008559 2809 0.000074206 add_time= 0.000100517
2808 0.000077740 2808 0.000007502 add_time= 0.000099578
2700 0.000108473 2700 0.000006253 add_time= 0.000128101
2500 0.000131076 2500 0.000006824 add_time= 0.000152631
2601 0.000076684 2601 0.000007037 add_time= 0.000099125
2500 0.000199321 2500 0.000006886 add_time= 0.000221152
2500 0.000066364 2500 0.000011222 add_time= 0.000090732
2650 0.000010334 2650 0.000200099 add_time= 0.000247130
2652 0.000042927 2652 0.000006756 add_time= 0.000075372
2750 0.000163874 2750 0.000006577 add_time= 0.000194784
2750 0.000131307 2750 0.000010868 add_time= 0.000167483
2550 0.000538286 2550 0.000006255 add_time= 0.000559203
2500 0.000161224 2500 0.000007032 add_time= 0.000184124
2970 0.000140025 2970 0.000007258 add_time= 0.000162838
2650 0.000013545 2650 0.000124930 add_time= 0.000159354
2652 0.000203568 2652 0.000014762 add_time= 0.000244339
2750 0.000289648 2750 0.000011263 add_time= 0.000316692
2500 0.000062925 2500 0.000005571 add_time= 0.000081187
2700 0.000169772 2700 0.000006065 add_time= 0.000189511
2700 0.000090307 2700 0.000006874 add_time= 0.000112828
1250 0.000115106 1250 0.000006318 add_time= 0.000134918
2500 0.000006394 2500 0.000015214 add_time= 0.000039653
2808 0.000481988 2808 0.000011846 add_time= 0.000508653
2750 0.000174756 2750 0.000013774 add_time= 0.000203554
2805 0.000108385 2805 0.000006558 add_time= 0.000128867
2600 0.000074802 2600 0.000011678 add_time= 0.000100196
2700 0.000040864 2700 0.000005814 add_time= 0.000060026
2500 0.000006895 2500 0.000012848 add_time= 0.000035460
2652 0.000046061 2652 0.000007032 add_time= 0.000067837
1375 0.000065074 1375 0.000005328 add_time= 0.000082357
2750 0.000077541 2750 0.000005999 add_time= 0.000097266
2550 0.000064059 2550 0.000006987 add_time= 0.000092007
2550 0.000094944 2550 0.000006878 add_time= 0.000117685
3025 0.000122831 3025 0.000014823 add_time= 0.000152565
2550 0.000005428 2550 0.000015042 add_time= 0.000038139
2652 0.000311055 2652 0.000009544 add_time= 0.000336508
2750 0.000093123 2750 0.000009133 add_time= 0.000116813
2750 0.000055118 2750 0.000005705 add_time= 0.000073899
2500 0.000083593 2500 0.000006438 add_time= 0.000111865
2805 0.000071931 2805 0.000015846 add_time= 0.000103744
2550 0.000142146 2550 0.000007072 add_time= 0.000165041
2756 0.000008583 2756 0.000073529 add_time= 0.000120419
2704 0.000149428 2704 0.000006873 add_time= 0.000171380
2500 0.000176351 2500 0.000010718 add_time= 0.000203188
3025 0.000046273 3025 0.000007500 add_time= 0.000069536
2601 0.000198997 2601 0.000006066 add_time= 0.000218514
2700 0.000266813 2700 0.000006268 add_time= 0.000286523
2500 0.000092098 2500 0.000007194 add_time= 0.000113973
2650 0.000006942 2650 0.000016567 add_time= 0.000041142
2652 0.000517172 2652 0.000006841 add_time= 0.000550057
2750 0.000152890 2750 0.000006456 add_time= 0.000173343
2750 0.000056352 2750 0.000006769 add_time= 0.000101823
2805 0.000300820 2805 0.000007172 add_time= 0.000332595
2754 0.000079852 2754 0.000009171 add_time= 0.000103345
1300 0.000117855 1300 0.000005877 add_time= 0.000135406
2915 0.000006678 2915 0.000016561 add_time= 0.000045968
2652 0.000089990 2652 0.000006361 add_time= 0.000111712
2500 0.000038615 2500 0.000006897 add_time= 0.000060297
2500 0.000031599 2500 0.000005694 add_time= 0.000049260
2601 0.000055534 2601 0.000007128 add_time= 0.000077333
2970 0.000047314 2970 0.000006701 add_time= 0.000068106
2809 0.000006075 2809 0.000014775 add_time= 0.000070136
2652 0.000026790 2652 0.000008250 add_time= 0.000067941
2750 0.000030757 2750 0.000007382 add_time= 0.000069454
2750 0.000041956 2750 0.000008482 add_time= 0.000079603
2550 0.000036579 2550 0.000008622 add_time= 0.000070730
2550 0.000116086 2550 0.000010757 add_time= 0.000188239
1325 0.000006866 1325 0.000011357 add_time= 0.000040350
2860 0.000057685 2860 0.000007600 add_time= 0.000084567
1375 0.000050781 1375 0.000006286 add_time= 0.000071092
1250 0.000087491 1250 0.000006029 add_time= 0.000107264
2700 0.000100587 2700 0.000006833 add_time= 0.000123559
2700 0.000038306 2700 0.000007078 add_time= 0.000062324
1250 0.000076329 1250 0.000006108 add_time= 0.000096644
2500 0.000008901 2500 0.000095530 add_time= 0.000128895
2704 0.000135085 2704 0.000006544 add_time= 0.000156899
2750 0.000217724 2750 0.000007927 add_time= 0.000242236
2500 0.000069154 2500 0.000014918 add_time= 0.000098074
2550 0.000048647 2550 0.000006613 add_time= 0.000071010
2500 0.000071862 2500 0.000007214 add_time= 0.000094834
2915 0.000008533 2915 0.000075956 add_time= 0.000107644
2500 0.000078298 2500 0.000007647 add_time= 0.000102044
2750 0.000118411 2750 0.000007653 add_time= 0.000142386
3025 0.000059482 3025 0.000007109 add_time= 0.000082050
2805 0.000075808 2805 0.000006312 add_time= 0.000095981
2808 0.000073704 2808 0.000007637 add_time= 0.000105515
2550 0.000085417 2550 0.000006311 add_time= 0.000105994
2500 0.000221707 2500 0.000008800 add_time= 0.000251271
2600 0.000110397 2600 0.000006724 add_time= 0.000133109
3025 0.000210488 3025 0.000007630 add_time= 0.000235676
2500 0.000090959 2500 0.000007448 add_time= 0.000114163
2650 0.000074451 2650 0.000006339 add_time= 0.000095481
2650 0.000076320 2650 0.000007441 add_time= 0.000100136
2600 0.000098581 2600 0.000007068 add_time= 0.000121444
2862 0.000009049 2862 0.000075254 add_time= 0.000105705
2808 0.000052540 2808 0.000008814 add_time= 0.000077876
1250 0.000268057 1250 0.000006382 add_time= 0.000288323
2500 0.000045331 2500 0.000006223 add_time= 0.000065696
2805 0.000194089 2805 0.000007525 add_time= 0.000218256
2600 0.000068646 2600 0.000006216 add_time= 0.000089397
1350 0.000059573 1350 0.000007258 add_time= 0.000080604
2500 0.000008812 2500 0.000015919 add_time= 0.000044578
2652 0.000241635 2652 0.000007306 add_time= 0.000276552
2750 0.000044514 2750 0.000007431 add_time= 0.000068173
2600 0.000047474 2600 0.000006934 add_time= 0.000075074
2550 0.000106755 2550 0.000008289 add_time= 0.000131288
2500 0.000066120 2500 0.000007301 add_time= 0.000089300
1250 0.000058942 1250 0.000006224 add_time= 0.000077172
2809 0.000008641 2809 0.000017358 add_time= 0.000046627
2652 0.000185364 2652 0.000007112 add_time= 0.000206496
3025 0.000136696 3025 0.000007302 add_time= 0.000160585
2500 0.000067852 2500 0.000007135 add_time= 0.000090887
2500 0.000078418 2500 0.000007008 add_time= 0.000100381
2970 0.000061793 2970 0.000007237 add_time= 0.000095124
2500 0.000075752 2500 0.000006559 add_time= 0.000096089
2809 0.000007851 2809 0.000015042 add_time= 0.000043226
2652 0.000237755 2652 0.000008086 add_time= 0.000260348
2750 0.000194534 2750 0.000006474 add_time= 0.000214783
2500 0.000069978 2500 0.000006409 add_time= 0.000090079
2650 0.000074994 2650 0.000006366 add_time= 0.000095205
2970 0.000089928 2970 0.000007229 add_time= 0.000130502
2915 0.000071510 2915 0.000005983 add_time= 0.000091800
2650 0.000007833 2650 0.000014717 add_time= 0.000040847
2652 0.000365494 2652 0.000016750 add_time= 0.000396962
2550 0.000124740 2550 0.000007385 add_time= 0.000148851
2500 0.000068009 2500 0.000007219 add_time= 0.000091468
2550 0.000069929 2550 0.000007108 add_time= 0.000092726
2550 0.000096277 2550 0.000015883 add_time= 0.000128139
2500 0.000099813 2500 0.000019336 add_time= 0.000135362
2809 0.000008452 2809 0.000017175 add_time= 0.000046050
2652 0.000237682 2652 0.000007669 add_time= 0.000261682
2750 0.000048703 2750 0.000007180 add_time= 0.000072112
2650 0.000057161 2650 0.000007789 add_time= 0.000080900
2550 0.000061859 2550 0.000007116 add_time= 0.000085346
2754 0.000106529 2754 0.000007247 add_time= 0.000130125
2750 0.000097439 2750 0.000013914 add_time= 0.000127454
2500 0.000163831 2500 0.000006841 add_time= 0.000184696
2809 0.000008053 2809 0.000015262 add_time= 0.000043437
2652 0.000357930 2652 0.000008320 add_time= 0.000385651
2750 0.000054186 2750 0.000007172 add_time= 0.000075854
2750 0.000171793 2750 0.000005899 add_time= 0.000192097
3025 0.000079162 3025 0.000006806 add_time= 0.000101071
2703 0.000132278 2703 0.000006765 add_time= 0.000153420
2700 0.000053801 2700 0.000006005 add_time= 0.000072971
2500 0.000071426 2500 0.000006411 add_time= 0.000091860
2915 0.000010958 2915 0.000025872 add_time= 0.000077779
2600 0.000054788 2600 0.000018567 add_time= 0.000094316
2500 0.000249125 2500 0.000006843 add_time= 0.000277709
2915 0.000324004 2915 0.000007174 add_time= 0.000347969
2550 0.000228948 2550 0.000012571 add_time= 0.000263472
2700 0.000248295 2700 0.000009796 add_time= 0.000279025
2500 0.000083721 2500 0.000007231 add_time= 0.000112368
2550 0.000010917 2550 0.000024756 add_time= 0.000060263
2550 0.000182359 2550 0.000010749 add_time= 0.000209209
2650 0.000055103 2650 0.000006322 add_time= 0.000075817
2805 0.000188847 2805 0.000010973 add_time= 0.000225593
2805 0.000101857 2805 0.000007362 add_time= 0.000150795
2750 0.000060887 2750 0.000007271 add_time= 0.000084487
2703 0.000006789 2703 0.000015245 add_time= 0.000043093
2600 0.000043724 2600 0.000007046 add_time= 0.000066972
2500 0.000042930 2500 0.000006768 add_time= 0.000072628
2550 0.000087743 2550 0.000006988 add_time= 0.000110323
2750 0.000263157 2750 0.000007471 add_time= 0.000287314
3025 0.000120939 3025 0.000014386 add_time= 0.000149794
2700 0.000007188 2700 0.000015184 add_time= 0.000040222
2652 0.000435783 2652 0.000006948 add_time= 0.000457576
2500 0.000219020 2500 0.000007498 add_time= 0.000242293
2750 0.000056216 2750 0.000007071 add_time= 0.000079584
2550 0.000096203 2550 0.000006044 add_time= 0.000116313
2601 0.000180862 2601 0.000005900 add_time= 0.000200915
2970 0.000036241 2970 0.000005980 add_time= 0.000056647
2550 0.000045070 2550 0.000006686 add_time= 0.000065664
