2703 0.000166208 2703 0.000014953 add_time= 0.001617521
2970 0.000050458 2970 0.000009259 add_time= 0.000076389
2500 0.000051967 2500 0.000010205 add_time= 0.000079886
2550 0.000368309 2550 0.000007474 add_time= 0.000396160
2550 0.000054524 2550 0.000006671 add_time= 0.000080370
2500 0.000116754 2500 0.000015176 add_time= 0.000148588
2550 0.000169961 2550 0.000009794 add_time= 0.000219615
2550 0.000322501 2550 0.000024228 add_time= 0.000363284
2550 0.000479070 2550 0.000028717 add_time= 0.000522314
2500 0.000878393 2500 0.000028816 add_time= 0.000938052
2805 0.000121767 2805 0.000006745 add_time= 0.000152210
1350 0.000205523 1350 0.000006365 add_time= 0.000233111
2500 0.001065095 2500 0.000009826 add_time= 0.001108138
2652 0.000316907 2652 0.000009314 add_time= 0.000365702
2750 0.000068435 2750 0.000008598 add_time= 0.000102811
2500 0.000148348 2500 0.000009865 add_time= 0.000181221
2750 0.000069450 2750 0.000031610 add_time= 0.000133271
2550 0.000075368 2550 0.000006513 add_time= 0.000096962
2500 0.000081046 2500 0.000006367 add_time= 0.000107493
2500 0.000043322 2500 0.000006827 add_time= 0.000074120
2550 0.000048497 2550 0.000007077 add_time= 0.000072097
2650 0.000048929 2650 0.000010426 add_time= 0.000163645
2750 0.000059712 2750 0.000008454 add_time= 0.000104023
2550 0.000028423 2550 0.000029812 add_time= 0.000085494
2650 0.000395602 2650 0.000013220 add_time= 0.002218625
2500 0.000118023 2500 0.000007176 add_time= 0.000140528
2500 0.000018786 2500 0.000032789 add_time= 0.000066329
2600 0.000213772 2600 0.000017566 add_time= 0.000264583
2750 0.000082242 2750 0.000006676 add_time= 0.000104967
1250 0.000050997 1250 0.000012274 add_time= 0.000112743
2750 0.000374111 2750 0.000118757 add_time= 0.000554153
2600 0.000008332 2600 0.000026922 add_time= 0.000052887
2750 0.000075987 2750 0.000009826 add_time= 0.000109292
2500 0.000080614 2500 0.000006837 add_time= 0.000103595
2601 0.000084198 2601 0.000013591 add_time= 0.000127604
2550 0.000518821 2550 0.000008081 add_time= 0.000564898
2550 0.000225203 2550 0.000006680 add_time= 0.000248324
2600 0.000606707 2600 0.000008081 add_time= 0.000636742
2500 0.000090937 2500 0.000006947 add_time= 0.000118695
1250 0.000048911 1250 0.000006617 add_time= 0.000071562
2750 0.000463161 2750 0.000007341 add_time= 0.000523286
2550 0.000044329 2550 0.000006817 add_time= 0.000077292
2750 0.000032445 2750 0.000011735 add_time= 0.000213626
2550 0.000036598 2550 0.000007612 add_time= 0.000093793
2550 0.000014543 2550 0.000011680 add_time= 0.000093302
