1325 0.000197164 1325 0.000013605 add_time= 0.001789117
2750 0.000014832 2750 0.000038179 add_time= 0.000070965
2750 0.000153171 2750 0.000009949 add_time= 0.000179920
2500 0.000400599 2500 0.000009214 add_time= 0.000429322
2652 0.000061781 2652 0.000006703 add_time= 0.000084224
2500 0.000709241 2500 0.000014148 add_time= 0.000806520
2805 0.000339948 2805 0.000012424 add_time= 0.000370070
1275 0.000180329 1275 0.000009842 add_time= 0.000211438
2500 0.000120377 2500 0.000007772 add_time= 0.000150810
2550 0.000007944 2550 0.000025689 add_time= 0.000050920
2700 0.000107249 2700 0.000006559 add_time= 0.000131720
2600 0.000573587 2600 0.000014206 add_time= 0.000623173
2805 0.000118639 2805 0.000009318 add_time= 0.000146734
2700 0.000763307 2700 0.000019620 add_time= 0.000805500
2550 0.000417397 2550 0.000007981 add_time= 0.000443165
1250 0.000066946 1250 0.000006845 add_time= 0.000096756
2650 0.000319959 2650 0.000007194 add_time= 0.000349639
2600 0.000018972 2600 0.000026114 add_time= 0.000071561
2750 0.000067101 2750 0.000007736 add_time= 0.000092873
2650 0.000018781 2650 0.000011937 add_time= 0.000174428
3025 0.000128226 3025 0.000008784 add_time= 0.000177007
2500 0.000080337 2500 0.000008719 add_time= 0.000117477
2500 0.000178579 2500 0.000014293 add_time= 0.001853875
2550 0.000093954 2550 0.000008396 add_time= 0.000118132
2500 0.000114217 2500 0.000016716 add_time= 0.000159911
3025 0.000119759 3025 0.000017416 add_time= 0.000159540
2750 0.000094167 2750 0.000006319 add_time= 0.000112513
1375 0.000072673 1375 0.000006775 add_time= 0.000094945
2750 0.000149902 2750 0.000012264 add_time= 0.000208710
2750 0.000007410 2750 0.000038861 add_time= 0.000061560
2915 0.000091070 2915 0.000008091 add_time= 0.000113938
2970 0.000175030 2970 0.000007568 add_time= 0.000217611
2915 0.000130172 2915 0.000011564 add_time= 0.000170904
3025 0.000128344 3025 0.000006389 add_time= 0.000153635
2600 0.000196294 2600 0.000006925 add_time= 0.000216959
2601 0.000149467 2601 0.000012996 add_time= 0.000176280
2703 0.000219840 2703 0.000009860 add_time= 0.000257365
2601 0.000403414 2601 0.000007432 add_time= 0.000426474
1350 0.000060597 1350 0.000025000 add_time= 0.000104830
2756 0.000413508 2756 0.000008063 add_time= 0.000443361
2750 0.000007899 2750 0.000014663 add_time= 0.000058309
2916 0.000180931 2916 0.000011264 add_time= 0.000216936
2550 0.000252927 2550 0.000019626 add_time= 0.000320288
2550 0.000028695 2550 0.000049023 add_time= 0.000108722
2700 0.000077468 2700 0.000007728 add_time= 0.000118023
2500 0.000102726 2500 0.000024119 add_time= 0.000153021
2805 0.000109839 2805 0.000012869 add_time= 0.000261847
2500 0.000032426 2500 0.000008515 add_time= 0.000088524
2500 0.000042492 2500 0.000016945 add_time= 0.000109105
2500 0.000236680 2500 0.000011917 add_time= 0.001406529
2860 0.000052263 2860 0.000006428 add_time= 0.000075813
2550 0.000204118 2550 0.000007855 add_time= 0.000275565
2750 0.000047097 2750 0.000006972 add_time= 0.000071763
2550 0.000028378 2550 0.000005934 add_time= 0.000049194
2754 0.000025416 2754 0.000026214 add_time= 0.000067798
3025 0.000050338 3025 0.000006557 add_time= 0.000072695
2500 0.000287194 2500 0.000006303 add_time= 0.000309118
2500 0.000079082 2500 0.000025825 add_time= 0.000119997
2805 0.000085877 2805 0.000007467 add_time= 0.000110756
2500 0.000043801 2500 0.000018385 add_time= 0.000078133
2700 0.000013532 2700 0.000024414 add_time= 0.000052560
1250 0.000018320 1250 0.000005964 add_time= 0.000047371
2600 0.000083929 2600 0.000008281 add_time= 0.000126453
2550 0.000126692 2550 0.000061018 add_time= 0.000205533
2750 0.000080077 2750 0.000071557 add_time= 0.000176404
2500 0.000050717 2500 0.000006675 add_time= 0.000073140
2550 0.000082416 2550 0.000006508 add_time= 0.000103863
2750 0.000121985 2750 0.000007647 add_time= 0.000146328
1375 0.000049314 1375 0.000005700 add_time= 0.000069407
2652 0.000136722 2652 0.000031736 add_time= 0.000187966
2500 0.000100000 2500 0.000031420 add_time= 0.000148646
2550 0.000031209 2550 0.000006495 add_time= 0.000053724
2601 0.000058070 2601 0.000006631 add_time= 0.000081692
2500 0.000006713 2500 0.000024981 add_time= 0.000047388
2500 0.000100835 2500 0.000008935 add_time= 0.000142293
2600 0.000163687 2600 0.000006419 add_time= 0.000190472
2550 0.000224399 2550 0.000006680 add_time= 0.000246165
2750 0.000037960 2750 0.000006391 add_time= 0.000059201
2550 0.000231251 2550 0.000006388 add_time= 0.000251939
2862 0.000231215 2862 0.000007453 add_time= 0.000255177
2750 0.000184545 2750 0.000007153 add_time= 0.000207579
2500 0.000280712 2500 0.000007535 add_time= 0.000305531
2500 0.000184806 2500 0.000007191 add_time= 0.000208352
2750 0.000118946 2750 0.000007027 add_time= 0.000144109
2550 0.000121131 2550 0.000006400 add_time= 0.000142664
2500 0.000008217 2500 0.000015366 add_time= 0.000040043
2600 0.000105662 2600 0.000018224 add_time= 0.000142295
2750 0.000113175 2750 0.000006482 add_time= 0.000136401
2550 0.000716996 2550 0.000007011 add_time= 0.000738335
2500 0.000193542 2500 0.000007850 add_time= 0.000217101
2500 0.000006681 2500 0.000035701 add_time= 0.000056176
2860 0.000069890 2860 0.000009437 add_time= 0.000194557
2600 0.000130076 2600 0.000008110 add_time= 0.000161746
2750 0.000022327 2750 0.000009503 add_time= 0.000060620
2600 0.000132951 2600 0.000015465 add_time= 0.000175718
2700 0.000059248 2700 0.000038372 add_time= 0.000124277
1250 0.000068230 1250 0.000007939 add_time= 0.000106188
2652 0.000231790 2652 0.000008873 add_time= 0.000272023
2750 0.000653596 2750 0.000008885 add_time= 0.000679824
2750 0.000142226 2750 0.000007175 add_time= 0.000165417
2805 0.000217353 2805 0.000006779 add_time= 0.000239740
2700 0.000016640 2700 0.000091553 add_time= 0.000133986
2500 0.000178582 2500 0.000006283 add_time= 0.000199806
2750 0.000432731 2750 0.000028158 add_time= 0.000478280
2750 0.000212740 2750 0.000006450 add_time= 0.000234272
2750 0.000066604 2750 0.000006360 add_time= 0.000087753
2652 0.000293724 2652 0.000007406 add_time= 0.000322844
2601 0.000135823 2601 0.000007754 add_time= 0.000159670
3025 0.000007050 3025 0.000027948 add_time= 0.000050214
2860 0.000229510 2860 0.000007358 add_time= 0.000264847
2700 0.000235875 2700 0.000007440 add_time= 0.000259437
2750 0.000289602 2750 0.000007387 add_time= 0.000313795
2500 0.000130265 2500 0.000006823 add_time= 0.000151769
2754 0.000007340 2754 0.000027063 add_time= 0.000061820
1300 0.000087826 1300 0.000006099 add_time= 0.000114461
2600 0.000290185 2600 0.000007577 add_time= 0.000313998
2750 0.000151773 2750 0.000007580 add_time= 0.000174982
2750 0.000114643 2750 0.000007011 add_time= 0.000137740
2601 0.000087137 2601 0.000007299 add_time= 0.000110938
2500 0.000085458 2500 0.000007024 add_time= 0.000119442
2500 0.000040363 2500 0.000007097 add_time= 0.000063806
2860 0.000113541 2860 0.000007234 add_time= 0.000137714
2750 0.000220176 2750 0.000006696 add_time= 0.000253440
2550 0.000154817 2550 0.000006603 add_time= 0.000175759
2550 0.000108250 2550 0.000013647 add_time= 0.000138087
2550 0.000006629 2550 0.000024409 add_time= 0.000045276
2600 0.000227202 2600 0.000007889 add_time= 0.000268408
2750 0.000176826 2750 0.000008197 add_time= 0.000199756
2750 0.000134096 2750 0.000006114 add_time= 0.000164270
2550 0.000138944 2550 0.000005836 add_time= 0.000164496
2754 0.000007238 2754 0.000015850 add_time= 0.000037387
2550 0.000118636 2550 0.000007025 add_time= 0.000139430
2500 0.000268235 2500 0.000024998 add_time= 0.000309704
2600 0.000105021 2600 0.000006267 add_time= 0.000125939
2500 0.000105004 2500 0.000006416 add_time= 0.000126070
2805 0.000111387 2805 0.000006672 add_time= 0.000132873
2550 0.000226210 2550 0.000006596 add_time= 0.000258352
2500 0.000007133 2500 0.000015102 add_time= 0.000042516
2500 0.000081635 2500 0.000006689 add_time= 0.000109050
2750 0.000078685 2750 0.000015527 add_time= 0.000114714
2500 0.000079314 2500 0.000006219 add_time= 0.000101509
2550 0.000128069 2550 0.000005991 add_time= 0.000150509
2601 0.000082638 2601 0.000006569 add_time= 0.000112279
2754 0.000016606 2754 0.000034623 add_time= 0.000070384
3025 0.000058930 3025 0.000007283 add_time= 0.000093697
2860 0.000067038 2860 0.000009113 add_time= 0.000126684
2600 0.000064362 2600 0.000007504 add_time= 0.000116665
2805 0.000039487 2805 0.000008924 add_time= 0.000087507
2500 0.000031520 2500 0.000007129 add_time= 0.000065948
2805 0.000025333 2805 0.000007592 add_time= 0.000062307
2970 0.000070326 2970 0.000045916 add_time= 0.000146987
1275 0.000030556 1275 0.000008170 add_time= 0.000068599
2860 0.000100045 2860 0.000006938 add_time= 0.000128148
2970 0.000051420 2970 0.000006913 add_time= 0.000076688
2750 0.000035438 2750 0.000007658 add_time= 0.000060670
2805 0.000030295 2805 0.000005860 add_time= 0.000052992
2500 0.000007769 2500 0.000031527 add_time= 0.000058779
625 0.000021391 625 0.000005857 add_time= 0.000055264
2700 0.000078712 2700 0.000007446 add_time= 0.000106443
2750 0.000099244 2750 0.000007095 add_time= 0.000123907
2500 0.000083797 2500 0.000006715 add_time= 0.000109876
2805 0.000037347 2805 0.000007081 add_time= 0.000062267
2970 0.000016859 2970 0.000016102 add_time= 0.000051621
1250 0.000093526 1250 0.000006320 add_time= 0.000115356
2860 0.000454027 2860 0.000008223 add_time= 0.000485611
2750 0.000145657 2750 0.000008396 add_time= 0.000171059
2500 0.000115418 2500 0.000008273 add_time= 0.000142029
2650 0.000060818 2650 0.000014745 add_time= 0.000090266
2652 0.000122469 2652 0.000006416 add_time= 0.000143113
2750 0.000018170 2750 0.000024177 add_time= 0.000056523
2750 0.000141633 2750 0.000016075 add_time= 0.000175035
2860 0.000591319 2860 0.000035794 add_time= 0.000642593
2805 0.000163015 2805 0.000007314 add_time= 0.000186951
1275 0.000113180 1275 0.000005880 add_time= 0.000134327
2600 0.000188198 2600 0.000007663 add_time= 0.000211875
2600 0.000336892 2600 0.000016066 add_time= 0.000381075
2652 0.000063347 2652 0.000007012 add_time= 0.000084190
1250 0.000155625 1250 0.000005936 add_time= 0.000176056
2805 0.000089499 2805 0.000007439 add_time= 0.000113789
2550 0.000047510 2550 0.000006574 add_time= 0.000070789
2805 0.000056896 2805 0.000007676 add_time= 0.000081396
2500 0.000113163 2500 0.000006435 add_time= 0.000135762
2600 0.000131079 2600 0.000006449 add_time= 0.000153101
2500 0.000089515 2500 0.000006459 add_time= 0.000109675
2750 0.000083262 2750 0.000006669 add_time= 0.000106367
2500 0.000103818 2500 0.000006102 add_time= 0.000124282
1250 0.000175629 1250 0.000006199 add_time= 0.000201969
2550 0.000051483 2550 0.000015144 add_time= 0.000082736
2500 0.000177606 2500 0.000007672 add_time= 0.000202141
2860 0.000093151 2860 0.000016370 add_time= 0.000127511
2750 0.000100960 2750 0.000013429 add_time= 0.000129264
1250 0.000076054 1250 0.000006544 add_time= 0.000096562
2750 0.000007678 2750 0.000025644 add_time= 0.000069052
2500 0.000238598 2500 0.000017909 add_time= 0.000283125
2750 0.000086093 2750 0.000017005 add_time= 0.000129490
3025 0.000120014 3025 0.000006903 add_time= 0.000146742
2500 0.000273286 2500 0.000006293 add_time= 0.000294533
2500 0.000050419 2500 0.000006149 add_time= 0.000070565
2550 0.000096731 2550 0.000006084 add_time= 0.000117830
2500 0.000035250 2500 0.000014580 add_time= 0.000064564
2550 0.000167529 2550 0.000007119 add_time= 0.000192614
2600 0.000143130 2600 0.000007084 add_time= 0.000166996
2500 0.000153961 2500 0.000005812 add_time= 0.000174563
2805 0.000231814 2805 0.000006831 add_time= 0.000255249
2750 0.000067604 2750 0.000006729 add_time= 0.000090986
2860 0.000271864 2860 0.000006896 add_time= 0.000301546
2860 0.000164861 2860 0.000007685 add_time= 0.000190369
1250 0.000083415 1250 0.000005877 add_time= 0.000103990
2650 0.000032354 2650 0.000005937 add_time= 0.000057695
1275 0.000584331 1275 0.000006617 add_time= 0.000604541
2750 0.000006024 2750 0.000082088 add_time= 0.000103744
1350 0.000605394 1350 0.000006648 add_time= 0.000627328
2860 0.000041573 2860 0.000009143 add_time= 0.000132062
2550 0.000027123 2550 0.000008424 add_time= 0.000063515
2500 0.000039404 2500 0.000009327 add_time= 0.000097718
2600 0.000043024 2600 0.000007965 add_time= 0.000089984
2808 0.000026666 2808 0.000019855 add_time= 0.000084117
2750 0.000021974 2750 0.000024612 add_time= 0.000078962
1250 0.000098065 1250 0.000007160 add_time= 0.000132741
2704 0.000089400 2704 0.000006596 add_time= 0.000116154
2970 0.000058586 2970 0.000006886 add_time= 0.000083719
3025 0.000031019 3025 0.000008081 add_time= 0.000068398
2750 0.000067683 2750 0.000006890 add_time= 0.000099498
2550 0.000141946 2550 0.000006084 add_time= 0.000164698
2860 0.000007891 2860 0.000024582 add_time= 0.000062325
2860 0.000150765 2860 0.000012878 add_time= 0.000183684
2500 0.000028449 2500 0.000006811 add_time= 0.000053544
2750 0.000071658 2750 0.000007157 add_time= 0.000095387
2550 0.000085575 2550 0.000006981 add_time= 0.000109726
2500 0.000015938 2500 0.000013384 add_time= 0.000043967
625 0.000197534 625 0.000005711 add_time= 0.000229485
2750 0.000044248 2750 0.000008221 add_time= 0.000074205
2600 0.000080006 2600 0.000006379 add_time= 0.000101312
2500 0.000087974 2500 0.000006055 add_time= 0.000110300
2550 0.000072967 2550 0.000005626 add_time= 0.000092837
2550 0.000027275 2550 0.000005906 add_time= 0.000047140
2500 0.000014939 2500 0.000021437 add_time= 0.000050926
1375 0.000089664 1375 0.000005493 add_time= 0.000112689
2704 0.000103800 2704 0.000006882 add_time= 0.000131256
2652 0.000170335 2652 0.000007270 add_time= 0.000194608
2860 0.000090857 2860 0.000007113 add_time= 0.000113490
2550 0.000265615 2550 0.000006393 add_time= 0.000287975
2550 0.000352915 2550 0.000006441 add_time= 0.000373270
1250 0.000030164 1250 0.000005979 add_time= 0.000051403
2600 0.000239424 2600 0.000013956 add_time= 0.000270718
3025 0.000344130 3025 0.000007321 add_time= 0.000369488
2500 0.000137175 2500 0.000005751 add_time= 0.000159046
2500 0.000081800 2500 0.000007475 add_time= 0.000105386
2601 0.000116668 2601 0.000006797 add_time= 0.000149897
2750 0.000081325 2750 0.000007118 add_time= 0.000104715
2550 0.000116376 2550 0.000006242 add_time= 0.000138825
3025 0.000330754 3025 0.000008014 add_time= 0.000356386
2750 0.000063518 2750 0.000007479 add_time= 0.000088075
2600 0.000061993 2600 0.000006884 add_time= 0.000083770
2601 0.000083999 2601 0.000007448 add_time= 0.000106456
2754 0.000006610 2754 0.000026279 add_time= 0.000055216
2500 0.000074366 2500 0.000006424 add_time= 0.000096026
2700 0.000121028 2700 0.000006342 add_time= 0.000151882
2500 0.000255825 2500 0.000006539 add_time= 0.000278365
2500 0.000773858 2500 0.000006447 add_time= 0.000795382
2550 0.000073817 2550 0.000006703 add_time= 0.000095497
2750 0.000072937 2750 0.000006902 add_time= 0.000095763
2500 0.000236016 2500 0.000007232 add_time= 0.000259151
2750 0.000091202 2750 0.000006686 add_time= 0.000115659
2805 0.000092864 2805 0.000007069 add_time= 0.000124633
2500 0.000185421 2500 0.000007362 add_time= 0.000208353
2750 0.000073228 2750 0.000006826 add_time= 0.000096726
2700 0.000193866 2700 0.000007368 add_time= 0.000226668
1300 0.000051398 1300 0.000006298 add_time= 0.000071820
2750 0.000091181 2750 0.000006487 add_time= 0.000113997
1275 0.000180952 1275 0.000006097 add_time= 0.000199137
2805 0.000174307 2805 0.000006265 add_time= 0.000194996
2500 0.000018123 2500 0.000014546 add_time= 0.000048982
2650 0.000251391 2650 0.000007094 add_time= 0.000275756
2600 0.000042691 2600 0.000014800 add_time= 0.000084809
2750 0.000248831 2750 0.000006998 add_time= 0.000272116
2550 0.000152466 2550 0.000007131 add_time= 0.000175142
2600 0.000111196 2600 0.000006541 add_time= 0.000134154
2500 0.000099179 2500 0.000007302 add_time= 0.000122795
2700 0.000174366 2700 0.000007066 add_time= 0.000204505
2750 0.000101197 2750 0.000012435 add_time= 0.000140506
1250 0.000061994 1250 0.000006186 add_time= 0.000087716
2550 0.000098889 2550 0.000006146 add_time= 0.000132853
2700 0.000007655 2700 0.000034024 add_time= 0.000059741
2550 0.000040235 2550 0.000006612 add_time= 0.000073489
2500 0.000134373 2500 0.000008134 add_time= 0.000202541
2500 0.000037517 2500 0.000007698 add_time= 0.000079011
2500 0.000045518 2500 0.000007498 add_time= 0.000091448
2805 0.000038374 2805 0.000014887 add_time= 0.000090286
2500 0.000026088 2500 0.000084925 add_time= 0.000141265
2550 0.000036291 2550 0.000008336 add_time= 0.000082356
2500 0.000125051 2500 0.000006171 add_time= 0.000157472
2805 0.000041228 2805 0.000006101 add_time= 0.000065612
1250 0.000058327 1250 0.000006526 add_time= 0.000080311
2550 0.000032973 2550 0.000006929 add_time= 0.000057462
2750 0.000072887 2750 0.000006582 add_time= 0.000097981
2860 0.000147713 2860 0.000006811 add_time= 0.000181000
2550 0.000069387 2550 0.000015838 add_time= 0.000100122
2650 0.000205600 2650 0.000007383 add_time= 0.000228935
2805 0.000099525 2805 0.000007717 add_time= 0.000121658
2754 0.000071139 2754 0.000025959 add_time= 0.000110907
2750 0.000016876 2750 0.000027267 add_time= 0.000059458
2600 0.000050055 2600 0.000007266 add_time= 0.000075208
2600 0.000105181 2600 0.000007264 add_time= 0.000127567
2750 0.000108510 2750 0.000006796 add_time= 0.000129508
2805 0.000106671 2805 0.000006085 add_time= 0.000126719
2500 0.000075830 2500 0.000006936 add_time= 0.000099058
2652 0.000046721 2652 0.000006215 add_time= 0.000066924
2700 0.000034463 2700 0.000039759 add_time= 0.000090207
2750 0.000082949 2750 0.000006868 add_time= 0.000109589
2750 0.000202461 2750 0.000007069 add_time= 0.000226805
2600 0.000070362 2600 0.000006964 add_time= 0.000090896
2915 0.000114582 2915 0.000006844 add_time= 0.000135500
2500 0.000157916 2500 0.000017341 add_time= 0.000191545
2805 0.000093900 2805 0.000006757 add_time= 0.000115448
2550 0.000016820 2550 0.000015912 add_time= 0.000047797
2500 0.000041417 2500 0.000006379 add_time= 0.000061181
1250 0.000233355 1250 0.000007705 add_time= 0.000263452
2600 0.000071950 2600 0.000008606 add_time= 0.000101608
3025 0.000206586 3025 0.000008497 add_time= 0.000248039
2750 0.000092356 2750 0.000008063 add_time= 0.000126814
2703 0.000203824 2703 0.000006740 add_time= 0.000229553
2700 0.000567984 2700 0.000006672 add_time= 0.000591576
1250 0.000083264 1250 0.000006174 add_time= 0.000103093
2600 0.000216884 2600 0.000006845 add_time= 0.000240065
2805 0.000073941 2805 0.000015893 add_time= 0.000109052
1250 0.000040058 1250 0.000006118 add_time= 0.000074230
2600 0.000150656 2600 0.000006926 add_time= 0.000186274
2750 0.000070170 2750 0.000007342 add_time= 0.000108654
2860 0.000131232 2860 0.000018808 add_time= 0.000166889
2500 0.000154062 2500 0.000018300 add_time= 0.000188557
3025 0.000153497 3025 0.000007920 add_time= 0.000185816
2652 0.000074184 2652 0.000006557 add_time= 0.000096901
2600 0.000056363 2600 0.000006895 add_time= 0.000078837
2600 0.000136566 2600 0.000007265 add_time= 0.000160693
2808 0.000129194 2808 0.000007248 add_time= 0.000160431
2750 0.000333380 2750 0.000031585 add_time= 0.000379418
2550 0.000086487 2550 0.000005924 add_time= 0.000106078
2805 0.000155501 2805 0.000007805 add_time= 0.000179934
2754 0.000006933 2754 0.000023985 add_time= 0.000046001
1325 0.000115536 1325 0.000006395 add_time= 0.000135863
2500 0.000461901 2500 0.000006439 add_time= 0.000485668
1375 0.000100553 1375 0.000007160 add_time= 0.000145780
2750 0.000051096 2750 0.000007443 add_time= 0.000074770
2750 0.000097895 2750 0.000006230 add_time= 0.000118029
2550 0.000050050 2550 0.000006111 add_time= 0.000069531
2550 0.000007683 2550 0.000016166 add_time= 0.000048486
1375 0.000099405 1375 0.000007272 add_time= 0.000120454
2600 0.000207993 2600 0.000008201 add_time= 0.000250418
2750 0.000097201 2750 0.000007582 add_time= 0.000129598
2750 0.000356404 2750 0.000007498 add_time= 0.000379343
2652 0.000173258 2652 0.000006948 add_time= 0.000216733
2550 0.000248888 2550 0.000006330 add_time= 0.000270561
2805 0.000031287 2805 0.000006469 add_time= 0.000052593
1250 0.000075157 1250 0.000005590 add_time= 0.000093017
2600 0.000198573 2600 0.000007297 add_time= 0.000223457
2750 0.000093226 2750 0.000006628 add_time= 0.000115855
1250 0.000331327 1250 0.000006353 add_time= 0.000351227
2550 0.000064046 2550 0.000006844 add_time= 0.000097338
2808 0.000210479 2808 0.000024495 add_time= 0.000250271
2600 0.000088008 2600 0.000007098 add_time= 0.000111516
2704 0.000057899 2704 0.000006915 add_time= 0.000081906
2808 0.000209235 2808 0.000007469 add_time= 0.000242991
2650 0.000135642 2650 0.000015118 add_time= 0.000166178
2750 0.000082386 2750 0.000008074 add_time= 0.000109845
2500 0.000109687 2500 0.000006750 add_time= 0.000135226
1250 0.002905884 1250 0.000007033 add_time= 0.002926765
2600 0.000210492 2600 0.000008495 add_time= 0.000271150
2915 0.000075085 2915 0.000009761 add_time= 0.000122174
2600 0.000071102 2600 0.000007663 add_time= 0.000102436
2500 0.000032993 2500 0.000008018 add_time= 0.000065722
2700 0.000083537 2700 0.000122252 add_time= 0.000228814
1250 0.000398610 1250 0.000007660 add_time= 0.000429755
2500 0.000220837 2500 0.000006460 add_time= 0.000241916
2500 0.000065433 2500 0.000007462 add_time= 0.000098416
2650 0.000079779 2650 0.000007187 add_time= 0.000108098
2970 0.000066678 2970 0.000006719 add_time= 0.000087999
2550 0.000041633 2550 0.000005813 add_time= 0.000060257
2500 0.000049953 2500 0.000007316 add_time= 0.000071771
2500 0.000295113 2500 0.000007019 add_time= 0.000316728
2600 0.000164305 2600 0.000007316 add_time= 0.000187606
2970 0.000067844 2970 0.000007741 add_time= 0.000091432
2550 0.000089445 2550 0.000010235 add_time= 0.000113682
2500 0.000054469 2500 0.000005987 add_time= 0.000073752
2805 0.000139198 2805 0.000006026 add_time= 0.000158370
2500 0.000042432 2500 0.000005865 add_time= 0.000080904
2500 0.000055862 2500 0.000006921 add_time= 0.000077741
2600 0.000205237 2600 0.000007092 add_time= 0.000227963
2860 0.000068238 2860 0.000007372 add_time= 0.000093284
2750 0.000104414 2750 0.000007753 add_time= 0.000127888
2500 0.000132822 2500 0.000007156 add_time= 0.000163129
2500 0.000016828 2500 0.000023872 add_time= 0.000055900
2600 0.000206867 2600 0.000007509 add_time= 0.000242030
2600 0.000098128 2600 0.000006995 add_time= 0.000120544
2750 0.000077122 2750 0.000007999 add_time= 0.000100618
2550 0.000093503 2550 0.000007265 add_time= 0.000116298
3025 0.000016448 3025 0.000017356 add_time= 0.000049543
1250 0.000245697 1250 0.000006171 add_time= 0.000263190
2500 0.000534971 2500 0.000007183 add_time= 0.000557318
2970 0.000074941 2970 0.000007258 add_time= 0.000098735
2550 0.000089805 2550 0.000006748 add_time= 0.000111444
2550 0.000082361 2550 0.000005673 add_time= 0.000100952
2808 0.000166627 2808 0.000012226 add_time= 0.000193739
1250 0.000126551 1250 0.000006217 add_time= 0.000145426
2704 0.000126920 2704 0.000017561 add_time= 0.000167754
3025 0.000105769 3025 0.000018050 add_time= 0.000144907
2700 0.000104004 2700 0.000016540 add_time= 0.000145193
2500 0.000073108 2500 0.000007309 add_time= 0.000110762
2500 0.000017878 2500 0.000023043 add_time= 0.000068559
2600 0.000113809 2600 0.000007846 add_time= 0.000140338
2750 0.000129930 2750 0.000007524 add_time= 0.000157338
2500 0.000067449 2500 0.000006381 add_time= 0.000091735
2700 0.000022481 2700 0.000043173 add_time= 0.000086353
2500 0.000106797 2500 0.000006379 add_time= 0.000129548
1250 0.000116038 1250 0.000006317 add_time= 0.000135547
2550 0.000111124 2550 0.000017065 add_time= 0.000144537
2750 0.000146216 2750 0.000007343 add_time= 0.000169509
2500 0.000075512 2500 0.000018495 add_time= 0.000109858
2601 0.000106196 2601 0.000006380 add_time= 0.000127198
2650 0.000006571 2650 0.000024754 add_time= 0.000044908
2805 0.000078872 2805 0.000006917 add_time= 0.000099980
2550 0.000053776 2550 0.000008168 add_time= 0.000077128
2500 0.000209591 2500 0.000006391 add_time= 0.000231734
3025 0.000039087 3025 0.000007057 add_time= 0.000063234
1275 0.000057778 1275 0.000006441 add_time= 0.000077912
2500 0.000139370 2500 0.000010088 add_time= 0.000165286
1250 0.000067026 1250 0.000006093 add_time= 0.000085283
2600 0.000151506 2600 0.000007500 add_time= 0.000174290
2750 0.000166494 2750 0.000006347 add_time= 0.000186693
2750 0.000107390 2750 0.000007272 add_time= 0.000146714
2500 0.000078428 2500 0.000006949 add_time= 0.000106983
2700 0.000305857 2700 0.000007609 add_time= 0.000340378
2700 0.003999845 2700 0.000007251 add_time= 0.004021584
2860 0.000169799 2860 0.000008762 add_time= 0.000208034
2750 0.000094186 2750 0.000006661 add_time= 0.000115975
2805 0.000078207 2805 0.000006722 add_time= 0.000111156
3025 0.000090445 3025 0.000014203 add_time= 0.000119981
2805 0.000085235 2805 0.000006918 add_time= 0.000106690
2970 0.000019069 2970 0.000025480 add_time= 0.000061476
2750 0.000058006 2750 0.000007069 add_time= 0.000079421
2915 0.000185689 2915 0.000007096 add_time= 0.000210126
2756 0.000044035 2756 0.000036945 add_time= 0.000095427
3025 0.000059655 3025 0.000007262 add_time= 0.000099139
2750 0.000061832 2750 0.000024687 add_time= 0.000101909
2550 0.000283380 2550 0.000006784 add_time= 0.000304935
2600 0.000119783 2600 0.000007899 add_time= 0.000144030
2650 0.000135142 2650 0.000006651 add_time= 0.000161160
2750 0.000085396 2750 0.000007583 add_time= 0.000121167
2500 0.000043022 2500 0.000006004 add_time= 0.000065433
2805 0.000042311 2805 0.000007006 add_time= 0.000065822
2500 0.000070914 2500 0.000005923 add_time= 0.000091010
2700 0.000006937 2700 0.000024095 add_time= 0.000047400
1325 0.000053035 1325 0.000006326 add_time= 0.000074678
2500 0.000006859 2500 0.000009852 add_time= 0.000073578
2600 0.000063855 2600 0.000007718 add_time= 0.000101149
2550 0.000024374 2550 0.000007844 add_time= 0.000066620
2754 0.000007490 2754 0.000009134 add_time= 0.000056440
2700 0.000062060 2700 0.000083445 add_time= 0.000174297
2500 0.000081663 2500 0.000015788 add_time= 0.000125299
2704 0.000270770 2704 0.000006525 add_time= 0.000294732
2750 0.000137330 2750 0.000005822 add_time= 0.000157938
2650 0.000055387 2650 0.000007290 add_time= 0.000079978
2500 0.000024545 2500 0.000005527 add_time= 0.000046246
2700 0.000018768 2700 0.000025966 add_time= 0.000062292
1375 0.000017407 1375 0.000006295 add_time= 0.000039390
2860 0.000199893 2860 0.000006731 add_time= 0.000239762
2550 0.000042999 2550 0.000005989 add_time= 0.000062554
2550 0.000040246 2550 0.000005737 add_time= 0.000058862
2750 0.000063389 2750 0.000015383 add_time= 0.000094255
2500 0.000020510 2500 0.000006219 add_time= 0.000040657
2805 0.000034868 2805 0.000005449 add_time= 0.000053710
2860 0.000016223 2860 0.000015449 add_time= 0.000047091
2700 0.000176814 2700 0.000007255 add_time= 0.000200179
2860 0.000060763 2860 0.000007086 add_time= 0.000094763
2915 0.000064989 2915 0.000006194 add_time= 0.000084964
2500 0.000065752 2500 0.000005724 add_time= 0.000084531
2500 0.000088687 2500 0.000006483 add_time= 0.000110067
2754 0.000016602 2754 0.000014640 add_time= 0.000047657
2500 0.000061838 2500 0.000006610 add_time= 0.000082225
2550 0.000090844 2550 0.000007147 add_time= 0.000114091
2500 0.000038867 2500 0.000010846 add_time= 0.000063164
2500 0.000064803 2500 0.000018212 add_time= 0.000098068
2750 0.000022779 2750 0.000006454 add_time= 0.000043806
2550 0.000025437 2550 0.000006576 add_time= 0.000047280
2550 0.000016350 2550 0.000015673 add_time= 0.000047792
2860 0.000188452 2860 0.000007182 add_time= 0.000211951
2750 0.000048312 2750 0.000006508 add_time= 0.000070337
2750 0.000029023 2750 0.000006457 add_time= 0.000051633
2805 0.000114505 2805 0.000006438 add_time= 0.000136243
2500 0.000016097 2500 0.000012573 add_time= 0.000043930
2860 0.000068385 2860 0.000014679 add_time= 0.000100044
2500 0.000063739 2500 0.000006732 add_time= 0.000085943
2750 0.000125019 2750 0.000006747 add_time= 0.000147455
2550 0.000158426 2550 0.000007242 add_time= 0.000192132
3025 0.000092119 3025 0.000007128 add_time= 0.000122509
1275 0.000028877 1275 0.000005112 add_time= 0.000046545
2756 0.000214387 2756 0.000019718 add_time= 0.000266845
2500 0.000068800 2500 0.000008597 add_time= 0.000098758
2750 0.000096884 2750 0.000008263 add_time= 0.000125089
2500 0.000079714 2500 0.000007500 add_time= 0.000105375
2750 0.000147860 2750 0.000006973 add_time= 0.000171671
1300 0.000095333 1300 0.000006755 add_time= 0.000119958
2860 0.000146835 2860 0.000006862 add_time= 0.000171677
2500 0.000049194 2500 0.000006668 add_time= 0.000072055
2750 0.000075943 2750 0.000007106 add_time= 0.000116203
2601 0.000354471 2601 0.000006992 add_time= 0.000378369
2750 0.000008353 2750 0.000017067 add_time= 0.000050930
2700 0.000248898 2700 0.000009091 add_time= 0.000281604
2750 0.000090731 2750 0.000006885 add_time= 0.000114407
2500 0.000065250 2500 0.000007618 add_time= 0.000088793
2500 0.000093005 2500 0.000006917 add_time= 0.000118914
2500 0.000072392 2500 0.000007027 add_time= 0.000106977
2750 0.000140139 2750 0.000006950 add_time= 0.000163597
2652 0.000334859 2652 0.000006694 add_time= 0.000358659
2550 0.000132012 2550 0.000006661 add_time= 0.000155505
2550 0.000074500 2550 0.000007962 add_time= 0.000107769
2754 0.000257370 2754 0.000007161 add_time= 0.000281200
2500 0.000089912 2500 0.000005964 add_time= 0.000110262
2500 0.000136185 2500 0.000007281 add_time= 0.000159057
2915 0.000194713 2915 0.000007801 add_time= 0.000219567
2650 0.000054196 2650 0.000006359 add_time= 0.000076031
2750 0.000063204 2750 0.000006469 add_time= 0.000085821
2550 0.000085139 2550 0.000005960 add_time= 0.000114215
2500 0.000155206 2500 0.000006805 add_time= 0.000176481
2500 0.000106256 2500 0.000026027 add_time= 0.000148316
2703 0.000182911 2703 0.000007198 add_time= 0.000214393
2750 0.000205518 2750 0.000008552 add_time= 0.000230186
2550 0.000132818 2550 0.000006978 add_time= 0.000156516
2500 0.000140308 2500 0.000006116 add_time= 0.000162271
2600 0.000028633 2600 0.000015530 add_time= 0.000060139
1250 0.000068668 1250 0.000034285 add_time= 0.000126325
2704 0.000165156 2704 0.000007763 add_time= 0.000190055
2860 0.000136472 2860 0.000006753 add_time= 0.000158174
2805 0.000054423 2805 0.000007063 add_time= 0.000076908
2600 0.000119408 2600 0.000023424 add_time= 0.000169648
2500 0.000130927 2500 0.000006766 add_time= 0.000154888
2700 0.000007066 2700 0.000016025 add_time= 0.000040469
1375 0.000033783 1375 0.000006162 add_time= 0.000052793
2860 0.000179218 2860 0.000007169 add_time= 0.000205109
2600 0.000153845 2600 0.000006927 add_time= 0.000176827
2970 0.000062857 2970 0.000006301 add_time= 0.000084369
2550 0.000141931 2550 0.000006910 add_time= 0.000164668
2700 0.000085744 2700 0.000007266 add_time= 0.000108967
2500 0.000781456 2500 0.000006706 add_time= 0.000804058
2600 0.000045976 2600 0.000008053 add_time= 0.000099646
2600 0.000039876 2600 0.000007884 add_time= 0.000088780
2805 0.000039507 2805 0.000007625 add_time= 0.000072318
1250 0.000103623 1250 0.000006509 add_time= 0.000133075
2550 0.000049719 2550 0.000007296 add_time= 0.000079956
2550 0.000042841 2550 0.000007991 add_time= 0.000076914
1250 0.000048769 1250 0.000007747 add_time= 0.000092084
2500 0.000068027 2500 0.000006184 add_time= 0.000089404
1300 0.000138992 1300 0.000005211 add_time= 0.000156397
2750 0.000218278 2750 0.000007298 add_time= 0.000241944
2750 0.000181877 2750 0.000006250 add_time= 0.000202228
1250 0.000101142 1250 0.000005596 add_time= 0.000118046
2700 0.000007421 2700 0.000035396 add_time= 0.000074659
1250 0.000049773 1250 0.000006568 add_time= 0.000069064
2600 0.000065356 2600 0.000006664 add_time= 0.000086020
2750 0.000141547 2750 0.000007688 add_time= 0.000164727
2750 0.000141195 2750 0.000007523 add_time= 0.000162160
3025 0.000098267 3025 0.000006845 add_time= 0.000120425
2550 0.000088358 2550 0.000006991 add_time= 0.000110549
2750 0.000085728 2750 0.000007027 add_time= 0.000107548
2860 0.000115859 2860 0.000007120 add_time= 0.000138838
2750 0.000063180 2750 0.000007985 add_time= 0.000097625
2805 0.000091642 2805 0.000007469 add_time= 0.000115037
2750 0.000105438 2750 0.000007320 add_time= 0.000128405
3025 0.000130742 3025 0.000007101 add_time= 0.000152112
2500 0.000064397 2500 0.000007165 add_time= 0.000087164
2860 0.000133803 2860 0.000007754 add_time= 0.000157063
2550 0.000091691 2550 0.000005987 add_time= 0.000111125
2550 0.000063895 2550 0.000006448 add_time= 0.000085155
2500 0.000014694 2500 0.000014700 add_time= 0.000044305
2600 0.000211574 2600 0.000008089 add_time= 0.000235341
2915 0.000177793 2915 0.000007366 add_time= 0.000200888
2750 0.000057978 2750 0.000007005 add_time= 0.000091565
2550 0.000108661 2550 0.000006516 add_time= 0.000130200
2500 0.000075160 2500 0.000017516 add_time= 0.000107876
3025 0.000085095 3025 0.000006774 add_time= 0.000106408
2703 0.000236371 2703 0.000007487 add_time= 0.000259217
2550 0.000197295 2550 0.000014890 add_time= 0.000227498
2700 0.000121424 2700 0.000021480 add_time= 0.000156737
2970 0.000079657 2970 0.000007476 add_time= 0.000102744
2601 0.000087432 2601 0.000006924 add_time= 0.000120069
2750 0.000071212 2750 0.000019094 add_time= 0.000106035
2500 0.000063191 2500 0.000006734 add_time= 0.000084710
2750 0.000228810 2750 0.000007398 add_time= 0.000251324
2750 0.000092824 2750 0.000006601 add_time= 0.000113421
2550 0.000099805 2550 0.000006752 add_time= 0.000121559
2550 0.000098368 2550 0.000006498 add_time= 0.000118356
1350 0.000019762 1350 0.000009926 add_time= 0.000040885
2704 0.000258645 2704 0.000008854 add_time= 0.000291797
2860 0.000088979 2860 0.000036848 add_time= 0.000143311
3025 0.000087365 3025 0.000007438 add_time= 0.000113510
2750 0.000478427 2750 0.000007403 add_time= 0.000503137
2600 0.000109056 2600 0.000006522 add_time= 0.000130712
2500 0.000016639 2500 0.000021621 add_time= 0.000057787
2550 0.000439589 2550 0.000008366 add_time= 0.000468461
2600 0.000093549 2600 0.000027189 add_time= 0.000136538
2500 0.000149501 2500 0.000021989 add_time= 0.000188493
1250 0.000049518 1250 0.000006921 add_time= 0.000072965
2550 0.000136166 2550 0.000006569 add_time= 0.000160944
2805 0.000126800 2805 0.000018889 add_time= 0.000163788
2550 0.000284497 2550 0.000007354 add_time= 0.000311885
2600 0.000219514 2600 0.000007143 add_time= 0.000243478
2750 0.000136797 2750 0.000006969 add_time= 0.000171054
2550 0.000114539 2550 0.000006298 add_time= 0.000142737
2500 0.000094163 2500 0.000007430 add_time= 0.000117783
1325 0.000092872 1325 0.000006357 add_time= 0.000112803
2600 0.000171257 2600 0.000015065 add_time= 0.000202630
2750 0.000097246 2750 0.000007579 add_time= 0.000121394
2750 0.000097304 2750 0.000023805 add_time= 0.000135571
2601 0.000091877 2601 0.000007590 add_time= 0.000126903
2915 0.000014625 2915 0.000036732 add_time= 0.000067667
2600 0.000247653 2600 0.000006684 add_time= 0.000270648
2750 0.000100431 2750 0.000013682 add_time= 0.000141338
2550 0.000110031 2550 0.000007125 add_time= 0.000132971
2600 0.000031774 2600 0.000006648 add_time= 0.000058748
2500 0.000083006 2500 0.000006799 add_time= 0.000111835
2550 0.000065332 2550 0.000018169 add_time= 0.000098680
2500 0.000244701 2500 0.000016665 add_time= 0.000288497
2500 0.000135416 2500 0.000006099 add_time= 0.000156197
2550 0.000276307 2550 0.000007317 add_time= 0.000300608
2500 0.000064455 2500 0.000007450 add_time= 0.000098348
2550 0.000016904 2550 0.000024098 add_time= 0.000062806
2500 0.000125977 2500 0.000006923 add_time= 0.000148980
2750 0.000158772 2750 0.000007650 add_time= 0.000191994
2805 0.000098050 2805 0.000016134 add_time= 0.000129056
2500 0.000076465 2500 0.000014708 add_time= 0.000107399
2700 0.000018568 2700 0.000015123 add_time= 0.000053809
1375 0.000091721 1375 0.000006490 add_time= 0.000112938
2750 0.000132310 2750 0.000007198 add_time= 0.000162341
2500 0.000045904 2500 0.000006606 add_time= 0.000072547
2750 0.000038813 2750 0.000006843 add_time= 0.000062545
2550 0.000095408 2550 0.000016612 add_time= 0.000128975
2550 0.000108005 2550 0.000006400 add_time= 0.000130785
2805 0.000050134 2805 0.000026530 add_time= 0.000094592
2600 0.000299918 2600 0.000008722 add_time= 0.000354023
3025 0.000006473 3025 0.000009006 add_time= 0.000049297
2600 0.000037649 2600 0.000007056 add_time= 0.000082367
2652 0.000025482 2652 0.000007220 add_time= 0.000059697
2805 0.000053071 2805 0.000008855 add_time= 0.000094111
3025 0.000036536 3025 0.000008603 add_time= 0.000083244
2600 0.000102231 2600 0.000006369 add_time= 0.000138279
2500 0.000083967 2500 0.000006145 add_time= 0.000109243
3025 0.000116352 3025 0.000007174 add_time= 0.000142301
2652 0.000079185 2652 0.000006056 add_time= 0.000100894
2550 0.000060539 2550 0.000007629 add_time= 0.000092248
2805 0.000034644 2805 0.000007345 add_time= 0.000060730
2600 0.000223951 2600 0.000006786 add_time= 0.000248422
2805 0.000079498 2805 0.000007157 add_time= 0.000102661
2650 0.000086948 2650 0.000015068 add_time= 0.000117842
2703 0.000148518 2703 0.000007172 add_time= 0.000170265
2652 0.000177085 2652 0.000006880 add_time= 0.000206599
2600 0.000059716 2600 0.000012042 add_time= 0.000085197
2750 0.000016682 2750 0.000015904 add_time= 0.000048263
2600 0.000343150 2600 0.000007648 add_time= 0.000368126
2860 0.000119413 2860 0.000007166 add_time= 0.000150076
2805 0.000131638 2805 0.000006957 add_time= 0.000153310
2915 0.000071303 2915 0.000006718 add_time= 0.000092576
2550 0.000071170 2550 0.000007352 add_time= 0.000094913
2970 0.000015762 2970 0.000024485 add_time= 0.000055088
2750 0.000110450 2750 0.000012624 add_time= 0.000138461
2860 0.000129827 2860 0.000007454 add_time= 0.000155922
2750 0.000120621 2750 0.000018841 add_time= 0.000155411
2500 0.000131225 2500 0.000006868 add_time= 0.000155361
2805 0.000093957 2805 0.000007902 add_time= 0.000124956
2750 0.000124294 2750 0.000007580 add_time= 0.000145863
2600 0.000053121 2600 0.000018947 add_time= 0.000088611
2600 0.000225233 2600 0.000007031 add_time= 0.000249408
2500 0.000092724 2500 0.000006485 add_time= 0.000115732
1375 0.000127754 1375 0.000006596 add_time= 0.000156236
2703 0.000095010 2703 0.000006245 add_time= 0.000115867
2862 0.000076949 2862 0.000017502 add_time= 0.000114311
2500 0.000072522 2500 0.000006747 add_time= 0.000092772
2750 0.000090233 2750 0.000006710 add_time= 0.000114164
2550 0.000070972 2550 0.000006730 add_time= 0.000093673
2500 0.000081854 2500 0.000006521 add_time= 0.000108602
2500 0.000074842 2500 0.000006696 add_time= 0.000094989
2700 0.000063273 2700 0.000018845 add_time= 0.000098159
2500 0.000078428 2500 0.000006136 add_time= 0.000098094
2500 0.000260487 2500 0.000015372 add_time= 0.000293073
2500 0.000139966 2500 0.000007000 add_time= 0.000161848
2500 0.000195226 2500 0.000016264 add_time= 0.000227055
2601 0.000074832 2601 0.000006433 add_time= 0.000097070
2500 0.000075409 2500 0.000006963 add_time= 0.000107409
2805 0.000053536 2805 0.000006943 add_time= 0.000075385
2652 0.000114515 2652 0.000007049 add_time= 0.000138814
2750 0.000178567 2750 0.000007303 add_time= 0.000201112
2550 0.000093665 2550 0.000007160 add_time= 0.000116802
1275 0.000064633 1275 0.000006926 add_time= 0.000104061
2500 0.000080556 2500 0.000006625 add_time= 0.000102963
2550 0.000106079 2550 0.000007787 add_time= 0.000135796
2500 0.000074195 2500 0.000006382 add_time= 0.000099073
2750 0.000081984 2750 0.000013813 add_time= 0.000116327
1250 0.000074208 1250 0.000006799 add_time= 0.000118367
2700 0.000020836 2700 0.000031796 add_time= 0.000072334
1375 0.000236842 1375 0.000006764 add_time= 0.000262855
2704 0.000134453 2704 0.000007853 add_time= 0.000159755
2750 0.000220548 2750 0.000008372 add_time= 0.000255706
2750 0.000121839 2750 0.000005864 add_time= 0.000142107
2703 0.000175481 2703 0.000006348 add_time= 0.000197002
2808 0.000210185 2808 0.000007322 add_time= 0.000245487
3025 0.000018419 3025 0.000017281 add_time= 0.000051367
2500 0.000199401 2500 0.000008913 add_time= 0.000224510
1250 0.000174927 1250 0.000006601 add_time= 0.000195070
2750 0.000052645 2750 0.000007289 add_time= 0.000076379
2550 0.000109065 2550 0.000007235 add_time= 0.000131733
2550 0.000117423 2550 0.000006256 add_time= 0.000145582
2500 0.000006180 2500 0.000012106 add_time= 0.000032214
2500 0.000164359 2500 0.000006911 add_time= 0.000188050
2550 0.000099354 2550 0.000005957 add_time= 0.000119339
2805 0.000069539 2805 0.000007238 add_time= 0.000092942
2805 0.000089480 2805 0.000007535 add_time= 0.000113027
2550 0.000156259 2550 0.000006766 add_time= 0.000179098
1250 0.000068397 1250 0.000007607 add_time= 0.000096594
2700 0.000112651 2700 0.000006460 add_time= 0.000143206
2750 0.000087034 2750 0.000007742 add_time= 0.000110491
2750 0.000135052 2750 0.000008436 add_time= 0.000159632
2652 0.000066812 2652 0.000006010 add_time= 0.000086924
2500 0.000007035 2500 0.000022968 add_time= 0.000069638
2500 0.000177756 2500 0.000007467 add_time= 0.000218986
2652 0.000082363 2652 0.000008127 add_time= 0.000129145
2750 0.000141020 2750 0.000006410 add_time= 0.000162763
2600 0.000240847 2600 0.000006778 add_time= 0.000261783
2500 0.000198281 2500 0.000027283 add_time= 0.000241968
2750 0.000260466 2750 0.000006605 add_time= 0.000290488
2500 0.000006197 2500 0.000013715 add_time= 0.000033330
2860 0.000270564 2860 0.000007052 add_time= 0.000294035
2500 0.000172646 2500 0.000006590 add_time= 0.000194596
2550 0.000075165 2550 0.000007266 add_time= 0.000097982
2500 0.000263271 2500 0.000007122 add_time= 0.000294475
2500 0.000068983 2500 0.000007322 add_time= 0.000091953
1350 0.000058063 1350 0.000012404 add_time= 0.000082827
2704 0.000213111 2704 0.000007221 add_time= 0.000240626
2750 0.000057542 2750 0.000006376 add_time= 0.000078645
2750 0.000064786 2750 0.000007027 add_time= 0.000088760
1275 0.000058582 1275 0.000006644 add_time= 0.000080100
2750 0.000059531 2750 0.000006995 add_time= 0.000083320
1250 0.000441659 1250 0.000005719 add_time= 0.000459568
2652 0.000129120 2652 0.000008768 add_time= 0.000190032
1375 0.000054091 1375 0.000008269 add_time= 0.000096659
2500 0.000031222 2500 0.000015801 add_time= 0.000075075
2754 0.000016021 2754 0.000008375 add_time= 0.000063043
2805 0.000050438 2805 0.000007482 add_time= 0.000083534
2600 0.000037067 2600 0.000006835 add_time= 0.000090993
2500 0.000039047 2500 0.000014614 add_time= 0.000091912
2600 0.000166169 2600 0.000006596 add_time= 0.000191321
2600 0.000039082 2600 0.000010113 add_time= 0.000065065
2750 0.000054113 2750 0.000013855 add_time= 0.000083145
2500 0.000106903 2500 0.000005644 add_time= 0.000128141
2550 0.000026182 2550 0.000015028 add_time= 0.000057343
2750 0.000018059 2750 0.000134842 add_time= 0.000169790
2860 0.000386340 2860 0.000008107 add_time= 0.000415467
2860 0.000057477 2860 0.000006832 add_time= 0.000099123
2750 0.000108215 2750 0.000007838 add_time= 0.000134596
2500 0.000048410 2500 0.000006366 add_time= 0.000069273
2601 0.000065695 2601 0.000007248 add_time= 0.000099384
2500 0.000016233 2500 0.000014989 add_time= 0.000045404
1275 0.000072970 1275 0.000007559 add_time= 0.000094476
2750 0.000243645 2750 0.000007553 add_time= 0.000271950
2805 0.000041860 2805 0.000007437 add_time= 0.000079816
2700 0.000078875 2700 0.000006370 add_time= 0.000100807
2750 0.000069817 2750 0.000007392 add_time= 0.000094464
2550 0.000073435 2550 0.000007049 add_time= 0.000097033
2550 0.000182978 2550 0.000006322 add_time= 0.000211763
3025 0.000066803 3025 0.000006530 add_time= 0.000099905
2860 0.000263542 2860 0.000008996 add_time= 0.000293873
2860 0.000108183 2860 0.000006742 add_time= 0.000130587
2860 0.000291617 2860 0.000006244 add_time= 0.000312597
3025 0.000044640 3025 0.000007442 add_time= 0.000069838
2754 0.000058008 2754 0.000006873 add_time= 0.000082475
1250 0.000088943 1250 0.000006597 add_time= 0.000109627
2700 0.000572422 2700 0.000007978 add_time= 0.000600536
2550 0.000115333 2550 0.000007348 add_time= 0.000156723
3025 0.000081266 3025 0.000008069 add_time= 0.000106560
2550 0.000053065 2550 0.000007067 add_time= 0.000076620
2550 0.000102984 2550 0.000007037 add_time= 0.000130993
2750 0.000132806 2750 0.000006880 add_time= 0.000156933
2860 0.000160647 2860 0.000009558 add_time= 0.000190574
2750 0.000109286 2750 0.000008281 add_time= 0.000135812
2500 0.000063392 2500 0.000007191 add_time= 0.000086616
2500 0.000069877 2500 0.000006870 add_time= 0.000091880
2805 0.000106043 2805 0.000015219 add_time= 0.000136473
2500 0.000018646 2500 0.000016427 add_time= 0.000053026
1250 0.000084615 1250 0.000006716 add_time= 0.000103616
2500 0.000214058 2500 0.000008980 add_time= 0.000245092
2600 0.000109674 2600 0.000006829 add_time= 0.000140274
3025 0.000281462 3025 0.000014504 add_time= 0.000312744
2970 0.000134126 2970 0.000007391 add_time= 0.000174830
2550 0.000071288 2550 0.000007106 add_time= 0.000095681
2500 0.000075565 2500 0.000006900 add_time= 0.000099479
2704 0.000096989 2704 0.000017607 add_time= 0.000135823
2600 0.000031201 2600 0.000006282 add_time= 0.000053026
2500 0.000141455 2500 0.000007479 add_time= 0.000165185
2750 0.000075340 2750 0.000009674 add_time= 0.000112888
2550 0.000071803 2550 0.000007111 add_time= 0.000094182
2915 0.000019102 2915 0.000017833 add_time= 0.000055206
1250 0.000045824 1250 0.000006547 add_time= 0.000064922
2600 0.000226574 2600 0.000007181 add_time= 0.000252455
2750 0.000193404 2750 0.000007852 add_time= 0.000218467
2550 0.000192048 2550 0.000007618 add_time= 0.000219774
2652 0.000049548 2652 0.000007536 add_time= 0.000073818
2550 0.000100270 2550 0.000006567 add_time= 0.000124957
2916 0.000020260 2916 0.000016857 add_time= 0.000053580
2500 0.000107369 2500 0.000008508 add_time= 0.000132514
2750 0.000531006 2750 0.000007608 add_time= 0.000564526
2750 0.000137558 2750 0.000007229 add_time= 0.000163867
2500 0.000044676 2500 0.000006985 add_time= 0.000068565
2703 0.000086074 2703 0.000007121 add_time= 0.000110444
2500 0.000426777 2500 0.000018178 add_time= 0.000471588
1375 0.000121755 1375 0.000006432 add_time= 0.000144018
2600 0.000259776 2600 0.000007492 add_time= 0.000290497
2750 0.000077176 2750 0.000006468 add_time= 0.000113945
2650 0.000034699 2650 0.000007251 add_time= 0.000066684
2500 0.000090224 2500 0.000006420 add_time= 0.000113931
2700 0.000013369 2700 0.000034907 add_time= 0.000066454
2550 0.000093781 2550 0.000012656 add_time= 0.000124729
2500 0.000128745 2500 0.000006527 add_time= 0.000153921
2750 0.000056977 2750 0.000007104 add_time= 0.000081014
2600 0.000072624 2600 0.000006489 add_time= 0.000104540
2700 0.000034867 2700 0.000006628 add_time= 0.000066768
2700 0.000006655 2700 0.000023897 add_time= 0.000056185
1275 0.000060321 1275 0.000006801 add_time= 0.000081368
2750 0.000137069 2750 0.000006763 add_time= 0.000162796
2860 0.000119944 2860 0.000006440 add_time= 0.000142505
2750 0.000154374 2750 0.000006826 add_time= 0.000187474
2550 0.000106003 2550 0.000006644 add_time= 0.000129313
2550 0.000142964 2550 0.000005887 add_time= 0.000168846
2650 0.000177760 2650 0.000008155 add_time= 0.000224820
3025 0.000043173 3025 0.000006884 add_time= 0.000086275
2600 0.000210474 2600 0.000006423 add_time= 0.000235686
2750 0.000048251 2750 0.000006617 add_time= 0.000071885
3025 0.000286391 3025 0.000006688 add_time= 0.000312320
2750 0.000062138 2750 0.000005955 add_time= 0.000091247
2550 0.000052266 2550 0.000013103 add_time= 0.000081417
2750 0.000016153 2750 0.000014951 add_time= 0.000047562
1250 0.000038859 1250 0.000007024 add_time= 0.000060007
2750 0.000271597 2750 0.000008000 add_time= 0.000306952
2970 0.000237708 2970 0.000008415 add_time= 0.000262598
2700 0.000119433 2700 0.000007293 add_time= 0.000142306
2652 0.000103603 2652 0.000007232 add_time= 0.000126475
2500 0.000016956 2500 0.000014640 add_time= 0.000046727
1250 0.000032881 1250 0.000005783 add_time= 0.000057967
2650 0.000365567 2650 0.000007299 add_time= 0.000388867
2805 0.000102931 2805 0.000013154 add_time= 0.000132411
2750 0.000263936 2750 0.000006849 add_time= 0.000286105
2600 0.000212114 2600 0.000026501 add_time= 0.000253869
2550 0.000006680 2550 0.000014047 add_time= 0.000034067
1250 0.000066370 1250 0.000006381 add_time= 0.000083872
2600 0.000167730 2600 0.000007104 add_time= 0.000192412
2970 0.000051826 2970 0.000006813 add_time= 0.000084118
2600 0.000052597 2600 0.000016990 add_time= 0.000094385
2550 0.000058198 2550 0.000008799 add_time= 0.000080541
2550 0.000036872 2550 0.000005263 add_time= 0.000055194
3025 0.000024888 3025 0.000007344 add_time= 0.000048747
2756 0.000032351 2756 0.000014885 add_time= 0.000130915
2750 0.000038428 2750 0.000008435 add_time= 0.000076278
3025 0.000048366 3025 0.000008130 add_time= 0.000083919
2550 0.000008688 2550 0.000009126 add_time= 0.000056508
1275 0.000040913 1275 0.000006989 add_time= 0.000077786
2750 0.000083972 2750 0.000008621 add_time= 0.000119769
2500 0.000208031 2500 0.000006655 add_time= 0.000231150
2500 0.000097603 2500 0.000005778 add_time= 0.000117760
2500 0.000116345 2500 0.000006821 add_time= 0.000138358
2805 0.000084302 2805 0.000006461 add_time= 0.000109911
2550 0.000132519 2550 0.000007855 add_time= 0.000166211
2700 0.000006794 2700 0.000024893 add_time= 0.000045596
2500 0.000185964 2500 0.000008559 add_time= 0.000213651
2500 0.000058376 2500 0.000006772 add_time= 0.000080062
2750 0.000171472 2750 0.000007485 add_time= 0.000196407
2550 0.000086765 2550 0.000007005 add_time= 0.000129334
2601 0.000057202 2601 0.000006991 add_time= 0.000090777
2700 0.000016416 2700 0.000016324 add_time= 0.000049461
2500 0.000069337 2500 0.000007224 add_time= 0.000093143
2500 0.000065855 2500 0.000007715 add_time= 0.000092521
2600 0.000076031 2600 0.000006118 add_time= 0.000097350
2750 0.000039464 2750 0.000007155 add_time= 0.000070903
2750 0.000123197 2750 0.000006681 add_time= 0.000145569
2550 0.000054293 2550 0.000006864 add_time= 0.000077635
2750 0.000017290 2750 0.000080494 add_time= 0.000117942
2550 0.000073829 2550 0.000008038 add_time= 0.000101794
2500 0.000118528 2500 0.000019258 add_time= 0.000154929
2750 0.000060157 2750 0.000007421 add_time= 0.000085350
2652 0.000058727 2652 0.000007619 add_time= 0.000083103
2550 0.000074885 2550 0.000017936 add_time= 0.000108686
2650 0.000036344 2650 0.000017442 add_time= 0.000078842
1250 0.000045663 1250 0.000005610 add_time= 0.000063680
1250 0.000192787 1250 0.000007417 add_time= 0.000218219
2652 0.000052980 2652 0.000006606 add_time= 0.000075646
2750 0.000052520 2750 0.000014899 add_time= 0.000082732
3025 0.000097134 3025 0.000006253 add_time= 0.000122338
2703 0.000082152 2703 0.000005988 add_time= 0.000103308
2700 0.000083020 2700 0.000006362 add_time= 0.000110707
2500 0.000077356 2500 0.000024769 add_time= 0.000123900
2652 0.000247894 2652 0.000007447 add_time= 0.000274613
2600 0.000097391 2600 0.000006104 add_time= 0.000118316
2700 0.000033538 2700 0.000006876 add_time= 0.000055856
2750 0.000103372 2750 0.000006539 add_time= 0.000125020
2550 0.000075187 2550 0.000006183 add_time= 0.000096121
2700 0.000026261 2700 0.000016411 add_time= 0.000057841
2500 0.000168224 2500 0.000007361 add_time= 0.000194488
2750 0.000119831 2750 0.000017651 add_time= 0.000152510
2500 0.000077125 2500 0.000007218 add_time= 0.000105591
2750 0.000055454 2750 0.000006175 add_time= 0.000076568
2550 0.000083580 2550 0.000006821 add_time= 0.000105265
2500 0.000016203 2500 0.000014819 add_time= 0.000045673
1250 0.000057431 1250 0.000006041 add_time= 0.000075544
2600 0.000221266 2600 0.000009424 add_time= 0.000267154
2500 0.000134889 2500 0.000006923 add_time= 0.000156633
2915 0.000060235 2915 0.000006413 add_time= 0.000082143
2550 0.000107497 2550 0.000005757 add_time= 0.000127102
2500 0.000079997 2500 0.000006498 add_time= 0.000101478
2750 0.000038784 2750 0.000018769 add_time= 0.000072925
2650 0.000149485 2650 0.000006715 add_time= 0.000175551
2750 0.000090801 2750 0.000006410 add_time= 0.000132649
2500 0.000117640 2500 0.000007371 add_time= 0.000140353
2970 0.000088898 2970 0.000006646 add_time= 0.000111745
2601 0.000057287 2601 0.000006641 add_time= 0.000078801
2500 0.000016676 2500 0.000015071 add_time= 0.000045849
1250 0.000046689 1250 0.000006083 add_time= 0.000070952
2600 0.000296583 2600 0.000016948 add_time= 0.000332457
2750 0.000060666 2750 0.000007179 add_time= 0.000090353
2500 0.000041437 2500 0.000006587 add_time= 0.000062637
2550 0.000078164 2550 0.000006501 add_time= 0.000099889
2500 0.000016244 2500 0.000015034 add_time= 0.000045078
1250 0.000092378 1250 0.000006555 add_time= 0.000111095
2500 0.000460308 2500 0.000026689 add_time= 0.000520240
2750 0.000405437 2750 0.000007913 add_time= 0.000444248
2500 0.000061290 2500 0.000006911 add_time= 0.000084109
2550 0.000054566 2550 0.000025719 add_time= 0.000112024
2700 0.000025437 2700 0.000016002 add_time= 0.000068129
2550 0.000165304 2550 0.000006580 add_time= 0.000189019
2500 0.000447836 2500 0.000007532 add_time= 0.000472474
2805 0.000056332 2805 0.000024906 add_time= 0.000100557
2750 0.000080373 2750 0.000006732 add_time= 0.000104270
2550 0.000312763 2550 0.000006305 add_time= 0.000335348
2550 0.000077343 2550 0.000006276 add_time= 0.000099355
2550 0.000007650 2550 0.000016192 add_time= 0.000042699
2600 0.000285195 2600 0.000018158 add_time= 0.000322189
3025 0.000137013 3025 0.000007085 add_time= 0.000163710
2500 0.000199076 2500 0.000007267 add_time= 0.000226316
2601 0.000128414 2601 0.000007325 add_time= 0.000155476
2750 0.000006609 2750 0.000074910 add_time= 0.000097700
2860 0.000251983 2860 0.000007625 add_time= 0.000277914
2500 0.000174328 2500 0.000007220 add_time= 0.000203788
2500 0.000107871 2500 0.000012693 add_time= 0.000144558
2601 0.000088025 2601 0.000008709 add_time= 0.000112389
2750 0.000007090 2750 0.000024856 add_time= 0.000047319
2704 0.000299299 2704 0.000026420 add_time= 0.000351243
2750 0.000080748 2750 0.000026857 add_time= 0.000123902
2550 0.000066336 2550 0.000006683 add_time= 0.000088792
2500 0.000072839 2500 0.000007359 add_time= 0.000095512
2750 0.000009482 2750 0.000018748 add_time= 0.000044129
2500 0.000176008 2500 0.000007968 add_time= 0.000220126
2500 0.000103568 2500 0.000008300 add_time= 0.000126865
2750 0.000099895 2750 0.000007197 add_time= 0.000134565
2805 0.000107381 2805 0.000007499 add_time= 0.000130950
2700 0.000017133 2700 0.000015986 add_time= 0.000048773
1250 0.000066367 1250 0.000006029 add_time= 0.000096922
2500 0.000058539 2500 0.000006933 add_time= 0.000081224
2600 0.000558457 2600 0.000024373 add_time= 0.000596779
3025 0.000089413 3025 0.000006961 add_time= 0.000111026
2652 0.000164787 2652 0.000006649 add_time= 0.000197781
2652 0.000046564 2652 0.000006527 add_time= 0.000066941
2808 0.000402059 2808 0.000028110 add_time= 0.000444249
2750 0.000119720 2750 0.000007631 add_time= 0.000168055
2500 0.000087119 2500 0.000006399 add_time= 0.000119842
2550 0.000158019 2550 0.000006406 add_time= 0.000189267
2550 0.000042070 2550 0.000006838 add_time= 0.000076276
2970 0.000006771 2970 0.000024104 add_time= 0.000058189
625 0.000110329 625 0.000006159 add_time= 0.000146464
2500 0.000057176 2500 0.000028478 add_time= 0.000165210
2750 0.000051318 2750 0.000008252 add_time= 0.000106031
2601 0.000045133 2601 0.000008950 add_time= 0.000108257
2754 0.000008279 2754 0.000007866 add_time= 0.000060899
2750 0.000057941 2750 0.000138432 add_time= 0.000266784
1250 0.000032754 1250 0.000007995 add_time= 0.000085018
2700 0.000200295 2700 0.000007370 add_time= 0.000236240
2750 0.000057723 2750 0.000006146 add_time= 0.000088059
2500 0.000093074 2500 0.000006835 add_time= 0.000126130
2550 0.000063837 2550 0.000007074 add_time= 0.000099013
2500 0.000008597 2500 0.000021414 add_time= 0.000055723
2750 0.000060393 2750 0.000006566 add_time= 0.000097388
2750 0.000429258 2750 0.000006933 add_time= 0.000452938
2750 0.000088606 2750 0.000006692 add_time= 0.000111121
2500 0.000068520 2500 0.000007058 add_time= 0.000090187
2500 0.000073251 2500 0.000006668 add_time= 0.000094985
2500 0.000170511 2500 0.000007135 add_time= 0.000193114
2750 0.000093046 2750 0.000007511 add_time= 0.000121112
2600 0.000144437 2600 0.000006749 add_time= 0.000185895
2500 0.000126616 2500 0.000006750 add_time= 0.000148355
2750 0.000127762 2750 0.000007179 add_time= 0.000150643
2500 0.000067103 2500 0.000006600 add_time= 0.000088653
1350 0.000075272 1350 0.000005776 add_time= 0.000093889
2750 0.000269034 2750 0.000006899 add_time= 0.000293160
2750 0.000123279 2750 0.000007542 add_time= 0.000146181
2750 0.000099237 2750 0.000007099 add_time= 0.000122233
2601 0.000051454 2601 0.000006903 add_time= 0.000073658
2500 0.000077854 2500 0.000007224 add_time= 0.000100587
2756 0.000153518 2756 0.000006733 add_time= 0.000177131
2550 0.000228883 2550 0.000006568 add_time= 0.000250931
2500 0.000108630 2500 0.000007351 add_time= 0.000132451
2550 0.000073348 2550 0.000008119 add_time= 0.000097043
2500 0.000089889 2500 0.000007370 add_time= 0.000123966
2650 0.000081720 2650 0.000007446 add_time= 0.000105306
2600 0.000239110 2600 0.000007313 add_time= 0.000263607
2750 0.000140949 2750 0.000006568 add_time= 0.000167430
2805 0.000065606 2805 0.000006928 add_time= 0.000087821
2750 0.000147816 2750 0.000015654 add_time= 0.000179219
2500 0.000069038 2500 0.000008338 add_time= 0.000093044
2550 0.000119529 2550 0.000007422 add_time= 0.000155078
2805 0.000059199 2805 0.000006430 add_time= 0.000080257
2500 0.000097157 2500 0.000007875 add_time= 0.000120259
2652 0.000106499 2652 0.000006287 add_time= 0.000127130
1350 0.000005157 1350 0.000010095 add_time= 0.000026695
2500 0.000103709 2500 0.000006774 add_time= 0.000123796
2600 0.000202928 2600 0.000007023 add_time= 0.000226650
2500 0.000081042 2500 0.000006567 add_time= 0.000120443
2805 0.000099277 2805 0.000005841 add_time= 0.000119246
2805 0.000277829 2805 0.000006663 add_time= 0.000298378
2750 0.000089841 2750 0.000018528 add_time= 0.000122239
2500 0.000071893 2500 0.000006401 add_time= 0.000093802
2550 0.000112720 2550 0.000007037 add_time= 0.000134881
2550 0.000158368 2550 0.000007002 add_time= 0.000179334
2550 0.000313930 2550 0.000006720 add_time= 0.000345849
2550 0.000127574 2550 0.000006583 add_time= 0.000147750
2860 0.000265596 2860 0.000014998 add_time= 0.000308554
2600 0.000092325 2600 0.000007230 add_time= 0.000122423
2750 0.000049178 2750 0.000005913 add_time= 0.000068739
1375 0.000073116 1375 0.000005838 add_time= 0.000090165
2652 0.000115202 2652 0.000007265 add_time= 0.000136415
2700 0.000016427 2700 0.000030123 add_time= 0.000060605
625 0.000079835 625 0.000005813 add_time= 0.000104441
2750 0.000063808 2750 0.000006959 add_time= 0.000087482
2500 0.000126273 2500 0.000005889 add_time= 0.000146122
2750 0.000071991 2750 0.000006022 add_time= 0.000091515
2750 0.000087891 2750 0.000006283 add_time= 0.000108972
2550 0.000108628 2550 0.000006243 add_time= 0.000127835
2860 0.000015437 2860 0.000017193 add_time= 0.000057913
2860 0.000209593 2860 0.000010080 add_time= 0.000242132
2860 0.001725486 2860 0.000008516 add_time= 0.001748785
2550 0.000052704 2550 0.000026273 add_time= 0.000104384
2862 0.000311553 2862 0.000006611 add_time= 0.000333236
1350 0.000089181 1350 0.000006614 add_time= 0.000109966
2550 0.000111113 2550 0.000027348 add_time= 0.000154313
1250 0.001039838 1250 0.000006364 add_time= 0.001059767
2500 0.000126467 2500 0.000007489 add_time= 0.000148243
2550 0.000188965 2550 0.000006627 add_time= 0.000209360
2601 0.000041475 2601 0.000006268 add_time= 0.000061606
2750 0.000006314 2750 0.000025355 add_time= 0.000045735
1250 0.000056548 1250 0.000006374 add_time= 0.000076384
2500 0.000090770 2500 0.000006825 add_time= 0.000118108
2704 0.000137307 2704 0.000032729 add_time= 0.000184709
2915 0.000456255 2915 0.000005864 add_time= 0.000476917
1250 0.000066678 1250 0.000013704 add_time= 0.000094168
2550 0.000049412 2550 0.000005932 add_time= 0.000069617
2550 0.000007141 2550 0.000014732 add_time= 0.000044227
1250 0.000171623 1250 0.000006697 add_time= 0.000191744
2500 0.000226915 2500 0.000006810 add_time= 0.000258914
2500 0.000102136 2500 0.000013205 add_time= 0.000130963
2750 0.000090170 2750 0.000007524 add_time= 0.000113861
2805 0.000167106 2805 0.000006688 add_time= 0.000187399
2600 0.000096919 2600 0.000026364 add_time= 0.000138202
2500 0.000040368 2500 0.000006137 add_time= 0.000062013
2600 0.000210320 2600 0.000007384 add_time= 0.000232653
2600 0.000065415 2600 0.000006421 add_time= 0.000085208
2750 0.000075830 2750 0.000006505 add_time= 0.000109563
2500 0.000135583 2500 0.000027597 add_time= 0.000179045
2500 0.000006628 2500 0.000036574 add_time= 0.000056393
2500 0.000055845 2500 0.000006717 add_time= 0.000086110
2915 0.000355891 2915 0.000007295 add_time= 0.000400037
2500 0.000149119 2500 0.000006340 add_time= 0.000170563
2550 0.000158184 2550 0.000026588 add_time= 0.000200383
2750 0.000007977 2750 0.000015461 add_time= 0.000039920
2500 0.000114353 2500 0.000007254 add_time= 0.000138622
2652 0.000096601 2652 0.000006130 add_time= 0.000117579
3025 0.000118713 3025 0.000013690 add_time= 0.000149760
2750 0.000067998 2750 0.000006482 add_time= 0.000099124
1250 0.000177102 1250 0.000005735 add_time= 0.000194373
2500 0.000007457 2500 0.000014842 add_time= 0.000038102
2600 0.000083158 2600 0.000007350 add_time= 0.000107074
2500 0.000060107 2500 0.000005884 add_time= 0.000079809
2600 0.000075586 2600 0.000006772 add_time= 0.000096146
2601 0.000064909 2601 0.000007420 add_time= 0.000088099
2750 0.000071818 2750 0.000007163 add_time= 0.000095188
2500 0.000038287 2500 0.000006580 add_time= 0.000058826
2550 0.000083374 2550 0.000008626 add_time= 0.000143886
2652 0.000036138 2652 0.000007494 add_time= 0.000068099
2915 0.000091367 2915 0.000008095 add_time= 0.000124787
2805 0.000037904 2805 0.000008307 add_time= 0.000080241
2652 0.000050302 2652 0.000007992 add_time= 0.000093154
2860 0.000043208 2860 0.000028379 add_time= 0.000099890
2860 0.000183392 2860 0.000006477 add_time= 0.000209103
2600 0.000133886 2600 0.000005803 add_time= 0.000153542
2805 0.000114055 2805 0.000010027 add_time= 0.000139834
2550 0.000086474 2550 0.000006730 add_time= 0.000108009
2700 0.000007194 2700 0.000118574 add_time= 0.000142005
1250 0.000092364 1250 0.000006020 add_time= 0.000111559
2750 0.000066585 2750 0.000006757 add_time= 0.000087916
2808 0.000120050 2808 0.000013161 add_time= 0.000146913
2750 0.000118443 2750 0.000008429 add_time= 0.000138829
2550 0.000086848 2550 0.000012260 add_time= 0.000113287
2601 0.000054670 2601 0.000006420 add_time= 0.000074586
1250 0.000074613 1250 0.000005995 add_time= 0.000090781
2550 0.000178036 2550 0.000007228 add_time= 0.000200007
2600 0.000106539 2600 0.000007266 add_time= 0.000128796
2650 0.000052568 2650 0.000006578 add_time= 0.000074387
2805 0.000063410 2805 0.000006405 add_time= 0.000083037
2550 0.000069508 2550 0.000015494 add_time= 0.000099651
2500 0.000062935 2500 0.000006992 add_time= 0.000082651
2500 0.000236299 2500 0.000006996 add_time= 0.000257963
2600 0.000198554 2600 0.000007366 add_time= 0.000220982
2500 0.000106119 2500 0.000006880 add_time= 0.000127464
2500 0.000061727 2500 0.000006657 add_time= 0.000081547
2970 0.000099719 2970 0.000007484 add_time= 0.000122644
2805 0.000162398 2805 0.000007163 add_time= 0.000184770
2750 0.000027498 2750 0.000015189 add_time= 0.000055530
2500 0.000100964 2500 0.000008137 add_time= 0.000124503
2750 0.000106944 2750 0.000007132 add_time= 0.000134326
2750 0.000096895 2750 0.000006733 add_time= 0.000119108
2500 0.000185682 2500 0.000014991 add_time= 0.000215613
2500 0.000060636 2500 0.000006819 add_time= 0.000080460
3025 0.000117276 3025 0.000007361 add_time= 0.000139993
2500 0.000190054 2500 0.000015278 add_time= 0.000221453
3025 0.000077176 3025 0.000006856 add_time= 0.000100538
2750 0.000093971 2750 0.000007048 add_time= 0.000116598
2600 0.000037440 2600 0.000015584 add_time= 0.000067609
2754 0.000024567 2754 0.000016715 add_time= 0.000056791
2600 0.000232236 2600 0.000008166 add_time= 0.000256213
2805 0.000038624 2805 0.000006879 add_time= 0.000061011
2500 0.000063315 2500 0.000006548 add_time= 0.000084827
2550 0.000132566 2550 0.000018632 add_time= 0.000166776
2916 0.000017123 2916 0.000018852 add_time= 0.000051600
1375 0.000159798 1375 0.000006799 add_time= 0.000179289
1250 0.000206545 1250 0.000005761 add_time= 0.000224625
2750 0.000069085 2750 0.000015955 add_time= 0.000099853
2550 0.000120816 2550 0.000006181 add_time= 0.000141522
2550 0.000159030 2550 0.000006575 add_time= 0.000180005
2650 0.000063667 2650 0.000006820 add_time= 0.000085350
1250 0.000256981 1250 0.000005411 add_time= 0.000274067
2550 0.000111126 2550 0.000006973 add_time= 0.000143709
2500 0.000079848 2500 0.000006197 add_time= 0.000107578
2500 0.000115696 2500 0.000006661 add_time= 0.000137301
2550 0.000162103 2550 0.000007423 add_time= 0.000184211
3025 0.000105975 3025 0.000006700 add_time= 0.000127697
2756 0.000065803 2756 0.000007160 add_time= 0.000089086
2600 0.000102697 2600 0.000015369 add_time= 0.000132828
2650 0.000053422 2650 0.000006959 add_time= 0.000075627
3025 0.000089578 3025 0.000007135 add_time= 0.000113135
2601 0.000061813 2601 0.000006660 add_time= 0.000083338
2550 0.000066192 2550 0.000007359 add_time= 0.000088257
2500 0.000013820 2500 0.000013790 add_time= 0.000040536
2860 0.000169378 2860 0.000006859 add_time= 0.000202969
2600 0.000118082 2600 0.000006143 add_time= 0.000137260
2750 0.000135198 2750 0.000006933 add_time= 0.000155480
3025 0.000061128 3025 0.000017844 add_time= 0.000094712
2550 0.000084160 2550 0.000006989 add_time= 0.000105552
3025 0.000017758 3025 0.000036872 add_time= 0.000070606
2500 0.000400044 2500 0.000007332 add_time= 0.000420925
2650 0.000660552 2650 0.000006685 add_time= 0.000688371
2750 0.000486549 2750 0.000025557 add_time= 0.000528589
2805 0.000072214 2805 0.000007230 add_time= 0.000095624
2805 0.000122487 2805 0.000007177 add_time= 0.000145539
2750 0.000028248 2750 0.000016190 add_time= 0.000060612
2600 0.000283503 2600 0.000007539 add_time= 0.000306116
2500 0.000222298 2500 0.000006217 add_time= 0.000243015
2500 0.000083500 2500 0.000007140 add_time= 0.000105955
2550 0.000201894 2550 0.000006608 add_time= 0.000224095
2750 0.000284352 2750 0.000007373 add_time= 0.000307915
2970 0.000145610 2970 0.000026706 add_time= 0.000186702
2600 0.000335792 2600 0.000007414 add_time= 0.000359002
2500 0.000090303 2500 0.000007819 add_time= 0.000122278
2750 0.000046588 2750 0.000006654 add_time= 0.000068295
2652 0.000081322 2652 0.000006638 add_time= 0.000103002
3025 0.000055554 3025 0.000026192 add_time= 0.000100398
2750 0.000107971 2750 0.000006809 add_time= 0.000130624
2860 0.000064340 2860 0.000006723 add_time= 0.000085206
2750 0.000032158 2750 0.000006823 add_time= 0.000063296
2650 0.000113992 2650 0.000007030 add_time= 0.000136635
2500 0.000232337 2500 0.000005812 add_time= 0.000251678
2750 0.000120518 2750 0.000007145 add_time= 0.000143051
2860 0.000213682 2860 0.000006804 add_time= 0.000237791
2500 0.000185467 2500 0.000007176 add_time= 0.000207637
3025 0.000103017 3025 0.000006953 add_time= 0.000134211
2550 0.000099752 2550 0.000006747 add_time= 0.000120147
2970 0.000017748 2970 0.000017470 add_time= 0.000049317
1250 0.000183822 1250 0.000034129 add_time= 0.000230743
2600 0.000200077 2600 0.000007593 add_time= 0.000232760
2600 0.000144389 2600 0.000006385 add_time= 0.000166224
2500 0.000200141 2500 0.000018997 add_time= 0.000234329
2700 0.000084459 2700 0.000006902 add_time= 0.000113727
2550 0.000184739 2550 0.000007745 add_time= 0.000207987
2500 0.000334148 2500 0.000007632 add_time= 0.000356069
1250 0.000086193 1250 0.000006410 add_time= 0.000106743
2550 0.000105488 2550 0.000006513 add_time= 0.000128605
2652 0.000046014 2652 0.000005933 add_time= 0.000066268
2600 0.000097644 2600 0.000026914 add_time= 0.000140595
2550 0.000089750 2550 0.000007049 add_time= 0.000112580
2805 0.000275471 2805 0.000006992 add_time= 0.000298978
2860 0.000007411 2860 0.000016220 add_time= 0.000038738
2600 0.000128346 2600 0.000007621 add_time= 0.000154872
2600 0.000052099 2600 0.000006978 add_time= 0.000074937
2500 0.000120714 2500 0.000006623 add_time= 0.000141000
1250 0.000041912 1250 0.000005581 add_time= 0.000058942
1250 0.000081171 1250 0.000006068 add_time= 0.000099041
2550 0.000104643 2550 0.000006536 add_time= 0.000124364
2550 0.000132084 2550 0.000008026 add_time= 0.000175674
2750 0.000116317 2750 0.000007536 add_time= 0.000150399
2750 0.000029774 2750 0.000007441 add_time= 0.000064095
2805 0.000078060 2805 0.000007394 add_time= 0.000118256
3025 0.000074302 3025 0.000017370 add_time= 0.000135473
2500 0.000093589 2500 0.000005990 add_time= 0.000115806
2500 0.000100223 2500 0.000006033 add_time= 0.000120331
2500 0.000072584 2500 0.000006013 add_time= 0.000091133
2550 0.000091804 2550 0.000006797 add_time= 0.000113521
2970 0.000008273 2970 0.000028428 add_time= 0.000052723
1375 0.000042821 1375 0.000006128 add_time= 0.000062705
2500 0.000207390 2500 0.000006576 add_time= 0.000229173
2600 0.000063849 2600 0.000006082 add_time= 0.000083664
3025 0.000289794 3025 0.000006418 add_time= 0.000310130
2601 0.000096505 2601 0.000006626 add_time= 0.000118078
2550 0.000066410 2550 0.000006912 add_time= 0.000088086
2750 0.000068883 2750 0.000026927 add_time= 0.000109338
2500 0.000144334 2500 0.000006864 add_time= 0.000166533
2750 0.000080535 2750 0.000007415 add_time= 0.000103257
2500 0.000071705 2500 0.000027283 add_time= 0.000114103
2750 0.000117107 2750 0.000025579 add_time= 0.000158330
2805 0.000095294 2805 0.000014041 add_time= 0.000123634
2500 0.000016390 2500 0.000014994 add_time= 0.000046092
2750 0.000076414 2750 0.000006992 add_time= 0.000096736
2550 0.000196800 2550 0.000026363 add_time= 0.000239359
2860 0.000129474 2860 0.000007426 add_time= 0.000152169
2500 0.000106733 2500 0.000007520 add_time= 0.000129100
2500 0.000080457 2500 0.000007371 add_time= 0.000102632
2750 0.000017541 2750 0.000015959 add_time= 0.000049110
1275 0.000032506 1275 0.000006342 add_time= 0.000059673
2700 0.000243377 2700 0.000026585 add_time= 0.000295384
3025 0.000402159 3025 0.000007145 add_time= 0.000424962
2750 0.000045884 2750 0.000006241 add_time= 0.000065292
2550 0.000106075 2550 0.000007269 add_time= 0.000128646
1350 0.000006149 1350 0.000018287 add_time= 0.000037057
625 0.000053150 625 0.000034219 add_time= 0.000098985
2650 0.000112156 2650 0.000007159 add_time= 0.000136107
2550 0.000055959 2550 0.000028096 add_time= 0.000099465
2750 0.000041918 2750 0.000026333 add_time= 0.000084609
2601 0.000098107 2601 0.000006634 add_time= 0.000118897
2808 0.000099391 2808 0.000007645 add_time= 0.000122752
1325 0.000059869 1325 0.000008318 add_time= 0.000079952
2500 0.000082205 2500 0.000007230 add_time= 0.000105574
2550 0.000045421 2550 0.000006400 add_time= 0.000065879
2750 0.000063030 2750 0.000007228 add_time= 0.000086000
2600 0.000038951 2600 0.000006785 add_time= 0.000061672
2550 0.000039175 2550 0.000005712 add_time= 0.000057943
2750 0.000116353 2750 0.000007152 add_time= 0.000137472
1375 0.000050551 1375 0.000006585 add_time= 0.000069834
2550 0.000651653 2550 0.000007063 add_time= 0.000677273
2750 0.000253460 2750 0.000007691 add_time= 0.000279786
3025 0.000092062 3025 0.000008292 add_time= 0.000117457
2805 0.000049257 2805 0.000007329 add_time= 0.000072247
2750 0.000046824 2750 0.000005742 add_time= 0.000066744
2700 0.000079735 2700 0.000007626 add_time= 0.000110321
2500 0.000109691 2500 0.000007790 add_time= 0.000145982
2860 0.000205707 2860 0.000007428 add_time= 0.000258613
2750 0.000054728 2750 0.000006824 add_time= 0.000088886
2550 0.000047320 2550 0.000006831 add_time= 0.000068963
2601 0.000102765 2601 0.000006920 add_time= 0.000123878
2916 0.000019730 2916 0.000028133 add_time= 0.000064672
1250 0.000071265 1250 0.000006534 add_time= 0.000108497
2600 0.000291803 2600 0.000016541 add_time= 0.000326264
1250 0.000157463 1250 0.000006454 add_time= 0.000177883
2860 0.000131034 2860 0.000006813 add_time= 0.000153359
2703 0.000055828 2703 0.000006604 add_time= 0.000076886
2805 0.000132518 2805 0.000027151 add_time= 0.000173816
1350 0.000070372 1350 0.000018204 add_time= 0.000103962
2600 0.000184938 2600 0.000007158 add_time= 0.000209962
2550 0.000156112 2550 0.000007296 add_time= 0.000178258
2500 0.000062005 2500 0.000013456 add_time= 0.000089530
2550 0.000056921 2550 0.000005885 add_time= 0.000087518
2700 0.000063037 2700 0.000006573 add_time= 0.000083960
2750 0.000068940 2750 0.000006561 add_time= 0.000090027
2550 0.000087193 2550 0.000010555 add_time= 0.000122642
2500 0.000118057 2500 0.000009327 add_time= 0.000155458
1250 0.000263757 1250 0.000007240 add_time= 0.000286772
2805 0.000170715 2805 0.000008116 add_time= 0.000205954
2550 0.000238010 2550 0.000007408 add_time= 0.000264951
2970 0.000106667 2970 0.000007287 add_time= 0.000134536
2750 0.000499933 2750 0.000007703 add_time= 0.000529009
2750 0.000069137 2750 0.000006651 add_time= 0.000093348
2915 0.000071403 2915 0.000007399 add_time= 0.000107800
2550 0.000212354 2550 0.000007921 add_time= 0.000248142
2500 0.000006963 2500 0.000021942 add_time= 0.000051272
2860 0.000171339 2860 0.000006891 add_time= 0.000206551
3025 0.000227016 3025 0.000024759 add_time= 0.000271581
2550 0.000169164 2550 0.000007482 add_time= 0.000195799
2550 0.000199093 2550 0.000007249 add_time= 0.000225880
2805 0.000080462 2805 0.000007817 add_time= 0.000108771
2860 0.000230348 2860 0.000008280 add_time= 0.000256033
2750 0.000090638 2750 0.000007253 add_time= 0.000116273
2500 0.000089589 2500 0.000007213 add_time= 0.000113971
2805 0.000212105 2805 0.000007868 add_time= 0.000238193
2500 0.000243131 2500 0.000024772 add_time= 0.000286738
2500 0.000097777 2500 0.000027611 add_time= 0.000141055
