2500 0.000019577 2500 0.000029240 add_time= 0.001851177
2500 0.000097946 2500 0.000007282 add_time= 0.000121143
1250 0.000052949 1250 0.000007572 add_time= 0.000075873
2550 0.000018326 2550 0.000056115 add_time= 0.000094428
2600 0.000057846 2600 0.000016516 add_time= 0.000090543
2756 0.000017305 2756 0.000083884 add_time= 0.000143986
1250 0.000183835 1250 0.000007060 add_time= 0.000243893
1250 0.000134100 1250 0.000044089 add_time= 0.000213408
2756 0.000010096 2756 0.000092931 add_time= 0.000136784
2750 0.000085132 2750 0.000008292 add_time= 0.000120249
2500 0.000129350 2500 0.000007085 add_time= 0.000166982
2860 0.000118861 2860 0.000006278 add_time= 0.000150299
2650 0.000021821 2650 0.000015957 add_time= 0.000063999
2500 0.000209213 2500 0.000006425 add_time= 0.000232062
2500 0.000065155 2500 0.000006862 add_time= 0.000087189
2756 0.000011413 2756 0.000017735 add_time= 0.000051981
2750 0.000074637 2750 0.000008489 add_time= 0.000110020
2500 0.001225130 2500 0.000007483 add_time= 0.001249233
2650 0.000024490 2650 0.000024219 add_time= 0.000091310
2805 0.000089900 2805 0.000007129 add_time= 0.000151123
2500 0.000094394 2500 0.000007386 add_time= 0.000127535
2500 0.000247710 2500 0.000025093 add_time= 0.000398557
2750 0.000063221 2750 0.000018086 add_time= 0.000129607
2805 0.000080277 2805 0.000008890 add_time= 0.000134638
1375 0.000045204 1375 0.000007241 add_time= 0.000141330
2500 0.000224292 2500 0.000020847 add_time= 0.001965004
2550 0.000098599 2550 0.000009101 add_time= 0.000125333
1250 0.000037137 1250 0.000006379 add_time= 0.000059591
2862 0.000020244 2862 0.000025739 add_time= 0.000076313
2500 0.000083504 2500 0.000009316 add_time= 0.000117373
2500 0.000099959 2500 0.000007630 add_time= 0.000122318
1350 0.000075945 1350 0.000005729 add_time= 0.000103792
2650 0.000010296 2650 0.000026900 add_time= 0.000122291
2750 0.000309399 2750 0.000007571 add_time= 0.000333299
2500 0.000184266 2500 0.000006721 add_time= 0.000205401
2650 0.000010262 2650 0.000089237 add_time= 0.000127469
2750 0.000159539 2750 0.000008618 add_time= 0.000186308
2600 0.000155949 2600 0.000034795 add_time= 0.000207438
2500 0.000323808 2500 0.000008276 add_time= 0.000348601
2750 0.000237287 2750 0.000008401 add_time= 0.000283107
2500 0.000028433 2500 0.000007285 add_time= 0.000052700
2500 0.000066852 2500 0.000038235 add_time= 0.000120742
625 0.000064463 625 0.000006322 add_time= 0.000098400
2704 0.000127538 2704 0.000009510 add_time= 0.000158356
2750 0.000147888 2750 0.000007435 add_time= 0.000171082
2750 0.000056293 2750 0.000007990 add_time= 0.000080578
1325 0.000089054 1325 0.000006602 add_time= 0.000109410
2750 0.000571893 2750 0.000013147 add_time= 0.000612989
2703 0.000146624 2703 0.000008210 add_time= 0.000182743
1325 0.000068992 1325 0.000018274 add_time= 0.000215697
2500 0.000042936 2500 0.000010673 add_time= 0.000094968
2750 0.000054811 2750 0.000019001 add_time= 0.000103008
2500 0.000020911 2500 0.000039927 add_time= 0.001240194
2500 0.000068096 2500 0.000006570 add_time= 0.000090617
2700 0.000066405 2700 0.000006448 add_time= 0.000087772
2750 0.000070221 2750 0.000006653 add_time= 0.000093037
2550 0.000053234 2550 0.000005781 add_time= 0.000072739
2500 0.000079096 2500 0.000006570 add_time= 0.000104771
2704 0.000017419 2704 0.000021553 add_time= 0.000054797
2500 0.000117568 2500 0.000006612 add_time= 0.000139223
2550 0.000050775 2550 0.000006622 add_time= 0.000072401
2550 0.000047084 2550 0.000008675 add_time= 0.000069294
2550 0.000059058 2550 0.000005844 add_time= 0.000087362
1250 0.000063219 1250 0.000006582 add_time= 0.000093998
2500 0.000007687 2500 0.000190778 add_time= 0.000228657
3025 0.000091676 3025 0.000006595 add_time= 0.000116822
2750 0.000109230 2750 0.000015944 add_time= 0.000142207
1250 0.000073292 1250 0.000006091 add_time= 0.000097175
2500 0.000074515 2500 0.000006804 add_time= 0.000102115
2500 0.000006519 2500 0.000023808 add_time= 0.000049136
2600 0.000018345 2600 0.000023774 add_time= 0.000067510
2750 0.000073046 2750 0.000007020 add_time= 0.000096463
2550 0.000033644 2550 0.000007167 add_time= 0.000057262
2700 0.000059789 2700 0.000007491 add_time= 0.000083934
1250 0.000066531 1250 0.000005884 add_time= 0.000087554
2500 0.000185409 2500 0.000008244 add_time= 0.000232812
2600 0.000147472 2600 0.000006940 add_time= 0.000176508
2500 0.000102719 2500 0.000007068 add_time= 0.000126899
2500 0.000199056 2500 0.000006724 add_time= 0.000222477
2650 0.000067905 2650 0.000009746 add_time= 0.000103407
2650 0.000094484 2650 0.000010067 add_time= 0.000120018
2500 0.000007362 2500 0.000125113 add_time= 0.000150735
2600 0.000006439 2600 0.000013682 add_time= 0.000036628
2550 0.000175401 2550 0.000006953 add_time= 0.000198870
2860 0.000063296 2860 0.000006017 add_time= 0.000084861
2550 0.000140860 2550 0.000010941 add_time= 0.000171145
2700 0.000390366 2700 0.000006772 add_time= 0.000413534
2500 0.000045383 2500 0.000006117 add_time= 0.000065624
2550 0.000016917 2550 0.000205337 add_time= 0.000242174
2600 0.000013834 2600 0.000022870 add_time= 0.000053135
3025 0.000106106 3025 0.000006233 add_time= 0.000132573
2700 0.001244859 2700 0.000007546 add_time= 0.001269696
2550 0.000164344 2550 0.000018014 add_time= 0.000198004
2700 0.000036380 2700 0.000006888 add_time= 0.000059842
1250 0.000090301 1250 0.000006723 add_time= 0.000112474
2650 0.000033172 2650 0.000009069 add_time= 0.000157249
2600 0.000036758 2600 0.000023544 add_time= 0.000095544
2500 0.000105257 2500 0.000008422 add_time= 0.000140406
2500 0.000036221 2500 0.000008104 add_time= 0.000069895
2550 0.000055140 2550 0.000007857 add_time= 0.000088652
2808 0.000015153 2808 0.000008361 add_time= 0.000063758
1250 0.000004845 1250 0.000008222 add_time= 0.000065803
2500 0.000492069 2500 0.000006919 add_time= 0.000530259
2500 0.000164161 2500 0.000007052 add_time= 0.000188030
2750 0.000162002 2750 0.000007387 add_time= 0.000190453
2754 0.000168184 2754 0.000006725 add_time= 0.000191546
1375 0.000103575 1375 0.000006600 add_time= 0.000125720
2600 0.000014568 2600 0.000135799 add_time= 0.000168547
2550 0.000146557 2550 0.000014726 add_time= 0.000178537
2550 0.000255135 2550 0.000005649 add_time= 0.000281366
1275 0.000048807 1275 0.000005982 add_time= 0.000070657
2500 0.000274407 2500 0.000006928 add_time= 0.000298465
2550 0.000026966 2550 0.000006361 add_time= 0.000055101
2750 0.000006374 2750 0.000082458 add_time= 0.000108626
2600 0.000056270 2600 0.000007518 add_time= 0.000086807
1250 0.000201380 1250 0.000005472 add_time= 0.000220695
2915 0.000124314 2915 0.000005650 add_time= 0.000144789
2550 0.000232411 2550 0.000006771 add_time= 0.000255796
2700 0.000311726 2700 0.000007316 add_time= 0.000335897
1250 0.000056811 1250 0.000006321 add_time= 0.000077671
2703 0.000198231 2703 0.000007304 add_time= 0.000223550
1300 0.000009688 1300 0.000014213 add_time= 0.000037103
2500 0.000074888 2500 0.000007335 add_time= 0.000099137
2500 0.000109445 2500 0.000007038 add_time= 0.000138799
2550 0.000108550 2550 0.000006253 add_time= 0.000136301
2500 0.000092827 2500 0.000006249 add_time= 0.000113147
2805 0.000029374 2805 0.000006966 add_time= 0.000053620
2550 0.000006653 2550 0.000101686 add_time= 0.000127560
1375 0.000064037 1375 0.000005830 add_time= 0.000084708
2500 0.000290171 2500 0.000006739 add_time= 0.000314076
2500 0.000088392 2500 0.000006803 add_time= 0.000111479
2700 0.000106422 2700 0.000006602 add_time= 0.000129045
1250 0.000059101 1250 0.000005956 add_time= 0.000079092
2862 0.000120441 2862 0.000007677 add_time= 0.000164209
2860 0.000139079 2860 0.000007170 add_time= 0.000179787
2970 0.000074475 2970 0.000006789 add_time= 0.000096529
2500 0.000199529 2500 0.000006699 add_time= 0.000222649
2550 0.000353600 2550 0.000006659 add_time= 0.000388251
2700 0.000117830 2700 0.000006106 add_time= 0.000139736
2500 0.000044062 2500 0.000006653 add_time= 0.000067163
2500 0.000238262 2500 0.000006597 add_time= 0.000263334
2600 0.000118285 2600 0.000007173 add_time= 0.000142659
2970 0.000050851 2970 0.000007056 add_time= 0.000075090
2652 0.000086819 2652 0.000015035 add_time= 0.000119275
2550 0.000261279 2550 0.000007547 add_time= 0.000285797
2915 0.000372096 2915 0.000006288 add_time= 0.000394280
2550 0.000425290 2550 0.000006990 add_time= 0.000453496
2970 0.000073949 2970 0.000006419 add_time= 0.000097363
2500 0.000117978 2500 0.000007529 add_time= 0.000142632
2703 0.000166972 2703 0.000007128 add_time= 0.000191855
2805 0.000033123 2805 0.000007617 add_time= 0.000058333
2600 0.000116031 2600 0.000025175 add_time= 0.000201380
2500 0.000041328 2500 0.000007893 add_time= 0.000073208
2500 0.000029394 2500 0.000007393 add_time= 0.000059857
2500 0.000033703 2500 0.000008405 add_time= 0.000078161
2916 0.000097274 2916 0.000008147 add_time= 0.000133030
1375 0.000070548 1375 0.000010399 add_time= 0.000140792
1250 0.000219670 1250 0.000006272 add_time= 0.000242282
2750 0.000062922 2750 0.000006266 add_time= 0.000093736
2500 0.000060767 2500 0.000006554 add_time= 0.000083817
2703 0.000043747 2703 0.000009670 add_time= 0.000069650
1275 0.000075160 1275 0.000004867 add_time= 0.000092034
2500 0.000056611 2500 0.000005953 add_time= 0.000077315
1250 0.000057396 1250 0.000005151 add_time= 0.000083756
2750 0.000248283 2750 0.000007078 add_time= 0.000283452
2600 0.000035350 2600 0.000018395 add_time= 0.000071293
1250 0.000032090 1250 0.000006227 add_time= 0.000060979
2500 0.000052553 2500 0.000006338 add_time= 0.000090323
2550 0.000027646 2550 0.000007045 add_time= 0.000058643
2600 0.000058385 2600 0.000005930 add_time= 0.000079799
2500 0.000068612 2500 0.000007449 add_time= 0.000092884
2500 0.000563227 2500 0.000007359 add_time= 0.000600442
2500 0.000062813 2500 0.000006380 add_time= 0.000086940
2750 0.000066574 2750 0.000009730 add_time= 0.000097676
2703 0.000197132 2703 0.000010495 add_time= 0.000225364
2700 0.000139925 2700 0.000015043 add_time= 0.000171727
1350 0.000049002 1350 0.000008941 add_time= 0.000078245
2500 0.000369234 2500 0.000006765 add_time= 0.000393486
2600 0.000155822 2600 0.000006783 add_time= 0.000180018
2700 0.000079001 2700 0.000006847 add_time= 0.000102976
2550 0.000058320 2550 0.000007229 add_time= 0.000100267
2700 0.000030088 2700 0.000006952 add_time= 0.000053987
1375 0.000117338 1375 0.000006467 add_time= 0.000138661
2915 0.000142066 2915 0.000007103 add_time= 0.000167340
2600 0.000080909 2600 0.000006870 add_time= 0.000113217
2754 0.000084052 2754 0.000007070 add_time= 0.000107724
2500 0.000134204 2500 0.000006421 add_time= 0.000156938
2500 0.000082480 2500 0.000010824 add_time= 0.000109872
2750 0.000011886 2750 0.000094112 add_time= 0.000123004
2805 0.000056292 2805 0.000010306 add_time= 0.000083886
1250 0.000061445 1250 0.000005924 add_time= 0.000082556
2550 0.000051934 2550 0.000015051 add_time= 0.000081675
2700 0.000178690 2700 0.000013269 add_time= 0.000208235
2500 0.000075449 2500 0.000006987 add_time= 0.000106675
1250 0.000044389 1250 0.000005791 add_time= 0.000062544
2500 0.000262269 2500 0.000005927 add_time= 0.000284727
2750 0.000055520 2750 0.000006537 add_time= 0.000079587
2500 0.000109799 2500 0.000010276 add_time= 0.000136621
2550 0.000047779 2550 0.000006783 add_time= 0.000070873
2750 0.000042847 2750 0.000007915 add_time= 0.000067606
1250 0.000036660 1250 0.000009276 add_time= 0.000058981
2750 0.000018053 2750 0.000015599 add_time= 0.000065936
2860 0.000072863 2860 0.000018360 add_time= 0.000107755
2860 0.000068837 2860 0.000006078 add_time= 0.000095647
2750 0.000227973 2750 0.000005984 add_time= 0.000248420
2500 0.000118676 2500 0.000017943 add_time= 0.000153467
2600 0.000110274 2600 0.000006336 add_time= 0.000133971
2915 0.000327254 2915 0.000006746 add_time= 0.000350831
1350 0.000043127 1350 0.000006249 add_time= 0.000072596
2750 0.000008306 2750 0.000180099 add_time= 0.000206227
2805 0.000040149 2805 0.000007034 add_time= 0.000073210
3025 0.000233334 3025 0.000008650 add_time= 0.000263939
2500 0.000100707 2500 0.000006252 add_time= 0.000131565
2500 0.000130009 2500 0.000009798 add_time= 0.000163121
1250 0.000369291 1250 0.000005130 add_time= 0.000386534
1250 0.000028474 1250 0.000005132 add_time= 0.000045387
2500 0.000281624 2500 0.000009436 add_time= 0.000364680
2860 0.000108676 2860 0.000006506 add_time= 0.000132291
2500 0.000118342 2500 0.000007194 add_time= 0.000141943
2750 0.000119461 2750 0.000006902 add_time= 0.000142928
2550 0.000542713 2550 0.000008000 add_time= 0.000567806
2750 0.000093874 2750 0.000006498 add_time= 0.000124526
2500 0.000089520 2500 0.000008324 add_time= 0.000139318
2750 0.000039448 2750 0.000008243 add_time= 0.000079481
2750 0.000022935 2750 0.000008759 add_time= 0.000071578
2750 0.000026745 2750 0.000008422 add_time= 0.000063607
2808 0.000006788 2808 0.000008118 add_time= 0.000041730
2750 0.000048458 2750 0.000008440 add_time= 0.000086205
2500 0.000009395 2500 0.000093591 add_time= 0.000127014
2915 0.000065420 2915 0.000006692 add_time= 0.000090145
2550 0.000128637 2550 0.000006158 add_time= 0.000149765
2750 0.000080866 2750 0.000006205 add_time= 0.000102464
2700 0.000071546 2700 0.000006385 add_time= 0.000092777
2750 0.000075213 2750 0.000012160 add_time= 0.000102010
2750 0.000019983 2750 0.000015879 add_time= 0.000056836
2600 0.000016523 2600 0.000015047 add_time= 0.000048256
2500 0.000048035 2500 0.000006827 add_time= 0.000070805
2805 0.000095280 2805 0.000006941 add_time= 0.000118752
2500 0.000329073 2500 0.000006769 add_time= 0.000351629
2500 0.000179235 2500 0.000006095 add_time= 0.000200245
2500 0.000513653 2500 0.000008046 add_time= 0.000539578
3025 0.000125980 3025 0.000007020 add_time= 0.000150308
3025 0.000028232 3025 0.000014865 add_time= 0.000058957
2805 0.000047307 2805 0.000006230 add_time= 0.000068268
2500 0.000157335 2500 0.000006743 add_time= 0.000181402
2750 0.000160418 2750 0.000007649 add_time= 0.000192205
2500 0.000592337 2500 0.000006909 add_time= 0.000628166
2500 0.000037028 2500 0.000007033 add_time= 0.000082354
2700 0.000150224 2700 0.000006082 add_time= 0.000174677
2703 0.000091630 2703 0.000007295 add_time= 0.000116101
2500 0.000149147 2500 0.000005774 add_time= 0.000170237
1250 0.000118117 1250 0.000007243 add_time= 0.000144089
2650 0.000655821 2650 0.000016615 add_time= 0.000696530
2750 0.000068865 2750 0.000014776 add_time= 0.000099598
2550 0.000194078 2550 0.000006744 add_time= 0.000225562
2550 0.000075412 2550 0.000009553 add_time= 0.000113108
2650 0.000165958 2650 0.000007309 add_time= 0.000190016
1350 0.000031871 1350 0.000005917 add_time= 0.000055258
2600 0.000006774 2600 0.000278189 add_time= 0.000308084
2500 0.000112477 2500 0.000007470 add_time= 0.000137665
2500 0.000032145 2500 0.000007608 add_time= 0.000064636
2550 0.000111075 2550 0.000006257 add_time= 0.000132458
2703 0.000082449 2703 0.000005758 add_time= 0.000102527
2550 0.000264096 2550 0.000006035 add_time= 0.000284552
2500 0.000303981 2500 0.000006158 add_time= 0.000324476
2862 0.000545588 2862 0.000006663 add_time= 0.000569148
2550 0.000094308 2550 0.000007230 add_time= 0.000118882
2750 0.000059444 2750 0.000006356 add_time= 0.000081656
2601 0.000114231 2601 0.000007175 add_time= 0.000136515
2500 0.000286184 2500 0.000005697 add_time= 0.000306721
1375 0.000030955 1375 0.000006216 add_time= 0.000051289
2550 0.000006210 2550 0.000182258 add_time= 0.000204812
2600 0.000006786 2600 0.000022205 add_time= 0.000045480
2750 0.000065665 2750 0.000007408 add_time= 0.000089951
2750 0.000215152 2750 0.000007095 add_time= 0.000238650
2550 0.000095007 2550 0.000006708 add_time= 0.000118427
2805 0.000106800 2805 0.000006526 add_time= 0.000129584
2750 0.000111262 2750 0.000007834 add_time= 0.000135360
2600 0.000019472 2600 0.000184626 add_time= 0.000235664
2650 0.000120398 2650 0.000007085 add_time= 0.000144393
2860 0.000083639 2860 0.000006986 add_time= 0.000108309
2601 0.000555419 2601 0.000007343 add_time= 0.000580042
1250 0.000182123 1250 0.000006649 add_time= 0.000215473
1325 0.000406883 1325 0.000006771 add_time= 0.000430214
2650 0.000120471 2650 0.000006660 add_time= 0.000144307
3025 0.000121274 3025 0.000006822 add_time= 0.000145737
2550 0.000029486 2550 0.000006821 add_time= 0.000057824
2500 0.000110270 2500 0.000006452 add_time= 0.000140996
2500 0.000267461 2500 0.000007231 add_time= 0.000292531
3025 0.000105023 3025 0.000006357 add_time= 0.000127448
3025 0.000118268 3025 0.000006758 add_time= 0.000140543
2550 0.000070735 2550 0.000006709 add_time= 0.000091242
2500 0.000030062 2500 0.000006962 add_time= 0.000053392
2600 0.000037951 2600 0.000006390 add_time= 0.000058983
2750 0.000161643 2750 0.000008610 add_time= 0.000210995
2750 0.000025958 2750 0.000008488 add_time= 0.000065699
2600 0.000027797 2600 0.000007881 add_time= 0.000062556
2805 0.000078006 2805 0.000008901 add_time= 0.000118922
2500 0.000006363 2500 0.000008425 add_time= 0.000038734
2805 0.000027945 2805 0.000007970 add_time= 0.000090552
2500 0.000238820 2500 0.000006817 add_time= 0.000263418
2750 0.000044682 2750 0.000006828 add_time= 0.000067764
1375 0.000054032 1375 0.000006635 add_time= 0.000077411
1375 0.000069443 1375 0.000006067 add_time= 0.000088098
2805 0.000108811 2805 0.000006077 add_time= 0.000130111
2600 0.000060483 2600 0.000010889 add_time= 0.000085932
1350 0.000031856 1350 0.000005277 add_time= 0.000048782
2500 0.000196851 2500 0.000007428 add_time= 0.000223611
2750 0.000078077 2750 0.000006515 add_time= 0.000101269
2600 0.000073966 2600 0.000005748 add_time= 0.000101608
2550 0.000076874 2550 0.000006712 add_time= 0.000111324
2601 0.000083790 2601 0.000006645 add_time= 0.000107235
2650 0.000057934 2650 0.000007032 add_time= 0.000082122
2650 0.000257890 2650 0.000008018 add_time= 0.000293056
2600 0.000097043 2600 0.000005918 add_time= 0.000116198
2750 0.000072070 2750 0.000006422 add_time= 0.000105984
2550 0.000050711 2550 0.000005733 add_time= 0.000071430
2550 0.000030511 2550 0.000015796 add_time= 0.000062459
3025 0.000062842 3025 0.000006615 add_time= 0.000085844
2500 0.000026781 2500 0.000016406 add_time= 0.000068341
2652 0.000055093 2652 0.000007460 add_time= 0.000080499
2750 0.000090108 2750 0.000009513 add_time= 0.000118018
2750 0.000075064 2750 0.000007199 add_time= 0.000099734
2550 0.000070318 2550 0.000007168 add_time= 0.000094365
2750 0.000071207 2750 0.000008351 add_time= 0.000097574
1275 0.000068346 1275 0.000005876 add_time= 0.000093959
2500 0.000176496 2500 0.000007396 add_time= 0.000204580
2808 0.000109418 2808 0.000006929 add_time= 0.000150825
2500 0.000321852 2500 0.000018596 add_time= 0.000357038
2550 0.000200908 2550 0.000014533 add_time= 0.000232019
2500 0.000564399 2500 0.000005976 add_time= 0.000585362
2500 0.000061286 2500 0.000007232 add_time= 0.000085435
2550 0.000204651 2550 0.000006723 add_time= 0.000228326
2805 0.000045997 2805 0.000006933 add_time= 0.000070099
2500 0.000422401 2500 0.000006875 add_time= 0.000444369
2805 0.000238384 2805 0.000006987 add_time= 0.000276316
2700 0.000056879 2700 0.000006182 add_time= 0.000078257
2500 0.000049638 2500 0.000017916 add_time= 0.000081979
1275 0.000025097 1275 0.000005305 add_time= 0.000044717
2500 0.000530536 2500 0.000007453 add_time= 0.000555453
2500 0.000126168 2500 0.000007817 add_time= 0.000166154
2860 0.000052296 2860 0.000007383 add_time= 0.000087438
2754 0.000114973 2754 0.000006875 add_time= 0.000146618
2550 0.000134893 2550 0.000006532 add_time= 0.000157487
2500 0.000668430 2500 0.000006908 add_time= 0.000692167
2600 0.000080538 2600 0.000006107 add_time= 0.000100961
1250 0.000302632 1250 0.000005389 add_time= 0.000322035
2703 0.000112984 2703 0.000013952 add_time= 0.000143802
2550 0.000097984 2550 0.000006123 add_time= 0.000118744
2754 0.000053932 2754 0.000006819 add_time= 0.000086459
2500 0.000006342 2500 0.000078430 add_time= 0.000102059
3025 0.000196040 3025 0.000007635 add_time= 0.000220592
2750 0.000136173 2750 0.000006508 add_time= 0.000163291
2500 0.000039522 2500 0.000006518 add_time= 0.000062525
2754 0.000060738 2754 0.000007322 add_time= 0.000085181
1275 0.000084795 1275 0.000007051 add_time= 0.000118680
2600 0.000018988 2600 0.000072556 add_time= 0.000123983
2600 0.000107532 2600 0.000006647 add_time= 0.000139462
1250 0.000178885 1250 0.000006065 add_time= 0.000203719
2750 0.000052828 2750 0.000006646 add_time= 0.000076760
2601 0.000083814 2601 0.000007053 add_time= 0.000107742
2500 0.000226890 2500 0.000006482 add_time= 0.000250253
2915 0.000121874 2915 0.000006860 add_time= 0.000147818
2652 0.000061521 2652 0.000005645 add_time= 0.000081902
2750 0.000145210 2750 0.000007091 add_time= 0.000169639
2500 0.000269761 2500 0.000006649 add_time= 0.000291382
2550 0.000080186 2550 0.000006761 add_time= 0.000102367
2500 0.000128217 2500 0.000006792 add_time= 0.000157977
2550 0.000378187 2550 0.000007436 add_time= 0.000408621
2860 0.000068365 2860 0.000006326 add_time= 0.000090941
2500 0.000114650 2500 0.000006882 add_time= 0.000136757
2500 0.000092117 2500 0.000005488 add_time= 0.000111494
2500 0.000089213 2500 0.000006275 add_time= 0.000122855
2915 0.000142808 2915 0.000009202 add_time= 0.000192947
2550 0.000034588 2550 0.000008477 add_time= 0.000069939
2650 0.000023932 2650 0.000008374 add_time= 0.000061559
2500 0.000038832 2500 0.000008260 add_time= 0.000082890
2808 0.000028288 2808 0.000008511 add_time= 0.000065871
1250 0.000027436 1250 0.000007707 add_time= 0.000060106
2650 0.000291812 2650 0.000007402 add_time= 0.000317644
2750 0.000058113 2750 0.000006421 add_time= 0.000077877
2550 0.000071127 2550 0.000006353 add_time= 0.000102066
2750 0.000050648 2750 0.000006450 add_time= 0.000073312
2550 0.000054236 2550 0.000007198 add_time= 0.000076613
3025 0.000069614 3025 0.000006311 add_time= 0.000091877
2600 0.000504221 2600 0.000008330 add_time= 0.000534237
2750 0.000125999 2750 0.000006073 add_time= 0.000145915
2750 0.000059823 2750 0.000006318 add_time= 0.000080362
2550 0.000077598 2550 0.000006968 add_time= 0.000108820
2550 0.000046580 2550 0.000006198 add_time= 0.000075900
2750 0.000118493 2750 0.000013296 add_time= 0.000147669
2600 0.000017839 2600 0.000014091 add_time= 0.000048695
2756 0.000015995 2756 0.000179096 add_time= 0.000210013
3025 0.000059779 3025 0.000006460 add_time= 0.000081932
2650 0.000063127 2650 0.000006281 add_time= 0.000083563
2550 0.000053481 2550 0.000006806 add_time= 0.000079670
2700 0.000066789 2700 0.000007373 add_time= 0.000100195
1250 0.000223376 1250 0.000006956 add_time= 0.000244933
2650 0.000148840 2650 0.000007117 add_time= 0.000173241
2500 0.000061410 2500 0.000007958 add_time= 0.000085482
2600 0.000029838 2600 0.000007267 add_time= 0.000060949
2601 0.000087467 2601 0.000013475 add_time= 0.000117069
2650 0.000145109 2650 0.000007235 add_time= 0.000168695
2550 0.000017049 2550 0.000085354 add_time= 0.000119706
2500 0.000110841 2500 0.000006661 add_time= 0.000133674
2750 0.000033451 2750 0.000006836 add_time= 0.000056625
2550 0.000035999 2550 0.000007101 add_time= 0.000070578
2860 0.000102931 2860 0.000006500 add_time= 0.000131171
2500 0.000099157 2500 0.000006387 add_time= 0.000120072
2650 0.000629470 2650 0.000006613 add_time= 0.000656226
2500 0.000169237 2500 0.000005946 add_time= 0.000194641
2600 0.000058626 2600 0.000005986 add_time= 0.000079327
2750 0.000061401 2750 0.000005731 add_time= 0.000089105
2700 0.000075458 2700 0.000005745 add_time= 0.000095777
2754 0.000044406 2754 0.000011266 add_time= 0.000070112
2550 0.000345258 2550 0.000006753 add_time= 0.000369777
2600 0.000085640 2600 0.000007338 add_time= 0.000108375
2860 0.000130632 2860 0.000006787 add_time= 0.000153799
2703 0.000064302 2703 0.000005755 add_time= 0.000084669
2500 0.000253643 2500 0.000006416 add_time= 0.000283550
2600 0.000058923 2600 0.000006979 add_time= 0.000082378
2750 0.000542736 2750 0.000006596 add_time= 0.000566990
2750 0.000054936 2750 0.000006036 add_time= 0.000076085
2500 0.000135745 2500 0.000014783 add_time= 0.000166707
2754 0.000046934 2754 0.000006680 add_time= 0.000069604
2750 0.000040296 2750 0.000007075 add_time= 0.000064021
1300 0.000044056 1300 0.000005221 add_time= 0.000062029
2500 0.000299235 2500 0.000006692 add_time= 0.000321882
2600 0.000182884 2600 0.000007265 add_time= 0.000206467
2750 0.000077529 2750 0.000006542 add_time= 0.000111654
2805 0.000105708 2805 0.000006155 add_time= 0.000127705
2550 0.000099801 2550 0.000006420 add_time= 0.000120957
2970 0.000090243 2970 0.000006582 add_time= 0.000112971
2550 0.000054139 2550 0.000005655 add_time= 0.000074102
1250 0.000414778 1250 0.000005716 add_time= 0.000435320
3025 0.000087174 3025 0.000007138 add_time= 0.000112334
2500 0.000089614 2500 0.000011829 add_time= 0.000118875
2500 0.000051825 2500 0.000016162 add_time= 0.000101757
2550 0.000189697 2550 0.000006495 add_time= 0.000216641
2500 0.000080512 2500 0.000005995 add_time= 0.000100837
2500 0.000164709 2500 0.000013714 add_time= 0.000249185
2550 0.000292090 2550 0.000017655 add_time= 0.000340399
2550 0.000110483 2550 0.000013899 add_time= 0.000150498
2500 0.000095984 2500 0.000020538 add_time= 0.000141597
2862 0.000327360 2862 0.000006156 add_time= 0.000359877
2500 0.000091062 2500 0.000006923 add_time= 0.000122083
2500 0.000267524 2500 0.000007161 add_time= 0.000303386
2500 0.000151227 2500 0.000006987 add_time= 0.000184753
2750 0.000069923 2750 0.000008340 add_time= 0.000105474
2550 0.000147041 2550 0.000008081 add_time= 0.000188485
2700 0.000118259 2700 0.000006013 add_time= 0.000148935
2550 0.000067944 2550 0.000005857 add_time= 0.000096413
2500 0.000340874 2500 0.000015692 add_time= 0.000378623
2550 0.000091310 2550 0.000007107 add_time= 0.000115906
2750 0.000036845 2750 0.000005854 add_time= 0.000058232
2550 0.000043855 2550 0.000006696 add_time= 0.000067419
2750 0.000044514 2750 0.000006854 add_time= 0.000067767
1250 0.000044111 1250 0.000006237 add_time= 0.000076271
2500 0.000127603 2500 0.000008390 add_time= 0.000174713
2970 0.000035547 2970 0.000008277 add_time= 0.000076466
2750 0.000118498 2750 0.000018650 add_time= 0.000164166
2550 0.000044461 2550 0.000006883 add_time= 0.000087566
2700 0.000133509 2700 0.000008763 add_time= 0.000169981
3025 0.000036409 3025 0.000008183 add_time= 0.000077067
2500 0.000234521 2500 0.000005950 add_time= 0.000256190
2500 0.000042648 2500 0.000007176 add_time= 0.000065620
2550 0.000061132 2550 0.000006269 add_time= 0.000082919
2601 0.000119156 2601 0.000007988 add_time= 0.000141697
2600 0.000038493 2600 0.000006427 add_time= 0.000069626
1250 0.000076941 1250 0.000006802 add_time= 0.000098558
2650 0.000120183 2650 0.000007019 add_time= 0.000145065
2500 0.000053486 2500 0.000006048 add_time= 0.000074600
2750 0.000041641 2750 0.000006159 add_time= 0.000061100
2750 0.000349921 2750 0.000006851 add_time= 0.000383551
2805 0.000051886 2805 0.000007370 add_time= 0.000075116
2700 0.000071039 2700 0.000006975 add_time= 0.000091883
2750 0.000110864 2750 0.000007074 add_time= 0.000133770
1300 0.000035775 1300 0.000005968 add_time= 0.000055444
2600 0.000018207 2600 0.000071473 add_time= 0.000105659
1375 0.000057814 1375 0.000006039 add_time= 0.000077221
2600 0.000034658 2600 0.000006641 add_time= 0.000054782
2550 0.000054223 2550 0.000006332 add_time= 0.000075586
2500 0.000096277 2500 0.000006752 add_time= 0.000118918
2700 0.000021484 2700 0.000071577 add_time= 0.000109097
2750 0.000067829 2750 0.000006557 add_time= 0.000090490
2600 0.000068194 2600 0.000006821 add_time= 0.000099082
2500 0.000057863 2500 0.000005980 add_time= 0.000077660
2805 0.000027929 2805 0.000005895 add_time= 0.000056199
2750 0.000069405 2750 0.000005903 add_time= 0.000088969
2703 0.000232053 2703 0.000007002 add_time= 0.000255629
2704 0.000015119 2704 0.000017642 add_time= 0.000047593
2500 0.000046253 2500 0.000006899 add_time= 0.000068835
2550 0.000165220 2550 0.000007227 add_time= 0.000188109
2500 0.000041698 2500 0.000006883 add_time= 0.000064405
2700 0.000039932 2700 0.000007350 add_time= 0.000063217
1250 0.000041003 1250 0.000007093 add_time= 0.000061782
2500 0.000015359 2500 0.000083051 add_time= 0.000114343
2652 0.000144285 2652 0.000006532 add_time= 0.000165383
2750 0.000080407 2750 0.000007105 add_time= 0.000112220
2652 0.000109664 2652 0.000006909 add_time= 0.000132252
2700 0.000137564 2700 0.000007116 add_time= 0.000160764
1300 0.000071892 1300 0.000017868 add_time= 0.000103408
2550 0.000020097 2550 0.000023115 add_time= 0.000070030
2860 0.000073675 2860 0.000020048 add_time= 0.000112252
2550 0.000265825 2550 0.000006612 add_time= 0.000287486
2805 0.000199543 2805 0.000006433 add_time= 0.000222122
2550 0.000124996 2550 0.000007574 add_time= 0.000149170
2550 0.000255206 2550 0.000006621 add_time= 0.000276697
1375 0.000075829 1375 0.000006096 add_time= 0.000104707
2500 0.000007347 2500 0.000023068 add_time= 0.000047628
2860 0.000125301 2860 0.000019034 add_time= 0.000161458
2550 0.000137485 2550 0.000005755 add_time= 0.000158370
2700 0.000058442 2700 0.000006359 add_time= 0.000079659
2754 0.000469292 2754 0.000006083 add_time= 0.000490522
1250 0.000098399 1250 0.000006402 add_time= 0.000119310
1250 0.000068918 1250 0.000006051 add_time= 0.000089265
2704 0.000007397 2704 0.000082762 add_time= 0.000108117
2600 0.000078647 2600 0.000007441 add_time= 0.000114190
2500 0.000054599 2500 0.000007040 add_time= 0.000078434
2550 0.000200781 2550 0.000006935 add_time= 0.000228239
2500 0.000050616 2500 0.000005995 add_time= 0.000071534
2500 0.000105732 2500 0.000007337 add_time= 0.000130033
2600 0.000470640 2600 0.000006842 add_time= 0.000494780
2808 0.000061013 2808 0.000007720 add_time= 0.000086232
2750 0.000159070 2750 0.000005916 add_time= 0.000180203
2550 0.000217497 2550 0.000009760 add_time= 0.000244310
2500 0.000127784 2500 0.000006496 add_time= 0.000151194
2805 0.000060395 2805 0.000007067 add_time= 0.000084400
2600 0.000006737 2600 0.000199698 add_time= 0.000223787
2600 0.000098019 2600 0.000006419 add_time= 0.000120343
1375 0.000039526 1375 0.000015114 add_time= 0.000080361
2550 0.000188804 2550 0.000006873 add_time= 0.000211945
2550 0.000119381 2550 0.000009686 add_time= 0.000145082
3025 0.000045336 3025 0.000010597 add_time= 0.000073590
2600 0.000017421 2600 0.000014558 add_time= 0.000067086
2808 0.000118880 2808 0.000007002 add_time= 0.000143343
2860 0.000369983 2860 0.000006869 add_time= 0.000393883
2550 0.000351854 2550 0.000018221 add_time= 0.000386134
2652 0.000032003 2652 0.000006487 add_time= 0.000053951
2750 0.000044387 2750 0.000013989 add_time= 0.000075861
2500 0.000008804 2500 0.000015634 add_time= 0.000042560
2704 0.000005976 2704 0.000014022 add_time= 0.000035703
2500 0.000126923 2500 0.000009800 add_time= 0.000153265
2750 0.000095791 2750 0.000009778 add_time= 0.000126158
2550 0.000260597 2550 0.000005464 add_time= 0.000280287
2808 0.000213827 2808 0.000007265 add_time= 0.000237628
2600 0.000280912 2600 0.000006352 add_time= 0.000305264
2600 0.000051940 2600 0.000006902 add_time= 0.000075579
1250 0.000107535 1250 0.000006569 add_time= 0.000136969
3025 0.000036405 3025 0.000014635 add_time= 0.000066247
2650 0.000070082 2650 0.000007187 add_time= 0.000094140
2500 0.000074229 2500 0.000006247 add_time= 0.000094987
1375 0.001990699 1375 0.000005709 add_time= 0.002008629
2750 0.000074765 2750 0.000173713 add_time= 0.000298393
2500 0.000022185 2500 0.000007462 add_time= 0.000053694
2805 0.000103248 2805 0.000007647 add_time= 0.000136149
2805 0.000036045 2805 0.000008251 add_time= 0.000074203
2750 0.000040324 2750 0.000008629 add_time= 0.000077210
2500 0.000356326 2500 0.000006519 add_time= 0.000380934
2500 0.000070254 2500 0.000006511 add_time= 0.000103796
2750 0.000091811 2750 0.000014809 add_time= 0.000121725
2550 0.000093627 2550 0.000005942 add_time= 0.000125068
2601 0.000052513 2601 0.000006556 add_time= 0.000074798
2500 0.000143907 2500 0.000006810 add_time= 0.000167183
2550 0.000235400 2550 0.000008781 add_time= 0.000267370
2750 0.000273438 2750 0.000006882 add_time= 0.000298375
2500 0.000041762 2500 0.000006753 add_time= 0.000064281
2550 0.000086505 2550 0.000007340 add_time= 0.000111151
2650 0.000065483 2650 0.000007215 add_time= 0.000114249
2750 0.000063102 2750 0.000014327 add_time= 0.000093208
2500 0.000413329 2500 0.000013516 add_time= 0.000447244
2500 0.000085219 2500 0.000007524 add_time= 0.000109540
2970 0.000045780 2970 0.000006685 add_time= 0.000068555
2500 0.000100852 2500 0.000007578 add_time= 0.000125376
2750 0.000103321 2750 0.000008405 add_time= 0.000129406
2500 0.000116609 2500 0.000007362 add_time= 0.000149766
2600 0.000026136 2600 0.000138190 add_time= 0.000185601
2600 0.000072494 2600 0.000008419 add_time= 0.000097434
2500 0.000069510 2500 0.000015035 add_time= 0.000100020
1250 0.000024050 1250 0.000006145 add_time= 0.000046629
2805 0.000109144 2805 0.000007212 add_time= 0.000141093
2500 0.000070952 2500 0.000006506 add_time= 0.000093355
2550 0.000167798 2550 0.000007048 add_time= 0.000191182
2500 0.000222606 2500 0.000007300 add_time= 0.000250303
2750 0.000077385 2750 0.000007291 add_time= 0.000102572
1250 0.000055870 1250 0.000015322 add_time= 0.000087669
2550 0.000074756 2550 0.000007542 add_time= 0.000116730
2750 0.000083338 2750 0.000006803 add_time= 0.000107899
2500 0.000083022 2500 0.000006365 add_time= 0.000103763
1250 0.000203254 1250 0.000006727 add_time= 0.000224574
2750 0.000051086 2750 0.000016298 add_time= 0.000092096
2600 0.000117917 2600 0.000006713 add_time= 0.000140993
2750 0.000075270 2750 0.000007234 add_time= 0.000100351
2500 0.000072969 2500 0.000005755 add_time= 0.000093444
2703 0.000045794 2703 0.000006810 add_time= 0.000069535
2750 0.000098397 2750 0.000007070 add_time= 0.000122324
1250 0.000098175 1250 0.000016777 add_time= 0.000129233
2650 0.000163723 2650 0.000006860 add_time= 0.000187741
2750 0.000150726 2750 0.000007207 add_time= 0.000175478
2600 0.000039116 2600 0.000006109 add_time= 0.000060610
2500 0.000058909 2500 0.000007260 add_time= 0.000082667
1250 0.000109720 1250 0.000006703 add_time= 0.000130353
1375 0.000130213 1375 0.000006343 add_time= 0.000151708
2600 0.000012100 2600 0.000036982 add_time= 0.000088630
2860 0.000015519 2860 0.000022966 add_time= 0.000065560
2600 0.000044020 2600 0.000007473 add_time= 0.000067944
2500 0.000431182 2500 0.000007220 add_time= 0.000453285
2754 0.000559410 2754 0.000007520 add_time= 0.000587452
1350 0.000066174 1350 0.000006582 add_time= 0.000088358
2500 0.000027225 2500 0.000006852 add_time= 0.000050298
2650 0.000419741 2650 0.000007828 add_time= 0.000465231
2550 0.000079826 2550 0.000006980 add_time= 0.000103299
2500 0.000051569 2500 0.000006290 add_time= 0.000072437
2750 0.000091472 2750 0.000005815 add_time= 0.000111415
2550 0.000042801 2550 0.000007149 add_time= 0.000066512
2750 0.000069660 2750 0.000007395 add_time= 0.000102450
2703 0.000269485 2703 0.000007541 add_time= 0.000295578
2500 0.000112955 2500 0.000006529 add_time= 0.000135719
2500 0.000156530 2500 0.000005921 add_time= 0.000176324
2550 0.000053163 2550 0.000005935 add_time= 0.000080218
2652 0.000029379 2652 0.000006015 add_time= 0.000049190
1250 0.000026219 1250 0.000005531 add_time= 0.000044178
2500 0.000198703 2500 0.000011961 add_time= 0.000225424
2500 0.000009973 2500 0.000133862 add_time= 0.000160006
2500 0.000115960 2500 0.000006536 add_time= 0.000138699
1375 0.000027279 1375 0.000005954 add_time= 0.000047254
2550 0.000046096 2550 0.000007848 add_time= 0.000070434
2500 0.000029276 2500 0.000005671 add_time= 0.000049189
2805 0.000035860 2805 0.000010452 add_time= 0.000063072
2700 0.000006447 2700 0.000022082 add_time= 0.000046844
2650 0.000030433 2650 0.000006955 add_time= 0.000053489
2970 0.000060834 2970 0.000005843 add_time= 0.000081670
3025 0.000035438 3025 0.000005965 add_time= 0.000055912
2550 0.000070661 2550 0.000007279 add_time= 0.000094537
2650 0.000113441 2650 0.000006342 add_time= 0.000134619
2754 0.000098646 2754 0.000006659 add_time= 0.000130899
1250 0.000035997 1250 0.000006620 add_time= 0.000059757
2600 0.000241190 2600 0.000026471 add_time= 0.000302839
2650 0.000141088 2650 0.000007709 add_time= 0.000166222
2550 0.000082102 2550 0.000006013 add_time= 0.000108317
1250 0.000216050 1250 0.000006042 add_time= 0.000242101
2500 0.000061142 2500 0.000010927 add_time= 0.000088718
2550 0.000122033 2550 0.000006022 add_time= 0.000142480
2600 0.000007765 2600 0.000191284 add_time= 0.000216601
2915 0.000202053 2915 0.000007490 add_time= 0.000227421
2550 0.000032441 2550 0.000007547 add_time= 0.000065285
2970 0.000234242 2970 0.000009902 add_time= 0.000260193
2550 0.000345499 2550 0.000015260 add_time= 0.000375712
2750 0.000094959 2750 0.000006808 add_time= 0.000125767
2756 0.000099199 2756 0.000006423 add_time= 0.000124159
2750 0.000049812 2750 0.000017532 add_time= 0.000084353
2750 0.000050932 2750 0.000007200 add_time= 0.000101089
2652 0.000052178 2652 0.000006210 add_time= 0.000084150
2550 0.000100350 2550 0.000006784 add_time= 0.000130600
1375 0.000060295 1375 0.000006359 add_time= 0.000090599
2650 0.000184770 2650 0.000008347 add_time= 0.000251340
2704 0.000006173 2704 0.000023496 add_time= 0.000069225
2600 0.000005705 2600 0.000007678 add_time= 0.000039102
2750 0.000052181 2750 0.000007505 add_time= 0.000087239
2754 0.000066192 2754 0.000007346 add_time= 0.000108065
2550 0.000026245 2550 0.000009378 add_time= 0.000083126
2750 0.000594984 2750 0.000006712 add_time= 0.000618383
2860 0.000053603 2860 0.000012517 add_time= 0.000082569
2750 0.000152879 2750 0.000006487 add_time= 0.000175701
2550 0.000101326 2550 0.000010251 add_time= 0.000127508
2652 0.000079157 2652 0.000005870 add_time= 0.000099625
2970 0.000045146 2970 0.000011189 add_time= 0.000083491
1375 0.000050600 1375 0.000006693 add_time= 0.000079558
2915 0.000331433 2915 0.000007341 add_time= 0.000372123
2750 0.000084710 2750 0.000014853 add_time= 0.000117778
2500 0.000047794 2500 0.000007071 add_time= 0.000074529
2805 0.000090282 2805 0.000007037 add_time= 0.000124824
2550 0.000139936 2550 0.000016106 add_time= 0.000174541
2500 0.000053195 2500 0.000007179 add_time= 0.000078609
2550 0.000365549 2550 0.000007939 add_time= 0.000399098
2805 0.000077370 2805 0.000007296 add_time= 0.000112745
2600 0.000090483 2600 0.000011844 add_time= 0.000120938
2805 0.000161651 2805 0.000007082 add_time= 0.000187674
1350 0.000101646 1350 0.000007068 add_time= 0.000126703
1350 0.000079371 1350 0.000006640 add_time= 0.000100951
1250 0.000404804 1250 0.000007806 add_time= 0.000430282
2500 0.000098564 2500 0.000007579 add_time= 0.000129592
2750 0.000133597 2750 0.000015286 add_time= 0.000166452
1275 0.000088249 1275 0.000005863 add_time= 0.000109474
2750 0.000112890 2750 0.000016564 add_time= 0.000148656
2600 0.000300174 2600 0.000008230 add_time= 0.000328390
2805 0.000043380 2805 0.000006969 add_time= 0.000077229
2750 0.000046221 2750 0.000019385 add_time= 0.000087087
2750 0.000081267 2750 0.000010752 add_time= 0.000109468
2500 0.000088691 2500 0.000006327 add_time= 0.000110317
2550 0.000061846 2550 0.000006700 add_time= 0.000084225
3025 0.000109318 3025 0.000007366 add_time= 0.000134388
2700 0.000498233 2700 0.000007195 add_time= 0.000526476
2500 0.000057465 2500 0.000007121 add_time= 0.000082296
2750 0.000094781 2750 0.000008906 add_time= 0.000121828
2500 0.000067691 2500 0.000007087 add_time= 0.000090815
1250 0.000083417 1250 0.000006409 add_time= 0.000106817
1375 0.000069562 1375 0.000007022 add_time= 0.000104015
2750 0.000022946 2750 0.000146599 add_time= 0.000191889
2500 0.000058653 2500 0.000006940 add_time= 0.000082716
2750 0.000187321 2750 0.000007920 add_time= 0.000213498
2970 0.000090985 2970 0.000015191 add_time= 0.000122710
2550 0.000059908 2550 0.000018776 add_time= 0.000096265
2550 0.000092183 2550 0.000007381 add_time= 0.000127466
2500 0.000019497 2500 0.000127144 add_time= 0.000167625
2860 0.000091952 2860 0.000007242 add_time= 0.000122770
2550 0.000100580 2550 0.000007747 add_time= 0.000125881
2500 0.000121984 2500 0.000006904 add_time= 0.000144971
2750 0.000083667 2750 0.000007442 add_time= 0.000109169
3025 0.000109298 3025 0.000006392 add_time= 0.000133835
2600 0.000021021 2600 0.000022331 add_time= 0.000091872
1300 0.000013997 1300 0.000014784 add_time= 0.000061789
2550 0.000065396 2550 0.000007447 add_time= 0.000098560
2500 0.000083247 2500 0.000006167 add_time= 0.000103794
2805 0.000052034 2805 0.000006170 add_time= 0.000073442
2805 0.000144546 2805 0.000005680 add_time= 0.000164099
2700 0.000138345 2700 0.000006011 add_time= 0.000158302
2750 0.000082393 2750 0.000010956 add_time= 0.000110311
2750 0.000015540 2750 0.000233832 add_time= 0.000267078
2600 0.000054485 2600 0.000006762 add_time= 0.000077345
2970 0.000040685 2970 0.000006878 add_time= 0.000064791
2601 0.000088593 2601 0.000006537 add_time= 0.000111252
2754 0.000156949 2754 0.000007306 add_time= 0.000180555
1250 0.000038683 1250 0.000006003 add_time= 0.000058402
2650 0.000122200 2650 0.000006575 add_time= 0.000146044
2600 0.000078269 2600 0.000015307 add_time= 0.000109817
1375 0.000061725 1375 0.000005900 add_time= 0.000089368
2550 0.000086572 2550 0.000006588 add_time= 0.000109157
2550 0.000107504 2550 0.000005598 add_time= 0.000127340
2600 0.000068060 2600 0.000012239 add_time= 0.000107128
1250 0.000050307 1250 0.000005624 add_time= 0.000068021
2600 0.000203865 2600 0.000006708 add_time= 0.000227490
2500 0.000100889 2500 0.000007147 add_time= 0.000123703
2600 0.000026825 2600 0.000013362 add_time= 0.000055004
2500 0.000042984 2500 0.000007100 add_time= 0.000066018
2750 0.000146737 2750 0.000005840 add_time= 0.000176195
2750 0.000102304 2750 0.000010882 add_time= 0.000127592
1375 0.000073274 1375 0.000012636 add_time= 0.000098266
2500 0.000007001 2500 0.000079793 add_time= 0.000103670
2750 0.000058864 2750 0.000007122 add_time= 0.000082569
2750 0.000068925 2750 0.000005835 add_time= 0.000097775
2750 0.000073572 2750 0.000014756 add_time= 0.000102773
2805 0.000119210 2805 0.000007692 add_time= 0.000143781
2700 0.000058855 2700 0.000006905 add_time= 0.000091328
2500 0.000018480 2500 0.000074227 add_time= 0.000122033
2808 0.000065359 2808 0.000006224 add_time= 0.000087825
2860 0.000299355 2860 0.000026920 add_time= 0.000342948
2750 0.000123037 2750 0.000007099 add_time= 0.000157529
2700 0.000498466 2700 0.000007793 add_time= 0.000524826
2750 0.000229431 2750 0.000013871 add_time= 0.000272575
2550 0.000107094 2550 0.000006826 add_time= 0.000130809
2500 0.000308219 2500 0.000006772 add_time= 0.000332053
2650 0.000048962 2650 0.000006640 add_time= 0.000091233
2601 0.000199639 2601 0.000006119 add_time= 0.000221133
2600 0.000066950 2600 0.000009468 add_time= 0.000091148
2600 0.000286770 2600 0.000007054 add_time= 0.000310800
2500 0.000041780 2500 0.000007384 add_time= 0.000065495
3025 0.000028472 3025 0.000006649 add_time= 0.000054875
3025 0.000083186 3025 0.000006559 add_time= 0.000104382
2550 0.000113812 2550 0.000006236 add_time= 0.000133910
2750 0.000079694 2750 0.000006791 add_time= 0.000102559
1250 0.000539165 1250 0.000006550 add_time= 0.000567495
2500 0.000081604 2500 0.000024787 add_time= 0.000142711
2500 0.000094183 2500 0.000015115 add_time= 0.000133003
2500 0.000023381 2500 0.000007241 add_time= 0.000053261
2750 0.000043833 2750 0.000008997 add_time= 0.000079830
2700 0.000060418 2700 0.000016537 add_time= 0.000105691
1250 0.000063513 1250 0.000009210 add_time= 0.000130259
2500 0.000271118 2500 0.000006582 add_time= 0.000294353
2600 0.000046398 2600 0.000006116 add_time= 0.000067433
2805 0.000046877 2805 0.000006776 add_time= 0.000070942
2601 0.000037772 2601 0.000006432 add_time= 0.000059977
2500 0.000168931 2500 0.000007026 add_time= 0.000192043
2915 0.000118775 2915 0.000017051 add_time= 0.000160381
2600 0.000105173 2600 0.000006801 add_time= 0.000127801
2500 0.000218864 2500 0.000007146 add_time= 0.000241124
1375 0.000080180 1375 0.000007213 add_time= 0.000102730
2550 0.000117899 2550 0.000007253 add_time= 0.000140796
2700 0.000077301 2700 0.000015027 add_time= 0.000107143
2550 0.000274975 2550 0.000008380 add_time= 0.000305186
2750 0.000056525 2750 0.000007601 add_time= 0.000081243
2750 0.000461231 2750 0.000006569 add_time= 0.000482779
2500 0.000179478 2500 0.000007183 add_time= 0.000203591
2500 0.000178253 2500 0.000008108 add_time= 0.000203357
2750 0.000060169 2750 0.000015725 add_time= 0.000093036
1250 0.000048007 1250 0.000006142 add_time= 0.000066419
2915 0.000300326 2915 0.000016550 add_time= 0.000340433
2650 0.000058531 2650 0.000007774 add_time= 0.000083862
2750 0.000346420 2750 0.000007970 add_time= 0.000370302
2805 0.000111544 2805 0.000007304 add_time= 0.000155006
2500 0.000096018 2500 0.000007049 add_time= 0.000127596
2650 0.000551070 2650 0.000007305 add_time= 0.000578833
2860 0.000028796 2860 0.000016908 add_time= 0.000061422
2750 0.000158174 2750 0.000007404 add_time= 0.000182771
2750 0.000092920 2750 0.000006697 add_time= 0.000126189
2500 0.000137462 2500 0.000006579 add_time= 0.000159243
2600 0.000088982 2600 0.000007564 add_time= 0.000129386
1275 0.000042173 1275 0.000013746 add_time= 0.000068975
2500 0.000457106 2500 0.000007246 add_time= 0.000485803
2750 0.000069012 2750 0.000006258 add_time= 0.000091178
2500 0.000121083 2500 0.000005972 add_time= 0.000147306
2750 0.000077247 2750 0.000006517 add_time= 0.000098686
2805 0.000116615 2805 0.000007964 add_time= 0.000142058
2700 0.000072526 2700 0.000008142 add_time= 0.000098133
2500 0.000032212 2500 0.000016080 add_time= 0.000068746
2500 0.000085734 2500 0.000006763 add_time= 0.000108033
2750 0.000075519 2750 0.000014400 add_time= 0.000108193
2703 0.000117189 2703 0.000006390 add_time= 0.000147380
2652 0.000138792 2652 0.000011062 add_time= 0.000165578
2500 0.000158445 2500 0.000007829 add_time= 0.000191448
2500 0.000274621 2500 0.000018930 add_time= 0.000314403
2750 0.000129427 2750 0.000007447 add_time= 0.000156888
2750 0.000065115 2750 0.000007169 add_time= 0.000087726
2500 0.000159953 2500 0.000007132 add_time= 0.000183711
2500 0.000134933 2500 0.000015965 add_time= 0.000167762
1275 0.000058295 1275 0.000006733 add_time= 0.000078856
2500 0.000311634 2500 0.000007762 add_time= 0.000339741
2600 0.000070372 2600 0.000007238 add_time= 0.000093450
2650 0.000059867 2650 0.000006577 add_time= 0.000081950
2550 0.000083735 2550 0.000008119 add_time= 0.000109492
2601 0.000067036 2601 0.000007207 add_time= 0.000100634
2805 0.000048938 2805 0.000007518 add_time= 0.000074637
2750 0.000019884 2750 0.000014379 add_time= 0.000060936
2600 0.000015952 2600 0.000036644 add_time= 0.000069476
2500 0.000220787 2500 0.000016659 add_time= 0.000253240
2750 0.000140006 2750 0.000007972 add_time= 0.000164984
2601 0.000066934 2601 0.000007909 add_time= 0.000091422
2500 0.000063416 2500 0.000013145 add_time= 0.000092297
2700 0.000015120 2700 0.000023012 add_time= 0.000057042
2756 0.000007330 2756 0.000035805 add_time= 0.000060331
2550 0.000306266 2550 0.000018619 add_time= 0.000341781
2703 0.000274596 2703 0.000007165 add_time= 0.000298488
2754 0.000139919 2754 0.000018962 add_time= 0.000176691
2750 0.000119770 2750 0.000008661 add_time= 0.000143415
2500 0.000261307 2500 0.000006622 add_time= 0.000284816
2500 0.000097634 2500 0.000006654 add_time= 0.000129027
2500 0.000086443 2500 0.000006327 add_time= 0.000107578
2550 0.000050166 2550 0.000006443 add_time= 0.000081250
2750 0.000106235 2750 0.000006588 add_time= 0.000128108
2500 0.000033526 2500 0.000007157 add_time= 0.000056597
2650 0.000571975 2650 0.000007120 add_time= 0.000596833
2750 0.000113074 2750 0.000007339 add_time= 0.000137357
2750 0.000106663 2750 0.000013279 add_time= 0.000134847
2652 0.000044386 2652 0.000021115 add_time= 0.000082513
2860 0.000312378 2860 0.000010074 add_time= 0.000340221
2915 0.000143097 2915 0.000014893 add_time= 0.000176192
2600 0.000132388 2600 0.000006316 add_time= 0.000155594
2750 0.000068086 2750 0.000006735 add_time= 0.000091770
2550 0.000079948 2550 0.000006603 add_time= 0.000102567
2500 0.000033053 2500 0.000007259 add_time= 0.000056337
1250 0.000053233 1250 0.000013803 add_time= 0.000081023
2756 0.000168487 2756 0.000019125 add_time= 0.000233612
3025 0.000090399 3025 0.000007818 add_time= 0.000115807
2500 0.000057374 2500 0.000006687 add_time= 0.000080449
2805 0.000065243 2805 0.000007166 add_time= 0.000097585
2750 0.000354089 2750 0.000007846 add_time= 0.000378676
2550 0.000279015 2550 0.000007141 add_time= 0.000303864
2652 0.000071088 2652 0.000006978 add_time= 0.000094725
2970 0.000026292 2970 0.000006854 add_time= 0.000053725
2500 0.000065248 2500 0.000006516 add_time= 0.000085882
2805 0.000033203 2805 0.000013108 add_time= 0.000070315
3025 0.000088304 3025 0.000008141 add_time= 0.000114489
2750 0.000230962 2750 0.000014490 add_time= 0.000262197
2750 0.000034800 2750 0.000014336 add_time= 0.000074964
2750 0.000095644 2750 0.000006191 add_time= 0.000116248
2550 0.000091775 2550 0.000006351 add_time= 0.000113786
2700 0.000064159 2700 0.000006939 add_time= 0.000087351
2500 0.000045452 2500 0.000008789 add_time= 0.000093218
3025 0.000049758 3025 0.000008068 add_time= 0.000102832
2500 0.000054978 2500 0.000008322 add_time= 0.000096556
2550 0.000042624 2550 0.000008123 add_time= 0.000076950
2860 0.000027620 2860 0.000008246 add_time= 0.000063916
2500 0.000284907 2500 0.000007614 add_time= 0.000308925
2750 0.000124843 2750 0.000006530 add_time= 0.000147922
2750 0.000036810 2750 0.000007221 add_time= 0.000060353
2805 0.000095959 2805 0.000010630 add_time= 0.000123080
1375 0.000030967 1375 0.000007070 add_time= 0.000051620
2550 0.000490927 2550 0.000006395 add_time= 0.000513433
2750 0.000091608 2750 0.000006520 add_time= 0.000121706
2700 0.000084688 2700 0.000006750 add_time= 0.000117632
2805 0.000042949 2805 0.000006173 add_time= 0.000063673
2700 0.000100597 2700 0.000007791 add_time= 0.000123893
2500 0.000053236 2500 0.000006846 add_time= 0.000073716
2500 0.000019595 2500 0.000071725 add_time= 0.000107395
2550 0.000073739 2550 0.000006141 add_time= 0.000095717
2500 0.000067390 2500 0.000018564 add_time= 0.000112512
2550 0.000040177 2550 0.000006656 add_time= 0.000082340
2600 0.000100139 2600 0.000006724 add_time= 0.000122111
2500 0.000117065 2500 0.000007129 add_time= 0.000140043
2750 0.000027735 2750 0.000014042 add_time= 0.000069744
2500 0.000064700 2500 0.000006502 add_time= 0.000094345
2600 0.000040272 2600 0.000006906 add_time= 0.000063271
2500 0.000050757 2500 0.000007109 add_time= 0.000081982
2500 0.000035005 2500 0.000006178 add_time= 0.000061507
2700 0.000243441 2700 0.000007251 add_time= 0.000267433
1375 0.000040301 1375 0.000006086 add_time= 0.000059882
2750 0.000032046 2750 0.000006678 add_time= 0.000054614
2600 0.000023681 2600 0.000006675 add_time= 0.000044385
2550 0.000075132 2550 0.000007046 add_time= 0.000106043
2500 0.000103260 2500 0.000006564 add_time= 0.000123905
1250 0.000175919 1250 0.000006908 add_time= 0.000196104
2500 0.000035394 2500 0.000006513 add_time= 0.000058214
2750 0.000046940 2750 0.000006814 add_time= 0.000070379
2550 0.000105511 2550 0.000006994 add_time= 0.000128235
2750 0.000056573 2750 0.000007443 add_time= 0.000079741
2550 0.000040335 2550 0.000005852 add_time= 0.000059830
2550 0.000239466 2550 0.000006582 add_time= 0.000270605
3025 0.000058327 3025 0.000006841 add_time= 0.000081656
2750 0.000072730 2750 0.000007075 add_time= 0.000096335
2805 0.000071287 2805 0.000007120 add_time= 0.000094667
2970 0.000040453 2970 0.000006339 add_time= 0.000061621
625 0.000047080 625 0.000009300 add_time= 0.000075025
2756 0.000136818 2756 0.000006356 add_time= 0.000167982
2500 0.000047632 2500 0.000006760 add_time= 0.000079736
2805 0.000041446 2805 0.000006066 add_time= 0.000061705
2860 0.000136349 2860 0.000005716 add_time= 0.000156154
3025 0.000152334 3025 0.000008998 add_time= 0.000175984
2550 0.000031598 2550 0.000006328 add_time= 0.000051128
2700 0.000089321 2700 0.000006364 add_time= 0.000109085
1375 0.000034771 1375 0.000005886 add_time= 0.000051728
2500 0.000018334 2500 0.000012611 add_time= 0.000046599
2704 0.000013359 2704 0.000020673 add_time= 0.000059059
3025 0.000102001 3025 0.000007459 add_time= 0.000131884
2500 0.000050192 2500 0.000006526 add_time= 0.000070487
2550 0.000038408 2550 0.000017364 add_time= 0.000079211
2805 0.000054496 2805 0.000023803 add_time= 0.000092143
2550 0.000015717 2550 0.000080973 add_time= 0.000112287
2750 0.000041634 2750 0.000006348 add_time= 0.000062822
2500 0.000105422 2500 0.000006835 add_time= 0.000126064
2805 0.000069622 2805 0.000006345 add_time= 0.000090298
2500 0.000033284 2500 0.000012457 add_time= 0.000059520
1350 0.000058393 1350 0.000005115 add_time= 0.000074504
1250 0.000041006 1250 0.000018004 add_time= 0.000070212
2500 0.000024399 2500 0.000015424 add_time= 0.000079746
2860 0.000165368 2860 0.000007809 add_time= 0.000189657
2700 0.000055462 2700 0.000006632 add_time= 0.000076780
3025 0.000200033 3025 0.000006147 add_time= 0.000232652
2805 0.000041177 2805 0.000012001 add_time= 0.000068778
2600 0.000085911 2600 0.000019530 add_time= 0.000122312
2500 0.000015154 2500 0.000209511 add_time= 0.000244241
2750 0.000319775 2750 0.000006828 add_time= 0.000343621
2750 0.000044859 2750 0.000006493 add_time= 0.000068294
2805 0.000059549 2805 0.000006625 add_time= 0.000084136
2600 0.000040742 2600 0.000007467 add_time= 0.000064860
2500 0.000193488 2500 0.000006390 add_time= 0.000227696
2805 0.000120946 2805 0.000006524 add_time= 0.000144495
2750 0.000041669 2750 0.000006277 add_time= 0.000063512
2550 0.000134449 2550 0.000006154 add_time= 0.000168739
1275 0.000039794 1275 0.000005518 add_time= 0.000059255
2500 0.000065830 2500 0.000006538 add_time= 0.000088441
2650 0.000553618 2650 0.000006831 add_time= 0.000577622
2550 0.000050954 2550 0.000006276 add_time= 0.000072884
2805 0.000032017 2805 0.000005942 add_time= 0.000052875
2750 0.000048897 2750 0.000006585 add_time= 0.000071746
2500 0.000113097 2500 0.000006604 add_time= 0.000141928
2860 0.000102195 2860 0.000007666 add_time= 0.000125333
2650 0.000464666 2650 0.000007620 add_time= 0.000490151
2500 0.000098326 2500 0.000006630 add_time= 0.000121821
2500 0.000052474 2500 0.000005950 add_time= 0.000072727
2550 0.000066899 2550 0.000006240 add_time= 0.000088970
2550 0.000102847 2550 0.000007348 add_time= 0.000130220
2600 0.000017717 2600 0.000022660 add_time= 0.000069681
2600 0.000119262 2600 0.000008939 add_time= 0.000146003
2750 0.000052132 2750 0.000008965 add_time= 0.000083103
2750 0.000154973 2750 0.000009674 add_time= 0.000188994
2754 0.000206750 2754 0.000007166 add_time= 0.000231440
2860 0.000306249 2860 0.000007201 add_time= 0.000330716
1275 0.000039300 1275 0.000005791 add_time= 0.000057345
2750 0.000008089 2750 0.000015194 add_time= 0.000041483
2756 0.000006094 2756 0.000013497 add_time= 0.000035028
2805 0.000041622 2805 0.000006861 add_time= 0.000065722
2500 0.000053930 2500 0.000006948 add_time= 0.000077666
2805 0.000056996 2805 0.000005623 add_time= 0.000083916
2550 0.000129877 2550 0.000007125 add_time= 0.000153825
1350 0.000143603 1350 0.000015206 add_time= 0.000182644
1250 0.000021230 1250 0.000005356 add_time= 0.000038886
2700 0.000155733 2700 0.000007363 add_time= 0.000180485
2550 0.000068430 2550 0.000006549 add_time= 0.000090583
3025 0.000121950 3025 0.000007001 add_time= 0.000144099
2550 0.000059208 2550 0.000006014 add_time= 0.000078384
2550 0.000075360 2550 0.000006092 add_time= 0.000094949
2500 0.000060968 2500 0.000006049 add_time= 0.000079937
2750 0.000074584 2750 0.000008334 add_time= 0.000124534
2650 0.000080999 2650 0.000008324 add_time= 0.000115278
2600 0.000007432 2600 0.000008691 add_time= 0.000043299
2601 0.000109896 2601 0.000008762 add_time= 0.000144758
2754 0.000055988 2754 0.000007407 add_time= 0.000087570
2915 0.000073251 2915 0.000008813 add_time= 0.000120943
2915 0.000483870 2915 0.000006984 add_time= 0.000508390
2600 0.000007278 2600 0.000024987 add_time= 0.000047566
2750 0.000073035 2750 0.000006512 add_time= 0.000095264
1375 0.000071904 1375 0.000013389 add_time= 0.000097987
2500 0.000193336 2500 0.000006597 add_time= 0.000213721
2700 0.000114474 2700 0.000007587 add_time= 0.000138137
1375 0.000104160 1375 0.000013671 add_time= 0.000131422
2600 0.000027023 2600 0.000013906 add_time= 0.000056674
2500 0.000091414 2500 0.000006954 add_time= 0.000113763
2500 0.000068217 2500 0.000006272 add_time= 0.000088938
2600 0.000038516 2600 0.000006822 add_time= 0.000060759
2600 0.000078177 2600 0.000006040 add_time= 0.000097468
2550 0.000124817 2550 0.000006642 add_time= 0.000146739
2500 0.000025906 2500 0.000070920 add_time= 0.000112264
2500 0.000229029 2500 0.000006422 add_time= 0.000261494
2550 0.000085981 2550 0.000006642 add_time= 0.000107921
1275 0.000056804 1275 0.000005749 add_time= 0.000073483
2750 0.000078357 2750 0.000006426 add_time= 0.000100347
2500 0.000043585 2500 0.000007786 add_time= 0.000066238
2650 0.000276607 2650 0.000007104 add_time= 0.000308080
2500 0.000161408 2500 0.000006218 add_time= 0.000182516
2750 0.000086746 2750 0.000007405 add_time= 0.000110562
2754 0.000060049 2754 0.000007287 add_time= 0.000083068
2750 0.000269122 2750 0.000007060 add_time= 0.000292551
2750 0.000028778 2750 0.000006746 add_time= 0.000050862
2750 0.000049225 2750 0.000006283 add_time= 0.000070627
2601 0.000068529 2601 0.000006278 add_time= 0.000089993
2550 0.000062313 2550 0.000005493 add_time= 0.000080754
2550 0.000154645 2550 0.000006530 add_time= 0.000176054
2550 0.000267221 2550 0.000006683 add_time= 0.000289615
3025 0.000162973 3025 0.000007266 add_time= 0.000187034
2550 0.000046403 2550 0.000006410 add_time= 0.000067831
2805 0.000059269 2805 0.000006599 add_time= 0.000081680
2750 0.000061546 2750 0.000005835 add_time= 0.000080867
2750 0.000239390 2750 0.000006519 add_time= 0.000261545
2500 0.000211135 2500 0.000006499 add_time= 0.000232601
2750 0.000089656 2750 0.000005964 add_time= 0.000109410
2750 0.000063885 2750 0.000005837 add_time= 0.000082781
2652 0.000324906 2652 0.000007199 add_time= 0.000347489
2970 0.000065938 2970 0.000006529 add_time= 0.000087390
2805 0.000040694 2805 0.000006704 add_time= 0.000060906
2756 0.000169118 2756 0.000006619 add_time= 0.000190796
2650 0.000091471 2650 0.000005954 add_time= 0.000111250
2750 0.000097203 2750 0.000007594 add_time= 0.000130797
2550 0.000125274 2550 0.000005682 add_time= 0.000144137
2500 0.000378301 2500 0.000006894 add_time= 0.000400419
2500 0.000054062 2500 0.000007776 add_time= 0.000075454
2500 0.000018508 2500 0.000070780 add_time= 0.000103962
2600 0.000070823 2600 0.000005851 add_time= 0.000089918
2500 0.000134281 2500 0.000006542 add_time= 0.000155903
2550 0.000096016 2550 0.000007030 add_time= 0.000118465
2550 0.000049891 2550 0.000005757 add_time= 0.000069220
2750 0.000041277 2750 0.000006560 add_time= 0.000064001
1275 0.000093698 1275 0.000006348 add_time= 0.000111194
2600 0.000195525 2600 0.000006572 add_time= 0.000217029
2600 0.000094274 2600 0.000006283 add_time= 0.000115587
1375 0.000049478 1375 0.000005219 add_time= 0.000065586
2805 0.000085533 2805 0.000006636 add_time= 0.000108079
2750 0.000118689 2750 0.000006084 add_time= 0.000138522
2808 0.000349753 2808 0.000008043 add_time= 0.000373735
1250 0.000095979 1250 0.000005528 add_time= 0.000112368
2650 0.000307977 2650 0.000007127 add_time= 0.000347570
2750 0.000227190 2750 0.000006806 add_time= 0.000249686
2500 0.000056322 2500 0.000007194 add_time= 0.000076782
2700 0.000076590 2700 0.000006829 add_time= 0.000110025
2550 0.000087802 2550 0.000006108 add_time= 0.000107411
1375 0.000082106 1375 0.000006419 add_time= 0.000101561
2500 0.000478558 2500 0.000007199 add_time= 0.000506723
3025 0.001648984 3025 0.000014263 add_time= 0.001682190
2500 0.000093900 2500 0.000012094 add_time= 0.000121004
1350 0.000083132 1350 0.000006852 add_time= 0.000104122
1375 0.000043552 1375 0.000014513 add_time= 0.000070682
2500 0.000007410 2500 0.000035574 add_time= 0.000060223
2650 0.000413847 2650 0.000006620 add_time= 0.000437434
2750 0.000080743 2750 0.000006471 add_time= 0.000102914
2750 0.000098019 2750 0.000006515 add_time= 0.000121156
2550 0.000148469 2550 0.000006415 add_time= 0.000171005
2600 0.000148096 2600 0.000006159 add_time= 0.000169000
1275 0.000033122 1275 0.000005521 add_time= 0.000051543
2650 0.000393083 2650 0.000006981 add_time= 0.000425346
2970 0.000069295 2970 0.000007029 add_time= 0.000100495
2805 0.000040676 2805 0.000007151 add_time= 0.000064883
2550 0.000059407 2550 0.000011607 add_time= 0.000085144
1250 0.000067723 1250 0.000006014 add_time= 0.000088227
1275 0.000136147 1275 0.000005732 add_time= 0.000153745
2805 0.000026722 2805 0.000007400 add_time= 0.000051574
2550 0.000007022 2550 0.000012920 add_time= 0.000035149
2704 0.000006403 2704 0.000044056 add_time= 0.000065244
2500 0.000129921 2500 0.000005602 add_time= 0.000158204
2750 0.000056561 2750 0.000006688 add_time= 0.000080150
2550 0.000234784 2550 0.000005878 add_time= 0.000255614
2601 0.000130400 2601 0.000018366 add_time= 0.000162863
2650 0.000097646 2650 0.000006050 add_time= 0.000124027
1250 0.000060006 1250 0.000005568 add_time= 0.000077303
2550 0.000475667 2550 0.000006513 add_time= 0.000500092
2700 0.000158625 2700 0.000006957 add_time= 0.000193746
2550 0.000098796 2550 0.000005613 add_time= 0.000122908
2650 0.000043347 2650 0.000006404 add_time= 0.000065620
2550 0.000091745 2550 0.000005776 add_time= 0.000111154
2860 0.000173927 2860 0.000006505 add_time= 0.000201394
1250 0.000399717 1250 0.000006645 add_time= 0.000428144
2600 0.000006834 2600 0.000021504 add_time= 0.000046308
1250 0.000134246 1250 0.000013794 add_time= 0.000161957
3025 0.000106110 3025 0.000007433 add_time= 0.000131550
2550 0.000127146 2550 0.000006523 add_time= 0.000161050
2700 0.000055164 2700 0.000007501 add_time= 0.000098306
1250 0.000159995 1250 0.000006436 add_time= 0.000180141
2500 0.000277415 2500 0.000007367 add_time= 0.000311343
2750 0.000203000 2750 0.000007313 add_time= 0.000227903
2650 0.000083326 2650 0.000006688 add_time= 0.000105587
2750 0.000170578 2750 0.000007994 add_time= 0.000196119
2700 0.000031825 2700 0.000006440 add_time= 0.000052996
1375 0.000058914 1375 0.000006101 add_time= 0.000077067
2915 0.000179165 2915 0.000007244 add_time= 0.000208880
2915 0.000172745 2915 0.000007560 add_time= 0.000198375
2750 0.000038865 2750 0.000006168 add_time= 0.000061214
3025 0.000054539 3025 0.000007290 add_time= 0.000085247
2600 0.000126291 2600 0.000005911 add_time= 0.000147277
2600 0.000034379 2600 0.000006234 add_time= 0.000056287
2550 0.000081748 2550 0.000009111 add_time= 0.000149028
2805 0.000065005 2805 0.000009068 add_time= 0.000104482
2550 0.000064966 2550 0.000007865 add_time= 0.000106317
2601 0.000040293 2601 0.000008127 add_time= 0.000077086
2750 0.000079651 2750 0.000009417 add_time= 0.000119202
2915 0.000284876 2915 0.000007156 add_time= 0.000319318
2500 0.000057235 2500 0.000006517 add_time= 0.000078228
2805 0.000104828 2805 0.000007120 add_time= 0.000127195
2970 0.000084985 2970 0.000007644 add_time= 0.000115178
1375 0.000094399 1375 0.000013090 add_time= 0.000130991
2500 0.000017237 2500 0.000132892 add_time= 0.000170237
2600 0.000048387 2600 0.000016394 add_time= 0.000092727
2805 0.000109965 2805 0.000007101 add_time= 0.000133689
2550 0.000063753 2550 0.000006332 add_time= 0.000084510
2754 0.000105315 2754 0.000007421 add_time= 0.000130533
2500 0.000057905 2500 0.000006661 add_time= 0.000079326
2750 0.000119785 2750 0.000006762 add_time= 0.000141586
2700 0.000018022 2700 0.000015847 add_time= 0.000055477
2750 0.000080499 2750 0.000007606 add_time= 0.000104406
2550 0.000097072 2550 0.000006808 add_time= 0.000129562
2805 0.000078493 2805 0.000007783 add_time= 0.000103173
2500 0.000063786 2500 0.000007167 add_time= 0.000107535
2500 0.000066349 2500 0.000007547 add_time= 0.000090094
1375 0.000388436 1375 0.000006453 add_time= 0.000407769
2500 0.000173551 2500 0.000016610 add_time= 0.000224795
2750 0.000072354 2750 0.000013048 add_time= 0.000102692
2750 0.000073012 2750 0.000007488 add_time= 0.000096062
1250 0.000176529 1250 0.000006680 add_time= 0.000197420
2500 0.000104172 2500 0.000008625 add_time= 0.000130052
2750 0.000117338 2750 0.000007276 add_time= 0.000139883
2500 0.000027844 2500 0.000031044 add_time= 0.000079049
3025 0.000061563 3025 0.000007953 add_time= 0.000089450
2700 0.000050482 2700 0.000008514 add_time= 0.000086359
1250 0.000224174 1250 0.000007188 add_time= 0.000246495
2600 0.000048384 2600 0.000007126 add_time= 0.000072667
1275 0.000277455 1275 0.000006629 add_time= 0.000309698
2500 0.000024483 2500 0.000235381 add_time= 0.000280934
2500 0.000172322 2500 0.000009882 add_time= 0.000198541
2805 0.000098226 2805 0.000008122 add_time= 0.000124234
2750 0.000163150 2750 0.000007105 add_time= 0.000187372
2700 0.000099740 2700 0.000017198 add_time= 0.000134331
2750 0.000168510 2750 0.000007929 add_time= 0.000193796
2500 0.000028079 2500 0.000015503 add_time= 0.000063796
2750 0.000109993 2750 0.000007752 add_time= 0.000134799
2550 0.000068170 2550 0.000006424 add_time= 0.000090193
2550 0.000160030 2550 0.000007165 add_time= 0.000192403
2700 0.000055132 2700 0.000007405 add_time= 0.000080060
1375 0.000129759 1375 0.000005882 add_time= 0.000149263
2500 0.000187452 2500 0.000007833 add_time= 0.000224606
2750 0.000124382 2750 0.000019646 add_time= 0.000161373
2750 0.000068722 2750 0.000007500 add_time= 0.000103818
2500 0.000099997 2500 0.000007169 add_time= 0.000124071
2601 0.000122778 2601 0.000014981 add_time= 0.000154153
1375 0.000289328 1375 0.000006266 add_time= 0.000310356
2700 0.000026585 2700 0.000185424 add_time= 0.000234159
2500 0.000137955 2500 0.000009510 add_time= 0.000164726
2550 0.000094149 2550 0.000013030 add_time= 0.000134800
2500 0.000057658 2500 0.000013474 add_time= 0.000086323
2600 0.000154755 2600 0.000007313 add_time= 0.000179196
625 0.000202225 625 0.000005503 add_time= 0.000217215
2703 0.000172554 2703 0.000007066 add_time= 0.000204244
1300 0.000012208 1300 0.000011097 add_time= 0.000045962
2500 0.000070174 2500 0.000006356 add_time= 0.000090922
2750 0.000100232 2750 0.000007238 add_time= 0.000130784
2750 0.000111818 2750 0.000007516 add_time= 0.000133627
2754 0.000058454 2754 0.000007173 add_time= 0.000081163
1300 0.000261398 1300 0.000006103 add_time= 0.000279308
2650 0.000334671 2650 0.000018408 add_time= 0.000381369
2500 0.000046697 2500 0.000006879 add_time= 0.000068884
2860 0.000083300 2860 0.000013560 add_time= 0.000112497
2805 0.000207354 2805 0.000006810 add_time= 0.000228874
2750 0.000176431 2750 0.000007959 add_time= 0.000199329
2750 0.000020961 2750 0.000022143 add_time= 0.000066922
2600 0.000189526 2600 0.000006649 add_time= 0.000212222
2550 0.000067014 2550 0.000006007 add_time= 0.000088000
2550 0.000620278 2550 0.000006241 add_time= 0.000649358
2500 0.000069514 2500 0.000005698 add_time= 0.000098044
2500 0.000114448 2500 0.000007545 add_time= 0.000147445
2700 0.000458591 2700 0.000008877 add_time= 0.000484702
2600 0.000089506 2600 0.000006035 add_time= 0.000110229
2970 0.000035039 2970 0.000015142 add_time= 0.000065137
2750 0.000054648 2750 0.000006522 add_time= 0.000077368
2550 0.000078969 2550 0.000006744 add_time= 0.000102221
2700 0.000030972 2700 0.000014993 add_time= 0.000062535
1275 0.000197360 1275 0.000007016 add_time= 0.000226612
2750 0.000408642 2750 0.000016004 add_time= 0.000442513
3025 0.000128619 3025 0.000006993 add_time= 0.000153391
2750 0.000035128 2750 0.000009010 add_time= 0.000059843
2500 0.000040318 2500 0.000005865 add_time= 0.000060824
2500 0.000187417 2500 0.000005897 add_time= 0.000214866
2700 0.000085264 2700 0.000007328 add_time= 0.000109120
3025 0.000034848 3025 0.000006560 add_time= 0.000056520
2703 0.000145529 2703 0.000006830 add_time= 0.000175879
3025 0.000049037 3025 0.000007122 add_time= 0.000073415
2500 0.000058152 2500 0.000006894 add_time= 0.000080421
2652 0.000100472 2652 0.000008198 add_time= 0.000132360
2970 0.000032871 2970 0.000006369 add_time= 0.000054868
1250 0.000089162 1250 0.000006966 add_time= 0.000109831
2500 0.000351073 2500 0.000014137 add_time= 0.000382372
2500 0.000142307 2500 0.000006784 add_time= 0.000165722
2750 0.000080519 2750 0.000006869 add_time= 0.000104311
2550 0.000034442 2550 0.000006506 add_time= 0.000056656
2500 0.000120498 2500 0.000018301 add_time= 0.000154622
2650 0.000069244 2650 0.000008593 add_time= 0.000107783
2600 0.000056812 2600 0.000006984 add_time= 0.000080548
2750 0.000118672 2750 0.000006656 add_time= 0.000147719
2750 0.000051502 2750 0.000007020 add_time= 0.000081784
2754 0.000077134 2754 0.000006890 add_time= 0.000101622
2750 0.000064100 2750 0.000006845 add_time= 0.000097144
2650 0.000243690 2650 0.000007048 add_time= 0.000269822
2550 0.000074566 2550 0.000018878 add_time= 0.000110340
2500 0.000068383 2500 0.000006659 add_time= 0.000095258
2550 0.000298061 2550 0.000007658 add_time= 0.000322168
2550 0.000103445 2550 0.000006354 add_time= 0.000124594
2750 0.000100062 2750 0.000006887 add_time= 0.000122038
1275 0.000027716 1275 0.000006417 add_time= 0.000046292
2650 0.000071442 2650 0.000006920 add_time= 0.000096649
2860 0.000080490 2860 0.000006263 add_time= 0.000102961
2550 0.000038317 2550 0.000005948 add_time= 0.000059241
3025 0.000060926 3025 0.000006063 add_time= 0.000080224
2652 0.000061429 2652 0.000006866 add_time= 0.000083529
2500 0.000027651 2500 0.000006203 add_time= 0.000059277
2500 0.000041048 2500 0.000008471 add_time= 0.000106676
2704 0.000005497 2704 0.000034520 add_time= 0.000076839
2600 0.000033724 2600 0.000008356 add_time= 0.000093710
2500 0.000053427 2500 0.000007283 add_time= 0.000091740
2601 0.000023731 2601 0.000007560 add_time= 0.000053402
2500 0.000028146 2500 0.000010810 add_time= 0.000061214
2750 0.000025594 2750 0.000013723 add_time= 0.000066895
1375 0.000027297 1375 0.000007222 add_time= 0.000063367
2500 0.000197831 2500 0.000006279 add_time= 0.000220036
2652 0.000048483 2652 0.000013378 add_time= 0.000076524
2750 0.000049863 2750 0.000007204 add_time= 0.000073751
2750 0.000031490 2750 0.000006300 add_time= 0.000052123
2550 0.000052716 2550 0.000007737 add_time= 0.000076743
2750 0.000037311 2750 0.000009228 add_time= 0.000063653
2915 0.000323948 2915 0.000019271 add_time= 0.000366887
2600 0.000028703 2600 0.000015419 add_time= 0.000060778
2750 0.000098908 2750 0.000016020 add_time= 0.000132834
2550 0.000084368 2550 0.000006953 add_time= 0.000108396
2754 0.000053483 2754 0.000007085 add_time= 0.000077587
2750 0.000068109 2750 0.000006909 add_time= 0.000091225
2550 0.000074104 2550 0.000017301 add_time= 0.000106242
2500 0.000318256 2500 0.000007085 add_time= 0.000345135
2750 0.000094802 2750 0.000007373 add_time= 0.000140672
2805 0.000053109 2805 0.000007934 add_time= 0.000098048
2550 0.000109238 2550 0.000007240 add_time= 0.000133274
2550 0.000116731 2550 0.000007628 add_time= 0.000148112
2915 0.000135940 2915 0.000007297 add_time= 0.000164030
2750 0.000099182 2750 0.000007832 add_time= 0.000125215
2500 0.000095736 2500 0.000015600 add_time= 0.000140251
2550 0.000061641 2550 0.000009645 add_time= 0.000106252
2805 0.000097765 2805 0.000008613 add_time= 0.000122453
2500 0.000079991 2500 0.000006849 add_time= 0.000117470
2970 0.000051523 2970 0.000007405 add_time= 0.000075275
2756 0.000186716 2756 0.000014901 add_time= 0.000233093
2750 0.000057851 2750 0.000007089 add_time= 0.000083456
2700 0.000088353 2700 0.000006197 add_time= 0.000117727
2500 0.000101887 2500 0.000006676 add_time= 0.000125992
2970 0.000076254 2970 0.000010654 add_time= 0.000104943
1250 0.000047844 1250 0.000006455 add_time= 0.000088895
2500 0.000022075 2500 0.000131114 add_time= 0.000173404
2750 0.000061479 2750 0.000007502 add_time= 0.000086884
2750 0.000066635 2750 0.000006206 add_time= 0.000088558
2750 0.000131319 2750 0.000007762 add_time= 0.000156740
2550 0.000072370 2550 0.000006625 add_time= 0.000113918
2700 0.000066429 2700 0.000007820 add_time= 0.000089848
2805 0.000051323 2805 0.000006870 add_time= 0.000077823
2652 0.000033980 2652 0.000016108 add_time= 0.000068150
2750 0.000070833 2750 0.000010952 add_time= 0.000097765
2500 0.000065189 2500 0.000006911 add_time= 0.000087655
2750 0.000070148 2750 0.000006982 add_time= 0.000091803
2650 0.000039987 2650 0.000006227 add_time= 0.000060100
2750 0.000115844 2750 0.000006570 add_time= 0.000137479
2750 0.000096694 2750 0.000007452 add_time= 0.000120552
2600 0.000033253 2600 0.000015909 add_time= 0.000067987
2600 0.000156202 2600 0.000006330 add_time= 0.000177043
2550 0.000071159 2550 0.000006925 add_time= 0.000101986
2700 0.000078325 2700 0.000007692 add_time= 0.000113004
2500 0.000098426 2500 0.000016489 add_time= 0.000130175
2500 0.000089837 2500 0.000006910 add_time= 0.000110514
1250 0.000013627 1250 0.000066529 add_time= 0.000094776
2500 0.000088130 2500 0.000017910 add_time= 0.000121163
2500 0.000275614 2500 0.000006881 add_time= 0.000305901
3025 0.000061211 3025 0.000006458 add_time= 0.000090239
2550 0.000093823 2550 0.000007085 add_time= 0.000116983
2805 0.000063086 2805 0.000041434 add_time= 0.000125179
2650 0.000350452 2650 0.000006959 add_time= 0.000374878
2600 0.000090593 2600 0.000007199 add_time= 0.000113964
2750 0.000086403 2750 0.000006774 add_time= 0.000108256
2500 0.000060116 2500 0.000008708 add_time= 0.000093495
2600 0.000053908 2600 0.000005572 add_time= 0.000084482
2970 0.000050927 2970 0.000006241 add_time= 0.000071320
1250 0.000086212 1250 0.000005832 add_time= 0.000102878
2650 0.000203487 2650 0.000006938 add_time= 0.000227514
2600 0.000137355 2600 0.000006166 add_time= 0.000168618
2500 0.000132634 2500 0.000007220 add_time= 0.000164985
2600 0.000040720 2600 0.000006357 add_time= 0.000060554
2550 0.000090810 2550 0.000006122 add_time= 0.000110445
2500 0.000090411 2500 0.000006270 add_time= 0.000113381
2600 0.000771854 2600 0.000008495 add_time= 0.000818260
2600 0.000062098 2600 0.000008156 add_time= 0.000098473
3025 0.000345464 3025 0.000006760 add_time= 0.000380085
2805 0.000529339 2805 0.000006571 add_time= 0.000564728
2550 0.000279503 2550 0.000006196 add_time= 0.000310607
2650 0.000045136 2650 0.000007891 add_time= 0.000101627
2600 0.000512596 2600 0.000007081 add_time= 0.000553488
3025 0.000047924 3025 0.000006771 add_time= 0.000082276
2500 0.000049308 2500 0.000007003 add_time= 0.000083450
2500 0.000155106 2500 0.000007665 add_time= 0.000207735
2970 0.000045657 2970 0.000006797 add_time= 0.000079319
1250 0.000032283 1250 0.000006726 add_time= 0.000065156
2750 0.000007558 2750 0.000082642 add_time= 0.000117918
1300 0.000075401 1300 0.000006787 add_time= 0.000106844
2750 0.000040744 2750 0.000006354 add_time= 0.000073475
2550 0.000205302 2550 0.000006867 add_time= 0.000239178
2601 0.000041365 2601 0.000006813 add_time= 0.000073097
2500 0.000112534 2500 0.000008240 add_time= 0.000146253
2500 0.000059391 2500 0.000008526 add_time= 0.000092175
2550 0.000242159 2550 0.000007058 add_time= 0.000276110
2860 0.000064821 2860 0.000007089 add_time= 0.000099210
2750 0.000099612 2750 0.000006627 add_time= 0.000134010
2805 0.000116404 2805 0.000007244 add_time= 0.000161730
2550 0.000079083 2550 0.000014012 add_time= 0.000117569
2916 0.000111957 2916 0.000006178 add_time= 0.000151758
1250 0.000053532 1250 0.000006399 add_time= 0.000083149
