2500 0.000134257 2500 0.000014566 add_time= 0.001978162
2550 0.000032914 2550 0.000007829 add_time= 0.000056766
2550 0.000087591 2550 0.000019835 add_time= 0.000123104
2500 0.000019506 2500 0.000069831 add_time= 0.000114610
2500 0.000037604 2500 0.000016032 add_time= 0.000078253
1250 0.000057865 1250 0.000005878 add_time= 0.000077243
2750 0.000623412 2750 0.000010089 add_time= 0.000680024
2600 0.000227359 2600 0.000008865 add_time= 0.000253488
2550 0.000047140 2550 0.000006455 add_time= 0.000070179
2500 0.000762546 2500 0.000015854 add_time= 0.000799902
2750 0.000127049 2750 0.000007028 add_time= 0.000150478
2750 0.000030844 2750 0.000007255 add_time= 0.000071376
2500 0.001187211 2500 0.000010663 add_time= 0.001260273
2550 0.000058033 2550 0.000010566 add_time= 0.000102313
2650 0.000662248 2650 0.000008427 add_time= 0.000715757
2500 0.000194050 2500 0.000006912 add_time= 0.000232833
3025 0.000305005 3025 0.000009782 add_time= 0.000343292
2860 0.000454706 2860 0.000011028 add_time= 0.000497095
2750 0.000063463 2750 0.000007422 add_time= 0.000098903
2805 0.000096733 2805 0.000015167 add_time= 0.000138980
2750 0.000138398 2750 0.000010019 add_time= 0.000241212
2500 0.000038609 2500 0.000008848 add_time= 0.000097001
2805 0.000032023 2805 0.000008362 add_time= 0.000071814
2970 0.000032577 2970 0.000008845 add_time= 0.000078104
2805 0.000162005 2805 0.000015015 add_time= 0.001545682
2750 0.000174796 2750 0.000007933 add_time= 0.000198687
2650 0.000085076 2650 0.000006701 add_time= 0.000107832
2500 0.000345734 2500 0.000007126 add_time= 0.000372394
2915 0.000075760 2915 0.000018052 add_time= 0.000110639
2754 0.000076927 2754 0.000006548 add_time= 0.000103729
2500 0.000115027 2500 0.000006718 add_time= 0.000137156
2500 0.000544329 2500 0.000044980 add_time= 0.000662347
2601 0.000366823 2601 0.000009621 add_time= 0.000397923
1250 0.000226890 1250 0.000007002 add_time= 0.000262213
2970 0.000187969 2970 0.000019037 add_time= 0.000239787
2500 0.000056625 2500 0.000029256 add_time= 0.000103040
2601 0.000253398 2601 0.000006662 add_time= 0.000277212
2550 0.000170487 2550 0.000028465 add_time= 0.000237967
2500 0.000119776 2500 0.000021152 add_time= 0.000158251
2700 0.000118716 2700 0.000008218 add_time= 0.000144949
2600 0.000050779 2600 0.000010230 add_time= 0.000090178
2500 0.000161949 2500 0.000007522 add_time= 0.000186958
2500 0.000158062 2500 0.000006773 add_time= 0.000190997
2500 0.000152743 2500 0.000007663 add_time= 0.000209691
2750 0.000146959 2750 0.000007361 add_time= 0.000188665
2750 0.000091045 2750 0.000007570 add_time= 0.000124085
2750 0.000210187 2750 0.000041000 add_time= 0.000378071
2550 0.000100390 2550 0.000010217 add_time= 0.000178603
2862 0.000101687 2862 0.000023798 add_time= 0.001284725
2600 0.000088090 2600 0.000025878 add_time= 0.000138681
2750 0.000121768 2750 0.000006780 add_time= 0.000143818
2500 0.000015729 2500 0.000022090 add_time= 0.000052196
2805 0.000095573 2805 0.000006990 add_time= 0.000119405
2750 0.000056140 2750 0.000006972 add_time= 0.000079477
2500 0.000197712 2500 0.000007142 add_time= 0.000221666
2915 0.000119410 2915 0.000007381 add_time= 0.000145010
2805 0.000079741 2805 0.000007208 add_time= 0.000104565
2970 0.000100350 2970 0.000006914 add_time= 0.000124121
1375 0.000043477 1375 0.000005514 add_time= 0.000065224
2500 0.000560206 2500 0.000007050 add_time= 0.000589751
2750 0.000126320 2750 0.000008009 add_time= 0.000154483
2805 0.000086300 2805 0.000057873 add_time= 0.000162438
2500 0.000106822 2500 0.000007114 add_time= 0.000130208
2805 0.000050960 2805 0.000008121 add_time= 0.000076826
2650 0.000309508 2650 0.000006796 add_time= 0.000334927
2500 0.000098401 2500 0.000007095 add_time= 0.000121615
2550 0.000007229 2550 0.000024286 add_time= 0.000047164
2500 0.000066991 2500 0.000017928 add_time= 0.000101515
1250 0.000072520 1250 0.000006075 add_time= 0.000093602
2500 0.000051330 2500 0.000006074 add_time= 0.000072135
2600 0.000256161 2600 0.000007976 add_time= 0.000291976
2500 0.000106652 2500 0.000007218 add_time= 0.000132219
2805 0.000157912 2805 0.000007297 add_time= 0.000186967
2601 0.000114093 2601 0.000007017 add_time= 0.000138277
3025 0.000356230 3025 0.000007822 add_time= 0.000389931
2550 0.000269541 2550 0.000007764 add_time= 0.000294316
2750 0.000153934 2750 0.000007004 add_time= 0.000178293
3025 0.000228951 3025 0.000007388 add_time= 0.000253419
1275 0.000471908 1275 0.000006110 add_time= 0.000525483
2650 0.000069054 2650 0.000007764 add_time= 0.000093566
1250 0.000243591 1250 0.000006565 add_time= 0.000271699
2500 0.000058328 2500 0.000006664 add_time= 0.000086260
2805 0.000070570 2805 0.000007524 add_time= 0.000110094
2500 0.000072198 2500 0.000006594 add_time= 0.000107732
1300 0.000057364 1300 0.000006263 add_time= 0.000079373
2550 0.000061042 2550 0.000009449 add_time= 0.000159211
2550 0.000044772 2550 0.000008854 add_time= 0.000084402
2500 0.000043239 2500 0.000008211 add_time= 0.000090763
2860 0.000049006 2860 0.000008068 add_time= 0.000095956
2500 0.000030309 2500 0.000008084 add_time= 0.000082963
2700 0.000032334 2700 0.000009127 add_time= 0.000075451
1300 0.000022385 1300 0.000007346 add_time= 0.000071878
2550 0.000136032 2550 0.000019888 add_time= 0.000181219
2805 0.000094123 2805 0.000008458 add_time= 0.000120577
2650 0.000020051 2650 0.000048570 add_time= 0.000085251
2500 0.000090962 2500 0.000027498 add_time= 0.000135634
2754 0.000229842 2754 0.000006776 add_time= 0.000253093
1350 0.000156005 1350 0.000009797 add_time= 0.000182135
2500 0.000404730 2500 0.000007145 add_time= 0.000429291
2500 0.000233789 2500 0.000006867 add_time= 0.000257542
2750 0.000007503 2750 0.000034695 add_time= 0.000057168
2500 0.000286498 2500 0.000006576 add_time= 0.000320150
2700 0.000042381 2700 0.000006027 add_time= 0.000063436
1250 0.000043851 1250 0.000026559 add_time= 0.000112677
2703 0.000186714 2703 0.000009491 add_time= 0.000212625
1375 0.000100712 1375 0.000006245 add_time= 0.000121493
2500 0.000006879 2500 0.000024854 add_time= 0.000046174
2550 0.000096463 2550 0.000042694 add_time= 0.000155977
2700 0.000113297 2700 0.000006509 add_time= 0.000135651
1375 0.000104033 1375 0.000005838 add_time= 0.000122428
2550 0.000283478 2550 0.000007697 add_time= 0.000307771
1250 0.000157061 1250 0.000005698 add_time= 0.000176980
3025 0.000345445 3025 0.000006489 add_time= 0.000369158
2550 0.000103738 2550 0.000006824 add_time= 0.000126735
2500 0.000130885 2500 0.000007083 add_time= 0.000154367
2750 0.000269351 2750 0.000006853 add_time= 0.000292984
2500 0.000409287 2500 0.000006440 add_time= 0.000431848
2750 0.000085119 2750 0.000007582 add_time= 0.000109867
2550 0.000102776 2550 0.000006688 add_time= 0.000125436
2500 0.000150807 2500 0.000006679 add_time= 0.000181947
2550 0.000068746 2550 0.000006628 add_time= 0.000089649
2700 0.000214145 2700 0.000008811 add_time= 0.000270352
2500 0.000140264 2500 0.000046386 add_time= 0.000202445
1375 0.000011132 1375 0.000010730 add_time= 0.000040364
2652 0.000163472 2652 0.000007428 add_time= 0.000207229
2600 0.000165984 2600 0.000006647 add_time= 0.000195654
2750 0.000096650 2750 0.000007036 add_time= 0.000128828
2700 0.000188873 2700 0.000006684 add_time= 0.000212988
2500 0.000105543 2500 0.000006733 add_time= 0.000143103
2550 0.000115279 2550 0.000006784 add_time= 0.000138215
2550 0.000138601 2550 0.000007249 add_time= 0.000173766
2750 0.000037561 2750 0.000035776 add_time= 0.000091211
2700 0.000118265 2700 0.000007236 add_time= 0.000143558
2805 0.000040236 2805 0.000006902 add_time= 0.000069965
2500 0.000006760 2500 0.000032168 add_time= 0.000054633
2500 0.000071563 2500 0.000006364 add_time= 0.000103556
2700 0.000100537 2700 0.000006574 add_time= 0.000132120
2750 0.000103638 2750 0.000006598 add_time= 0.000125699
2915 0.000038105 2915 0.000009277 add_time= 0.000117614
2860 0.000045239 2860 0.000007716 add_time= 0.000080530
2750 0.000073729 2750 0.000007342 add_time= 0.000106519
2652 0.000060266 2652 0.000007498 add_time= 0.000093896
2652 0.000022757 2652 0.000007686 add_time= 0.000055281
2700 0.000023930 2700 0.000007616 add_time= 0.000055641
2500 0.000005937 2500 0.000007708 add_time= 0.000036011
2500 0.000177028 2500 0.000006830 add_time= 0.000201901
2600 0.000027654 2600 0.000006246 add_time= 0.000049970
2750 0.000091300 2750 0.000007083 add_time= 0.000116128
2750 0.000007127 2750 0.000025567 add_time= 0.000051337
2550 0.000077772 2550 0.000007061 add_time= 0.000101983
2550 0.000064853 2550 0.000006566 add_time= 0.000087983
2600 0.000077065 2600 0.000006695 add_time= 0.000100070
2750 0.000134056 2750 0.000007112 add_time= 0.000168988
2500 0.000015263 2500 0.000013872 add_time= 0.000055617
2550 0.000098059 2550 0.000007170 add_time= 0.000132412
2500 0.000071588 2500 0.000006937 add_time= 0.000094966
2700 0.000222694 2700 0.000007167 add_time= 0.000254584
2600 0.000072719 2600 0.000006362 add_time= 0.000095179
2650 0.000007625 2650 0.000104877 add_time= 0.000127836
2750 0.000063067 2750 0.000006424 add_time= 0.000085761
2600 0.000207555 2600 0.000006427 add_time= 0.000238885
2500 0.000103336 2500 0.000017027 add_time= 0.000134645
2750 0.000303775 2750 0.000007182 add_time= 0.000329010
2860 0.000403260 2860 0.000006921 add_time= 0.000437046
2650 0.000007191 2650 0.000034415 add_time= 0.000056064
2750 0.000060625 2750 0.000006754 add_time= 0.000082824
2550 0.000231150 2550 0.000006198 add_time= 0.000254665
2750 0.000083331 2750 0.000006821 add_time= 0.000106032
2750 0.000126823 2750 0.000006946 add_time= 0.000157723
2750 0.000180894 2750 0.000006718 add_time= 0.000203559
2550 0.000007307 2550 0.000023552 add_time= 0.000045981
2805 0.000122101 2805 0.000007265 add_time= 0.000146068
2750 0.000070700 2750 0.000006475 add_time= 0.000091292
2500 0.000306321 2500 0.000007257 add_time= 0.000330908
2750 0.000267227 2750 0.000007213 add_time= 0.000291796
2500 0.000015943 2500 0.000031519 add_time= 0.000063591
2750 0.000070330 2750 0.000006365 add_time= 0.000093204
2700 0.000098399 2700 0.000007642 add_time= 0.000122695
1250 0.000054796 1250 0.000006098 add_time= 0.000075352
2500 0.000066487 2500 0.000006271 add_time= 0.000089366
2704 0.000268055 2704 0.000014332 add_time= 0.000298588
1250 0.000143485 1250 0.000017173 add_time= 0.000177931
2650 0.000006710 2650 0.000023209 add_time= 0.000044719
2805 0.000098537 2805 0.000006920 add_time= 0.000127584
2860 0.000076478 2860 0.000007756 add_time= 0.000100074
2750 0.000189824 2750 0.000006994 add_time= 0.000233224
2550 0.000132616 2550 0.000015411 add_time= 0.000165207
2500 0.000019886 2500 0.000015249 add_time= 0.000051340
2970 0.000151602 2970 0.000006732 add_time= 0.000174383
2500 0.000200621 2500 0.000015004 add_time= 0.000231648
1250 0.000045364 1250 0.000005980 add_time= 0.000070567
2500 0.000236815 2500 0.000006582 add_time= 0.000259894
2500 0.000055278 2500 0.000006984 add_time= 0.000077731
2805 0.000327999 2805 0.000007160 add_time= 0.000352880
2550 0.000067804 2550 0.000014448 add_time= 0.000098076
1350 0.000162658 1350 0.000005161 add_time= 0.000183848
2915 0.000140813 2915 0.000006584 add_time= 0.000164833
2500 0.000097972 2500 0.000007247 add_time= 0.000131219
2600 0.000015024 2600 0.000025004 add_time= 0.000053906
2500 0.000079333 2500 0.000006255 add_time= 0.000107005
2500 0.000059033 2500 0.000006800 add_time= 0.000081045
1275 0.000575791 1275 0.000005460 add_time= 0.000593424
2750 0.000113786 2750 0.000008496 add_time= 0.000161744
2750 0.000077754 2750 0.000008024 add_time= 0.000108818
2500 0.000043912 2500 0.000025417 add_time= 0.000094268
1375 0.000070304 1375 0.000006702 add_time= 0.000103901
2600 0.000057618 2600 0.000007854 add_time= 0.000101248
2500 0.000096671 2500 0.000007989 add_time= 0.000135287
1275 0.000035519 1275 0.000007273 add_time= 0.000067875
2500 0.000190773 2500 0.000006928 add_time= 0.000212098
2500 0.000064168 2500 0.000007072 add_time= 0.000086077
2500 0.000074253 2500 0.000006321 add_time= 0.000101814
2860 0.000081974 2860 0.000006693 add_time= 0.000102785
2550 0.000123281 2550 0.000007010 add_time= 0.000145016
2808 0.000421703 2808 0.000006306 add_time= 0.000442042
2915 0.000120983 2915 0.000006893 add_time= 0.000144635
2500 0.000189259 2500 0.000006678 add_time= 0.000211103
2500 0.000015253 2500 0.000014770 add_time= 0.000044682
2700 0.000050108 2700 0.000006785 add_time= 0.000071700
2500 0.000078793 2500 0.000006569 add_time= 0.000104652
2500 0.000079169 2500 0.000006454 add_time= 0.000101426
2500 0.000121757 2500 0.000007207 add_time= 0.000144291
2805 0.000023088 2805 0.000015996 add_time= 0.000054337
2750 0.000061601 2750 0.000007177 add_time= 0.000083114
2500 0.000090163 2500 0.000011168 add_time= 0.000115000
2600 0.000095748 2600 0.000006688 add_time= 0.000125861
2500 0.000549668 2500 0.000009866 add_time= 0.000590638
1300 0.000169255 1300 0.000006231 add_time= 0.000191227
2750 0.000018773 2750 0.000031426 add_time= 0.000076427
2805 0.000161300 2805 0.000007138 add_time= 0.000202642
2750 0.000221873 2750 0.000007406 add_time= 0.000246401
2750 0.000085452 2750 0.000007212 add_time= 0.000118325
2756 0.000081294 2756 0.000007149 add_time= 0.000106042
2600 0.000198908 2600 0.000006700 add_time= 0.000221748
2600 0.000007256 2600 0.000025349 add_time= 0.000054033
2500 0.000074958 2500 0.000007090 add_time= 0.000106473
2970 0.000265363 2970 0.000007253 add_time= 0.000290278
1275 0.000085933 1275 0.000005242 add_time= 0.000103421
2500 0.000071996 2500 0.000007120 add_time= 0.000096399
2600 0.000128639 2600 0.000006500 add_time= 0.000151586
3025 0.000100819 3025 0.000006390 add_time= 0.000123999
2500 0.000041785 2500 0.000018331 add_time= 0.000075336
2601 0.000069704 2601 0.000006975 add_time= 0.000102493
2970 0.000089316 2970 0.000006483 add_time= 0.000111137
2500 0.000072081 2500 0.000007487 add_time= 0.000102200
2600 0.000104890 2600 0.000006876 add_time= 0.000126626
2805 0.000045563 2805 0.000006199 add_time= 0.000066808
3025 0.000130353 3025 0.000006940 add_time= 0.000151751
2601 0.000040010 2601 0.000006294 add_time= 0.000060282
2550 0.000244994 2550 0.000011295 add_time= 0.000271626
1250 0.000081698 1250 0.000006114 add_time= 0.000101959
2750 0.000146039 2750 0.000007126 add_time= 0.000170226
2805 0.000078789 2805 0.000007081 add_time= 0.000119055
2750 0.000051894 2750 0.000006915 add_time= 0.000075120
2601 0.000108200 2601 0.000007057 add_time= 0.000131556
3025 0.000064792 3025 0.000007452 add_time= 0.000089591
2500 0.000235258 2500 0.000008580 add_time= 0.000268331
2750 0.000196521 2750 0.000008833 add_time= 0.000262280
1250 0.000080032 1250 0.000006475 add_time= 0.000105828
2650 0.000290630 2650 0.000006863 add_time= 0.000314732
2550 0.000293405 2550 0.000006298 add_time= 0.000314621
2500 0.000191438 2500 0.000006755 add_time= 0.000226005
2500 0.000138744 2500 0.000007666 add_time= 0.000163437
2550 0.000007204 2550 0.000014776 add_time= 0.000038391
2500 0.000155894 2500 0.000007190 add_time= 0.000179625
2550 0.000067926 2550 0.000027386 add_time= 0.000110926
2500 0.000115503 2500 0.000007181 add_time= 0.000139110
2550 0.000262060 2550 0.000006592 add_time= 0.000286837
2805 0.000035041 2805 0.000006442 add_time= 0.000061586
2550 0.000007193 2550 0.000052821 add_time= 0.000075735
2805 0.000053353 2805 0.000007780 add_time= 0.000078205
2500 0.000103920 2500 0.000006496 add_time= 0.000125402
2550 0.000024451 2550 0.000008368 add_time= 0.000068081
2600 0.000077501 2600 0.000008022 add_time= 0.000123046
2550 0.000035525 2550 0.000037204 add_time= 0.000103034
2550 0.000069693 2550 0.000008535 add_time= 0.000102630
2754 0.000041326 2754 0.000008794 add_time= 0.000087323
1250 0.000005739 1250 0.000008442 add_time= 0.000060150
2500 0.000255460 2500 0.000006980 add_time= 0.000279493
2750 0.000178830 2750 0.000007469 add_time= 0.000204672
2750 0.000116851 2750 0.000006396 add_time= 0.000138691
2750 0.000064118 2750 0.000010860 add_time= 0.000089928
2700 0.000070178 2700 0.000006366 add_time= 0.000092638
1250 0.000061096 1250 0.000006725 add_time= 0.000086923
2652 0.000242318 2652 0.000006395 add_time= 0.000264930
2500 0.000072057 2500 0.000006354 add_time= 0.000095163
2700 0.000027097 2700 0.000015675 add_time= 0.000057485
2805 0.000093636 2805 0.000006548 add_time= 0.000127940
3025 0.000088763 3025 0.000007218 add_time= 0.000132723
2600 0.000227861 2600 0.000006610 add_time= 0.000251219
2550 0.000084659 2550 0.000006783 add_time= 0.000107453
2550 0.000150891 2550 0.000007458 add_time= 0.000174807
2550 0.000041633 2550 0.000005726 add_time= 0.000073865
2700 0.000056555 2700 0.000006776 add_time= 0.000094351
2750 0.000068834 2750 0.000005361 add_time= 0.000088686
2500 0.000122553 2500 0.000007612 add_time= 0.000147108
2550 0.000115018 2550 0.000006757 add_time= 0.000137844
2860 0.000051720 2860 0.000006440 add_time= 0.000075036
2650 0.000057292 2650 0.000006668 add_time= 0.000080308
2750 0.000078559 2750 0.000007057 add_time= 0.000109842
2500 0.000212754 2500 0.000007222 add_time= 0.000239819
2500 0.000076460 2500 0.000006995 add_time= 0.000099357
2550 0.000018094 2550 0.000023104 add_time= 0.000057518
2550 0.000272988 2550 0.000006655 add_time= 0.000294228
2750 0.000063781 2750 0.000007079 add_time= 0.000100329
1375 0.000086806 1375 0.000007174 add_time= 0.000107427
2600 0.000207221 2600 0.000007164 add_time= 0.000231413
2600 0.000065304 2600 0.000011770 add_time= 0.000091958
2500 0.000133326 2500 0.000006017 add_time= 0.000152925
2750 0.000132063 2750 0.000006872 add_time= 0.000154992
2601 0.000282305 2601 0.000006736 add_time= 0.000304230
2750 0.000080198 2750 0.000007081 add_time= 0.000104674
2704 0.000094699 2704 0.000015699 add_time= 0.000127148
2750 0.000141367 2750 0.000007585 add_time= 0.000179109
3025 0.000085892 3025 0.000007104 add_time= 0.000110392
2500 0.000066216 2500 0.000007606 add_time= 0.000090012
2970 0.000058457 2970 0.000006476 add_time= 0.000080023
2750 0.000068456 2750 0.000006420 add_time= 0.000089661
2600 0.000071834 2600 0.000006892 add_time= 0.000095559
2805 0.000039685 2805 0.000006496 add_time= 0.000063998
1250 0.000075192 1250 0.000005821 add_time= 0.000106589
2754 0.000165670 2754 0.000006960 add_time= 0.000200167
2600 0.000109354 2600 0.000006877 add_time= 0.000132527
2650 0.000465291 2650 0.000006694 add_time= 0.000489575
2750 0.000149940 2750 0.000021841 add_time= 0.000189638
2750 0.000008427 2750 0.000038713 add_time= 0.000064058
2550 0.000138119 2550 0.000006857 add_time= 0.000160772
2500 0.000073130 2500 0.000006042 add_time= 0.000094183
2500 0.000207770 2500 0.000007130 add_time= 0.000242954
2750 0.000105030 2750 0.000006973 add_time= 0.000138081
2860 0.000058821 2860 0.000006965 add_time= 0.000082557
1275 0.000106091 1275 0.000006554 add_time= 0.000132603
2650 0.000058338 2650 0.000007636 add_time= 0.000087129
2652 0.000188075 2652 0.000028689 add_time= 0.000233013
2860 0.000327780 2860 0.000027155 add_time= 0.000372216
2652 0.000072384 2652 0.000027894 add_time= 0.000116963
2750 0.000256460 2750 0.000019945 add_time= 0.000293338
2750 0.000109194 2750 0.000027597 add_time= 0.000153841
2500 0.000477898 2500 0.000006275 add_time= 0.000499515
3025 0.000104517 3025 0.000007115 add_time= 0.000129032
2970 0.000014106 2970 0.000023464 add_time= 0.000052281
2600 0.000055541 2600 0.000007087 add_time= 0.000078897
2550 0.000082486 2550 0.000011209 add_time= 0.000108322
2750 0.000485078 2750 0.000007373 add_time= 0.000508789
2550 0.000049917 2550 0.000008565 add_time= 0.000123906
2500 0.000028658 2500 0.000010610 add_time= 0.000062383
2500 0.000038931 2500 0.000007864 add_time= 0.000071938
2650 0.000059262 2650 0.000007559 add_time= 0.000093797
2750 0.000063506 2750 0.000007923 add_time= 0.000099498
1325 0.000053270 1325 0.000007278 add_time= 0.000088523
2500 0.000094277 2500 0.000011352 add_time= 0.000130729
2500 0.000110567 2500 0.000006251 add_time= 0.000132015
2805 0.000090269 2805 0.000007000 add_time= 0.000112803
2500 0.000086655 2500 0.000014461 add_time= 0.000114682
2750 0.000100939 2750 0.000030901 add_time= 0.000155022
2650 0.000453724 2650 0.000017980 add_time= 0.000486869
2500 0.000161187 2500 0.000006508 add_time= 0.000182505
2750 0.000070278 2750 0.000006561 add_time= 0.000091660
2550 0.000061578 2550 0.000007260 add_time= 0.000083872
2500 0.000082381 2500 0.000006149 add_time= 0.000101660
2600 0.000152091 2600 0.000006874 add_time= 0.000173952
2805 0.000053403 2805 0.000007177 add_time= 0.000075468
2805 0.000103245 2805 0.000006880 add_time= 0.000124218
2550 0.000101253 2550 0.000007204 add_time= 0.000123296
1275 0.000081519 1275 0.000013582 add_time= 0.000106210
2750 0.000052164 2750 0.000006351 add_time= 0.000073655
2500 0.000154312 2500 0.000006732 add_time= 0.000177046
2600 0.000082730 2600 0.000006932 add_time= 0.000104152
2500 0.000016430 2500 0.000014605 add_time= 0.000045024
2500 0.000074588 2500 0.000006968 add_time= 0.000096827
2700 0.000056631 2700 0.000006997 add_time= 0.000079292
2805 0.000052666 2805 0.000006895 add_time= 0.000074704
2650 0.000461361 2650 0.000007089 add_time= 0.000484229
2500 0.000128696 2500 0.000015494 add_time= 0.000158950
2500 0.000027320 2500 0.000016300 add_time= 0.000059493
2750 0.000070830 2750 0.000010684 add_time= 0.000102514
2500 0.000087546 2500 0.000006629 add_time= 0.000109505
2500 0.000138283 2500 0.000007356 add_time= 0.000161326
2750 0.000072741 2750 0.000007628 add_time= 0.000100945
2500 0.000156434 2500 0.000008144 add_time= 0.000181343
2600 0.000020343 2600 0.000023597 add_time= 0.000060094
2550 0.000116965 2550 0.000006849 add_time= 0.000151567
2650 0.000146043 2650 0.000007691 add_time= 0.000189430
2600 0.000406176 2600 0.000006818 add_time= 0.000429462
2650 0.000108089 2650 0.000006955 add_time= 0.000129976
2750 0.000199300 2750 0.000006632 add_time= 0.000222978
3025 0.000087993 3025 0.000006421 add_time= 0.000111064
2550 0.000164030 2550 0.000007419 add_time= 0.000187737
2750 0.000031624 2750 0.000006548 add_time= 0.000052926
2600 0.000118214 2600 0.000006775 add_time= 0.000141259
2500 0.000200820 2500 0.000007060 add_time= 0.000229598
1250 0.000174167 1250 0.000005220 add_time= 0.000200259
2600 0.000006889 2600 0.000024085 add_time= 0.000044663
2750 0.000079618 2750 0.000015550 add_time= 0.000111296
1275 0.000102372 1275 0.000006135 add_time= 0.000127801
2700 0.000289146 2700 0.000006524 add_time= 0.000313094
1375 0.000068573 1375 0.000006340 add_time= 0.000097111
2750 0.000324601 2750 0.000018336 add_time= 0.000359480
3025 0.000048999 3025 0.000007444 add_time= 0.000072878
2600 0.000014981 2600 0.000022018 add_time= 0.000052848
2754 0.000065533 2754 0.000006843 add_time= 0.000087772
2805 0.000041186 2805 0.000006938 add_time= 0.000063911
1250 0.000048741 1250 0.000005724 add_time= 0.000067704
2915 0.000349886 2915 0.000007373 add_time= 0.000374133
2805 0.000051230 2805 0.000006328 add_time= 0.000089238
2500 0.000006327 2500 0.000015870 add_time= 0.000036246
2550 0.000134357 2550 0.000006318 add_time= 0.000156707
2750 0.000747417 2750 0.000007531 add_time= 0.000782435
2500 0.000115288 2500 0.000009412 add_time= 0.000158891
2600 0.000066941 2600 0.000008500 add_time= 0.000092354
2750 0.000017590 2750 0.000024835 add_time= 0.000067219
2550 0.000098255 2550 0.000006542 add_time= 0.000119054
2700 0.000101870 2700 0.000006484 add_time= 0.000124453
1250 0.000069927 1250 0.000006174 add_time= 0.000095183
2500 0.000050822 2500 0.000007364 add_time= 0.000075909
2600 0.000060795 2600 0.000007417 add_time= 0.000087336
2750 0.000007564 2750 0.000099400 add_time= 0.000135193
2860 0.000051038 2860 0.000006537 add_time= 0.000082635
2650 0.000101829 2650 0.000007272 add_time= 0.000132082
2500 0.000241195 2500 0.000007008 add_time= 0.000274764
2600 0.000103976 2600 0.000006369 add_time= 0.000137717
2750 0.000077963 2750 0.000007260 add_time= 0.000100797
2550 0.000006592 2550 0.000031933 add_time= 0.000051547
2550 0.000062540 2550 0.000005862 add_time= 0.000081081
3025 0.000090560 3025 0.000007226 add_time= 0.000113069
2650 0.000037054 2650 0.000008991 add_time= 0.000106118
2808 0.000106164 2808 0.000007402 add_time= 0.000145665
2750 0.000067654 2750 0.000007694 add_time= 0.000109473
2750 0.000062586 2750 0.000053304 add_time= 0.000141534
2550 0.000041769 2550 0.000007542 add_time= 0.000081626
2750 0.000065561 2750 0.000008026 add_time= 0.000100666
2500 0.000089954 2500 0.000007120 add_time= 0.000115531
2500 0.000114730 2500 0.000006307 add_time= 0.000135242
2550 0.000007661 2550 0.000034970 add_time= 0.000057007
2805 0.000138062 2805 0.000006577 add_time= 0.000169121
2550 0.000093449 2550 0.000006242 add_time= 0.000112482
2750 0.000149725 2750 0.000007081 add_time= 0.000171970
2500 0.000215714 2500 0.000007133 add_time= 0.000237461
2600 0.000037467 2600 0.000006976 add_time= 0.000059381
2805 0.000131919 2805 0.000006565 add_time= 0.000152295
1375 0.000082680 1375 0.000006812 add_time= 0.000102486
2601 0.000095743 2601 0.000007695 add_time= 0.000118127
2600 0.000051854 2600 0.000006726 add_time= 0.000073073
2600 0.000178875 2600 0.000006521 add_time= 0.000200341
2550 0.000110142 2550 0.000006637 add_time= 0.000131624
2500 0.000015187 2500 0.000015593 add_time= 0.000045505
2805 0.000098492 2805 0.000006601 add_time= 0.000121078
2700 0.000054895 2700 0.000007172 add_time= 0.000077886
1375 0.000106712 1375 0.000006615 add_time= 0.000126624
2500 0.000275101 2500 0.000006406 add_time= 0.000296164
2500 0.000101297 2500 0.000006842 add_time= 0.000123262
2750 0.000016422 2750 0.000016332 add_time= 0.000048217
1275 0.000056030 1275 0.000006894 add_time= 0.000075919
2700 0.000102185 2700 0.000007082 add_time= 0.000136251
1275 0.000050267 1275 0.000007007 add_time= 0.000070719
2550 0.000071358 2550 0.000007115 add_time= 0.000094605
2750 0.000063340 2750 0.000015047 add_time= 0.000093701
2500 0.000058438 2500 0.000017837 add_time= 0.000090227
2805 0.000016394 2805 0.000016739 add_time= 0.000048705
2550 0.000110476 2550 0.000006518 add_time= 0.000144802
2862 0.000069963 2862 0.000015322 add_time= 0.000100845
2750 0.000070397 2750 0.000006278 add_time= 0.000090698
2650 0.000436222 2650 0.000007538 add_time= 0.000459327
2750 0.000087927 2750 0.000007089 add_time= 0.000110325
2500 0.000015764 2500 0.000014218 add_time= 0.000044709
2750 0.000100118 2750 0.000015510 add_time= 0.000130882
2600 0.000128742 2600 0.000006604 add_time= 0.000150407
1250 0.000054399 1250 0.000006655 add_time= 0.000072914
2500 0.000571647 2500 0.000008520 add_time= 0.000599543
2600 0.000248286 2600 0.000008577 add_time= 0.000273158
2601 0.000709556 2601 0.000008336 add_time= 0.000733679
2700 0.000117769 2700 0.000006371 add_time= 0.000139439
2750 0.000076248 2750 0.000010450 add_time= 0.000104318
2700 0.000357306 2700 0.000007942 add_time= 0.000382466
2500 0.000074815 2500 0.000006780 add_time= 0.000097902
2550 0.000006734 2550 0.000025275 add_time= 0.000046141
2750 0.000227579 2750 0.000007079 add_time= 0.000251058
2500 0.000131168 2500 0.000006910 add_time= 0.000154072
2750 0.000256534 2750 0.000009038 add_time= 0.000281632
2500 0.000189709 2500 0.000007230 add_time= 0.000212914
2550 0.000198982 2550 0.000007049 add_time= 0.000221892
2550 0.000075135 2550 0.000006960 add_time= 0.000097836
2700 0.000139888 2700 0.000006534 add_time= 0.000170169
1300 0.000099113 1300 0.000005934 add_time= 0.000117122
2703 0.000450228 2703 0.000007355 add_time= 0.000473974
2500 0.000159117 2500 0.000006566 add_time= 0.000179990
2500 0.000055352 2500 0.000006546 add_time= 0.000077650
2550 0.000178955 2550 0.000006523 add_time= 0.000208097
2750 0.000188033 2750 0.000007633 add_time= 0.000212039
1250 0.000084990 1250 0.000017110 add_time= 0.000114806
2500 0.000311270 2500 0.000007040 add_time= 0.000333784
2600 0.000065549 2600 0.000006559 add_time= 0.000087987
2750 0.000006468 2750 0.000042888 add_time= 0.000064164
2500 0.000076147 2500 0.000006952 add_time= 0.000099113
2500 0.000189689 2500 0.000006778 add_time= 0.000211547
2500 0.000086657 2500 0.000008241 add_time= 0.000125236
2600 0.000066848 2600 0.000006547 add_time= 0.000089475
2805 0.000064681 2805 0.000006463 add_time= 0.000087171
2700 0.000017610 2700 0.000016294 add_time= 0.000050684
2750 0.000106841 2750 0.000007093 add_time= 0.000130361
2550 0.000360247 2550 0.000007045 add_time= 0.000381861
2550 0.000140236 2550 0.000006801 add_time= 0.000162485
2500 0.000263888 2500 0.000006587 add_time= 0.000286275
2750 0.000209336 2750 0.000006690 add_time= 0.000240849
2750 0.000006392 2750 0.000015325 add_time= 0.000035894
2805 0.000147615 2805 0.000017765 add_time= 0.000181334
2600 0.000096874 2600 0.000007009 add_time= 0.000126284
2750 0.000078393 2750 0.000006572 add_time= 0.000100742
2500 0.000131932 2500 0.000006517 add_time= 0.000153182
2500 0.000006077 2500 0.000031787 add_time= 0.000050517
2601 0.000063528 2601 0.000006631 add_time= 0.000083055
2750 0.000099089 2750 0.000006148 add_time= 0.000124523
2500 0.000043180 2500 0.000008346 add_time= 0.000087198
2600 0.000051590 2600 0.000007282 add_time= 0.000083184
2750 0.000079678 2750 0.000027190 add_time= 0.000132792
1275 0.000096370 1275 0.000007553 add_time= 0.000129064
2805 0.000014169 2805 0.000008557 add_time= 0.000050485
1375 0.000039043 1375 0.000006936 add_time= 0.000069462
2500 0.000246388 2500 0.000017907 add_time= 0.000278799
2750 0.000122924 2750 0.000006055 add_time= 0.000144293
2750 0.000113217 2750 0.000006112 add_time= 0.000132690
2805 0.000049490 2805 0.000006239 add_time= 0.000071031
1250 0.000181557 1250 0.000013157 add_time= 0.000207275
2500 0.000060019 2500 0.000006957 add_time= 0.000086427
1250 0.000285007 1250 0.000006194 add_time= 0.000306822
2500 0.000007274 2500 0.000013995 add_time= 0.000039219
2700 0.000073954 2700 0.000007055 add_time= 0.000099054
2550 0.000091740 2550 0.000017548 add_time= 0.000124289
2700 0.000050386 2700 0.000006747 add_time= 0.000071637
1250 0.000236400 1250 0.000006371 add_time= 0.000260007
2500 0.000043189 2500 0.000006878 add_time= 0.000070337
2750 0.000085159 2750 0.000006910 add_time= 0.000112232
2500 0.000016578 2500 0.000014250 add_time= 0.000054592
1275 0.000038813 1275 0.000006049 add_time= 0.000080447
2550 0.000063648 2550 0.000006162 add_time= 0.000085559
1275 0.000047453 1275 0.000007022 add_time= 0.000069507
2550 0.000197528 2550 0.000006981 add_time= 0.000224000
2650 0.000122525 2650 0.000006622 add_time= 0.000145329
2970 0.000027066 2970 0.000044858 add_time= 0.000092250
2550 0.000031165 2550 0.000006861 add_time= 0.000063913
2808 0.000021456 2808 0.000006237 add_time= 0.000043879
1300 0.000337503 1300 0.000006469 add_time= 0.000360865
2500 0.000200591 2500 0.000006635 add_time= 0.000226443
2500 0.000077260 2500 0.000006848 add_time= 0.000101232
2500 0.000057601 2500 0.000006982 add_time= 0.000081408
2550 0.000021836 2550 0.000006440 add_time= 0.000044521
2750 0.000073399 2750 0.000008407 add_time= 0.000124474
2550 0.000320389 2550 0.000007223 add_time= 0.000348783
2500 0.000131918 2500 0.000006447 add_time= 0.000153847
2750 0.000055829 2750 0.000005844 add_time= 0.000078127
2805 0.000086512 2805 0.000006642 add_time= 0.000108215
2650 0.000124422 2650 0.000015251 add_time= 0.000203831
2500 0.000277139 2500 0.000006981 add_time= 0.000318307
2750 0.000098894 2750 0.000006464 add_time= 0.000143369
2550 0.000015363 2550 0.000014297 add_time= 0.000056002
2550 0.000148866 2550 0.000005938 add_time= 0.000180407
2700 0.000071291 2700 0.000006858 add_time= 0.000104706
2750 0.000108566 2750 0.000006435 add_time= 0.000140006
2500 0.000522411 2500 0.000009112 add_time= 0.000555728
2860 0.000454684 2860 0.000018886 add_time= 0.000499942
2750 0.000469059 2750 0.000017896 add_time= 0.000506921
2500 0.000096125 2500 0.000025351 add_time= 0.000139992
2500 0.000061171 2500 0.000008936 add_time= 0.000086724
2750 0.000076152 2750 0.000007779 add_time= 0.000101386
2600 0.000049564 2600 0.000007177 add_time= 0.000072639
2860 0.000093310 2860 0.000006995 add_time= 0.000121783
2500 0.000006519 2500 0.000025240 add_time= 0.000045404
2805 0.000078294 2805 0.000007381 add_time= 0.000102159
2600 0.000171240 2600 0.000007469 add_time= 0.000194667
2860 0.000323468 2860 0.000006786 add_time= 0.000347131
2750 0.000270383 2750 0.000007018 add_time= 0.000301100
2750 0.000091063 2750 0.000007010 add_time= 0.000114029
2550 0.000051447 2550 0.000007525 add_time= 0.000085737
2750 0.000097378 2750 0.000007113 add_time= 0.000120847
2500 0.000195974 2500 0.000026651 add_time= 0.000238646
3025 0.000298085 3025 0.000006899 add_time= 0.000322151
2915 0.000073167 2915 0.000034569 add_time= 0.000124577
2805 0.000067398 2805 0.000006762 add_time= 0.000091143
2500 0.000052388 2500 0.000007383 add_time= 0.000075662
2756 0.000069326 2756 0.000007203 add_time= 0.000093152
2860 0.000081415 2860 0.000015422 add_time= 0.000113243
1250 0.000101131 1250 0.000006033 add_time= 0.000125278
2600 0.000078479 2600 0.000007151 add_time= 0.000109563
2805 0.000052440 2805 0.000017010 add_time= 0.000083742
2750 0.000058785 2750 0.000007399 add_time= 0.000082440
2750 0.000139271 2750 0.000036300 add_time= 0.000212038
2970 0.000180116 2970 0.000006687 add_time= 0.000203069
2550 0.000015162 2550 0.000023144 add_time= 0.000053452
2805 0.000098293 2805 0.000006371 add_time= 0.000128333
2862 0.000135580 2862 0.000008258 add_time= 0.000161610
1250 0.000070295 1250 0.000006051 add_time= 0.000094575
2650 0.000095994 2650 0.000006623 add_time= 0.000119520
2600 0.000057284 2600 0.000006402 add_time= 0.000078064
2500 0.000096031 2500 0.000005479 add_time= 0.000125905
2550 0.000218202 2550 0.000006800 add_time= 0.000240965
1275 0.000071682 1275 0.000005851 add_time= 0.000091181
2650 0.000046032 2650 0.000007176 add_time= 0.000078483
2750 0.000156311 2750 0.000007580 add_time= 0.000196292
2860 0.000107966 2860 0.000007270 add_time= 0.000132988
2600 0.000096641 2600 0.000006772 add_time= 0.000125157
2805 0.000092142 2805 0.000007635 add_time= 0.000115099
2700 0.000116421 2700 0.000005833 add_time= 0.000136037
2500 0.000033029 2500 0.000009323 add_time= 0.000083527
2600 0.000055497 2600 0.000007868 add_time= 0.000088138
2750 0.000058485 2750 0.000041735 add_time= 0.000129771
2550 0.000043354 2550 0.000008308 add_time= 0.000081468
2700 0.000008173 2700 0.000008467 add_time= 0.000048732
1250 0.000041385 1250 0.000007133 add_time= 0.000073154
2500 0.000091496 2500 0.000006237 add_time= 0.000113998
2750 0.000065250 2750 0.000006703 add_time= 0.000088403
2700 0.000007994 2700 0.000024860 add_time= 0.000048394
2805 0.000076308 2805 0.000006646 add_time= 0.000098988
2750 0.000065010 2750 0.000006729 add_time= 0.000087702
2550 0.000252338 2550 0.000007298 add_time= 0.000276489
2600 0.000085312 2600 0.000007270 add_time= 0.000107169
2550 0.000115394 2550 0.000007603 add_time= 0.000162781
2750 0.000129609 2750 0.000006927 add_time= 0.000152630
2550 0.000043888 2550 0.000006891 add_time= 0.000077111
2600 0.000056505 2600 0.000006812 add_time= 0.000078556
2500 0.000090211 2500 0.000007164 add_time= 0.000113020
2808 0.000121758 2808 0.000015650 add_time= 0.000151806
2500 0.000015491 2500 0.000015792 add_time= 0.000046255
2703 0.000046065 2703 0.000006839 add_time= 0.000068288
2550 0.000122171 2550 0.000006575 add_time= 0.000143912
2750 0.000062998 2750 0.000007448 add_time= 0.000093161
2600 0.000107116 2600 0.000006622 add_time= 0.000129195
2750 0.000025228 2750 0.000015299 add_time= 0.000055171
2550 0.000076249 2550 0.000006893 add_time= 0.000097969
2805 0.000094292 2805 0.000006700 add_time= 0.000116775
2703 0.000208566 2703 0.000006960 add_time= 0.000231726
2750 0.000184797 2750 0.000007218 add_time= 0.000207264
2550 0.000016932 2550 0.000071833 add_time= 0.000118993
2601 0.000145769 2601 0.000006996 add_time= 0.000175582
2550 0.000073807 2550 0.000014581 add_time= 0.000102084
2500 0.000097020 2500 0.000006330 add_time= 0.000116931
2550 0.000046756 2550 0.000006759 add_time= 0.000068804
2500 0.000054996 2500 0.000006293 add_time= 0.000076580
2750 0.000016346 2750 0.000016630 add_time= 0.000048949
1275 0.000094460 1275 0.000006251 add_time= 0.000114501
2750 0.000214740 2750 0.000006998 add_time= 0.000236120
2600 0.000096161 2600 0.000017809 add_time= 0.000129032
2700 0.000119402 2700 0.000008327 add_time= 0.000143655
2805 0.000082522 2805 0.000017166 add_time= 0.000118625
2500 0.000053872 2500 0.000006454 add_time= 0.000074057
2750 0.000089706 2750 0.000006586 add_time= 0.000109827
2500 0.000166641 2500 0.000006331 add_time= 0.000186150
1250 0.000261224 1250 0.000006741 add_time= 0.000281210
2750 0.000045225 2750 0.000006665 add_time= 0.000066477
2652 0.000069289 2652 0.000005939 add_time= 0.000089165
2550 0.000068146 2550 0.000007229 add_time= 0.000089633
2500 0.000077783 2500 0.000006277 add_time= 0.000097017
2500 0.000466140 2500 0.000006514 add_time= 0.000493720
2500 0.000124617 2500 0.000006885 add_time= 0.000146112
2500 0.000018619 2500 0.000022469 add_time= 0.000065694
2500 0.000067546 2500 0.000006636 add_time= 0.000090298
2700 0.000154323 2700 0.000007496 add_time= 0.000178196
1250 0.000177487 1250 0.000006177 add_time= 0.000199167
2750 0.000230641 2750 0.000018960 add_time= 0.000268979
2600 0.000058110 2600 0.000007737 add_time= 0.000083287
3025 0.000054296 3025 0.000006292 add_time= 0.000086364
2500 0.000046059 2500 0.000006421 add_time= 0.000068925
2652 0.000059335 2652 0.000007091 add_time= 0.000083475
2550 0.000306220 2550 0.000007234 add_time= 0.000329800
2756 0.000241482 2756 0.000006832 add_time= 0.000286004
2860 0.000148596 2860 0.000005964 add_time= 0.000169958
2500 0.000018644 2500 0.000015775 add_time= 0.000058003
2652 0.000098909 2652 0.000006372 add_time= 0.000119579
2650 0.000176611 2650 0.000012143 add_time= 0.000204373
1250 0.000134943 1250 0.000005931 add_time= 0.000154942
2750 0.000223842 2750 0.000009424 add_time= 0.000251493
2860 0.000065917 2860 0.000007227 add_time= 0.000089836
2650 0.000056620 2650 0.000007054 add_time= 0.000080964
2601 0.000073877 2601 0.000006194 add_time= 0.000095008
2750 0.000199243 2750 0.000007109 add_time= 0.000222647
2500 0.000223868 2500 0.000006728 add_time= 0.000258403
2750 0.000064041 2750 0.000007113 add_time= 0.000087375
3025 0.000117270 3025 0.000006758 add_time= 0.000149523
2652 0.000073361 2652 0.000006665 add_time= 0.000096063
1250 0.000230725 1250 0.000006417 add_time= 0.000251333
2500 0.000461415 2500 0.000007984 add_time= 0.000509626
2750 0.000295658 2750 0.000007486 add_time= 0.000330041
2805 0.000017956 2805 0.000016215 add_time= 0.000050013
3025 0.000130887 3025 0.000006740 add_time= 0.000155430
2652 0.000464934 2652 0.000006735 add_time= 0.000487268
1250 0.000077055 1250 0.000006041 add_time= 0.000102265
2756 0.000240480 2756 0.000007571 add_time= 0.000266389
2915 0.000141161 2915 0.000028237 add_time= 0.000190451
2600 0.000006398 2600 0.000022020 add_time= 0.000042792
2550 0.000059630 2550 0.000006285 add_time= 0.000080938
2550 0.000127151 2550 0.000006916 add_time= 0.000159769
1250 0.000068498 1250 0.000006027 add_time= 0.000088543
2650 0.000211175 2650 0.000007799 add_time= 0.000239402
2500 0.000083173 2500 0.000006989 add_time= 0.000106194
2750 0.000094682 2750 0.000005952 add_time= 0.000115680
2550 0.000006646 2550 0.000091384 add_time= 0.000111435
2805 0.000128019 2805 0.000006291 add_time= 0.000148845
2750 0.000074398 2750 0.000007114 add_time= 0.000097922
1250 0.000451284 1250 0.000005479 add_time= 0.000469461
2750 0.000085860 2750 0.000008164 add_time= 0.000150503
2600 0.000072329 2600 0.000008156 add_time= 0.000112024
2550 0.000047413 2550 0.000025612 add_time= 0.000100923
2754 0.000096873 2754 0.000008366 add_time= 0.000137755
2750 0.000105736 2750 0.000008961 add_time= 0.000141265
2750 0.000174231 2750 0.000007611 add_time= 0.000199510
1300 0.000082977 1300 0.000006671 add_time= 0.000104420
2750 0.000097029 2750 0.000006885 add_time= 0.000118757
2550 0.000082815 2550 0.000006551 add_time= 0.000106196
2550 0.000102191 2550 0.000007641 add_time= 0.000126304
2860 0.000045345 2860 0.000006793 add_time= 0.000068331
1250 0.000165276 1250 0.000006304 add_time= 0.000185611
2500 0.000185535 2500 0.000009925 add_time= 0.000213572
2600 0.000306073 2600 0.000007455 add_time= 0.000330281
2750 0.000055242 2750 0.000006670 add_time= 0.000079059
2500 0.000073020 2500 0.000006940 add_time= 0.000096431
2700 0.000092659 2700 0.000006716 add_time= 0.000114304
2550 0.000092923 2550 0.000007497 add_time= 0.000118985
2915 0.000079513 2915 0.000014537 add_time= 0.000110658
2550 0.000016469 2550 0.000014935 add_time= 0.000047131
2550 0.000062634 2550 0.000007511 add_time= 0.000106761
1250 0.000246399 1250 0.000007130 add_time= 0.000267516
2500 0.000364819 2500 0.000007730 add_time= 0.000391566
2750 0.000363501 2750 0.000008478 add_time= 0.000390202
2750 0.000057471 2750 0.000006273 add_time= 0.000079873
2550 0.000081170 2550 0.000006992 add_time= 0.000104873
1250 0.000076037 1250 0.000006645 add_time= 0.000096507
2500 0.000500398 2500 0.000016410 add_time= 0.000538591
2600 0.000060709 2600 0.000006188 add_time= 0.000082507
2500 0.000017588 2500 0.000015369 add_time= 0.000049267
2805 0.000045447 2805 0.000007962 add_time= 0.000070790
2970 0.000104852 2970 0.000016706 add_time= 0.000139054
1250 0.000056241 1250 0.000006377 add_time= 0.000076732
2500 0.000530847 2500 0.000007161 add_time= 0.000555963
3025 0.000305713 3025 0.000007187 add_time= 0.000340064
2750 0.000090010 2750 0.000007528 add_time= 0.000114486
2808 0.000125310 2808 0.000007928 add_time= 0.000170374
1250 0.000082662 1250 0.000005981 add_time= 0.000101445
2600 0.000122150 2600 0.000007311 add_time= 0.000148682
2500 0.000130673 2500 0.000018652 add_time= 0.000166083
3025 0.000104446 3025 0.000007209 add_time= 0.000129417
2500 0.000046204 2500 0.000006580 add_time= 0.000068437
2600 0.000061674 2600 0.000014891 add_time= 0.000092021
2756 0.000146691 2756 0.000007264 add_time= 0.000180409
2652 0.000146362 2652 0.000006030 add_time= 0.000168295
2750 0.000129889 2750 0.000008525 add_time= 0.000155546
2550 0.000113500 2550 0.000007437 add_time= 0.000149814
1250 0.000131600 1250 0.000006730 add_time= 0.000151960
2750 0.000047806 2750 0.000014463 add_time= 0.000076972
2703 0.000206732 2703 0.000007627 add_time= 0.000232428
2650 0.000129543 2650 0.000006963 add_time= 0.000164840
2600 0.000089504 2600 0.000006440 add_time= 0.000114023
2915 0.000038490 2915 0.000006195 add_time= 0.000073280
2550 0.000042942 2550 0.000006378 add_time= 0.000063812
2500 0.000203785 2500 0.000007034 add_time= 0.000225315
2500 0.000107783 2500 0.000006476 add_time= 0.000128277
2500 0.000553942 2500 0.000007056 add_time= 0.000580773
2750 0.000072214 2750 0.000017188 add_time= 0.000107320
2700 0.000007443 2700 0.000029556 add_time= 0.000052097
1250 0.000116718 1250 0.000005786 add_time= 0.000136069
2700 0.000063319 2700 0.000006923 add_time= 0.000087043
2650 0.000064010 2650 0.000006656 add_time= 0.000088041
2750 0.000162253 2750 0.000007526 add_time= 0.000187433
2600 0.000064754 2600 0.000006779 add_time= 0.000087007
2750 0.000404485 2750 0.000007875 add_time= 0.000428904
2601 0.000306769 2601 0.000006721 add_time= 0.000335911
2700 0.000172020 2700 0.000006630 add_time= 0.000195370
1250 0.000070367 1250 0.000006311 add_time= 0.000090055
2650 0.000403671 2650 0.000018626 add_time= 0.000438786
2600 0.000418133 2600 0.000006443 add_time= 0.000439010
2970 0.000047760 2970 0.000018358 add_time= 0.000088405
2500 0.000154430 2500 0.000006771 add_time= 0.000180653
2550 0.000076366 2550 0.000011941 add_time= 0.000101574
2700 0.000133771 2700 0.000007579 add_time= 0.000164939
2500 0.000072499 2500 0.000022592 add_time= 0.000109247
1250 0.000269569 1250 0.000006163 add_time= 0.000288533
2805 0.000060944 2805 0.000006536 add_time= 0.000083639
1250 0.000065537 1250 0.000005712 add_time= 0.000084167
2550 0.000048056 2550 0.000006439 add_time= 0.000069804
2550 0.000304857 2550 0.000006459 add_time= 0.000325352
2750 0.000088370 2750 0.000006466 add_time= 0.000108754
2750 0.000148319 2750 0.000006281 add_time= 0.000172243
2600 0.000089200 2600 0.000019226 add_time= 0.000127034
2750 0.000016881 2750 0.000016444 add_time= 0.000049390
2805 0.000170147 2805 0.000006244 add_time= 0.000192474
2601 0.000046025 2601 0.000005724 add_time= 0.000065348
2550 0.000094447 2550 0.000005910 add_time= 0.000115532
2700 0.000271479 2700 0.000007356 add_time= 0.000313139
2750 0.000166247 2750 0.000006847 add_time= 0.000188858
3025 0.000197995 3025 0.000007244 add_time= 0.000221272
2750 0.000243020 2750 0.000007108 add_time= 0.000276329
2500 0.000059574 2500 0.000007524 add_time= 0.000082759
2600 0.000158251 2600 0.000006864 add_time= 0.000181856
2750 0.000131883 2750 0.000007562 add_time= 0.000155544
2700 0.000162575 2700 0.000025832 add_time= 0.000203250
1375 0.000136338 1375 0.000005520 add_time= 0.000155311
2652 0.000048199 2652 0.000006688 add_time= 0.000069860
2500 0.000298200 2500 0.000007111 add_time= 0.000321288
2500 0.000150759 2500 0.000007151 add_time= 0.000175345
2860 0.000085285 2860 0.000006594 add_time= 0.000107666
2805 0.000006874 2805 0.000025961 add_time= 0.000047211
2550 0.000153647 2550 0.000005581 add_time= 0.000172627
2970 0.000117845 2970 0.000007262 add_time= 0.000141885
1250 0.000058056 1250 0.000006434 add_time= 0.000092297
2860 0.000113874 2860 0.000008997 add_time= 0.000176398
2750 0.000007661 2750 0.000008866 add_time= 0.000043230
2500 0.000007159 2500 0.000026743 add_time= 0.000060189
2652 0.000076839 2652 0.000008997 add_time= 0.000124522
2500 0.000085062 2500 0.000008404 add_time= 0.000119295
2500 0.000476653 2500 0.000007174 add_time= 0.000501202
2550 0.000129980 2550 0.000005642 add_time= 0.000149718
2500 0.000007907 2500 0.000024869 add_time= 0.000048083
2750 0.000059234 2750 0.000006602 add_time= 0.000082178
2550 0.000130646 2550 0.000006517 add_time= 0.000152073
2805 0.000073943 2805 0.000006714 add_time= 0.000097532
2600 0.000399437 2600 0.000006985 add_time= 0.000423813
2500 0.000131985 2500 0.000007006 add_time= 0.000165908
2750 0.000048903 2750 0.000006819 add_time= 0.000072657
2500 0.000021781 2500 0.000005949 add_time= 0.000041254
2805 0.000107383 2805 0.000005848 add_time= 0.000126628
2750 0.000125812 2750 0.000007020 add_time= 0.000149896
2500 0.000206185 2500 0.000006732 add_time= 0.000228670
2750 0.000065891 2750 0.000013105 add_time= 0.000094779
2600 0.000026861 2600 0.000021271 add_time= 0.000063808
2703 0.000089310 2703 0.000007429 add_time= 0.000130273
2500 0.000048373 2500 0.000006926 add_time= 0.000081368
2500 0.000338190 2500 0.000007365 add_time= 0.000361516
2750 0.000055735 2750 0.000007186 add_time= 0.000079481
2550 0.000024461 2550 0.000014373 add_time= 0.000054597
2550 0.000030117 2550 0.000008627 add_time= 0.000054819
2700 0.000064762 2700 0.000007253 add_time= 0.000094328
1325 0.000164201 1325 0.000006019 add_time= 0.000184060
3025 0.000038618 3025 0.000007269 add_time= 0.000068847
2750 0.000016920 2750 0.000014225 add_time= 0.000047721
2550 0.000056809 2550 0.000006940 add_time= 0.000079207
2860 0.000117410 2860 0.000007259 add_time= 0.000149942
2500 0.000058070 2500 0.000006377 add_time= 0.000090580
2650 0.000041749 2650 0.000006522 add_time= 0.000070511
2500 0.000016181 2500 0.000014428 add_time= 0.000044293
2500 0.000022426 2500 0.000005602 add_time= 0.000041259
2750 0.000069525 2750 0.000006092 add_time= 0.000089653
1250 0.000096484 1250 0.000005643 add_time= 0.000113534
2650 0.000227719 2650 0.000006530 add_time= 0.000249352
2500 0.000043977 2500 0.000006140 add_time= 0.000064433
2500 0.000072793 2500 0.000005932 add_time= 0.000092008
3025 0.000052196 3025 0.000005953 add_time= 0.000075732
2500 0.000063263 2500 0.000005336 add_time= 0.000088169
2754 0.000036032 2754 0.000006240 add_time= 0.000056330
2750 0.000145313 2750 0.000006418 add_time= 0.000167107
2550 0.000077367 2550 0.000006575 add_time= 0.000098301
2550 0.000015141 2550 0.000016300 add_time= 0.000054671
2750 0.000079007 2750 0.000006320 add_time= 0.000099522
2652 0.000024441 2652 0.000014237 add_time= 0.000052878
2750 0.000047244 2750 0.000006891 add_time= 0.000068204
2756 0.000049930 2756 0.000006610 add_time= 0.000072474
1300 0.000070259 1300 0.000005675 add_time= 0.000087640
2750 0.000014138 2750 0.000041790 add_time= 0.000070041
2500 0.000038881 2500 0.000005861 add_time= 0.000058808
2600 0.000068196 2600 0.000006356 add_time= 0.000088343
2500 0.000323892 2500 0.000007603 add_time= 0.000346876
3025 0.000039760 3025 0.000006619 add_time= 0.000061955
2550 0.000013925 2550 0.000014071 add_time= 0.000041453
2805 0.000038963 2805 0.000006182 add_time= 0.000059652
2500 0.000031300 2500 0.000006399 add_time= 0.000058636
2500 0.000093351 2500 0.000012826 add_time= 0.000133567
2750 0.000207411 2750 0.000008452 add_time= 0.000232834
2750 0.000025063 2750 0.000127092 add_time= 0.000168926
2550 0.000094380 2550 0.000033651 add_time= 0.000146675
2700 0.000168376 2700 0.000034406 add_time= 0.000220931
2600 0.000486126 2600 0.000007342 add_time= 0.000511699
2750 0.000345969 2750 0.000007123 add_time= 0.000371838
3025 0.000183310 3025 0.000006486 add_time= 0.000208791
2550 0.000049810 2550 0.000016155 add_time= 0.000085557
3025 0.000065832 3025 0.000009497 add_time= 0.000090521
1250 0.000117329 1250 0.000006145 add_time= 0.000136837
2500 0.000049652 2500 0.000008754 add_time= 0.000075166
2704 0.000079006 2704 0.000006048 add_time= 0.000099299
2750 0.000208039 2750 0.000009563 add_time= 0.000233043
2805 0.000266019 2805 0.000015649 add_time= 0.000308986
2700 0.000084092 2700 0.000006625 add_time= 0.000107090
1250 0.000026328 1250 0.000006072 add_time= 0.000045261
2500 0.000209816 2500 0.000007573 add_time= 0.000235043
2550 0.000132105 2550 0.000006207 add_time= 0.000160555
2860 0.000077762 2860 0.000006106 add_time= 0.000097587
2600 0.000105197 2600 0.000006920 add_time= 0.000127336
2500 0.000078824 2500 0.000006907 add_time= 0.000111908
2550 0.000462495 2550 0.000006571 add_time= 0.000504547
2750 0.000359978 2750 0.000007672 add_time= 0.000383637
2652 0.000097590 2652 0.000006982 add_time= 0.000119984
2700 0.000047004 2700 0.000006820 add_time= 0.000069350
2550 0.000131735 2550 0.000006017 add_time= 0.000151367
2500 0.000063924 2500 0.000006699 add_time= 0.000085981
2500 0.000330191 2500 0.000008050 add_time= 0.000375667
2704 0.000245067 2704 0.000013435 add_time= 0.000273364
2500 0.000098423 2500 0.000005742 add_time= 0.000118031
3025 0.000150409 3025 0.000007230 add_time= 0.000176842
2550 0.000191080 2550 0.000006160 add_time= 0.000211492
2700 0.000065633 2700 0.000009119 add_time= 0.000098607
1375 0.000130520 1375 0.000005801 add_time= 0.000148045
2915 0.000410878 2915 0.000007471 add_time= 0.000436324
2750 0.000069026 2750 0.000006840 add_time= 0.000092678
2750 0.000076685 2750 0.000005895 add_time= 0.000097049
2550 0.000163580 2550 0.000025827 add_time= 0.000204736
2500 0.000190504 2500 0.000006930 add_time= 0.000213239
2550 0.000090618 2550 0.000006815 add_time= 0.000112893
2600 0.000159580 2600 0.000007381 add_time= 0.000186400
2970 0.000098683 2970 0.000008246 add_time= 0.000123772
2500 0.000006602 2500 0.000026350 add_time= 0.000052054
2601 0.000081907 2601 0.000026563 add_time= 0.000123451
3025 0.000096333 3025 0.000007693 add_time= 0.000137171
1325 0.000157594 1325 0.000008386 add_time= 0.000211180
2915 0.000060611 2915 0.000014080 add_time= 0.000120977
2500 0.000038785 2500 0.000023620 add_time= 0.000092121
2703 0.000090427 2703 0.000009203 add_time= 0.000137959
2550 0.000061748 2550 0.000008976 add_time= 0.000098906
2600 0.000225110 2600 0.000013273 add_time= 0.000256402
2600 0.000170808 2600 0.000006536 add_time= 0.000192815
2915 0.000052108 2915 0.000006200 add_time= 0.000075454
2601 0.000089314 2601 0.000007043 add_time= 0.000112510
2750 0.000060004 2750 0.000005931 add_time= 0.000080504
2500 0.000471720 2500 0.000007127 add_time= 0.000494903
2650 0.000132238 2650 0.000006072 add_time= 0.000151800
2750 0.000179739 2750 0.000006568 add_time= 0.000201291
2500 0.000085428 2500 0.000007217 add_time= 0.000106566
1300 0.000088593 1300 0.000007508 add_time= 0.000108421
2500 0.000276549 2500 0.000007127 add_time= 0.000299198
2600 0.000053084 2600 0.000006931 add_time= 0.000074390
2500 0.000133992 2500 0.000007141 add_time= 0.000156012
2550 0.000228658 2550 0.000007361 add_time= 0.000250802
2805 0.000072420 2805 0.000006852 add_time= 0.000103820
2550 0.000041036 2550 0.000005984 add_time= 0.000060526
2550 0.000107186 2550 0.000006308 add_time= 0.000128340
2750 0.000054835 2750 0.000007086 add_time= 0.000077942
2600 0.000125467 2600 0.000005871 add_time= 0.000144890
2500 0.000016652 2500 0.000014228 add_time= 0.000044968
2700 0.000048266 2700 0.000018341 add_time= 0.000082382
2500 0.000097951 2500 0.000007478 add_time= 0.000120215
2704 0.000274912 2704 0.000006966 add_time= 0.000298071
2600 0.000016667 2600 0.000015280 add_time= 0.000057752
2650 0.000114504 2650 0.000026497 add_time= 0.000156329
2754 0.000082854 2754 0.000007319 add_time= 0.000105334
1250 0.000047949 1250 0.000005564 add_time= 0.000064534
2600 0.000123948 2600 0.000006718 add_time= 0.000145918
2500 0.000189995 2500 0.000027340 add_time= 0.000232278
2500 0.000021552 2500 0.000013953 add_time= 0.000048648
2652 0.000052605 2652 0.000006256 add_time= 0.000079708
2750 0.000065707 2750 0.000017957 add_time= 0.000096439
2600 0.000151735 2600 0.000006559 add_time= 0.000181703
3025 0.000367953 3025 0.000006782 add_time= 0.000397281
2805 0.000245519 2805 0.000007114 add_time= 0.000266402
2805 0.000785786 2805 0.000030467 add_time= 0.000829847
2650 0.000096622 2650 0.000007334 add_time= 0.000117063
2500 0.000188390 2500 0.000006537 add_time= 0.000209405
2750 0.000157606 2750 0.000007526 add_time= 0.000180664
2550 0.000015303 2550 0.000014311 add_time= 0.000042765
2754 0.000144430 2754 0.000006577 add_time= 0.000174899
2700 0.000059078 2700 0.000014630 add_time= 0.000087026
2500 0.000137401 2500 0.000030488 add_time= 0.000180775
2500 0.000260001 2500 0.000007245 add_time= 0.000282482
2750 0.000262471 2750 0.000006731 add_time= 0.000284657
2805 0.000120073 2805 0.000006467 add_time= 0.000148107
2652 0.000101485 2652 0.000007610 add_time= 0.000122901
2550 0.000063935 2550 0.000006848 add_time= 0.000084039
2500 0.000227263 2500 0.000006885 add_time= 0.000248778
2500 0.000110772 2500 0.000005690 add_time= 0.000129365
2500 0.000006377 2500 0.000014234 add_time= 0.000033055
2500 0.000040018 2500 0.000022424 add_time= 0.000074930
2601 0.000057732 2601 0.000006526 add_time= 0.000077171
2750 0.000382581 2750 0.000006111 add_time= 0.000401889
1350 0.000057717 1350 0.000006615 add_time= 0.000075002
2915 0.000116127 2915 0.000006661 add_time= 0.000138502
2500 0.000271587 2500 0.000007138 add_time= 0.000291765
2550 0.000015298 2550 0.000015005 add_time= 0.000043127
2500 0.000053586 2500 0.000006413 add_time= 0.000081014
2700 0.000080856 2700 0.000006260 add_time= 0.000100151
1250 0.000056863 1250 0.000005716 add_time= 0.000073387
2700 0.000458518 2700 0.000008147 add_time= 0.000488195
2750 0.000128250 2750 0.000006852 add_time= 0.000149998
2600 0.000016695 2600 0.000032916 add_time= 0.000065491
2750 0.000096670 2750 0.000006175 add_time= 0.000119268
2700 0.000063019 2700 0.000007473 add_time= 0.000086448
2750 0.000236031 2750 0.000007202 add_time= 0.000259650
2500 0.000744926 2500 0.000007719 add_time= 0.000768913
2500 0.000007430 2500 0.000034379 add_time= 0.000056533
2550 0.000125887 2550 0.000006651 add_time= 0.000148816
1250 0.000056304 1250 0.000006781 add_time= 0.000076206
2500 0.000355623 2500 0.000009549 add_time= 0.000381777
2860 0.000583596 2860 0.000008054 add_time= 0.000607568
2805 0.000220163 2805 0.000007257 add_time= 0.000242588
2808 0.000175923 2808 0.000007184 add_time= 0.000199068
2750 0.000065618 2750 0.000007030 add_time= 0.000086868
2750 0.000197588 2750 0.000007410 add_time= 0.000220717
2650 0.000055732 2650 0.000006363 add_time= 0.000091960
2860 0.000073115 2860 0.000006356 add_time= 0.000095133
2601 0.000142312 2601 0.000007256 add_time= 0.000165445
1375 0.000090376 1375 0.000026436 add_time= 0.000128879
2500 0.000497920 2500 0.000006639 add_time= 0.000520888
3025 0.000048189 3025 0.000013499 add_time= 0.000079225
2500 0.000007595 2500 0.000014975 add_time= 0.000038251
2550 0.000098346 2550 0.000026889 add_time= 0.000140620
3025 0.000073880 3025 0.000007482 add_time= 0.000108443
1375 0.000067081 1375 0.000006371 add_time= 0.000091364
2650 0.000417172 2650 0.000026093 add_time= 0.000472067
2750 0.000151182 2750 0.000007670 add_time= 0.000178330
2750 0.000187083 2750 0.000006696 add_time= 0.000211763
2500 0.000143636 2500 0.000007081 add_time= 0.000169766
2750 0.000350101 2750 0.000007032 add_time= 0.000382789
2550 0.000291541 2550 0.000007883 add_time= 0.000317775
2500 0.000200466 2500 0.000007105 add_time= 0.000222802
2550 0.000007016 2550 0.000015136 add_time= 0.000040625
2550 0.000256460 2550 0.000007217 add_time= 0.000283687
2500 0.000216800 2500 0.000006621 add_time= 0.000239630
1300 0.000070325 1300 0.000006175 add_time= 0.000104091
2550 0.000130560 2550 0.000006940 add_time= 0.000153834
2750 0.000182201 2750 0.000007100 add_time= 0.000205553
2600 0.000013414 2600 0.000026055 add_time= 0.000053299
1250 0.000073890 1250 0.000006168 add_time= 0.000093293
2600 0.000097988 2600 0.000007256 add_time= 0.000120789
1250 0.000041686 1250 0.000006015 add_time= 0.000067223
2500 0.000006790 2500 0.000008067 add_time= 0.000066332
2860 0.000169724 2860 0.000007928 add_time= 0.000205909
2750 0.000046256 2750 0.000091100 add_time= 0.000210564
2750 0.000057624 2750 0.000009400 add_time= 0.000104488
2600 0.000027145 2600 0.000008117 add_time= 0.000067405
2550 0.000049718 2550 0.000015294 add_time= 0.000105228
3025 0.000035947 3025 0.000008222 add_time= 0.000077176
2500 0.000065955 2500 0.000007688 add_time= 0.000093417
2600 0.000087374 2600 0.000006086 add_time= 0.000109600
2500 0.000169115 2500 0.000006725 add_time= 0.000200050
2500 0.000006478 2500 0.000023615 add_time= 0.000043810
2754 0.000089047 2754 0.000006798 add_time= 0.000111803
2500 0.000085396 2500 0.000006787 add_time= 0.000107307
2600 0.000285082 2600 0.000013604 add_time= 0.000315561
2600 0.000080490 2600 0.000006891 add_time= 0.000108931
1250 0.000013495 1250 0.000009598 add_time= 0.000035521
2550 0.000158208 2550 0.000007085 add_time= 0.000180258
2550 0.000130711 2550 0.000018641 add_time= 0.000164985
2500 0.000266440 2500 0.000006570 add_time= 0.000300319
2750 0.000082512 2750 0.000013870 add_time= 0.000112024
3025 0.000047077 3025 0.000006461 add_time= 0.000077131
2600 0.000065871 2600 0.000008175 add_time= 0.000089066
2500 0.000140450 2500 0.000006599 add_time= 0.000168791
2600 0.000173581 2600 0.000007343 add_time= 0.000199728
2600 0.000065234 2600 0.000006830 add_time= 0.000087587
1250 0.000098985 1250 0.000012925 add_time= 0.000125315
2550 0.000066753 2550 0.000006798 add_time= 0.000090043
3025 0.000038622 3025 0.000007427 add_time= 0.000062782
2500 0.000117364 2500 0.000007790 add_time= 0.000152525
2750 0.000020939 2750 0.000128322 add_time= 0.000165894
2600 0.000078932 2600 0.000006674 add_time= 0.000102466
2700 0.000128261 2700 0.000012676 add_time= 0.000156968
1250 0.000157740 1250 0.000012828 add_time= 0.000183873
2500 0.000192801 2500 0.000007469 add_time= 0.000219272
2750 0.000098335 2750 0.000007575 add_time= 0.000122143
2750 0.000017009 2750 0.000017085 add_time= 0.000075875
2805 0.000062218 2805 0.000006766 add_time= 0.000092133
2805 0.000175255 2805 0.000006001 add_time= 0.000196179
2750 0.000066888 2750 0.000006323 add_time= 0.000087338
2650 0.000448105 2650 0.000006743 add_time= 0.000473685
2500 0.000069984 2500 0.000014561 add_time= 0.000099708
2650 0.000079490 2650 0.000013334 add_time= 0.000107124
2970 0.000025477 2970 0.000096873 add_time= 0.000137512
2600 0.000090873 2600 0.000006304 add_time= 0.000111601
2700 0.000054729 2700 0.000006548 add_time= 0.000075051
2750 0.000226737 2750 0.000016395 add_time= 0.000262053
2805 0.000158364 2805 0.000006596 add_time= 0.000180338
2750 0.000100989 2750 0.000006156 add_time= 0.000121990
2601 0.000074741 2601 0.000006592 add_time= 0.000103772
1300 0.000200756 1300 0.000005689 add_time= 0.000229035
2650 0.000070958 2650 0.000007467 add_time= 0.000098539
2600 0.000047337 2600 0.000006113 add_time= 0.000067947
2750 0.000016678 2750 0.000019106 add_time= 0.000050690
2550 0.000013455 2550 0.000014458 add_time= 0.000041940
2703 0.000203591 2703 0.000007317 add_time= 0.000225168
2750 0.000132618 2750 0.000014536 add_time= 0.000162182
2600 0.000127783 2600 0.000007451 add_time= 0.000154419
2600 0.000062563 2600 0.000006501 add_time= 0.000083071
2750 0.000107287 2750 0.000006475 add_time= 0.000133901
2750 0.000067367 2750 0.000006155 add_time= 0.000087488
2500 0.000101648 2500 0.000015167 add_time= 0.000135636
1375 0.000142752 1375 0.000017762 add_time= 0.000172790
2700 0.000271168 2700 0.000016891 add_time= 0.000306439
2652 0.000065822 2652 0.000006642 add_time= 0.000087113
2750 0.000057358 2750 0.000006155 add_time= 0.000078380
2550 0.000014377 2550 0.000014983 add_time= 0.000042147
2754 0.000190044 2754 0.000006148 add_time= 0.000209875
2600 0.000150183 2600 0.000006331 add_time= 0.000173822
2500 0.000634398 2500 0.000029857 add_time= 0.000692831
2600 0.000159847 2600 0.000006261 add_time= 0.000181758
3025 0.000273105 3025 0.000006717 add_time= 0.000303910
2652 0.000282833 2652 0.000007121 add_time= 0.000306642
2550 0.000120874 2550 0.000014715 add_time= 0.000151105
2650 0.000174463 2650 0.000007427 add_time= 0.000198557
2915 0.000435106 2915 0.000006919 add_time= 0.000461188
1250 0.000172939 1250 0.000005327 add_time= 0.000191716
2500 0.000007345 2500 0.000026595 add_time= 0.000049098
2500 0.000171307 2500 0.000006948 add_time= 0.000194405
2500 0.000104754 2500 0.000027421 add_time= 0.000148480
2650 0.000202469 2650 0.000007273 add_time= 0.000235960
2860 0.000346229 2860 0.000007797 add_time= 0.000370359
2500 0.000007520 2500 0.000025200 add_time= 0.000048932
2700 0.000218114 2700 0.000007217 add_time= 0.000241390
2550 0.000198006 2550 0.000006518 add_time= 0.000218788
2600 0.000149053 2600 0.000006862 add_time= 0.000179259
2500 0.000175139 2500 0.000007739 add_time= 0.000202325
2600 0.000215058 2600 0.000007263 add_time= 0.000236862
2805 0.000076348 2805 0.000007748 add_time= 0.000101076
2550 0.000083643 2550 0.000006985 add_time= 0.000117799
2700 0.000221248 2700 0.000006621 add_time= 0.000242387
3025 0.000052330 3025 0.000018065 add_time= 0.000086199
1375 0.000163547 1375 0.000005870 add_time= 0.000181453
2500 0.000424527 2500 0.000006892 add_time= 0.000447890
2805 0.000006585 2805 0.000025651 add_time= 0.000047258
2750 0.000072385 2750 0.000006497 add_time= 0.000093299
2550 0.000148301 2550 0.000044661 add_time= 0.000208954
2750 0.000143822 2750 0.000035373 add_time= 0.000195315
1250 0.000111802 1250 0.000006110 add_time= 0.000132084
2500 0.000161327 2500 0.000007576 add_time= 0.000192688
2750 0.000131927 2750 0.000006811 add_time= 0.000174581
2600 0.000050319 2600 0.000014884 add_time= 0.000086175
2500 0.000186939 2500 0.000006934 add_time= 0.000209297
1250 0.000297936 1250 0.000006462 add_time= 0.000318010
2500 0.000115944 2500 0.000006490 add_time= 0.000138934
2860 0.000070710 2860 0.000005984 add_time= 0.000092110
2750 0.000250098 2750 0.000039375 add_time= 0.000306156
2805 0.000090744 2805 0.000006926 add_time= 0.000113821
2500 0.000186959 2500 0.000006289 add_time= 0.000208912
2750 0.000104310 2750 0.000007648 add_time= 0.000128606
2550 0.000098742 2550 0.000007070 add_time= 0.000132290
2805 0.000025360 2805 0.000006572 add_time= 0.000051845
2550 0.000006104 2550 0.000024549 add_time= 0.000047697
2805 0.000108967 2805 0.000006588 add_time= 0.000133660
2750 0.000057808 2750 0.000007537 add_time= 0.000083451
2650 0.000006734 2650 0.000008970 add_time= 0.000079114
2652 0.000030910 2652 0.000007455 add_time= 0.000065244
2970 0.000039840 2970 0.000007208 add_time= 0.000079904
2500 0.000012897 2500 0.000022145 add_time= 0.000066277
2703 0.000066422 2703 0.000008437 add_time= 0.000108135
2703 0.000021576 2703 0.000008442 add_time= 0.000067194
1250 0.000051581 1250 0.000007572 add_time= 0.000087262
2550 0.000288916 2550 0.000006670 add_time= 0.000318685
2550 0.000070084 2550 0.000007230 add_time= 0.000105628
2500 0.000065327 2500 0.000006301 add_time= 0.000087109
2500 0.000015762 2500 0.000049875 add_time= 0.000093608
2550 0.000052916 2550 0.000006809 add_time= 0.000077394
2805 0.000038290 2805 0.000006261 add_time= 0.000063014
2808 0.000090861 2808 0.000005686 add_time= 0.000112953
1250 0.000037086 1250 0.000012908 add_time= 0.000064639
2703 0.000206719 2703 0.000007921 add_time= 0.000229062
2860 0.000109379 2860 0.000006129 add_time= 0.000129125
2600 0.000027078 2600 0.000015710 add_time= 0.000057247
2550 0.000084850 2550 0.000015005 add_time= 0.000114801
2500 0.000130788 2500 0.000006850 add_time= 0.000151565
2860 0.000284881 2860 0.000007076 add_time= 0.000307734
2600 0.000068693 2600 0.000006090 add_time= 0.000087561
2500 0.000007011 2500 0.000014315 add_time= 0.000035306
2805 0.000044910 2805 0.000007052 add_time= 0.000067023
2750 0.000086530 2750 0.000015306 add_time= 0.000116440
2700 0.000176518 2700 0.000006904 add_time= 0.000198873
2750 0.000294568 2750 0.000007484 add_time= 0.000317330
2805 0.000052766 2805 0.000006599 add_time= 0.000074406
2700 0.000054505 2700 0.000006348 add_time= 0.000076000
2500 0.000117075 2500 0.000006566 add_time= 0.000138558
2652 0.000121220 2652 0.000006219 add_time= 0.000141585
2500 0.000016584 2500 0.000015686 add_time= 0.000046700
2500 0.000080008 2500 0.000006253 add_time= 0.000100848
2970 0.000059660 2970 0.000011482 add_time= 0.000087036
2550 0.000050169 2550 0.000006618 add_time= 0.000072056
2860 0.000090279 2860 0.000006451 add_time= 0.000110514
2750 0.000050800 2750 0.000006256 add_time= 0.000070238
1250 0.000072570 1250 0.000006038 add_time= 0.000090603
2550 0.000090427 2550 0.000006516 add_time= 0.000111573
2550 0.000125585 2550 0.000007715 add_time= 0.000148187
2750 0.000106476 2750 0.000006812 add_time= 0.000128456
1350 0.000071247 1350 0.000005569 add_time= 0.000088306
2650 0.000348664 2650 0.000006817 add_time= 0.000370986
2652 0.000054195 2652 0.000006161 add_time= 0.000073556
2750 0.000110876 2750 0.000005842 add_time= 0.000129695
2750 0.000143989 2750 0.000007549 add_time= 0.000173872
2754 0.000048961 2754 0.000005891 add_time= 0.000068655
2650 0.000089071 2650 0.000006934 add_time= 0.000111280
2550 0.000080203 2550 0.000007088 add_time= 0.000102600
2750 0.000173057 2750 0.000006291 add_time= 0.000193082
2750 0.000018720 2750 0.000015854 add_time= 0.000049982
2805 0.000105123 2805 0.000007542 add_time= 0.000128260
2600 0.000057047 2600 0.000006978 add_time= 0.000089035
2600 0.000128212 2600 0.000006594 add_time= 0.000150104
2500 0.000100034 2500 0.000006279 add_time= 0.000119825
1250 0.000261924 1250 0.000005252 add_time= 0.000277815
2600 0.000015018 2600 0.000013675 add_time= 0.000060681
2805 0.000054572 2805 0.000007629 add_time= 0.000077938
2750 0.000074689 2750 0.000007097 add_time= 0.000097366
2500 0.000419247 2500 0.000007007 add_time= 0.000441787
2750 0.000139429 2750 0.000007631 add_time= 0.000162005
2750 0.000134224 2750 0.000007106 add_time= 0.000167687
2500 0.000108352 2500 0.000007071 add_time= 0.000130446
2750 0.000190021 2750 0.000007149 add_time= 0.000212086
2500 0.000339824 2500 0.000010058 add_time= 0.000364604
2500 0.000095026 2500 0.000007013 add_time= 0.000116748
2600 0.000054482 2600 0.000014882 add_time= 0.000084142
2750 0.000050738 2750 0.000006781 add_time= 0.000072735
2650 0.000100105 2650 0.000006053 add_time= 0.000119152
2500 0.000737429 2500 0.000009400 add_time= 0.000769904
2500 0.000094194 2500 0.000007391 add_time= 0.000120322
2750 0.000040748 2750 0.000025295 add_time= 0.000082190
1375 0.000098727 1375 0.000006693 add_time= 0.000132153
2550 0.000280839 2550 0.000007253 add_time= 0.000309979
2805 0.000120360 2805 0.000006856 add_time= 0.000143048
2650 0.000398907 2650 0.000007403 add_time= 0.000425028
2500 0.000235803 2500 0.000007187 add_time= 0.000262039
2500 0.000007898 2500 0.000021824 add_time= 0.000048131
2601 0.000349910 2601 0.000045870 add_time= 0.000413115
2550 0.000314396 2550 0.000026544 add_time= 0.000357034
2500 0.000278988 2500 0.000006786 add_time= 0.000302264
2700 0.000072407 2700 0.000005944 add_time= 0.000101865
2601 0.000255876 2601 0.000006580 add_time= 0.000276978
2600 0.000150064 2600 0.000025259 add_time= 0.000190455
2550 0.000057924 2550 0.000007224 add_time= 0.000080556
2750 0.000140426 2750 0.000006913 add_time= 0.000163456
2500 0.000043974 2500 0.000006902 add_time= 0.000081755
2750 0.000007282 2750 0.000016763 add_time= 0.000049799
2754 0.000090022 2754 0.000007102 add_time= 0.000117035
2500 0.000032418 2500 0.000011907 add_time= 0.000059629
