2652 0.000999976 2652 0.000014496 add_time= 0.002698327
2601 0.000056252 2601 0.000008077 add_time= 0.000080705
2700 0.000451141 2700 0.000018461 add_time= 0.000491410
2500 0.000045896 2500 0.000008341 add_time= 0.000072732
2750 0.000082528 2750 0.000007444 add_time= 0.000123075
2750 0.000097800 2750 0.000015195 add_time= 0.000160480
2500 0.000059682 2500 0.000006130 add_time= 0.000079802
2550 0.000106136 2550 0.000009117 add_time= 0.000131549
2600 0.000057820 2600 0.000010701 add_time= 0.000098094
2601 0.000177684 2601 0.000007934 add_time= 0.000212996
2500 0.000187308 2500 0.000007456 add_time= 0.000210527
2750 0.000395634 2750 0.000010395 add_time= 0.000483863
2754 0.000087299 2754 0.000008556 add_time= 0.000135941
2600 0.000107088 2600 0.000009557 add_time= 0.000156245
1250 0.000100080 1250 0.000007208 add_time= 0.000138553
2600 0.000173593 2600 0.000008440 add_time= 0.000237721
2500 0.000262707 2500 0.000008119 add_time= 0.000292986
2750 0.000617037 2750 0.000007175 add_time= 0.000640350
2650 0.000738096 2650 0.000007364 add_time= 0.000761301
2650 0.000317965 2650 0.000020844 add_time= 0.000503464
2550 0.000048430 2550 0.000018072 add_time= 0.000109231
2750 0.000387325 2750 0.000029871 add_time= 0.001969156
2550 0.000086329 2550 0.000009040 add_time= 0.000112709
2750 0.000687481 2750 0.000010566 add_time= 0.000727444
2500 0.000106038 2500 0.000007169 add_time= 0.000129555
1250 0.000042772 1250 0.000006163 add_time= 0.000064122
2750 0.000012654 2750 0.000156832 add_time= 0.000210306
2652 0.000146460 2652 0.000018647 add_time= 0.000195214
2600 0.000162359 2600 0.000009302 add_time= 0.000188705
2915 0.000513884 2915 0.000018706 add_time= 0.000562716
2550 0.000062474 2550 0.000015603 add_time= 0.000094514
2500 0.000268126 2500 0.000006660 add_time= 0.000290605
2860 0.000029821 2860 0.000019185 add_time= 0.000084244
2652 0.000324757 2652 0.000007180 add_time= 0.000349497
2750 0.000434128 2750 0.000008267 add_time= 0.000464010
2805 0.000107173 2805 0.000007705 add_time= 0.000132297
2600 0.000386263 2600 0.000009421 add_time= 0.000458867
2550 0.000061319 2550 0.000007653 add_time= 0.000096182
2860 0.000212482 2860 0.000099988 add_time= 0.000482946
2915 0.000184331 2915 0.000021072 add_time= 0.000253372
2500 0.000144648 2500 0.000007465 add_time= 0.000200770
2550 0.000057520 2550 0.000007397 add_time= 0.000114755
2550 0.000073673 2550 0.000007271 add_time= 0.000124968
2600 0.000176517 2600 0.000012914 add_time= 0.001352561
2600 0.000109178 2600 0.000007456 add_time= 0.000132008
2805 0.000060112 2805 0.000006215 add_time= 0.000083218
2601 0.000085148 2601 0.000006670 add_time= 0.000108315
2600 0.000082006 2600 0.000006437 add_time= 0.000102415
2500 0.000058097 2500 0.000006606 add_time= 0.000080198
2862 0.000226964 2862 0.000006827 add_time= 0.000258179
2750 0.000119929 2750 0.000019196 add_time= 0.000164352
1250 0.000080009 1250 0.000006119 add_time= 0.000109676
2970 0.000129428 2970 0.000006650 add_time= 0.000151386
2703 0.000072753 2703 0.000006640 add_time= 0.000095573
2550 0.000115626 2550 0.000007209 add_time= 0.000138781
2750 0.000085582 2750 0.000006604 add_time= 0.000107327
2756 0.000429614 2756 0.000009878 add_time= 0.000478781
2750 0.000106582 2750 0.000009737 add_time= 0.000134192
2550 0.000107519 2550 0.000006746 add_time= 0.000150502
2500 0.000089339 2500 0.000006229 add_time= 0.000111722
2500 0.000066398 2500 0.000006822 add_time= 0.000096570
1250 0.000048006 1250 0.000006155 add_time= 0.000069785
2500 0.000316596 2500 0.000007854 add_time= 0.000343642
2750 0.000114239 2750 0.000016305 add_time= 0.000148954
2860 0.000007188 2860 0.000026863 add_time= 0.000060615
2805 0.000058374 2805 0.000047996 add_time= 0.000123595
2500 0.000111473 2500 0.000007033 add_time= 0.000134420
2550 0.000079879 2550 0.000007091 add_time= 0.000102936
2809 0.000240015 2809 0.000008091 add_time= 0.000288669
2860 0.000102168 2860 0.000027909 add_time= 0.000147510
2600 0.000017983 2600 0.000014652 add_time= 0.000048926
2500 0.000093975 2500 0.000007276 add_time= 0.000115745
2550 0.000229223 2550 0.000018964 add_time= 0.000264075
2500 0.000131888 2500 0.000007039 add_time= 0.000154964
2600 0.000458338 2600 0.000007304 add_time= 0.000483179
2750 0.000194274 2750 0.000008086 add_time= 0.000227618
2550 0.000143841 2550 0.000007359 add_time= 0.000167745
2750 0.000158728 2750 0.000015418 add_time= 0.000190957
2500 0.000163402 2500 0.000027191 add_time= 0.000206957
2500 0.000058318 2500 0.000007063 add_time= 0.000080950
2650 0.000344679 2650 0.000006809 add_time= 0.000369702
2600 0.000045428 2600 0.000008038 add_time= 0.000071282
2500 0.001324800 2500 0.000011062 add_time= 0.001367207
2550 0.000066458 2550 0.000007650 add_time= 0.000088977
2970 0.000075807 2970 0.000007599 add_time= 0.000099902
1250 0.000212229 1250 0.000006752 add_time= 0.000231850
2650 0.000017262 2650 0.000010467 add_time= 0.000148723
2860 0.000036369 2860 0.000019420 add_time= 0.000086855
2500 0.000081951 2500 0.000134863 add_time= 0.000240198
2500 0.000533461 2500 0.000007499 add_time= 0.000563421
1275 0.000113569 1275 0.000006951 add_time= 0.000144678
2805 0.000060151 2805 0.000008921 add_time= 0.000095422
2650 0.000634941 2650 0.000007430 add_time= 0.000665218
2750 0.000586778 2750 0.000007959 add_time= 0.000625472
3025 0.000175309 3025 0.000008135 add_time= 0.000211257
2550 0.000076478 2550 0.000007557 add_time= 0.000100745
2600 0.000244858 2600 0.000007159 add_time= 0.000268778
625 0.000109113 625 0.000006845 add_time= 0.000130949
2650 0.000394772 2650 0.000007081 add_time= 0.000419378
2750 0.000227963 2750 0.000006704 add_time= 0.000250863
2550 0.000505859 2550 0.000007370 add_time= 0.000529524
2805 0.000456699 2805 0.000008230 add_time= 0.000491212
2550 0.000176628 2550 0.000006445 add_time= 0.000197903
2500 0.000265182 2500 0.000007022 add_time= 0.000289134
2600 0.000139248 2600 0.000007160 add_time= 0.000179066
2970 0.000049525 2970 0.000015408 add_time= 0.000082442
2500 0.000055741 2500 0.000006563 add_time= 0.000077062
2500 0.000137430 2500 0.000007077 add_time= 0.000158879
2754 0.000155390 2754 0.000007760 add_time= 0.000191741
2550 0.000069498 2550 0.000007616 add_time= 0.000093668
2862 0.000222937 2862 0.000007452 add_time= 0.000253000
2600 0.000044454 2600 0.000006754 add_time= 0.000066402
2500 0.000014266 2500 0.000022829 add_time= 0.000050959
2650 0.000048514 2650 0.000006145 add_time= 0.000076970
2500 0.000116607 2500 0.000006824 add_time= 0.000137137
2700 0.000136360 2700 0.000007814 add_time= 0.000160861
2500 0.000090236 2500 0.000007841 add_time= 0.000114290
2650 0.000139309 2650 0.000008032 add_time= 0.000164854
2860 0.000039390 2860 0.000007252 add_time= 0.000064667
2805 0.000005859 2805 0.000026398 add_time= 0.000047159
2750 0.000167116 2750 0.000006503 add_time= 0.000197776
2652 0.000138191 2652 0.000008220 add_time= 0.000163304
2970 0.000059245 2970 0.000006968 add_time= 0.000083372
2500 0.000074215 2500 0.000007536 add_time= 0.000098728
2600 0.000156726 2600 0.000007164 add_time= 0.000192404
2500 0.000143550 2500 0.000013377 add_time= 0.000178763
2500 0.000022888 2500 0.000013336 add_time= 0.000050348
2750 0.000145688 2750 0.000006926 add_time= 0.000187436
2703 0.000243325 2703 0.000006521 add_time= 0.000263882
2550 0.000239697 2550 0.000006035 add_time= 0.000259238
2700 0.000064336 2700 0.000016217 add_time= 0.000096603
2650 0.000140343 2650 0.000007814 add_time= 0.000167666
2650 0.000139686 2650 0.000006663 add_time= 0.000160760
2600 0.000006713 2600 0.000014422 add_time= 0.000035478
2550 0.000198127 2550 0.000014833 add_time= 0.000226895
2703 0.000308083 2703 0.000007547 add_time= 0.000340887
2750 0.000052511 2750 0.000040621 add_time= 0.000110532
2650 0.000353240 2650 0.000017216 add_time= 0.000389926
2750 0.000014925 2750 0.000022181 add_time= 0.000057547
2750 0.000049211 2750 0.000007519 add_time= 0.000074067
2550 0.000054854 2550 0.000006546 add_time= 0.000078016
1375 0.000100045 1375 0.000006605 add_time= 0.000141373
2550 0.000056443 2550 0.000026580 add_time= 0.000161814
2750 0.000105756 2750 0.000029149 add_time= 0.000167168
2970 0.000066588 2970 0.000008398 add_time= 0.000106652
2550 0.000092626 2550 0.000008548 add_time= 0.000126196
2750 0.000114146 2750 0.000010228 add_time= 0.000152175
625 0.000075072 625 0.000007496 add_time= 0.000123381
2650 0.000136614 2650 0.000007332 add_time= 0.000162155
2550 0.000071580 2550 0.000006631 add_time= 0.000093787
2500 0.000088495 2500 0.000006799 add_time= 0.000111512
2500 0.000093321 2500 0.000007305 add_time= 0.000117285
2750 0.000076308 2750 0.000008297 add_time= 0.000102562
1250 0.000108343 1250 0.000012421 add_time= 0.000136020
2650 0.000123916 2650 0.000008758 add_time= 0.000153452
2600 0.000070985 2600 0.000007155 add_time= 0.000094076
2600 0.000060959 2600 0.000007193 add_time= 0.000084867
2750 0.000133547 2750 0.000016964 add_time= 0.000165715
2500 0.000107295 2500 0.000025788 add_time= 0.000147648
2808 0.000049787 2808 0.000006538 add_time= 0.000071208
1250 0.000051166 1250 0.000007234 add_time= 0.000072742
2650 0.000538759 2650 0.000007587 add_time= 0.000568181
2600 0.000100799 2600 0.000006739 add_time= 0.000124116
2750 0.000035507 2750 0.000024974 add_time= 0.000089470
2700 0.000071241 2700 0.000006926 add_time= 0.000093288
2600 0.000064022 2600 0.000007118 add_time= 0.000094614
2805 0.000149094 2805 0.000006805 add_time= 0.000171314
2750 0.000082636 2750 0.000006362 add_time= 0.000103914
1250 0.000098408 1250 0.000006641 add_time= 0.000119798
2915 0.000230204 2915 0.000008141 add_time= 0.000259140
2550 0.000170359 2550 0.000006911 add_time= 0.000199725
2750 0.000089702 2750 0.000007818 add_time= 0.000114298
2500 0.000182677 2500 0.000007662 add_time= 0.000207024
2916 0.000145024 2916 0.000008597 add_time= 0.000170032
1250 0.000077726 1250 0.000007076 add_time= 0.000109708
2500 0.000133694 2500 0.000007402 add_time= 0.000158089
2860 0.000058174 2860 0.000006958 add_time= 0.000081213
2500 0.000007292 2500 0.000014736 add_time= 0.000038210
2500 0.000153996 2500 0.000006907 add_time= 0.000185394
2805 0.000149293 2805 0.000007242 add_time= 0.000174076
2650 0.000108177 2650 0.000007457 add_time= 0.000131890
2750 0.000223754 2750 0.000007134 add_time= 0.000245415
2915 0.000260848 2915 0.000007515 add_time= 0.000286121
2500 0.000144255 2500 0.000006081 add_time= 0.000165337
2970 0.000096668 2970 0.000007281 add_time= 0.000121107
2550 0.000074935 2550 0.000006925 add_time= 0.000107696
2700 0.000105468 2700 0.000006970 add_time= 0.000128787
2703 0.000084811 2703 0.000007596 add_time= 0.000109328
2860 0.000274328 2860 0.000007137 add_time= 0.000298913
2860 0.000131119 2860 0.000014607 add_time= 0.000169889
2500 0.000061100 2500 0.000006525 add_time= 0.000083190
2805 0.000108352 2805 0.000007220 add_time= 0.000141993
2750 0.000081910 2750 0.000016353 add_time= 0.000114542
2500 0.000050102 2500 0.000006455 add_time= 0.000070532
2703 0.000075516 2703 0.000008026 add_time= 0.000118105
2500 0.000085515 2500 0.000014117 add_time= 0.000114459
2500 0.000274260 2500 0.000007368 add_time= 0.000306359
2750 0.000136156 2750 0.000007192 add_time= 0.000166000
2808 0.000280823 2808 0.000006929 add_time= 0.000308668
2500 0.000079960 2500 0.000006909 add_time= 0.000101832
2650 0.000066678 2650 0.000007613 add_time= 0.000094032
2600 0.000097349 2600 0.000007605 add_time= 0.000120825
2750 0.000121879 2750 0.000007632 add_time= 0.000145308
2860 0.000006939 2860 0.000034235 add_time= 0.000055213
2550 0.000235474 2550 0.000026547 add_time= 0.000277774
2500 0.000287314 2500 0.000011336 add_time= 0.000314639
2750 0.000053346 2750 0.000006842 add_time= 0.000079272
2600 0.000221221 2600 0.000007773 add_time= 0.000246861
2750 0.000016276 2750 0.000028231 add_time= 0.000063816
2750 0.000095274 2750 0.000006721 add_time= 0.000117574
2805 0.000093225 2805 0.000007253 add_time= 0.000115777
2754 0.000045263 2754 0.000007051 add_time= 0.000067643
2750 0.000108994 2750 0.000007020 add_time= 0.000130110
2703 0.000077399 2703 0.000009575 add_time= 0.000136733
2500 0.000087049 2500 0.000012018 add_time= 0.000123209
2500 0.000067028 2500 0.000026624 add_time= 0.000134810
2600 0.000076409 2600 0.000007492 add_time= 0.000109206
2652 0.000069842 2652 0.000008634 add_time= 0.000105674
2700 0.000055035 2700 0.000008063 add_time= 0.000089575
2500 0.000159270 2500 0.000007564 add_time= 0.000186541
2600 0.000056209 2600 0.000006475 add_time= 0.000078574
2750 0.000136837 2750 0.000007304 add_time= 0.000171900
2500 0.000045338 2500 0.000008175 add_time= 0.000069467
2700 0.000064961 2700 0.000006752 add_time= 0.000086374
2750 0.000135335 2750 0.000016706 add_time= 0.000167135
1325 0.000106008 1325 0.000007683 add_time= 0.000130610
2860 0.000039362 2860 0.000006300 add_time= 0.000070957
2550 0.000015780 2550 0.000014579 add_time= 0.000044373
2750 0.000084929 2750 0.000006964 add_time= 0.000108172
2550 0.000163812 2550 0.000007335 add_time= 0.000186991
2916 0.000131615 2916 0.000022561 add_time= 0.000169381
2750 0.000127930 2750 0.000008833 add_time= 0.000161270
2650 0.000331773 2650 0.000008170 add_time= 0.000359399
2500 0.000206886 2500 0.000006501 add_time= 0.000227935
1250 0.000011809 1250 0.000010269 add_time= 0.000033903
2750 0.000099655 2750 0.000007625 add_time= 0.000124639
2550 0.000072863 2550 0.000015241 add_time= 0.000115063
2700 0.000284368 2700 0.000007001 add_time= 0.000324836
1300 0.000134252 1300 0.000014667 add_time= 0.000162332
2650 0.000661848 2650 0.000009405 add_time= 0.000705404
2652 0.000131823 2652 0.000008923 add_time= 0.000157544
2750 0.000028943 2750 0.000027458 add_time= 0.000085724
2550 0.000092652 2550 0.000007098 add_time= 0.000123738
2550 0.000044585 2550 0.000006805 add_time= 0.000065024
2750 0.000109691 2750 0.000007719 add_time= 0.000138269
2704 0.000170928 2704 0.000014294 add_time= 0.000255543
1250 0.000007393 1250 0.000015207 add_time= 0.000052721
2750 0.000206039 2750 0.000006771 add_time= 0.000244615
2550 0.000058638 2550 0.000020185 add_time= 0.000106659
2600 0.000128762 2600 0.000026624 add_time= 0.000180042
1250 0.000123220 1250 0.000006839 add_time= 0.000168651
2500 0.000241798 2500 0.000007131 add_time= 0.000275993
2750 0.000010093 2750 0.000033627 add_time= 0.000069503
2500 0.003035870 2500 0.000007173 add_time= 0.003068512
2600 0.000088811 2600 0.000006867 add_time= 0.000129532
2500 0.000168661 2500 0.000007789 add_time= 0.000205946
1300 0.000104353 1300 0.000006094 add_time= 0.000133284
2750 0.000007914 2750 0.000025497 add_time= 0.000081205
2970 0.000096559 2970 0.000007512 add_time= 0.000139852
2550 0.001070139 2550 0.000006544 add_time= 0.001103507
1275 0.000097627 1275 0.000005664 add_time= 0.000124345
2750 0.000217610 2750 0.000007261 add_time= 0.000251507
1250 0.000212848 1250 0.000006796 add_time= 0.000250965
2500 0.000010290 2500 0.000024420 add_time= 0.000059617
3025 0.000112106 3025 0.000007350 add_time= 0.000149719
2550 0.000069932 2550 0.000007131 add_time= 0.000113969
2970 0.000081157 2970 0.000008059 add_time= 0.000115613
2756 0.000153133 2756 0.000007459 add_time= 0.000197715
3025 0.000029202 3025 0.000016801 add_time= 0.000063303
2915 0.000105462 2915 0.000007533 add_time= 0.000130572
2550 0.000350138 2550 0.000006959 add_time= 0.000373621
2750 0.000370364 2750 0.000008330 add_time= 0.000396192
2500 0.000293768 2500 0.000007106 add_time= 0.000317554
3025 0.000008458 3025 0.000017694 add_time= 0.000043442
2805 0.000075589 2805 0.000006888 add_time= 0.000096795
2500 0.000158852 2500 0.000007072 add_time= 0.000182461
2970 0.000049764 2970 0.000013311 add_time= 0.000091984
1250 0.000087926 1250 0.000007060 add_time= 0.000108967
2650 0.000032504 2650 0.000007666 add_time= 0.000056894
2652 0.000042067 2652 0.000007046 add_time= 0.000064362
2500 0.000006245 2500 0.000029491 add_time= 0.000049000
2750 0.000196224 2750 0.000007627 add_time= 0.000218321
2550 0.000107370 2550 0.000006891 add_time= 0.000128840
2970 0.000049576 2970 0.000006332 add_time= 0.000070265
1250 0.000053647 1250 0.000006179 add_time= 0.000072870
2809 0.000120979 2809 0.000008209 add_time= 0.000187591
2750 0.000006591 2750 0.000007344 add_time= 0.000039285
2500 0.000060000 2500 0.000007635 add_time= 0.000091345
1275 0.000041090 1275 0.000007012 add_time= 0.000071158
2862 0.000065285 2862 0.000008391 add_time= 0.000101241
2500 0.000033114 2500 0.000008636 add_time= 0.000076099
2809 0.000042331 2809 0.000007139 add_time= 0.000065058
2600 0.000065451 2600 0.000006783 add_time= 0.000087881
2750 0.000008590 2750 0.000024389 add_time= 0.000060214
2652 0.000135976 2652 0.000007001 add_time= 0.000158185
2700 0.000034292 2700 0.000014840 add_time= 0.000071430
1375 0.000044349 1375 0.000006327 add_time= 0.000063962
2756 0.000176033 2756 0.000007423 add_time= 0.000203050
2860 0.000093927 2860 0.000007190 add_time= 0.000118800
2750 0.000061903 2750 0.000007492 add_time= 0.000088303
2550 0.000141654 2550 0.000007083 add_time= 0.000167515
2500 0.000043137 2500 0.000006996 add_time= 0.000066652
2500 0.000252817 2500 0.000008791 add_time= 0.000280701
2500 0.000017628 2500 0.000013905 add_time= 0.000048434
2750 0.000191613 2750 0.000007219 add_time= 0.000217470
2703 0.000043752 2703 0.000006447 add_time= 0.000075254
2754 0.000087820 2754 0.000007239 add_time= 0.000112743
2970 0.000068317 2970 0.000007751 add_time= 0.000104150
2915 0.000411628 2915 0.000007921 add_time= 0.000440768
2750 0.000018395 2750 0.000014997 add_time= 0.000060128
2500 0.000140829 2500 0.000007848 add_time= 0.000170137
2601 0.000088760 2601 0.000007686 add_time= 0.000121108
2754 0.000047442 2754 0.000006836 add_time= 0.000071008
1250 0.000090198 1250 0.000006507 add_time= 0.000110765
2500 0.000196852 2500 0.000007581 add_time= 0.000227500
2500 0.000064802 2500 0.000006750 add_time= 0.000093824
2750 0.000351076 2750 0.000008013 add_time= 0.000380729
2805 0.000103479 2805 0.000006989 add_time= 0.000128535
2550 0.000341500 2550 0.000006422 add_time= 0.000373881
2500 0.000128194 2500 0.000006996 add_time= 0.000151383
2750 0.000190777 2750 0.000007755 add_time= 0.000216673
2500 0.000048358 2500 0.000006800 add_time= 0.000071596
2500 0.000194212 2500 0.000006906 add_time= 0.000217329
2860 0.000083803 2860 0.000006548 add_time= 0.000106238
2703 0.000160657 2703 0.000006186 add_time= 0.000182104
2970 0.000068322 2970 0.000007483 add_time= 0.000095744
2550 0.000063074 2550 0.000016438 add_time= 0.000096277
2862 0.000469550 2862 0.000007732 add_time= 0.000499713
2600 0.000072857 2600 0.000007023 add_time= 0.000097069
2750 0.000007296 2750 0.000027960 add_time= 0.000050935
2550 0.000120459 2550 0.000006765 add_time= 0.000144737
2550 0.000089829 2550 0.000007623 add_time= 0.000131354
1250 0.000127293 1250 0.000006159 add_time= 0.000158609
2500 0.000763583 2500 0.000007037 add_time= 0.000787736
2600 0.000042696 2600 0.000006600 add_time= 0.000064078
2750 0.000007458 2750 0.000025227 add_time= 0.000049333
2550 0.000167804 2550 0.000006858 add_time= 0.000189652
2750 0.000247837 2750 0.000007358 add_time= 0.000287378
2750 0.000107088 2750 0.000007579 add_time= 0.000131510
2703 0.000424474 2703 0.000007629 add_time= 0.000449851
2860 0.000060062 2860 0.000007070 add_time= 0.000085018
2500 0.000006957 2500 0.000015452 add_time= 0.000047914
2550 0.000107050 2550 0.000006412 add_time= 0.000127513
2652 0.000110907 2652 0.000007404 add_time= 0.000134849
2970 0.000131682 2970 0.000007045 add_time= 0.000154022
1375 0.000072380 1375 0.000005784 add_time= 0.000094986
2756 0.000057548 2756 0.000007588 add_time= 0.000096377
2500 0.000097836 2500 0.000007651 add_time= 0.000131792
2500 0.000006837 2500 0.000036204 add_time= 0.000056778
2860 0.000075922 2860 0.000007572 add_time= 0.000111150
2550 0.000052532 2550 0.000006665 add_time= 0.000073440
2860 0.000320694 2860 0.000007682 add_time= 0.000355760
2756 0.000077622 2756 0.000007836 add_time= 0.000103896
2600 0.000061287 2600 0.000007550 add_time= 0.000085331
2500 0.000006723 2500 0.000014628 add_time= 0.000036056
2500 0.000316452 2500 0.000006007 add_time= 0.000336507
2805 0.000110316 2805 0.000007974 add_time= 0.000134801
2500 0.000401159 2500 0.000028097 add_time= 0.000445619
1275 0.000030699 1275 0.000006171 add_time= 0.000049588
2915 0.000170061 2915 0.000008173 add_time= 0.000201381
2600 0.000071120 2600 0.000006441 add_time= 0.000093539
2500 0.000006932 2500 0.000090337 add_time= 0.000110843
2915 0.000105669 2915 0.000006927 add_time= 0.000127555
2650 0.000063887 2650 0.000006497 add_time= 0.000084321
2700 0.000060156 2700 0.000007229 add_time= 0.000083924
1250 0.002663540 1250 0.000006156 add_time= 0.002682269
2703 0.000129781 2703 0.000009708 add_time= 0.000180679
2500 0.000042742 2500 0.000007668 add_time= 0.000074823
2750 0.000120716 2750 0.000029053 add_time= 0.000191391
2550 0.000091329 2550 0.000008170 add_time= 0.000124582
2700 0.000082372 2700 0.000009231 add_time= 0.000117872
2500 0.000061659 2500 0.000009658 add_time= 0.000096555
2650 0.000164274 2650 0.000007386 add_time= 0.000189544
2860 0.000121480 2860 0.000008217 add_time= 0.000147775
2500 0.000087752 2500 0.000006848 add_time= 0.000110263
2550 0.000074077 2550 0.000007222 add_time= 0.000096961
2970 0.000052270 2970 0.000008351 add_time= 0.000077105
1375 0.000120465 1375 0.000007020 add_time= 0.000149384
2500 0.000487052 2500 0.000007289 add_time= 0.000514278
2750 0.000136608 2750 0.000007058 add_time= 0.000160171
2500 0.000124578 2500 0.000006510 add_time= 0.000147273
2550 0.000045455 2550 0.000014666 add_time= 0.000075431
2750 0.000048390 2750 0.000007202 add_time= 0.000079622
2500 0.000199926 2500 0.000007700 add_time= 0.000225082
2704 0.000056556 2704 0.000006423 add_time= 0.000078336
2650 0.000056534 2650 0.000007064 add_time= 0.000079968
2500 0.000077046 2500 0.000007513 add_time= 0.000099982
2805 0.000090913 2805 0.000006695 add_time= 0.000112715
3025 0.000190134 3025 0.000007933 add_time= 0.000215371
2550 0.000221947 2550 0.000007762 add_time= 0.000257880
2600 0.000038441 2600 0.000006372 add_time= 0.000058762
2750 0.000084157 2750 0.000006938 add_time= 0.000105979
2750 0.000083250 2750 0.000006114 add_time= 0.000104001
1250 0.000077243 1250 0.000006441 add_time= 0.000097417
2550 0.000088455 2550 0.000006865 add_time= 0.000109866
2750 0.000052644 2750 0.000007717 add_time= 0.000076297
2500 0.000206393 2500 0.000008229 add_time= 0.000233093
2915 0.000116110 2915 0.000010352 add_time= 0.000143394
2500 0.000090368 2500 0.000007293 add_time= 0.000113774
2550 0.000070939 2550 0.000008240 add_time= 0.000095768
2500 0.000083775 2500 0.000006900 add_time= 0.000112422
2750 0.000141303 2750 0.000007361 add_time= 0.000175636
2915 0.000861908 2915 0.000026156 add_time= 0.000912628
2860 0.000081743 2860 0.000007712 add_time= 0.000106534
2750 0.000016914 2750 0.000024250 add_time= 0.000057727
3025 0.000109105 3025 0.000007933 add_time= 0.000143700
2550 0.000079461 2550 0.000007340 add_time= 0.000103780
2500 0.000293128 2500 0.000007402 add_time= 0.000316863
1325 0.000413675 1325 0.000007426 add_time= 0.000436623
2500 0.000122423 2500 0.000007377 add_time= 0.000146773
3025 0.000007509 3025 0.000028048 add_time= 0.000060878
2650 0.000091715 2650 0.000014726 add_time= 0.000134837
2700 0.000323314 2700 0.000007544 add_time= 0.000354843
2550 0.000073736 2550 0.000007263 add_time= 0.000096065
2650 0.000405108 2650 0.000007508 add_time= 0.000432727
2704 0.000083526 2704 0.000006043 add_time= 0.000103722
3025 0.000007650 3025 0.000054340 add_time= 0.000079485
2500 0.000071332 2500 0.000027633 add_time= 0.000117526
2550 0.000163007 2550 0.000024199 add_time= 0.000202275
1275 0.000061790 1275 0.000006816 add_time= 0.000093821
2915 0.000337312 2915 0.000008382 add_time= 0.000364588
3025 0.000310275 3025 0.000007888 add_time= 0.000335428
2750 0.000070444 2750 0.000007889 add_time= 0.000099462
2601 0.000100097 2601 0.000007175 add_time= 0.000123482
2700 0.000199111 2700 0.000026712 add_time= 0.000240230
2500 0.000368127 2500 0.000007802 add_time= 0.000395370
1300 0.000078053 1300 0.000006778 add_time= 0.000099691
2550 0.000093353 2550 0.000007295 add_time= 0.000117182
1375 0.000054546 1375 0.000006868 add_time= 0.000075547
2600 0.000192842 2600 0.000007028 add_time= 0.000215864
3025 0.001062988 3025 0.000007986 add_time= 0.001093577
1325 0.000106740 1325 0.000007404 add_time= 0.000139847
3025 0.000113330 3025 0.000026677 add_time= 0.000167056
2750 0.000094185 2750 0.000008056 add_time= 0.000118365
2500 0.000038755 2500 0.000005969 add_time= 0.000058426
2970 0.000193202 2970 0.000006904 add_time= 0.000220519
1375 0.000094156 1375 0.000007587 add_time= 0.000117311
2650 0.000109326 2650 0.000007110 add_time= 0.000134011
2600 0.000056942 2600 0.000006848 add_time= 0.000079000
2650 0.000157422 2650 0.000007747 add_time= 0.000181886
2550 0.000083228 2550 0.000007412 add_time= 0.000106380
2550 0.000162588 2550 0.000008402 add_time= 0.000187605
2750 0.000281359 2750 0.000006998 add_time= 0.000303552
2915 0.000113325 2915 0.000007798 add_time= 0.000139499
2808 0.000092730 2808 0.000014417 add_time= 0.000121041
2860 0.000105366 2860 0.000021734 add_time= 0.000141006
2500 0.000068114 2500 0.000005861 add_time= 0.000087447
2601 0.000083878 2601 0.000005890 add_time= 0.000102801
2750 0.000137830 2750 0.000006666 add_time= 0.000157762
2500 0.000065086 2500 0.000007041 add_time= 0.000087251
2500 0.000033254 2500 0.000008863 add_time= 0.000080283
2652 0.000081099 2652 0.000008193 add_time= 0.000115268
2915 0.000047034 2915 0.000028389 add_time= 0.000101492
2550 0.000046403 2550 0.000007947 add_time= 0.000078640
2700 0.000058934 2700 0.000008297 add_time= 0.000092925
2500 0.000148303 2500 0.000007362 add_time= 0.000171739
2600 0.000059484 2600 0.000007079 add_time= 0.000086913
2750 0.000067505 2750 0.000013346 add_time= 0.000116495
2550 0.000039856 2550 0.000007342 add_time= 0.000062364
2805 0.000089589 2805 0.000007773 add_time= 0.000111518
2550 0.000131036 2550 0.000007277 add_time= 0.000153642
2550 0.000116797 2550 0.000006671 add_time= 0.000148431
2862 0.000187317 2862 0.000007588 add_time= 0.000212584
2750 0.000059235 2750 0.000007919 add_time= 0.000082197
2750 0.000086706 2750 0.000008676 add_time= 0.000117787
2550 0.000056686 2550 0.000007055 add_time= 0.000079509
2915 0.000114458 2915 0.000015820 add_time= 0.000146182
2704 0.000084173 2704 0.000007710 add_time= 0.000110524
2600 0.000043668 2600 0.000007036 add_time= 0.000074926
2805 0.000099544 2805 0.000007695 add_time= 0.000123787
2703 0.000101779 2703 0.000007118 add_time= 0.000140370
2600 0.000063583 2600 0.000006905 add_time= 0.000085421
1250 0.000083193 1250 0.000006855 add_time= 0.000106253
2915 0.000088477 2915 0.000008092 add_time= 0.000115115
2600 0.000067514 2600 0.000007297 add_time= 0.000091079
3025 0.000054389 3025 0.000008056 add_time= 0.000079258
2601 0.000050423 2601 0.000020825 add_time= 0.000086197
2550 0.000073796 2550 0.000006834 add_time= 0.000094311
2500 0.000052383 2500 0.000005915 add_time= 0.000071818
2500 0.000080501 2500 0.000008752 add_time= 0.000112698
2500 0.000279485 2500 0.000006968 add_time= 0.000303590
2860 0.000065361 2860 0.000015434 add_time= 0.000096194
2860 0.000017263 2860 0.000016398 add_time= 0.000050378
2750 0.000093131 2750 0.000007445 add_time= 0.000125318
2500 0.000107266 2500 0.000006372 add_time= 0.000126937
2808 0.000094596 2808 0.000007445 add_time= 0.000118686
1325 0.000037809 1325 0.000017478 add_time= 0.000084433
2650 0.000319891 2650 0.000007741 add_time= 0.000346294
2500 0.000121574 2500 0.000007975 add_time= 0.000147316
2750 0.000079834 2750 0.000006889 add_time= 0.000103363
2805 0.000134102 2805 0.000012112 add_time= 0.000162444
2550 0.000043146 2550 0.000006866 add_time= 0.000072783
2750 0.000083083 2750 0.000008799 add_time= 0.000108168
1275 0.000045926 1275 0.000007078 add_time= 0.000065356
2750 0.000630578 2750 0.000007889 add_time= 0.000663157
2750 0.000280780 2750 0.000007925 add_time= 0.000305711
2500 0.000086463 2500 0.000008319 add_time= 0.000114498
2550 0.000139669 2550 0.000007217 add_time= 0.000163027
2500 0.000188837 2500 0.000007084 add_time= 0.000216256
1300 0.000103342 1300 0.000006901 add_time= 0.000125465
2650 0.000358778 2650 0.000007309 add_time= 0.000384349
1375 0.000006385 1375 0.000017598 add_time= 0.000037820
2750 0.000118759 2750 0.000006747 add_time= 0.000141983
2754 0.000092215 2754 0.000007686 add_time= 0.000116306
2805 0.000081696 2805 0.000008159 add_time= 0.000106444
2750 0.000102852 2750 0.000010085 add_time= 0.000130514
2550 0.000086284 2550 0.000006731 add_time= 0.000108763
2550 0.000101750 2550 0.000007026 add_time= 0.000124634
2550 0.000253485 2550 0.000006967 add_time= 0.000276190
2970 0.000166288 2970 0.000008311 add_time= 0.000210974
2970 0.000083860 2970 0.000007090 add_time= 0.000105215
2500 0.000557494 2500 0.000007371 add_time= 0.000581429
2600 0.000087088 2600 0.000006371 add_time= 0.000107528
3025 0.000006838 3025 0.000024573 add_time= 0.000046002
2805 0.000174429 2805 0.000008116 add_time= 0.000198895
2703 0.000144484 2703 0.000006569 add_time= 0.000165885
2700 0.000139649 2700 0.000007212 add_time= 0.000166118
2750 0.000171388 2750 0.000007624 add_time= 0.000194902
1250 0.000088211 1250 0.000006012 add_time= 0.000109025
2704 0.000044313 2704 0.000006817 add_time= 0.000067526
2550 0.000007114 2550 0.000015940 add_time= 0.000038543
2750 0.000066894 2750 0.000007158 add_time= 0.000099540
2550 0.000152774 2550 0.000006604 add_time= 0.000180265
2600 0.000160860 2600 0.000007693 add_time= 0.000184463
2600 0.000132371 2600 0.000008887 add_time= 0.000172036
2750 0.000229191 2750 0.000007778 add_time= 0.000274751
2650 0.000054927 2650 0.000007283 add_time= 0.000089466
2550 0.000131239 2550 0.000006497 add_time= 0.000152096
2600 0.000146307 2600 0.000025615 add_time= 0.000187728
1250 0.000321089 1250 0.000006408 add_time= 0.000341845
2500 0.000008259 2500 0.000013366 add_time= 0.000037984
2550 0.000187313 2550 0.000007897 add_time= 0.000211387
2550 0.000171675 2550 0.000033508 add_time= 0.000219219
2500 0.000101935 2500 0.000006990 add_time= 0.000124646
2650 0.000091012 2650 0.000006859 add_time= 0.000120184
2750 0.000061913 2750 0.000006208 add_time= 0.000086693
2600 0.000096775 2600 0.000006987 add_time= 0.000120053
2500 0.000061836 2500 0.000006161 add_time= 0.000091372
2700 0.000049345 2700 0.000007261 add_time= 0.000074745
625 0.002249187 625 0.000007210 add_time= 0.002272613
2500 0.000096515 2500 0.000016698 add_time= 0.000159928
1250 0.000023847 1250 0.000007272 add_time= 0.000058175
2500 0.000053640 2500 0.000008769 add_time= 0.000096650
2500 0.000007047 2500 0.000008849 add_time= 0.000041722
2550 0.000047779 2550 0.000008400 add_time= 0.000083940
2970 0.000104056 2970 0.000009164 add_time= 0.000158286
2500 0.000199112 2500 0.000007266 add_time= 0.000227172
2500 0.000042828 2500 0.000006683 add_time= 0.000077845
2750 0.000085602 2750 0.000006779 add_time= 0.000111418
2550 0.000045206 2550 0.000007178 add_time= 0.000070832
2700 0.000031027 2700 0.000008184 add_time= 0.000065109
1250 0.000133329 1250 0.000005398 add_time= 0.000151656
2650 0.000099039 2650 0.000007074 add_time= 0.000122875
2750 0.000314832 2750 0.000008759 add_time= 0.000344499
2550 0.000103229 2550 0.000007136 add_time= 0.000125508
2500 0.000044601 2500 0.000007465 add_time= 0.000075539
2700 0.000066287 2700 0.000007532 add_time= 0.000088554
1250 0.000246162 1250 0.000007195 add_time= 0.000266057
2500 0.000328510 2500 0.000006713 add_time= 0.000350517
2750 0.000116157 2750 0.000007568 add_time= 0.000137717
2650 0.000081801 2650 0.000006929 add_time= 0.000103423
2600 0.000050512 2600 0.000007384 add_time= 0.000080959
2970 0.000091664 2970 0.000007206 add_time= 0.000114667
2500 0.000063785 2500 0.000007827 add_time= 0.000095589
2600 0.000197851 2600 0.000007819 add_time= 0.000222061
2550 0.000158840 2550 0.000006614 add_time= 0.000180148
2750 0.000075776 2750 0.000007578 add_time= 0.000099362
2500 0.000094592 2500 0.000007567 add_time= 0.000115847
2970 0.000070699 2970 0.000007309 add_time= 0.000093385
1375 0.000284545 1375 0.000006885 add_time= 0.000305083
2600 0.000156825 2600 0.000007098 add_time= 0.000200821
2600 0.000016546 2600 0.000015169 add_time= 0.000046685
2750 0.000087196 2750 0.000007272 add_time= 0.000119422
2550 0.000118387 2550 0.000006118 add_time= 0.000137825
2550 0.000094121 2550 0.000006312 add_time= 0.000112997
2750 0.000047211 2750 0.000007047 add_time= 0.000069199
2650 0.000075497 2650 0.000007453 add_time= 0.000098739
1300 0.000265484 1300 0.000017942 add_time= 0.000296299
2500 0.000026336 2500 0.000022983 add_time= 0.000063038
2750 0.000042285 2750 0.000007365 add_time= 0.000065204
2601 0.000070494 2601 0.000007384 add_time= 0.000092944
2970 0.000078668 2970 0.000007553 add_time= 0.000100261
2700 0.000152159 2700 0.000007353 add_time= 0.000174669
2500 0.000138549 2500 0.000006671 add_time= 0.000159803
2600 0.000153263 2600 0.000006222 add_time= 0.000173343
2750 0.000071402 2750 0.000008155 add_time= 0.000095856
2601 0.000164335 2601 0.000006824 add_time= 0.000185511
2500 0.000099445 2500 0.000007243 add_time= 0.000121969
1375 0.000127507 1375 0.000006063 add_time= 0.000145245
2860 0.000332379 2860 0.000007611 add_time= 0.000362279
2650 0.000019534 2650 0.000017073 add_time= 0.000052201
2600 0.000505051 2600 0.000007155 add_time= 0.000535238
2601 0.000125612 2601 0.000007462 add_time= 0.000149780
2700 0.000152115 2700 0.000007082 add_time= 0.000174000
2600 0.000373970 2600 0.000007217 add_time= 0.000402832
2600 0.000066998 2600 0.000006787 add_time= 0.000089204
2860 0.000007957 2860 0.000027028 add_time= 0.000051993
2750 0.000181133 2750 0.000006783 add_time= 0.000202765
2650 0.000139234 2650 0.000006602 add_time= 0.000162300
2750 0.000146225 2750 0.000007505 add_time= 0.000170262
2650 0.000179967 2650 0.000007108 add_time= 0.000203963
2750 0.000362677 2750 0.000007248 add_time= 0.000386682
2500 0.000046744 2500 0.000008130 add_time= 0.000080285
2754 0.000088750 2754 0.000007499 add_time= 0.000112616
2500 0.000223946 2500 0.000006891 add_time= 0.000246022
2756 0.000198882 2756 0.000007441 add_time= 0.000224757
2750 0.000017353 2750 0.000024572 add_time= 0.000058218
2750 0.000140062 2750 0.000007722 add_time= 0.000171094
2550 0.000068027 2550 0.000007218 add_time= 0.000090894
2500 0.000091027 2500 0.000013643 add_time= 0.000131816
2750 0.000259733 2750 0.000026909 add_time= 0.000309352
3025 0.000048095 3025 0.000006863 add_time= 0.000069840
2550 0.000109801 2550 0.000006499 add_time= 0.000132504
2703 0.000046817 2703 0.000007550 add_time= 0.000080797
2500 0.000213450 2500 0.000007313 add_time= 0.000236093
2703 0.000144771 2703 0.000008006 add_time= 0.000183865
2550 0.000160191 2550 0.000007141 add_time= 0.000183271
2500 0.000074615 2500 0.000007377 add_time= 0.000097801
2805 0.000085615 2805 0.000006918 add_time= 0.000109147
2500 0.000140003 2500 0.000006910 add_time= 0.000161055
2700 0.000124470 2700 0.000006793 add_time= 0.000145648
1250 0.000098828 1250 0.000045119 add_time= 0.000157620
2500 0.000095923 2500 0.000007304 add_time= 0.000119505
2704 0.000108810 2704 0.000006231 add_time= 0.000130249
2750 0.000007974 2750 0.000015165 add_time= 0.000039569
2550 0.000166873 2550 0.000007688 add_time= 0.000190987
2550 0.000066962 2550 0.000006940 add_time= 0.000089823
2550 0.000128350 2550 0.000007336 add_time= 0.000157008
2500 0.000102886 2500 0.000007077 add_time= 0.000127732
2600 0.000069985 2600 0.000006383 add_time= 0.000095718
3025 0.000015249 3025 0.000026875 add_time= 0.000057964
2750 0.000133027 2750 0.000007567 add_time= 0.000161767
2600 0.000097312 2600 0.000006801 add_time= 0.000119550
2970 0.000073589 2970 0.000008244 add_time= 0.000103643
2600 0.000100017 2600 0.000009127 add_time= 0.000152249
2860 0.000007487 2860 0.000009100 add_time= 0.000057559
2860 0.000071413 2860 0.000027519 add_time= 0.000125306
2550 0.000042034 2550 0.000008752 add_time= 0.000075793
2500 0.000038037 2500 0.000008044 add_time= 0.000070187
2550 0.000041709 2550 0.000007773 add_time= 0.000079896
2703 0.000536481 2703 0.000007103 add_time= 0.000560471
2600 0.000213110 2600 0.000007363 add_time= 0.000234556
2750 0.000006856 2750 0.000024478 add_time= 0.000044989
3025 0.000101803 3025 0.000007546 add_time= 0.000125526
2805 0.000088455 2805 0.000006966 add_time= 0.000111569
2916 0.000089438 2916 0.000024786 add_time= 0.000128766
2650 0.000215583 2650 0.000007782 add_time= 0.000243284
2600 0.000092833 2600 0.000006038 add_time= 0.000112996
2750 0.000017005 2750 0.000021347 add_time= 0.000055279
3025 0.000104200 3025 0.000007514 add_time= 0.000126866
2700 0.000085828 2700 0.000007448 add_time= 0.000109082
1375 0.000068439 1375 0.000007259 add_time= 0.000089807
2650 0.000137878 2650 0.000007285 add_time= 0.000163471
2600 0.000124147 2600 0.000006138 add_time= 0.000144374
2860 0.000018249 2860 0.000026999 add_time= 0.000069783
2500 0.000049761 2500 0.000013931 add_time= 0.000077086
2500 0.000077512 2500 0.000008069 add_time= 0.000104805
2754 0.000097470 2754 0.000007063 add_time= 0.000120359
2650 0.000437522 2650 0.000007764 add_time= 0.000462648
2500 0.000148033 2500 0.000006823 add_time= 0.000170382
1375 0.000042551 1375 0.000006080 add_time= 0.000063459
2550 0.000081189 2550 0.000007081 add_time= 0.000103928
2652 0.000057042 2652 0.000007019 add_time= 0.000078146
2805 0.000097969 2805 0.000007000 add_time= 0.000126317
2754 0.000079863 2754 0.000035931 add_time= 0.000129789
1350 0.000080626 1350 0.000006722 add_time= 0.000100766
2550 0.000253747 2550 0.000007911 add_time= 0.000278257
2750 0.000018947 2750 0.000026310 add_time= 0.000062382
3025 0.000087827 3025 0.000008031 add_time= 0.000110859
2652 0.000050363 2652 0.000007245 add_time= 0.000072905
1250 0.000061990 1250 0.000013781 add_time= 0.000087219
1375 0.000058618 1375 0.000005621 add_time= 0.000075854
2915 0.000130580 2915 0.000007797 add_time= 0.000156396
2860 0.000085462 2860 0.000018686 add_time= 0.000120184
2805 0.000079624 2805 0.000007483 add_time= 0.000102981
2500 0.000074385 2500 0.000006864 add_time= 0.000097360
2700 0.000085849 2700 0.000017983 add_time= 0.000119809
2750 0.000225602 2750 0.000007702 add_time= 0.000247864
1250 0.000060304 1250 0.000018213 add_time= 0.000090697
2750 0.000218241 2750 0.000007371 add_time= 0.000243971
2500 0.000096622 2500 0.000007278 add_time= 0.000120336
2550 0.000132400 2550 0.000007290 add_time= 0.000154394
2500 0.000090331 2500 0.000007345 add_time= 0.000112682
2652 0.000104004 2652 0.000006896 add_time= 0.000125185
2500 0.000161278 2500 0.000006351 add_time= 0.000180937
2500 0.000066699 2500 0.000007139 add_time= 0.000087160
2650 0.000066981 2650 0.000008030 add_time= 0.000100958
2600 0.000052435 2600 0.000018689 add_time= 0.000097519
2500 0.000053543 2500 0.000007142 add_time= 0.000076002
1275 0.000068654 1275 0.000006930 add_time= 0.000097860
2700 0.000091992 2700 0.000017397 add_time= 0.000124838
1350 0.000041603 1350 0.000006561 add_time= 0.000061580
2703 0.000353056 2703 0.000009053 add_time= 0.000385917
2600 0.000127160 2600 0.000008302 add_time= 0.000152280
2915 0.000016362 2915 0.000136221 add_time= 0.000178943
2703 0.000078504 2703 0.000009028 add_time= 0.000104455
2500 0.000077038 2500 0.000006920 add_time= 0.000099537
2500 0.000151317 2500 0.000007356 add_time= 0.000176490
2550 0.000121628 2550 0.000006921 add_time= 0.000144578
2550 0.000069812 2550 0.000006712 add_time= 0.000092562
2750 0.000068899 2750 0.000008294 add_time= 0.000094282
2805 0.000065201 2805 0.000011848 add_time= 0.000093679
2862 0.000210207 2862 0.000006376 add_time= 0.000231561
3025 0.000061188 3025 0.000007802 add_time= 0.000084749
2650 0.000103730 2650 0.000007724 add_time= 0.000130259
2600 0.000100999 2600 0.000006339 add_time= 0.000121763
2500 0.000007501 2500 0.000036330 add_time= 0.000059551
2805 0.000158244 2805 0.000008113 add_time= 0.000194168
2805 0.000069921 2805 0.000007442 add_time= 0.000104395
2750 0.000254712 2750 0.000006781 add_time= 0.000277981
2915 0.000145436 2915 0.000007522 add_time= 0.000170860
2750 0.000113508 2750 0.000007292 add_time= 0.000137529
2500 0.000119858 2500 0.000016816 add_time= 0.000153312
1275 0.000084222 1275 0.000005985 add_time= 0.000111875
2970 0.000066113 2970 0.000007676 add_time= 0.000097845
2750 0.000091411 2750 0.000006606 add_time= 0.000116298
2915 0.000234295 2915 0.000007832 add_time= 0.000268587
2600 0.000095243 2600 0.000007191 add_time= 0.000129779
2600 0.000097915 2600 0.000006642 add_time= 0.000120217
2550 0.000050670 2550 0.000006866 add_time= 0.000082037
2500 0.000112180 2500 0.000006568 add_time= 0.000143569
1300 0.000095476 1300 0.000006787 add_time= 0.000120795
2915 0.000354795 2915 0.000008338 add_time= 0.000391226
1250 0.000311865 1250 0.000007145 add_time= 0.000334163
1250 0.000268419 1250 0.000005200 add_time= 0.000285937
1275 0.000138459 1275 0.000006179 add_time= 0.000157188
2550 0.000060776 2550 0.000006059 add_time= 0.000080649
2500 0.000084722 2500 0.000006560 add_time= 0.000104579
2915 0.000114444 2915 0.000007674 add_time= 0.000139417
2704 0.000287320 2704 0.000006717 add_time= 0.000310014
2500 0.000006368 2500 0.000014258 add_time= 0.000034851
2750 0.000078183 2750 0.000013660 add_time= 0.000108560
1275 0.000070835 1275 0.000006125 add_time= 0.000090070
2700 0.000241072 2700 0.000007459 add_time= 0.000265087
2805 0.000073877 2805 0.000008011 add_time= 0.000097247
2650 0.000154102 2650 0.000006806 add_time= 0.000177371
2750 0.000077159 2750 0.000008030 add_time= 0.000113531
2550 0.000080667 2550 0.000006247 add_time= 0.000101649
2500 0.000074064 2500 0.000006120 add_time= 0.000102283
2754 0.000156955 2754 0.000006775 add_time= 0.000178038
2500 0.000181234 2500 0.000007610 add_time= 0.000204754
2915 0.000081124 2915 0.000009697 add_time= 0.000137636
2500 0.000063564 2500 0.000008694 add_time= 0.000097693
2550 0.000071689 2550 0.000025336 add_time= 0.000147966
2805 0.000042672 2805 0.000007613 add_time= 0.000076136
1275 0.000025609 1275 0.000006626 add_time= 0.000053757
2600 0.000077338 2600 0.000018123 add_time= 0.000129254
2650 0.000153465 2650 0.000007086 add_time= 0.000176250
1250 0.000006533 1250 0.000015570 add_time= 0.000034959
2750 0.000056912 2750 0.000019191 add_time= 0.000095058
2652 0.000125832 2652 0.000007854 add_time= 0.000157574
2700 0.000118930 2700 0.000007585 add_time= 0.000142259
2650 0.000082566 2650 0.000006756 add_time= 0.000105461
2550 0.000098077 2550 0.000007522 add_time= 0.000120510
2550 0.000228602 2550 0.000006542 add_time= 0.000250349
2550 0.000072892 2550 0.000006911 add_time= 0.000094762
2915 0.000109103 2915 0.000007842 add_time= 0.000145270
2600 0.000216515 2600 0.000006716 add_time= 0.000239181
2600 0.000076895 2600 0.000006750 add_time= 0.000097490
2500 0.000049842 2500 0.000007201 add_time= 0.000071836
2601 0.000066117 2601 0.000007027 add_time= 0.000087647
2500 0.000172560 2500 0.000007242 add_time= 0.000194500
2756 0.000124860 2756 0.000007966 add_time= 0.000149589
2500 0.000100302 2500 0.000007299 add_time= 0.000122648
2550 0.000074212 2550 0.000006940 add_time= 0.000095951
2750 0.000066193 2750 0.000006689 add_time= 0.000088464
2550 0.000104396 2550 0.000007346 add_time= 0.000137934
2500 0.000165489 2500 0.000008701 add_time= 0.000189265
2500 0.000043437 2500 0.000007040 add_time= 0.000066515
2652 0.000120268 2652 0.000006479 add_time= 0.000140075
2500 0.000015860 2500 0.000014953 add_time= 0.000062395
2860 0.000050933 2860 0.000006716 add_time= 0.000072093
2805 0.000125167 2805 0.000013145 add_time= 0.000154355
2650 0.000090877 2650 0.000006486 add_time= 0.000111295
1275 0.000086338 1275 0.000007857 add_time= 0.000107506
2650 0.000289499 2650 0.000007414 add_time= 0.000313487
2600 0.000096318 2600 0.000007534 add_time= 0.000119617
2500 0.000007060 2500 0.000014323 add_time= 0.000035569
3025 0.000099060 3025 0.000008175 add_time= 0.000122658
2601 0.000069722 2601 0.000015114 add_time= 0.000098316
2805 0.000134107 2805 0.000016464 add_time= 0.000166117
2500 0.000176896 2500 0.000006939 add_time= 0.000199252
2600 0.000065895 2600 0.000006443 add_time= 0.000085546
3025 0.000017813 3025 0.000029641 add_time= 0.000075641
2750 0.000058050 2750 0.000007491 add_time= 0.000080691
2805 0.000066089 2805 0.000007088 add_time= 0.000088576
2860 0.000179061 2860 0.000006447 add_time= 0.000200099
2500 0.000225768 2500 0.000007060 add_time= 0.000248420
1250 0.000093234 1250 0.000011041 add_time= 0.000117134
2550 0.000015953 2550 0.000023170 add_time= 0.000053215
2860 0.000091408 2860 0.000007484 add_time= 0.000115049
2550 0.000061608 2550 0.000006614 add_time= 0.000083240
2700 0.000079751 2700 0.000006730 add_time= 0.000110712
2750 0.000145578 2750 0.000006634 add_time= 0.000165969
2915 0.000163583 2915 0.000007524 add_time= 0.000188018
2600 0.000108121 2600 0.000006131 add_time= 0.000128601
1250 0.000005212 1250 0.000008812 add_time= 0.000024768
2805 0.000039178 2805 0.000006055 add_time= 0.000066719
2754 0.000078465 2754 0.000006412 add_time= 0.000098364
3025 0.000117044 3025 0.000010090 add_time= 0.000141593
1250 0.000084372 1250 0.000029059 add_time= 0.000139896
2750 0.000135780 2750 0.000027669 add_time= 0.000181801
2805 0.000026768 2805 0.000024682 add_time= 0.000068522
2750 0.000181405 2750 0.000025381 add_time= 0.000224183
2601 0.000065502 2601 0.000007008 add_time= 0.000089406
2500 0.000088620 2500 0.000006338 add_time= 0.000115569
2600 0.000366316 2600 0.000007251 add_time= 0.000391225
2915 0.000090211 2915 0.000006828 add_time= 0.000114854
2750 0.000075005 2750 0.000007134 add_time= 0.000098676
2600 0.000091621 2600 0.000007447 add_time= 0.000116484
2700 0.000103198 2700 0.000008264 add_time= 0.000127880
2600 0.000384109 2600 0.000007371 add_time= 0.000408049
2600 0.000057276 2600 0.000007139 add_time= 0.000080676
2500 0.000007210 2500 0.000014495 add_time= 0.000048916
2860 0.000139428 2860 0.000006661 add_time= 0.000160624
2601 0.000106713 2601 0.000006877 add_time= 0.000139061
2750 0.000146605 2750 0.000007136 add_time= 0.000170813
2500 0.000485782 2500 0.000008048 add_time= 0.000510920
2600 0.000202549 2600 0.000006827 add_time= 0.000224264
2500 0.000006454 2500 0.000034008 add_time= 0.000054266
2970 0.000122634 2970 0.000007378 add_time= 0.000154710
2805 0.000166234 2805 0.000007193 add_time= 0.000188416
2600 0.000104035 2600 0.000006876 add_time= 0.000127128
2500 0.000094203 2500 0.000015883 add_time= 0.000125089
2862 0.000185616 2862 0.000014903 add_time= 0.000225021
2805 0.000007359 2805 0.000039512 add_time= 0.000062887
2750 0.000047430 2750 0.000006743 add_time= 0.000070032
2550 0.000060004 2550 0.000027121 add_time= 0.000103019
2916 0.000120649 2916 0.000007206 add_time= 0.000144484
1250 0.000088440 1250 0.000006755 add_time= 0.000108892
2500 0.000310991 2500 0.000031771 add_time= 0.000374034
2750 0.000007822 2750 0.000030835 add_time= 0.000055253
2805 0.000269546 2805 0.000007723 add_time= 0.000294279
2550 0.000311040 2550 0.000031285 add_time= 0.000358556
2750 0.000248773 2750 0.000006962 add_time= 0.000271465
2650 0.000235825 2650 0.000006707 add_time= 0.000272287
2704 0.000102778 2704 0.000006565 add_time= 0.000124235
2650 0.000068723 2650 0.000007293 add_time= 0.000092780
2500 0.000056376 2500 0.000016023 add_time= 0.000088327
2650 0.000252438 2650 0.000007193 add_time= 0.000283662
1350 0.000055148 1350 0.000005859 add_time= 0.000073471
2650 0.000078036 2650 0.000007272 add_time= 0.000100711
2652 0.000058375 2652 0.000007577 add_time= 0.000080851
2750 0.000036422 2750 0.000006950 add_time= 0.000069919
2601 0.000075516 2601 0.000007097 add_time= 0.000096795
2750 0.000113034 2750 0.000007484 add_time= 0.000135680
2500 0.000102433 2500 0.000006189 add_time= 0.000121627
2600 0.000070081 2600 0.000006269 add_time= 0.000100160
2915 0.000100921 2915 0.000009204 add_time= 0.000149442
2860 0.000035320 2860 0.000008201 add_time= 0.000072251
2860 0.000078409 2860 0.000024237 add_time= 0.000129302
3025 0.000105849 3025 0.000007822 add_time= 0.000142284
2650 0.000056431 2650 0.000015889 add_time= 0.000099354
2600 0.000056872 2600 0.000007381 add_time= 0.000096582
1250 0.000040760 1250 0.000016254 add_time= 0.000081345
2703 0.000422373 2703 0.000007671 add_time= 0.000446062
2860 0.000072080 2860 0.000007193 add_time= 0.000095128
2500 0.000065577 2500 0.000006832 add_time= 0.000092650
2500 0.000062478 2500 0.000007201 add_time= 0.000085173
2750 0.000097712 2750 0.000007217 add_time= 0.000120617
1325 0.000054421 1325 0.000014372 add_time= 0.000079754
2703 0.000252996 2703 0.000007308 add_time= 0.000277459
2860 0.000045104 2860 0.000006757 add_time= 0.000067041
2500 0.000035453 2500 0.000006685 add_time= 0.000057954
2500 0.000072293 2500 0.000007164 add_time= 0.000094362
2862 0.000132522 2862 0.000006315 add_time= 0.000153029
2500 0.000088304 2500 0.000005427 add_time= 0.000125917
2550 0.000119466 2550 0.000007663 add_time= 0.000140673
2650 0.000166702 2650 0.000007494 add_time= 0.000190702
2600 0.000117160 2600 0.000006056 add_time= 0.000137116
2550 0.000017413 2550 0.000015180 add_time= 0.000047796
2805 0.000069849 2805 0.000007653 add_time= 0.000093279
2500 0.000075780 2500 0.000007721 add_time= 0.000098868
1325 0.000082920 1325 0.000006692 add_time= 0.000111416
2650 0.000246705 2650 0.000007642 add_time= 0.000270852
3025 0.000091248 3025 0.000007484 add_time= 0.000114193
2500 0.000072353 2500 0.000007329 add_time= 0.000094532
2550 0.000042572 2550 0.000005923 add_time= 0.000061899
2500 0.000077248 2500 0.000007169 add_time= 0.000109400
1350 0.000047688 1350 0.000015109 add_time= 0.000075587
2650 0.000153900 2650 0.000007001 add_time= 0.000176942
2600 0.000050233 2600 0.000005759 add_time= 0.000069730
2750 0.000048186 2750 0.000007645 add_time= 0.000071545
2700 0.000061079 2700 0.000007242 add_time= 0.000082323
2652 0.000049635 2652 0.000006408 add_time= 0.000069369
1250 0.000057761 1250 0.000005003 add_time= 0.000073533
2500 0.000067017 2500 0.000006648 add_time= 0.000096921
2500 0.000137762 2500 0.000007737 add_time= 0.000161107
2750 0.000101827 2750 0.000007089 add_time= 0.000124309
2500 0.000068829 2500 0.000006015 add_time= 0.000087671
2808 0.000098659 2808 0.000006901 add_time= 0.000121166
1250 0.000067763 1250 0.000007338 add_time= 0.000087772
2650 0.000037648 2650 0.000006512 add_time= 0.000059804
2600 0.000174440 2600 0.000007499 add_time= 0.000195730
2500 0.000025270 2500 0.000014919 add_time= 0.000054736
2860 0.000080614 2860 0.000007761 add_time= 0.000104501
2754 0.000059160 2754 0.000007920 add_time= 0.000082638
2500 0.000090497 2500 0.000007075 add_time= 0.000112759
2550 0.000179140 2550 0.000006840 add_time= 0.000201672
2500 0.000052707 2500 0.000007981 add_time= 0.000082271
2805 0.000016008 2805 0.000073820 add_time= 0.000105740
2550 0.000047488 2550 0.000007735 add_time= 0.000070486
2550 0.000087551 2550 0.000006098 add_time= 0.000106876
2700 0.000055764 2700 0.000005821 add_time= 0.000074318
2550 0.000133663 2550 0.000006232 add_time= 0.000152580
2750 0.000175053 2750 0.000007312 add_time= 0.000197447
2750 0.000017673 2750 0.000015628 add_time= 0.000046920
2970 0.000137170 2970 0.000006281 add_time= 0.000156503
2600 0.000083590 2600 0.000005990 add_time= 0.000102494
2750 0.000086195 2750 0.000006404 add_time= 0.000105701
1250 0.000073261 1250 0.000005827 add_time= 0.000089807
2500 0.000273668 2500 0.000007563 add_time= 0.000296061
2600 0.000136908 2600 0.000015759 add_time= 0.000167841
2550 0.000180160 2550 0.000007587 add_time= 0.000203001
2550 0.000066090 2550 0.000007620 add_time= 0.000100258
2916 0.000064761 2916 0.000006124 add_time= 0.000085192
1350 0.000120976 1350 0.000006327 add_time= 0.000138073
2500 0.000336216 2500 0.000006922 add_time= 0.000363936
2915 0.000180931 2915 0.000006811 add_time= 0.000205121
2550 0.000111523 2550 0.000015381 add_time= 0.000141655
2652 0.000086222 2652 0.000007084 add_time= 0.000109911
2750 0.000301886 2750 0.000008334 add_time= 0.000334908
2600 0.000400555 2600 0.000008212 add_time= 0.000426827
2600 0.000076955 2600 0.000006142 add_time= 0.000098204
2750 0.000007762 2750 0.000034941 add_time= 0.000057578
2652 0.000316725 2652 0.000007004 add_time= 0.000348114
2600 0.000125216 2600 0.000006213 add_time= 0.000146819
2600 0.000055138 2600 0.000007146 add_time= 0.000078813
2650 0.000072944 2650 0.000006835 add_time= 0.000097274
2650 0.000142399 2650 0.000007367 add_time= 0.000165810
2970 0.000045892 2970 0.000007012 add_time= 0.000072830
2650 0.000059037 2650 0.000007043 add_time= 0.000082216
2550 0.000113525 2550 0.000007138 add_time= 0.000137096
2550 0.000108577 2550 0.000007476 add_time= 0.000132314
2500 0.000501709 2500 0.000014944 add_time= 0.000533526
2860 0.000052651 2860 0.000006282 add_time= 0.000074037
2750 0.000194127 2750 0.000006135 add_time= 0.000221508
2500 0.000105873 2500 0.000007194 add_time= 0.000128463
2550 0.000080947 2550 0.000007436 add_time= 0.000106282
2500 0.000114418 2500 0.000006191 add_time= 0.000134302
2700 0.000075737 2700 0.000008614 add_time= 0.000100561
2650 0.000176348 2650 0.000007338 add_time= 0.000202446
2808 0.000083940 2808 0.000007208 add_time= 0.000125740
2750 0.000089702 2750 0.000007056 add_time= 0.000131360
2550 0.000160229 2550 0.000006502 add_time= 0.000183524
2700 0.000070007 2700 0.000006882 add_time= 0.000093605
1250 0.000077534 1250 0.000006415 add_time= 0.000098208
2600 0.000222570 2600 0.000008640 add_time= 0.000256513
2700 0.000085034 2700 0.000006817 add_time= 0.000107985
2860 0.000027829 2860 0.000013434 add_time= 0.000056134
2601 0.000222992 2601 0.000007027 add_time= 0.000245937
2550 0.000262553 2550 0.000006428 add_time= 0.000283650
2700 0.000192889 2700 0.000014002 add_time= 0.000221907
2500 0.000359697 2500 0.000006872 add_time= 0.000383127
2600 0.000508061 2600 0.000006575 add_time= 0.000540299
1250 0.000005760 1250 0.000008431 add_time= 0.000026441
2750 0.000072181 2750 0.000006191 add_time= 0.000092552
2550 0.000326494 2550 0.000007017 add_time= 0.000361160
2750 0.000194410 2750 0.000007774 add_time= 0.000218882
2500 0.000140954 2500 0.000006678 add_time= 0.000171756
2750 0.000007017 2750 0.000025568 add_time= 0.000047020
3025 0.000090453 3025 0.000006431 add_time= 0.000111628
2550 0.000043411 2550 0.000006315 add_time= 0.000063075
2700 0.000111263 2700 0.000006844 add_time= 0.000131064
2500 0.000044049 2500 0.000007076 add_time= 0.000068382
2750 0.000006819 2750 0.000008732 add_time= 0.000058035
2860 0.000069031 2860 0.000008337 add_time= 0.000114278
2750 0.000081328 2750 0.000008887 add_time= 0.000125105
2600 0.000083398 2600 0.000008330 add_time= 0.000118015
2550 0.000105606 2550 0.000008257 add_time= 0.000144938
2700 0.000063875 2700 0.000015760 add_time= 0.000102693
1325 0.000050224 1325 0.000007147 add_time= 0.000082545
2500 0.000433289 2500 0.000006602 add_time= 0.000457197
2600 0.000111928 2600 0.000007511 add_time= 0.000141204
2500 0.000007325 2500 0.000022417 add_time= 0.000043926
2700 0.000067761 2700 0.000011215 add_time= 0.000092722
1250 0.000156613 1250 0.000005966 add_time= 0.000175538
2750 0.000073683 2750 0.000006927 add_time= 0.000096128
2650 0.000343922 2650 0.000007246 add_time= 0.000370734
2600 0.000156389 2600 0.000013198 add_time= 0.000183964
2750 0.000080840 2750 0.000006346 add_time= 0.000109687
2500 0.000058316 2500 0.000008018 add_time= 0.000082064
2750 0.000089016 2750 0.000007474 add_time= 0.000110950
3025 0.000089411 3025 0.000007301 add_time= 0.000111332
1250 0.000066880 1250 0.000007063 add_time= 0.000085428
2650 0.000199463 2650 0.000007091 add_time= 0.000223309
2600 0.000099495 2600 0.000007144 add_time= 0.000129263
2500 0.000016116 2500 0.000016270 add_time= 0.000056363
1250 0.000080828 1250 0.000005663 add_time= 0.000098013
2805 0.000072751 2805 0.000006512 add_time= 0.000093652
2550 0.000072890 2550 0.000006711 add_time= 0.000093469
2970 0.000050726 2970 0.000006965 add_time= 0.000071485
2915 0.000097298 2915 0.000007318 add_time= 0.000129290
2703 0.000226801 2703 0.000007315 add_time= 0.000252298
2600 0.000017153 2600 0.000015150 add_time= 0.000046862
2500 0.000055217 2500 0.000006829 add_time= 0.000076734
2550 0.000103010 2550 0.000014488 add_time= 0.000136692
2550 0.000074112 2550 0.000006663 add_time= 0.000094170
2700 0.000077616 2700 0.000006451 add_time= 0.000105981
2750 0.000108536 2750 0.000007123 add_time= 0.000130401
2600 0.000092980 2600 0.000008000 add_time= 0.000120263
2704 0.000079078 2704 0.000006062 add_time= 0.000100939
2500 0.000015025 2500 0.000014980 add_time= 0.000044148
2703 0.000128505 2703 0.000007204 add_time= 0.000159365
2500 0.000164643 2500 0.000006508 add_time= 0.000197010
2600 0.000088746 2600 0.000006156 add_time= 0.000108511
2650 0.000190314 2650 0.000007636 add_time= 0.000217072
2704 0.000155534 2704 0.000006700 add_time= 0.000177797
2500 0.000015362 2500 0.000013818 add_time= 0.000043899
2500 0.000113051 2500 0.000006789 add_time= 0.000140182
2500 0.000039840 2500 0.000006319 add_time= 0.000059997
2805 0.000049343 2805 0.000006351 add_time= 0.000071077
2500 0.000080821 2500 0.000006918 add_time= 0.000123117
2703 0.000105833 2703 0.000007499 add_time= 0.000132107
2550 0.000090107 2550 0.000014603 add_time= 0.000118904
1375 0.000051102 1375 0.000006073 add_time= 0.000069661
2500 0.000072070 2500 0.000006891 add_time= 0.000093886
2550 0.001418617 2550 0.000007199 add_time= 0.001440418
2703 0.000132567 2703 0.000007182 add_time= 0.000157968
2756 0.000044803 2756 0.000006536 add_time= 0.000066571
2750 0.000016040 2750 0.000015115 add_time= 0.000045827
1375 0.000058405 1375 0.000006131 add_time= 0.000076770
2550 0.000118990 2550 0.000006676 add_time= 0.000140053
2550 0.000199309 2550 0.000006973 add_time= 0.000220104
2500 0.000124384 2500 0.000006069 add_time= 0.000144236
1275 0.000167266 1275 0.000006679 add_time= 0.000186028
2600 0.000232366 2600 0.000007786 add_time= 0.000259144
2860 0.000044570 2860 0.000006364 add_time= 0.000066248
2915 0.000185230 2915 0.000011253 add_time= 0.000219852
2500 0.000073141 2500 0.000006447 add_time= 0.000093751
2500 0.000043879 2500 0.000006372 add_time= 0.000064460
2550 0.000309261 2550 0.000006596 add_time= 0.000330085
1250 0.000058745 1250 0.000005793 add_time= 0.000076323
2650 0.000116452 2650 0.000007962 add_time= 0.000143889
2860 0.000158776 2860 0.000015361 add_time= 0.000188995
2500 0.000027640 2500 0.000014505 add_time= 0.000056726
2750 0.000040548 2750 0.000006190 add_time= 0.000062088
2601 0.000097624 2601 0.000006616 add_time= 0.000118559
2550 0.000312096 2550 0.000007049 add_time= 0.000333807
2500 0.000102873 2500 0.000006335 add_time= 0.000123417
2500 0.000272527 2500 0.000007247 add_time= 0.000298573
2750 0.000144127 2750 0.000007403 add_time= 0.000167329
2750 0.000026022 2750 0.000016065 add_time= 0.000057568
2500 0.000202936 2500 0.000006424 add_time= 0.000223846
2550 0.000061765 2550 0.000006501 add_time= 0.000090787
2600 0.000184945 2600 0.000015349 add_time= 0.000219395
2750 0.000139719 2750 0.000006778 add_time= 0.000172338
2703 0.000587341 2703 0.000008657 add_time= 0.000617426
2550 0.001823833 2550 0.000009122 add_time= 0.001866114
2550 0.000333471 2550 0.000012966 add_time= 0.000363364
2550 0.000158876 2550 0.000006639 add_time= 0.000189293
3025 0.000152776 3025 0.000006351 add_time= 0.000173994
2915 0.000244379 2915 0.000007916 add_time= 0.000271625
2600 0.000201790 2600 0.000006441 add_time= 0.000223009
2500 0.000007833 2500 0.000016512 add_time= 0.000041305
2600 0.000091540 2600 0.000006943 add_time= 0.000123770
2703 0.000070798 2703 0.000005957 add_time= 0.000091622
2600 0.000182994 2600 0.000007187 add_time= 0.000206509
2650 0.000198225 2650 0.000007241 add_time= 0.000223065
2652 0.000176315 2652 0.000007040 add_time= 0.000209615
2750 0.000018662 2750 0.000027061 add_time= 0.000062091
2550 0.000165268 2550 0.000006460 add_time= 0.000186126
2550 0.000222623 2550 0.000007973 add_time= 0.000247032
2550 0.000082527 2550 0.000006938 add_time= 0.000103447
2703 0.000132358 2703 0.000008588 add_time= 0.000158214
2750 0.000189446 2750 0.000007328 add_time= 0.000211828
2750 0.000045957 2750 0.000007695 add_time= 0.000069902
2500 0.000118635 2500 0.000006476 add_time= 0.000139187
2500 0.000126815 2500 0.000006710 add_time= 0.000157634
2500 0.000088437 2500 0.000007265 add_time= 0.000109600
2862 0.000429672 2862 0.000007350 add_time= 0.000455515
2652 0.000091859 2652 0.000007368 add_time= 0.000123018
2750 0.000068696 2750 0.000006940 add_time= 0.000099401
2550 0.000225648 2550 0.000006931 add_time= 0.000248354
2750 0.000067809 2750 0.000007259 add_time= 0.000090988
2500 0.000110343 2500 0.000006360 add_time= 0.000132666
2500 0.000357435 2500 0.000007397 add_time= 0.000390016
2650 0.000115288 2650 0.000007014 add_time= 0.000137641
2750 0.000074301 2750 0.000007988 add_time= 0.000097953
2650 0.000095945 2650 0.000027105 add_time= 0.000136652
2650 0.000076546 2650 0.000007028 add_time= 0.000099413
2600 0.000202860 2600 0.000007158 add_time= 0.000225413
2500 0.000007921 2500 0.000014713 add_time= 0.000038013
2700 0.000100298 2700 0.000007184 add_time= 0.000138573
2601 0.000312504 2601 0.000008534 add_time= 0.000350409
2600 0.000135844 2600 0.000007850 add_time= 0.000158834
2703 0.000180098 2703 0.000007255 add_time= 0.000207592
2704 0.000054068 2704 0.000006769 add_time= 0.000077128
2500 0.000005978 2500 0.000023301 add_time= 0.000044677
2805 0.000091272 2805 0.000006830 add_time= 0.000115347
2703 0.000088677 2703 0.000006328 add_time= 0.000110987
1250 0.000057289 1250 0.000006242 add_time= 0.000078860
2650 0.000077805 2650 0.000008511 add_time= 0.000128898
2750 0.000115241 2750 0.000006851 add_time= 0.000156189
2600 0.000080295 2600 0.000006911 add_time= 0.000133686
2805 0.000038698 2805 0.000008737 add_time= 0.000077359
3025 0.000033995 3025 0.000008181 add_time= 0.000072483
2809 0.000123497 2809 0.000008083 add_time= 0.000155415
2860 0.000131133 2860 0.000006279 add_time= 0.000152261
2500 0.000017864 2500 0.000032792 add_time= 0.000065984
2805 0.000105487 2805 0.000007507 add_time= 0.000137696
2550 0.000094205 2550 0.000007116 add_time= 0.000117737
2750 0.000053937 2750 0.000006537 add_time= 0.000075300
2650 0.000208032 2650 0.000007462 add_time= 0.000235200
2600 0.000143358 2600 0.000007262 add_time= 0.000164674
2500 0.000024468 2500 0.000015727 add_time= 0.000053714
2500 0.000105407 2500 0.000005752 add_time= 0.000123576
2550 0.000146707 2550 0.000007328 add_time= 0.000169391
2500 0.000140228 2500 0.000007145 add_time= 0.000162944
2600 0.000187788 2600 0.000007371 add_time= 0.000214374
2600 0.000121608 2600 0.000008593 add_time= 0.000151876
2500 0.000089904 2500 0.000007344 add_time= 0.000129315
2601 0.000145967 2601 0.000007655 add_time= 0.000178419
2805 0.000090806 2805 0.000014604 add_time= 0.000121231
2915 0.000062425 2915 0.000008257 add_time= 0.000089219
2600 0.000075088 2600 0.000006094 add_time= 0.000094670
2600 0.000048886 2600 0.000006551 add_time= 0.000070117
2750 0.000153752 2750 0.000008029 add_time= 0.000177017
2500 0.000109118 2500 0.000008186 add_time= 0.000132015
2650 0.000311503 2650 0.000007709 add_time= 0.000338349
2860 0.000054106 2860 0.000006710 add_time= 0.000075424
2860 0.000115341 2860 0.000006396 add_time= 0.000135829
1250 0.000046906 1250 0.000006360 add_time= 0.000065966
2550 0.000302211 2550 0.000008279 add_time= 0.000332526
2700 0.000135573 2700 0.000006603 add_time= 0.000156014
1250 0.000261536 1250 0.000007186 add_time= 0.000282033
2650 0.000094120 2650 0.000007055 add_time= 0.000119256
2860 0.000125806 2860 0.000007183 add_time= 0.000146641
2805 0.000072699 2805 0.000006692 add_time= 0.000092760
2500 0.000154812 2500 0.000006571 add_time= 0.000174698
2805 0.000143607 2805 0.000007735 add_time= 0.000178383
2500 0.000143976 2500 0.000008048 add_time= 0.000167602
2500 0.000155700 2500 0.000015822 add_time= 0.000185254
2750 0.000319346 2750 0.000007249 add_time= 0.000345156
2750 0.000100560 2750 0.000006542 add_time= 0.000121283
2500 0.000021334 2500 0.000098893 add_time= 0.000134137
2700 0.000093282 2700 0.000006200 add_time= 0.000112659
2652 0.000061729 2652 0.000006734 add_time= 0.000092012
2700 0.000163642 2700 0.000005957 add_time= 0.000183249
2750 0.000164480 2750 0.000006945 add_time= 0.000189358
2703 0.000063760 2703 0.000007727 add_time= 0.000090862
1300 0.000067286 1300 0.000017467 add_time= 0.000096047
2750 0.000024138 2750 0.000014961 add_time= 0.000052664
2970 0.000078381 2970 0.000006830 add_time= 0.000099071
2750 0.000099033 2750 0.000006719 add_time= 0.000120868
2805 0.000106288 2805 0.000006283 add_time= 0.000129280
1275 0.000135214 1275 0.000006579 add_time= 0.000166088
2500 0.000102780 2500 0.000007113 add_time= 0.000125179
2750 0.000231186 2750 0.000008867 add_time= 0.000257729
2600 0.000102708 2600 0.000007931 add_time= 0.000125004
2915 0.000015969 2915 0.000016918 add_time= 0.000047108
2750 0.000094217 2750 0.000007678 add_time= 0.000128236
2805 0.000104032 2805 0.000008369 add_time= 0.000128722
2750 0.000151476 2750 0.000014272 add_time= 0.000181890
2600 0.000166355 2600 0.000007336 add_time= 0.000191485
2750 0.000051965 2750 0.000006823 add_time= 0.000074561
2500 0.000081505 2500 0.000018673 add_time= 0.000122513
2550 0.000102448 2550 0.000006379 add_time= 0.000122813
2550 0.000094110 2550 0.000006817 add_time= 0.000114514
2750 0.000075671 2750 0.000007914 add_time= 0.000099860
2500 0.000398130 2500 0.000007443 add_time= 0.000422610
2600 0.000069520 2600 0.000006303 add_time= 0.000090086
2750 0.000016779 2750 0.000016399 add_time= 0.000049190
2601 0.000046378 2601 0.000011277 add_time= 0.000071677
2550 0.000200765 2550 0.000006626 add_time= 0.000221383
2550 0.000137080 2550 0.000013700 add_time= 0.000163619
2600 0.000116656 2600 0.000007586 add_time= 0.000139652
2600 0.000621614 2600 0.000008530 add_time= 0.000651589
2805 0.000018066 2805 0.000023955 add_time= 0.000058918
2500 0.000170539 2500 0.000008691 add_time= 0.000204219
2750 0.000246388 2750 0.000009388 add_time= 0.000272612
2500 0.000096916 2500 0.000007093 add_time= 0.000121286
2600 0.000345782 2600 0.000007308 add_time= 0.000370562
2600 0.000044049 2600 0.000007030 add_time= 0.000076372
2600 0.000061794 2600 0.000006705 add_time= 0.000085074
2550 0.000125050 2550 0.000015060 add_time= 0.000156157
2750 0.000113999 2750 0.000007479 add_time= 0.000139031
2915 0.000165459 2915 0.000007041 add_time= 0.000190267
2600 0.000574254 2600 0.000006942 add_time= 0.000601043
2750 0.000006572 2750 0.000024287 add_time= 0.000044354
2550 0.000138438 2550 0.000007523 add_time= 0.000160868
2550 0.000043227 2550 0.000006019 add_time= 0.000070772
2500 0.000056712 2500 0.000006669 add_time= 0.000078759
2915 0.000120777 2915 0.000007373 add_time= 0.000146076
2750 0.000008089 2750 0.000014235 add_time= 0.000038080
2750 0.000077897 2750 0.000007077 add_time= 0.000100622
2652 0.000069605 2652 0.000013181 add_time= 0.000098829
2915 0.000218509 2915 0.000007321 add_time= 0.000242388
2862 0.000199987 2862 0.000007170 add_time= 0.000226125
2600 0.000077800 2600 0.000006610 add_time= 0.000108464
2750 0.000006630 2750 0.000034249 add_time= 0.000054878
2652 0.000065267 2652 0.000006823 add_time= 0.000087700
2750 0.000120351 2750 0.000007511 add_time= 0.000144178
2700 0.000135481 2700 0.000008250 add_time= 0.000176569
2600 0.000265247 2600 0.000026400 add_time= 0.000320194
3025 0.000029204 3025 0.000024964 add_time= 0.000069837
2500 0.000072420 2500 0.000006202 add_time= 0.000092256
2805 0.000189106 2805 0.000007249 add_time= 0.000222261
2500 0.000125281 2500 0.000007237 add_time= 0.000146289
1375 0.000076117 1375 0.000007115 add_time= 0.000103062
2650 0.000241739 2650 0.000007645 add_time= 0.000266809
2750 0.000145410 2750 0.000007165 add_time= 0.000179803
3025 0.000006618 3025 0.000015389 add_time= 0.000040963
2652 0.000105759 2652 0.000008039 add_time= 0.000129536
2600 0.000271714 2600 0.000006727 add_time= 0.000293554
1250 0.000119806 1250 0.000007388 add_time= 0.000143168
2500 0.000114266 2500 0.000007738 add_time= 0.000140808
2500 0.000112407 2500 0.000006817 add_time= 0.000133617
2750 0.000162072 2750 0.000006373 add_time= 0.000183037
2650 0.000042234 2650 0.000006336 add_time= 0.000062999
2700 0.000050018 2700 0.000007947 add_time= 0.000074202
1375 0.000062903 1375 0.000006316 add_time= 0.000081193
2600 0.000104448 2600 0.000008859 add_time= 0.000166901
2652 0.000054094 2652 0.000007553 add_time= 0.000086819
3025 0.000064512 3025 0.000033934 add_time= 0.000126100
2550 0.000056440 2550 0.000006952 add_time= 0.000084645
2805 0.000076281 2805 0.000008565 add_time= 0.000110637
2500 0.000015272 2500 0.000008867 add_time= 0.000048677
2862 0.000187376 2862 0.000007072 add_time= 0.000217992
2756 0.000114035 2756 0.000006074 add_time= 0.000134690
3025 0.000077391 3025 0.000006576 add_time= 0.000106311
2500 0.000123130 2500 0.000005522 add_time= 0.000141718
2550 0.000087333 2550 0.000007294 add_time= 0.000110171
2500 0.000074036 2500 0.000006823 add_time= 0.000095879
2500 0.000110661 2500 0.000007518 add_time= 0.000132010
2500 0.000276442 2500 0.000007196 add_time= 0.000300757
2756 0.000147305 2756 0.000007044 add_time= 0.000168336
1250 0.000011755 1250 0.000008987 add_time= 0.000032689
2652 0.000118998 2652 0.000007418 add_time= 0.000141425
2600 0.000085595 2600 0.000006959 add_time= 0.000107397
2500 0.000060282 2500 0.000007559 add_time= 0.000082871
2500 0.000255917 2500 0.000007665 add_time= 0.000284176
2860 0.000039591 2860 0.000006461 add_time= 0.000060259
2500 0.000094870 2500 0.000007106 add_time= 0.000117400
2750 0.000078010 2750 0.000007288 add_time= 0.000101466
2550 0.000026501 2550 0.000013383 add_time= 0.000052873
3025 0.000100649 3025 0.000009116 add_time= 0.000132448
2500 0.000203056 2500 0.000018913 add_time= 0.000242129
1375 0.000020184 1375 0.000010086 add_time= 0.000042587
2550 0.000055270 2550 0.000017528 add_time= 0.000087916
2550 0.000074505 2550 0.000006974 add_time= 0.000105290
2500 0.000068935 2500 0.000014421 add_time= 0.000098623
2550 0.000154985 2550 0.000007114 add_time= 0.000179357
2500 0.000059426 2500 0.000007088 add_time= 0.000082389
2500 0.000139355 2500 0.000006802 add_time= 0.000161826
2550 0.000076368 2550 0.000027144 add_time= 0.000117799
2500 0.000090669 2500 0.000007112 add_time= 0.000111882
2750 0.000188927 2750 0.000007535 add_time= 0.000214643
2750 0.000076850 2750 0.000027896 add_time= 0.000129585
2550 0.000058612 2550 0.000006716 add_time= 0.000080792
2650 0.000045144 2650 0.000006516 add_time= 0.000065424
2808 0.000120597 2808 0.000006979 add_time= 0.000142216
1300 0.000060870 1300 0.000006231 add_time= 0.000087370
2550 0.000055806 2550 0.000007120 add_time= 0.000079332
2600 0.000061462 2600 0.000014886 add_time= 0.000091193
2500 0.000015334 2500 0.000013646 add_time= 0.000041995
2500 0.000060479 2500 0.000024296 add_time= 0.000108565
2550 0.000113582 2550 0.000006486 add_time= 0.000133417
2500 0.000070747 2500 0.000007796 add_time= 0.000091365
1250 0.000041475 1250 0.000005985 add_time= 0.000058086
2703 0.000457811 2703 0.000013580 add_time= 0.000488381
2550 0.000201072 2550 0.000018809 add_time= 0.000235914
2700 0.000017360 2700 0.000027674 add_time= 0.000065311
2500 0.000070356 2500 0.000006142 add_time= 0.000100616
2550 0.000131671 2550 0.000007172 add_time= 0.000164011
2500 0.000049824 2500 0.000006844 add_time= 0.000070660
2550 0.000136943 2550 0.000006716 add_time= 0.000165105
2600 0.000399933 2600 0.000007454 add_time= 0.000424052
2805 0.000017174 2805 0.000016267 add_time= 0.000067896
2500 0.000051675 2500 0.000006796 add_time= 0.000072190
2652 0.000066396 2652 0.000006800 add_time= 0.000087166
2970 0.000069463 2970 0.000006575 add_time= 0.000090326
1275 0.000045019 1275 0.000006210 add_time= 0.000061939
2862 0.000384705 2862 0.000006939 add_time= 0.000409090
2860 0.000046489 2860 0.000006662 add_time= 0.000067029
3025 0.000072072 3025 0.000026633 add_time= 0.000113308
2550 0.000062292 2550 0.000006699 add_time= 0.000082487
2700 0.000065620 2700 0.000007098 add_time= 0.000086735
2700 0.000090097 2700 0.000024252 add_time= 0.000127994
1375 0.000052602 1375 0.000006238 add_time= 0.000069871
2500 0.000258126 2500 0.000007326 add_time= 0.000283270
2500 0.000052074 2500 0.000007369 add_time= 0.000075039
2805 0.000100935 2805 0.000018294 add_time= 0.000135615
2652 0.000068954 2652 0.000007023 add_time= 0.000089943
2750 0.000139367 2750 0.000036823 add_time= 0.000191749
2500 0.000104540 2500 0.000008979 add_time= 0.000145968
2500 0.000644509 2500 0.000009155 add_time= 0.000675485
2750 0.000207022 2750 0.000007525 add_time= 0.000231549
2550 0.000099314 2550 0.000007440 add_time= 0.000132118
2550 0.000382784 2550 0.000007128 add_time= 0.000414894
2550 0.000142655 2550 0.000006757 add_time= 0.000164446
2750 0.000084327 2750 0.000007254 add_time= 0.000116838
1325 0.000429267 1325 0.000007410 add_time= 0.000452149
2700 0.000217961 2700 0.000006787 add_time= 0.000241581
2500 0.000141423 2500 0.000007726 add_time= 0.000165532
2550 0.000376951 2550 0.000006492 add_time= 0.000398281
2600 0.000085715 2600 0.000007392 add_time= 0.000108859
2600 0.000064982 2600 0.000007730 add_time= 0.000101265
2756 0.000085820 2756 0.000007745 add_time= 0.000111844
2750 0.000081639 2750 0.000007281 add_time= 0.000113318
2750 0.000007247 2750 0.000025119 add_time= 0.000046938
2550 0.000223652 2550 0.000006543 add_time= 0.000245610
2500 0.000141907 2500 0.000006256 add_time= 0.000171785
1250 0.000058280 1250 0.000006144 add_time= 0.000077938
2650 0.000096023 2650 0.000007127 add_time= 0.000129291
2750 0.000197161 2750 0.000007987 add_time= 0.000221530
1250 0.000044424 1250 0.000006515 add_time= 0.000064092
2550 0.000214447 2550 0.000007730 add_time= 0.000249584
2500 0.000107403 2500 0.000006792 add_time= 0.000129987
