2500 0.000309930 2500 0.000014835 add_time= 0.002043955
2805 0.000044928 2805 0.000008658 add_time= 0.000069678
2500 0.000169818 2500 0.000009717 add_time= 0.000209434
2550 0.000087940 2550 0.000007844 add_time= 0.000111568
2500 0.000629743 2500 0.000012241 add_time= 0.000695319
2500 0.000008261 2500 0.000024077 add_time= 0.000047397
2750 0.000150964 2750 0.000007586 add_time= 0.000178300
1300 0.000141415 1300 0.000005672 add_time= 0.000164119
2500 0.000806039 2500 0.000008872 add_time= 0.000835749
2652 0.000085018 2652 0.000006772 add_time= 0.000107892
2704 0.000145741 2704 0.000012928 add_time= 0.000195081
2500 0.000027855 2500 0.000036523 add_time= 0.000079630
2700 0.000100232 2700 0.000008014 add_time= 0.000124735
2500 0.000818810 2500 0.000016119 add_time= 0.000856753
2750 0.000008099 2750 0.000014530 add_time= 0.000046729
2500 0.000090517 2500 0.000006734 add_time= 0.000119116
2500 0.000383028 2500 0.000015362 add_time= 0.000431796
2750 0.000070912 2750 0.000007317 add_time= 0.000095362
1375 0.001734634 1375 0.000007244 add_time= 0.001756641
2915 0.000260635 2915 0.000021217 add_time= 0.000420548
2805 0.000310512 2805 0.000029931 add_time= 0.000376792
2600 0.000085102 2600 0.000021319 add_time= 0.001522967
2500 0.000039161 2500 0.000007820 add_time= 0.000062270
2652 0.000038907 2652 0.000007858 add_time= 0.000063412
2750 0.000104253 2750 0.000009316 add_time= 0.000135337
2550 0.000017081 2550 0.000023644 add_time= 0.000065178
2750 0.000071545 2750 0.000013002 add_time= 0.000100320
2500 0.000189156 2500 0.000009789 add_time= 0.000243607
2703 0.000142960 2703 0.000008389 add_time= 0.000176797
1250 0.000243589 1250 0.000006575 add_time= 0.000265117
2860 0.000130649 2860 0.000009987 add_time= 0.000165572
2700 0.000007817 2700 0.000028198 add_time= 0.000081990
2500 0.000409167 2500 0.000007382 add_time= 0.000433120
2703 0.000178647 2703 0.000009297 add_time= 0.000216411
2970 0.000167833 2970 0.000009540 add_time= 0.000196797
2754 0.000245636 2754 0.000006882 add_time= 0.000268703
2862 0.000465018 2862 0.000016385 add_time= 0.000505108
2805 0.000217169 2805 0.000006918 add_time= 0.000241913
625 0.000059762 625 0.000007697 add_time= 0.000085936
1250 0.000241339 1250 0.000007068 add_time= 0.000266930
2600 0.000018876 2600 0.000024653 add_time= 0.000070965
2550 0.000117785 2550 0.000007881 add_time= 0.000155575
2750 0.000075997 2750 0.000006355 add_time= 0.000100012
1375 0.000178826 1375 0.000011759 add_time= 0.000292752
2805 0.000041635 2805 0.000008980 add_time= 0.000081586
2750 0.000034643 2750 0.000008142 add_time= 0.000078820
2600 0.000088584 2600 0.000013325 add_time= 0.001344841
2600 0.000026383 2600 0.000006752 add_time= 0.000048956
3025 0.000107178 3025 0.000006745 add_time= 0.000129491
2805 0.000025493 2805 0.000006461 add_time= 0.000046705
1275 0.000052140 1275 0.000005866 add_time= 0.000071181
2500 0.000035202 2500 0.000007264 add_time= 0.000058688
2652 0.000124674 2652 0.000008153 add_time= 0.000153255
2860 0.000060036 2860 0.000006902 add_time= 0.000083161
2750 0.000028149 2750 0.000006465 add_time= 0.000050581
2500 0.000052538 2500 0.000006624 add_time= 0.000074807
2970 0.000058639 2970 0.000007322 add_time= 0.000094254
2750 0.000080448 2750 0.000006492 add_time= 0.000113664
2750 0.000085062 2750 0.000008288 add_time= 0.000196381
2750 0.000116840 2750 0.000008167 add_time= 0.000143769
2500 0.000091199 2500 0.000007419 add_time= 0.000116391
2601 0.000071214 2601 0.000007935 add_time= 0.000108137
2700 0.000049808 2700 0.000007064 add_time= 0.000073771
2550 0.000388867 2550 0.000006822 add_time= 0.000424032
2750 0.000093615 2750 0.000006849 add_time= 0.000128024
2805 0.000099612 2805 0.000007700 add_time= 0.000125431
2700 0.000063105 2700 0.000007821 add_time= 0.000088860
1250 0.000006485 1250 0.000016759 add_time= 0.000041897
2600 0.000247282 2600 0.000006709 add_time= 0.000289023
2500 0.000188352 2500 0.000015652 add_time= 0.000222060
2650 0.000117016 2650 0.000009679 add_time= 0.000147985
2500 0.000212961 2500 0.000007962 add_time= 0.000237661
2550 0.000175041 2550 0.000013721 add_time= 0.000205181
2500 0.000109136 2500 0.000008403 add_time= 0.000132525
2750 0.000016482 2750 0.000014645 add_time= 0.000048776
2652 0.000269179 2652 0.000008036 add_time= 0.000295465
2550 0.000173063 2550 0.000010416 add_time= 0.000198420
2805 0.000104997 2805 0.000010052 add_time= 0.000130755
2550 0.000028033 2550 0.000007645 add_time= 0.000053885
2915 0.000141619 2915 0.000006994 add_time= 0.000165304
2652 0.000113164 2652 0.000006944 add_time= 0.000155219
2860 0.000104260 2860 0.000007759 add_time= 0.000129123
2915 0.000064924 2915 0.000006969 add_time= 0.000087968
2970 0.000075543 2970 0.000006459 add_time= 0.000097515
2805 0.000163495 2805 0.000006363 add_time= 0.000185135
2750 0.000015519 2750 0.000023875 add_time= 0.000055980
2756 0.000278375 2756 0.000008804 add_time= 0.000367425
2750 0.000081172 2750 0.000009203 add_time= 0.000129402
2805 0.000042793 2805 0.000008109 add_time= 0.000083490
2750 0.000104764 2750 0.000008219 add_time= 0.000142900
2750 0.000013194 2750 0.000008282 add_time= 0.000046099
2550 0.000106345 2550 0.000045996 add_time= 0.000176110
2650 0.000464841 2650 0.000010410 add_time= 0.000519726
2750 0.000146757 2750 0.000009471 add_time= 0.000176295
2805 0.000308538 2805 0.000039293 add_time= 0.000366175
1350 0.000254205 1350 0.000007271 add_time= 0.000286242
2550 0.000019567 2550 0.000024776 add_time= 0.000062006
2652 0.000263562 2652 0.000008001 add_time= 0.000291812
2860 0.000198451 2860 0.000006881 add_time= 0.000221942
2805 0.000112815 2805 0.000020114 add_time= 0.000151054
2500 0.000080742 2500 0.000006651 add_time= 0.000103005
2754 0.000059876 2754 0.000007380 add_time= 0.000085812
2500 0.000006810 2500 0.000023344 add_time= 0.000045098
2600 0.000133215 2600 0.000007591 add_time= 0.000160456
2750 0.000207337 2750 0.000008424 add_time= 0.000234185
3025 0.000109471 3025 0.000007525 add_time= 0.000133920
2550 0.000232446 2550 0.000007425 add_time= 0.000256852
2500 0.000094843 2500 0.000006459 add_time= 0.000116233
2500 0.000006763 2500 0.000035380 add_time= 0.000056886
625 0.000004450 625 0.000045659 add_time= 0.000067700
2600 0.000251108 2600 0.000009040 add_time= 0.000278601
2500 0.000289076 2500 0.000007802 add_time= 0.000324531
2500 0.000179377 2500 0.000007882 add_time= 0.000230934
2601 0.000082018 2601 0.000007555 add_time= 0.000106982
2550 0.000025393 2550 0.000025339 add_time= 0.000080233
2704 0.000153461 2704 0.000006020 add_time= 0.000177468
2500 0.000166220 2500 0.000007223 add_time= 0.000194281
2550 0.000139711 2550 0.000006613 add_time= 0.000162357
3025 0.000118184 3025 0.000045038 add_time= 0.000179474
1250 0.000129927 1250 0.000006499 add_time= 0.000163772
1250 0.000006540 1250 0.000020993 add_time= 0.000054770
2500 0.000165328 2500 0.000009081 add_time= 0.000208108
2805 0.000069107 2805 0.000008373 add_time= 0.000107925
2500 0.000356287 2500 0.000006568 add_time= 0.000379964
2601 0.000273777 2601 0.000007581 add_time= 0.000309534
2750 0.000228514 2750 0.000006450 add_time= 0.000250965
2756 0.000240690 2756 0.000006763 add_time= 0.000265809
3025 0.000153728 3025 0.000006761 add_time= 0.000179628
2500 0.000040616 2500 0.000006698 add_time= 0.000063498
2550 0.000172202 2550 0.000006690 add_time= 0.000195206
2700 0.000042430 2700 0.000006768 add_time= 0.000063938
2600 0.000107052 2600 0.000006827 add_time= 0.000134632
3025 0.000084592 3025 0.000006706 add_time= 0.000109368
2750 0.000060480 2750 0.000005670 add_time= 0.000081641
2550 0.000086098 2550 0.000005576 add_time= 0.000106417
2550 0.000097005 2550 0.000007083 add_time= 0.000121828
2808 0.000044944 2808 0.000006741 add_time= 0.000068242
2805 0.000006816 2805 0.000052176 add_time= 0.000086706
1375 0.000007836 1375 0.000014308 add_time= 0.000036361
2704 0.000064879 2704 0.000007825 add_time= 0.000116272
2860 0.000035838 2860 0.000007470 add_time= 0.000072300
2805 0.000006005 2805 0.000019242 add_time= 0.000053907
2700 0.000057126 2700 0.000008853 add_time= 0.000092897
2750 0.000106117 2750 0.000006442 add_time= 0.000137825
2750 0.000045170 2750 0.000006510 add_time= 0.000068156
2550 0.000053429 2550 0.000006559 add_time= 0.000076391
2805 0.000035335 2805 0.000006451 add_time= 0.000058052
2500 0.000026647 2500 0.000021044 add_time= 0.000063973
2550 0.000308189 2550 0.000006463 add_time= 0.000331919
2650 0.000118606 2650 0.000006416 add_time= 0.000141481
2750 0.000033891 2750 0.000007065 add_time= 0.000057935
2550 0.000042769 2550 0.000006285 add_time= 0.000065210
2500 0.000059736 2500 0.000007392 add_time= 0.000086635
2703 0.000573913 2703 0.000009948 add_time= 0.000640856
2805 0.000106600 2805 0.000008036 add_time= 0.000133413
2750 0.000028228 2750 0.000006016 add_time= 0.000049452
2703 0.000086598 2703 0.000006049 add_time= 0.000107084
2652 0.000159902 2652 0.000008586 add_time= 0.000183074
2700 0.000079073 2700 0.000007870 add_time= 0.000101360
2756 0.000238819 2756 0.000006952 add_time= 0.000264107
1375 0.000167255 1375 0.000006570 add_time= 0.000194100
2500 0.000088587 2500 0.000006664 add_time= 0.000110708
2600 0.000048182 2600 0.000006150 add_time= 0.000076166
2754 0.000083979 2754 0.000006346 add_time= 0.000124893
2750 0.000130821 2750 0.000006567 add_time= 0.000151833
1275 0.000005612 1275 0.000015670 add_time= 0.000036593
2550 0.000204273 2550 0.000007322 add_time= 0.000229449
2550 0.000174034 2550 0.000007151 add_time= 0.000197001
2700 0.000098614 2700 0.000006046 add_time= 0.000118870
2750 0.000037020 2750 0.000008497 add_time= 0.000061729
2500 0.000084178 2500 0.000006214 add_time= 0.000106221
1250 0.000005272 1250 0.000084473 add_time= 0.000103783
2600 0.000180856 2600 0.000019418 add_time= 0.000226285
2860 0.000142099 2860 0.000006510 add_time= 0.000164816
2500 0.000051034 2500 0.000008862 add_time= 0.000073807
2550 0.000135553 2550 0.000022550 add_time= 0.000174365
2750 0.000057419 2750 0.000007198 add_time= 0.000086873
1275 0.000004886 1275 0.000016350 add_time= 0.000033563
2500 0.000274933 2500 0.000006414 add_time= 0.000298258
2915 0.000155309 2915 0.000007063 add_time= 0.000181860
2750 0.000056138 2750 0.000006855 add_time= 0.000086325
2550 0.000025513 2550 0.000006897 add_time= 0.000054074
1250 0.000041195 1250 0.000005892 add_time= 0.000061651
2500 0.000005954 2500 0.000030088 add_time= 0.000050529
2600 0.000166362 2600 0.000006379 add_time= 0.000207889
2650 0.000156542 2650 0.000007255 add_time= 0.000180663
2500 0.000263904 2500 0.000005870 add_time= 0.000284543
2550 0.000255301 2550 0.000006200 add_time= 0.000286956
2550 0.000137700 2550 0.000006567 add_time= 0.000160620
2805 0.000037095 2805 0.000015287 add_time= 0.000068666
2600 0.000117436 2600 0.000006574 add_time= 0.000141680
2750 0.000137982 2750 0.000006353 add_time= 0.000160724
2915 0.000070407 2915 0.000007540 add_time= 0.000098636
2550 0.000254870 2550 0.000007061 add_time= 0.000289683
2500 0.000295840 2500 0.000007764 add_time= 0.000331031
2750 0.000078094 2750 0.000007324 add_time= 0.000105352
2860 0.000084135 2860 0.000006454 add_time= 0.000110758
2550 0.000111924 2550 0.000006281 add_time= 0.000132489
1250 0.000124113 1250 0.000005797 add_time= 0.000143792
1375 0.000153057 1375 0.000005431 add_time= 0.000170555
2600 0.000790470 2600 0.000007305 add_time= 0.000821350
1375 0.000009265 1375 0.000015000 add_time= 0.000036869
2600 0.000084855 2600 0.000009707 add_time= 0.000143337
2750 0.000044479 2750 0.000008779 add_time= 0.000099619
1375 0.000004899 1375 0.000007944 add_time= 0.000056396
2550 0.000055175 2550 0.000019514 add_time= 0.000100471
2750 0.000055862 2750 0.000007750 add_time= 0.000087722
1250 0.000050199 1250 0.000016543 add_time= 0.000104333
2600 0.000118656 2600 0.000006291 add_time= 0.000143139
2550 0.000055658 2550 0.000005675 add_time= 0.000076886
2500 0.000043832 2500 0.000005414 add_time= 0.000062414
3025 0.000036942 3025 0.000010945 add_time= 0.000072160
2500 0.000064221 2500 0.000006427 add_time= 0.000084950
2550 0.000303427 2550 0.000006695 add_time= 0.000326572
1250 0.000006101 1250 0.000016943 add_time= 0.000038002
2550 0.000069751 2550 0.000006945 add_time= 0.000094338
2550 0.000175612 2550 0.000007069 add_time= 0.000204902
2550 0.000042990 2550 0.000006852 add_time= 0.000066038
2805 0.000101823 2805 0.000006658 add_time= 0.000124295
1375 0.000012201 1375 0.000030560 add_time= 0.000056806
2600 0.000085639 2600 0.000006703 add_time= 0.000110624
2500 0.000094769 2500 0.000014095 add_time= 0.000124423
2550 0.000051993 2550 0.000007101 add_time= 0.000086630
2601 0.000042881 2601 0.000006012 add_time= 0.000062973
2650 0.000065089 2650 0.000006995 add_time= 0.000088598
2600 0.000574557 2600 0.000009863 add_time= 0.000613423
2550 0.000311880 2550 0.000019336 add_time= 0.000351916
2500 0.000035796 2500 0.000006681 add_time= 0.000062488
2754 0.000207498 2754 0.000008530 add_time= 0.000236529
3025 0.000017339 3025 0.000028458 add_time= 0.000067897
2750 0.000470214 2750 0.000007280 add_time= 0.000495846
2500 0.000034492 2500 0.000007413 add_time= 0.000062080
2700 0.000027504 2700 0.000007595 add_time= 0.000067520
2550 0.000080896 2550 0.000006896 add_time= 0.000115604
2860 0.000374400 2860 0.000007460 add_time= 0.000410305
2860 0.000171689 2860 0.000006584 add_time= 0.000216567
2600 0.000067885 2600 0.000006930 add_time= 0.000103309
2915 0.000030675 2915 0.000014791 add_time= 0.000061569
2550 0.000061534 2550 0.000006146 add_time= 0.000082826
2550 0.000078328 2550 0.000006213 add_time= 0.000098540
2550 0.000105344 2550 0.000006497 add_time= 0.000125934
2700 0.000031483 2700 0.000005892 add_time= 0.000051073
2750 0.000005752 2750 0.000025611 add_time= 0.000045591
2500 0.000487385 2500 0.000006714 add_time= 0.000510175
2750 0.000043272 2750 0.000013905 add_time= 0.000073049
2500 0.000027785 2500 0.000005449 add_time= 0.000046904
2500 0.000061209 2500 0.000005975 add_time= 0.000088668
2750 0.000172534 2750 0.000005978 add_time= 0.000193154
2700 0.000005671 2700 0.000023051 add_time= 0.000042634
2600 0.000077319 2600 0.000006414 add_time= 0.000101148
2500 0.000063019 2500 0.000006647 add_time= 0.000085876
2500 0.000123012 2500 0.000007032 add_time= 0.000145914
2805 0.000034647 2805 0.000006321 add_time= 0.000056320
2754 0.000055957 2754 0.000006390 add_time= 0.000078587
2600 0.000129976 2600 0.000006966 add_time= 0.000176246
2860 0.000073715 2860 0.000006208 add_time= 0.000096325
2500 0.000154312 2500 0.000006827 add_time= 0.000176575
3025 0.000139410 3025 0.000015326 add_time= 0.000175683
2550 0.000141906 2550 0.000007803 add_time= 0.000177491
2860 0.000272059 2860 0.000007102 add_time= 0.000295934
2704 0.000316926 2704 0.000006577 add_time= 0.000341245
2500 0.000133984 2500 0.000006149 add_time= 0.000156666
2500 0.000110686 2500 0.000010046 add_time= 0.000135731
2750 0.000131070 2750 0.000006451 add_time= 0.000152300
2550 0.000252393 2550 0.000005907 add_time= 0.000279189
2750 0.000007729 2750 0.000014350 add_time= 0.000038829
1275 0.000005281 1275 0.000014291 add_time= 0.000037884
2600 0.000277762 2600 0.000007121 add_time= 0.000304422
2652 0.000098925 2652 0.000006289 add_time= 0.000119146
3025 0.000134984 3025 0.000006818 add_time= 0.000157432
2700 0.000093751 2700 0.000006400 add_time= 0.000113612
2601 0.000133400 2601 0.000015212 add_time= 0.000162138
2500 0.000072661 2500 0.000006224 add_time= 0.000094148
2600 0.000146768 2600 0.000008744 add_time= 0.000196861
1375 0.000005893 1375 0.000007830 add_time= 0.000041504
2550 0.000054847 2550 0.000008596 add_time= 0.000089114
2600 0.000059519 2600 0.000008208 add_time= 0.000100207
2750 0.000234915 2750 0.000006796 add_time= 0.000260199
2915 0.000074887 2915 0.000006902 add_time= 0.000098529
2600 0.000110997 2600 0.000006742 add_time= 0.000133591
2550 0.000083057 2550 0.000007475 add_time= 0.000106201
2754 0.000125510 2754 0.000006528 add_time= 0.000167154
2750 0.000090578 2750 0.000007522 add_time= 0.000115763
2750 0.000067106 2750 0.000006654 add_time= 0.000091491
2550 0.000383184 2550 0.000019181 add_time= 0.000417882
2550 0.000057330 2550 0.000019055 add_time= 0.000092142
2750 0.000016740 2750 0.000015646 add_time= 0.000047976
2704 0.000174385 2704 0.000007444 add_time= 0.000200741
2750 0.000138075 2750 0.000007217 add_time= 0.000160923
3025 0.000152816 3025 0.000007545 add_time= 0.000176148
2750 0.000112462 2750 0.000006809 add_time= 0.000149471
2700 0.000139706 2700 0.000006796 add_time= 0.000160964
2600 0.000061285 2600 0.000006375 add_time= 0.000083787
2600 0.000190460 2600 0.000007693 add_time= 0.000216442
3025 0.000101058 3025 0.000006852 add_time= 0.000127063
2970 0.000190185 2970 0.000007364 add_time= 0.000215995
2550 0.000093520 2550 0.000007152 add_time= 0.000116866
2805 0.000029512 2805 0.000016190 add_time= 0.000062938
2600 0.000257237 2600 0.000008032 add_time= 0.000285585
2500 0.000131721 2500 0.000006378 add_time= 0.000156134
2500 0.000526438 2500 0.000006764 add_time= 0.000555358
2805 0.000169922 2805 0.000007260 add_time= 0.000200945
2500 0.000055205 2500 0.000006855 add_time= 0.000078577
2600 0.000025672 2600 0.000021924 add_time= 0.000062178
2750 0.000133884 2750 0.000018857 add_time= 0.000171105
2860 0.000033231 2860 0.000006369 add_time= 0.000057478
2750 0.000169990 2750 0.000006254 add_time= 0.000198705
2805 0.000033906 2805 0.000007086 add_time= 0.000057685
2805 0.000036598 2805 0.000006541 add_time= 0.000058522
1250 0.000085628 1250 0.000005876 add_time= 0.000106459
2750 0.000045584 2750 0.000006780 add_time= 0.000070731
2808 0.000063800 2808 0.000006581 add_time= 0.000087153
2750 0.000550741 2750 0.000006792 add_time= 0.000573929
2652 0.000101716 2652 0.000006363 add_time= 0.000127267
2500 0.000036502 2500 0.000006458 add_time= 0.000058959
2750 0.000007299 2750 0.000023197 add_time= 0.000047126
2750 0.000065694 2750 0.000006856 add_time= 0.000090120
2600 0.000049525 2600 0.000006287 add_time= 0.000070865
2500 0.000093749 2500 0.000007146 add_time= 0.000118479
3025 0.000093042 3025 0.000006968 add_time= 0.000117542
2750 0.000086254 2750 0.000006862 add_time= 0.000109452
1250 0.000006003 1250 0.000015999 add_time= 0.000036937
2500 0.000102803 2500 0.000005828 add_time= 0.000125029
2750 0.000082347 2750 0.000007473 add_time= 0.000106445
2650 0.000067941 2650 0.000006723 add_time= 0.000090797
2550 0.000085182 2550 0.000006974 add_time= 0.000107905
2700 0.000106160 2700 0.000007053 add_time= 0.000138240
2970 0.000007047 2970 0.000025202 add_time= 0.000047546
2704 0.000161724 2704 0.000007881 add_time= 0.000195477
2805 0.000101832 2805 0.000009370 add_time= 0.000129940
2500 0.000389030 2500 0.000006751 add_time= 0.000411839
1275 0.000245009 1275 0.000006310 add_time= 0.000275803
3025 0.000378483 3025 0.000010802 add_time= 0.000407232
2500 0.000100156 2500 0.000006906 add_time= 0.000127747
2600 0.000026212 2600 0.000006597 add_time= 0.000050282
3025 0.000332678 3025 0.000007053 add_time= 0.000375005
2500 0.000036828 2500 0.000006731 add_time= 0.000065316
2500 0.000280162 2500 0.000007346 add_time= 0.000310430
1375 0.000005822 1375 0.000009234 add_time= 0.000037768
2750 0.000057877 2750 0.000006361 add_time= 0.000083068
2860 0.000074616 2860 0.000006525 add_time= 0.000096737
2550 0.000086976 2550 0.000007103 add_time= 0.000108509
2601 0.000050871 2601 0.000006880 add_time= 0.000071398
2550 0.000103545 2550 0.000007066 add_time= 0.000126127
2652 0.000133901 2652 0.000014618 add_time= 0.000206143
2500 0.000131086 2500 0.000008592 add_time= 0.000166638
3025 0.000008947 3025 0.000009266 add_time= 0.000049316
2500 0.000122600 2500 0.000007816 add_time= 0.000153481
2970 0.000058507 2970 0.000008525 add_time= 0.000097179
2750 0.000124629 2750 0.000006270 add_time= 0.000162164
3025 0.000136488 3025 0.000008385 add_time= 0.000163322
2750 0.000090962 2750 0.000006641 add_time= 0.000114345
2500 0.000047437 2500 0.000006451 add_time= 0.000070067
2750 0.000007622 2750 0.000024149 add_time= 0.000048261
2750 0.000095029 2750 0.000019686 add_time= 0.000136402
2915 0.000123532 2915 0.000008985 add_time= 0.000151064
2860 0.000102109 2860 0.000007590 add_time= 0.000125356
2700 0.000110503 2700 0.000007186 add_time= 0.000133930
1300 0.000015285 1300 0.000010846 add_time= 0.000056397
2500 0.000071440 2500 0.000007648 add_time= 0.000100468
2750 0.000107287 2750 0.000015437 add_time= 0.000143347
2550 0.000114536 2550 0.000007167 add_time= 0.000138088
2500 0.000117718 2500 0.000007441 add_time= 0.000141673
1250 0.000013694 1250 0.000009012 add_time= 0.000037437
2600 0.000161579 2600 0.000007185 add_time= 0.000188816
3025 0.000088141 3025 0.000007509 add_time= 0.000113014
2601 0.000134907 2601 0.000007818 add_time= 0.000176278
2754 0.000125952 2754 0.000007148 add_time= 0.000148582
2700 0.000105934 2700 0.000018551 add_time= 0.000139519
2704 0.000150708 2704 0.000015568 add_time= 0.000186297
2750 0.000150805 2750 0.000007315 add_time= 0.000175947
2500 0.000175840 2500 0.000006665 add_time= 0.000197765
2703 0.000119613 2703 0.000006788 add_time= 0.000141425
2805 0.000017437 2805 0.000016197 add_time= 0.000048706
2652 0.000044240 2652 0.000016893 add_time= 0.000090714
2750 0.000167012 2750 0.000008332 add_time= 0.000199972
2860 0.000056717 2860 0.000007646 add_time= 0.000086810
2805 0.000046672 2805 0.000008642 add_time= 0.000076068
2550 0.000231965 2550 0.000006586 add_time= 0.000253748
2860 0.000230517 2860 0.000006569 add_time= 0.000263684
2700 0.000058286 2700 0.000007825 add_time= 0.000094510
2500 0.000087194 2500 0.000007114 add_time= 0.000113819
2550 0.000046013 2550 0.000007323 add_time= 0.000073551
2550 0.000045322 2550 0.000012015 add_time= 0.000073675
2750 0.000363099 2750 0.000007256 add_time= 0.000399239
2700 0.000521836 2700 0.000006636 add_time= 0.000544812
2700 0.000110099 2700 0.000007395 add_time= 0.000134290
2600 0.000073225 2600 0.000007087 add_time= 0.000096000
2862 0.000210857 2862 0.000006943 add_time= 0.000252505
1250 0.000005824 1250 0.000008810 add_time= 0.000029137
2600 0.000187612 2600 0.000006659 add_time= 0.000210566
2500 0.000098150 2500 0.000006396 add_time= 0.000128299
2550 0.000067051 2550 0.000006302 add_time= 0.000090039
2550 0.000094372 2550 0.000007471 add_time= 0.000122551
2750 0.000007411 2750 0.000090052 add_time= 0.000114419
2600 0.000060298 2600 0.000006709 add_time= 0.000086845
2860 0.000088551 2860 0.000007059 add_time= 0.000111365
2700 0.000039266 2700 0.000006331 add_time= 0.000061750
2750 0.000038681 2750 0.000006517 add_time= 0.000061623
2550 0.000059235 2550 0.000006385 add_time= 0.000088456
2550 0.000006956 2550 0.000021376 add_time= 0.000052846
2500 0.000169114 2500 0.000007705 add_time= 0.000202155
2500 0.000071246 2500 0.000006590 add_time= 0.000094563
2700 0.000053512 2700 0.000006594 add_time= 0.000076732
2652 0.000027845 2652 0.000006570 add_time= 0.000057251
2860 0.000207764 2860 0.000006420 add_time= 0.000231141
2500 0.000108894 2500 0.000006947 add_time= 0.000134267
2750 0.000144277 2750 0.000007310 add_time= 0.000168484
2500 0.000086402 2500 0.000018558 add_time= 0.000121593
2550 0.000112266 2550 0.000007318 add_time= 0.000136221
1250 0.000171682 1250 0.000022768 add_time= 0.000217648
2750 0.000006595 2750 0.000033895 add_time= 0.000054941
2550 0.000115063 2550 0.000017924 add_time= 0.000153047
2700 0.000126894 2700 0.000008214 add_time= 0.000151055
1375 0.000110266 1375 0.000006480 add_time= 0.000130020
1275 0.000075833 1275 0.000026207 add_time= 0.000115799
2700 0.000083800 2700 0.000007246 add_time= 0.000106216
1250 0.000006278 1250 0.000008542 add_time= 0.000072038
2600 0.000007010 2600 0.000008234 add_time= 0.000063315
2550 0.000063002 2550 0.000007649 add_time= 0.000095152
3025 0.000047893 3025 0.000008736 add_time= 0.000093846
2550 0.000070128 2550 0.000008661 add_time= 0.000114956
2550 0.000085065 2550 0.000007886 add_time= 0.000117440
1250 0.000010634 1250 0.000014827 add_time= 0.000049945
2600 0.000096458 2600 0.000007576 add_time= 0.000126083
2600 0.000083228 2600 0.000007027 add_time= 0.000105868
2750 0.000143619 2750 0.000007795 add_time= 0.000168780
2550 0.000081183 2550 0.000008242 add_time= 0.000106696
2970 0.000126682 2970 0.000008097 add_time= 0.000152589
1275 0.000006236 1275 0.000016787 add_time= 0.000039312
2550 0.000346384 2550 0.000008585 add_time= 0.000375048
2970 0.000246217 2970 0.000007522 add_time= 0.000271391
1275 0.000070882 1275 0.000006670 add_time= 0.000092544
2500 0.000157029 2500 0.000027215 add_time= 0.000200893
2860 0.000188571 2860 0.000008014 add_time= 0.000216548
2652 0.000104799 2652 0.000006379 add_time= 0.000144392
2750 0.000071348 2750 0.000006848 add_time= 0.000092954
2500 0.000055826 2500 0.000006403 add_time= 0.000076370
2805 0.000089076 2805 0.000007269 add_time= 0.000113190
2915 0.000086476 2915 0.000007332 add_time= 0.000111006
2600 0.000133126 2600 0.000007222 add_time= 0.000160429
2500 0.000069269 2500 0.000006807 add_time= 0.000092260
2750 0.000098384 2750 0.000008152 add_time= 0.000123868
2500 0.000082899 2500 0.000006426 add_time= 0.000103760
2808 0.000118042 2808 0.000007973 add_time= 0.000143298
1375 0.000014718 1375 0.000010878 add_time= 0.000042084
2750 0.000108360 2750 0.000006811 add_time= 0.000134604
2600 0.000068851 2600 0.000007836 add_time= 0.000113339
2700 0.000198505 2700 0.000007919 add_time= 0.000234570
2550 0.000119080 2550 0.000007581 add_time= 0.000143894
1250 0.000078457 1250 0.000006160 add_time= 0.000108563
2750 0.000156312 2750 0.000018566 add_time= 0.000195062
2500 0.000115495 2500 0.000008872 add_time= 0.000141093
2600 0.000068570 2600 0.000006532 add_time= 0.000090239
2500 0.000071021 2500 0.000006728 add_time= 0.000093508
2550 0.000111136 2550 0.000007236 add_time= 0.000134999
2500 0.000028690 2500 0.000015036 add_time= 0.000060158
2860 0.000240671 2860 0.000007962 add_time= 0.000268781
1375 0.000049389 1375 0.000006524 add_time= 0.000072329
3025 0.000046100 3025 0.000006835 add_time= 0.000069557
2500 0.000155895 2500 0.000006857 add_time= 0.000178071
2805 0.000117442 2805 0.000005830 add_time= 0.000137998
2805 0.000018947 2805 0.000023254 add_time= 0.000057450
2600 0.000153608 2600 0.000007682 add_time= 0.000198686
3025 0.000201529 3025 0.000006359 add_time= 0.000225562
2601 0.000437986 2601 0.000006503 add_time= 0.000460968
2550 0.000218960 2550 0.000006955 add_time= 0.000242515
2860 0.000159286 2860 0.000006699 add_time= 0.000183367
2750 0.000119740 2750 0.000006432 add_time= 0.000141990
2500 0.000053973 2500 0.000005681 add_time= 0.000073964
2500 0.000241211 2500 0.000007290 add_time= 0.000275132
2550 0.000095508 2550 0.000006387 add_time= 0.000116175
2600 0.000129749 2600 0.000006627 add_time= 0.000150803
625 0.000005564 625 0.000064095 add_time= 0.000087584
2500 0.000189639 2500 0.000006948 add_time= 0.000213668
2860 0.000078237 2860 0.000006511 add_time= 0.000107979
2500 0.000060757 2500 0.000006759 add_time= 0.000083978
2500 0.000119805 2500 0.000006702 add_time= 0.000142201
2500 0.000135486 2500 0.000006561 add_time= 0.000163163
1250 0.000006397 1250 0.000014689 add_time= 0.000054859
2750 0.000102450 2750 0.000006209 add_time= 0.000126162
2500 0.000048106 2500 0.000007212 add_time= 0.000097959
2750 0.000046064 2750 0.000006804 add_time= 0.000070011
2550 0.000056883 2550 0.000005807 add_time= 0.000076670
2500 0.000096571 2500 0.000010220 add_time= 0.000122731
2750 0.000162985 2750 0.000007391 add_time= 0.000203155
2805 0.000335789 2805 0.000008095 add_time= 0.000371385
2500 0.000106251 2500 0.000006634 add_time= 0.000129034
2970 0.000105422 2970 0.000006474 add_time= 0.000130838
1250 0.000013378 1250 0.000009134 add_time= 0.000050889
2600 0.000118478 2600 0.000006894 add_time= 0.000143798
2750 0.000244370 2750 0.000006899 add_time= 0.000268017
2915 0.000067376 2915 0.000007054 add_time= 0.000091727
2862 0.000185652 2862 0.000006853 add_time= 0.000209763
1250 0.000005421 1250 0.000070086 add_time= 0.000089889
2600 0.000160743 2600 0.000006461 add_time= 0.000187039
2500 0.000124869 2500 0.000006650 add_time= 0.000160132
2750 0.000154813 2750 0.000006426 add_time= 0.000177502
1275 0.000019216 1275 0.000013634 add_time= 0.000068432
2750 0.000007374 2750 0.000038405 add_time= 0.000070821
1250 0.000005125 1250 0.000013571 add_time= 0.000042203
2600 0.000392984 2600 0.000008766 add_time= 0.000444031
2750 0.000028887 2750 0.000007845 add_time= 0.000065851
2750 0.000064524 2750 0.000008320 add_time= 0.000120820
2550 0.000024779 2550 0.000007964 add_time= 0.000069101
2750 0.000026249 2750 0.000032044 add_time= 0.000087621
2704 0.000191443 2704 0.000006354 add_time= 0.000222558
2500 0.000126287 2500 0.000006321 add_time= 0.000147289
2500 0.000129553 2500 0.000005740 add_time= 0.000149259
2550 0.000117233 2550 0.000006710 add_time= 0.000151635
2500 0.000051070 2500 0.000005788 add_time= 0.000075458
2500 0.000007108 2500 0.000042474 add_time= 0.000065781
2860 0.000106469 2860 0.000006969 add_time= 0.000130589
2600 0.000037981 2600 0.000006036 add_time= 0.000064118
2700 0.000084469 2700 0.000014957 add_time= 0.000114387
2550 0.000077887 2550 0.000006896 add_time= 0.000099721
2601 0.000095367 2601 0.000005787 add_time= 0.000114275
2500 0.000023521 2500 0.000022957 add_time= 0.000081465
2750 0.000039530 2750 0.000006539 add_time= 0.000060879
2600 0.000064594 2600 0.000005687 add_time= 0.000083521
2915 0.000096228 2915 0.000006924 add_time= 0.000118184
2500 0.000088630 2500 0.000006018 add_time= 0.000107669
2500 0.000022558 2500 0.000006139 add_time= 0.000041472
2750 0.000076397 2750 0.000007102 add_time= 0.000098767
2500 0.000244743 2500 0.000006864 add_time= 0.000266619
2750 0.000194305 2750 0.000006349 add_time= 0.000215847
2750 0.000067702 2750 0.000006442 add_time= 0.000088981
2703 0.000061682 2703 0.000006552 add_time= 0.000087280
2700 0.000027525 2700 0.000007087 add_time= 0.000049534
1275 0.000027208 1275 0.000008522 add_time= 0.000049214
2550 0.000213515 2550 0.000006842 add_time= 0.000235787
2704 0.000068612 2704 0.000006140 add_time= 0.000099692
1250 0.000122429 1250 0.000005579 add_time= 0.000139050
2700 0.000055717 2700 0.000007111 add_time= 0.000078507
2652 0.000071485 2652 0.000005885 add_time= 0.000091734
2601 0.000027713 2601 0.000005949 add_time= 0.000046943
2500 0.000071225 2500 0.000006051 add_time= 0.000090505
2600 0.000075274 2600 0.000007006 add_time= 0.000098082
2915 0.000219511 2915 0.000006919 add_time= 0.000242231
2550 0.000060008 2550 0.000006299 add_time= 0.000079336
1250 0.000040127 1250 0.000006190 add_time= 0.000058947
2750 0.000097280 2750 0.000007098 add_time= 0.000119588
2860 0.000204047 2860 0.000006868 add_time= 0.000225656
2600 0.000126650 2600 0.000014784 add_time= 0.000177105
2750 0.000044831 2750 0.000006224 add_time= 0.000063909
2500 0.000053204 2500 0.000007040 add_time= 0.000075962
2550 0.000063638 2550 0.000006076 add_time= 0.000083070
2700 0.000042665 2700 0.000006125 add_time= 0.000062225
1250 0.000010731 1250 0.000008304 add_time= 0.000030608
2500 0.000510210 2500 0.000014006 add_time= 0.000554549
2750 0.000461316 2750 0.000006793 add_time= 0.000485627
2600 0.000054565 2600 0.000008986 add_time= 0.000080002
2601 0.000603490 2601 0.000006500 add_time= 0.000626085
2750 0.000130335 2750 0.000008007 add_time= 0.000154844
2750 0.000021931 2750 0.000022973 add_time= 0.000061149
2500 0.000065176 2500 0.000007951 add_time= 0.000091262
2750 0.000220761 2750 0.000007103 add_time= 0.000247923
2750 0.000059623 2750 0.000006212 add_time= 0.000082004
2500 0.000189621 2500 0.000006469 add_time= 0.000212287
2500 0.000083073 2500 0.000017520 add_time= 0.000115818
2700 0.000038397 2700 0.000007403 add_time= 0.000064861
2500 0.000309212 2500 0.000006748 add_time= 0.000332460
2915 0.000059158 2915 0.000006598 add_time= 0.000083117
2550 0.000065022 2550 0.000006546 add_time= 0.000087374
2862 0.000062984 2862 0.000006713 add_time= 0.000094624
2700 0.000005871 2700 0.000014401 add_time= 0.000034786
2600 0.000147040 2600 0.000006813 add_time= 0.000170666
2600 0.000079133 2600 0.000009853 add_time= 0.000104737
2750 0.000103589 2750 0.000006787 add_time= 0.000125987
2500 0.000058035 2500 0.000005901 add_time= 0.000078026
1250 0.000139071 1250 0.000006190 add_time= 0.000164594
1375 0.000006143 1375 0.000127458 add_time= 0.000158907
2750 0.000123713 2750 0.000006095 add_time= 0.000146314
2500 0.000069624 2500 0.000005814 add_time= 0.000097023
2860 0.000084387 2860 0.000006702 add_time= 0.000106988
2550 0.000028453 2550 0.000006367 add_time= 0.000058116
2808 0.000076448 2808 0.000006835 add_time= 0.000098935
1300 0.000005623 1300 0.000011360 add_time= 0.000035129
2550 0.000221065 2550 0.000007261 add_time= 0.000261036
2805 0.000033503 2805 0.000006146 add_time= 0.000054618
2750 0.000061710 2750 0.000006941 add_time= 0.000084212
2750 0.000141966 2750 0.000006415 add_time= 0.000163073
2970 0.000054284 2970 0.000007410 add_time= 0.000081020
2652 0.000245721 2652 0.000006539 add_time= 0.000269449
2805 0.000057546 2805 0.000006514 add_time= 0.000095592
2860 0.000057949 2860 0.000010006 add_time= 0.000084607
2550 0.000071360 2550 0.000006750 add_time= 0.000094521
2750 0.000015157 2750 0.000014201 add_time= 0.000045585
2704 0.000170290 2704 0.000006879 add_time= 0.000194424
2600 0.000035722 2600 0.000006216 add_time= 0.000064769
1375 0.000044830 1375 0.000005679 add_time= 0.000072227
2500 0.000076060 2500 0.000006518 add_time= 0.000098043
2750 0.000074777 2750 0.000007598 add_time= 0.000099374
2600 0.000006076 2600 0.000024137 add_time= 0.000058723
2600 0.000032463 2600 0.000009131 add_time= 0.000103579
2600 0.000006047 2600 0.000016813 add_time= 0.000059865
2750 0.000024721 2750 0.000008445 add_time= 0.000067692
2550 0.000053804 2550 0.000008524 add_time= 0.000097456
2700 0.000030549 2700 0.000008232 add_time= 0.000071247
1250 0.000048905 1250 0.000044282 add_time= 0.000120596
2756 0.000080300 2756 0.000006975 add_time= 0.000104675
2600 0.000113528 2600 0.000006853 add_time= 0.000137028
2500 0.000079841 2500 0.000014992 add_time= 0.000110135
2500 0.000047722 2500 0.000013841 add_time= 0.000077129
2700 0.000054756 2700 0.000006715 add_time= 0.000083588
2750 0.000301761 2750 0.000007739 add_time= 0.000345832
3025 0.000051597 3025 0.000007193 add_time= 0.000075005
2805 0.000086371 2805 0.000007445 add_time= 0.000119062
2652 0.000071678 2652 0.000006056 add_time= 0.000091450
1250 0.000046898 1250 0.000006621 add_time= 0.000066658
2550 0.000015704 2550 0.000013576 add_time= 0.000043356
2704 0.000271526 2704 0.000014219 add_time= 0.000301745
2652 0.000070098 2652 0.000005770 add_time= 0.000095133
2750 0.000097275 2750 0.000008419 add_time= 0.000122406
2550 0.000036907 2550 0.000006484 add_time= 0.000059224
2500 0.000039504 2500 0.000006972 add_time= 0.000061857
2500 0.000091361 2500 0.000007374 add_time= 0.000115418
3025 0.000063881 3025 0.000007010 add_time= 0.000087329
2860 0.000149649 2860 0.000006658 add_time= 0.000177683
2703 0.000035499 2703 0.000006683 add_time= 0.000058745
2862 0.000054207 2862 0.000005872 add_time= 0.000074481
1250 0.000010811 1250 0.000007834 add_time= 0.000032438
2600 0.000274047 2600 0.000007472 add_time= 0.000314341
3025 0.000060095 3025 0.000008384 add_time= 0.000085489
2500 0.000026223 2500 0.000005645 add_time= 0.000045961
2700 0.000029030 2700 0.000005567 add_time= 0.000048077
1375 0.000012322 1375 0.000011054 add_time= 0.000035206
2600 0.000184207 2600 0.000006995 add_time= 0.000207407
2600 0.000060637 2600 0.000005961 add_time= 0.000088871
2500 0.000076798 2500 0.000005805 add_time= 0.000096564
2805 0.000075657 2805 0.000006073 add_time= 0.000098949
2805 0.000040995 2805 0.000005809 add_time= 0.000060351
2915 0.000067923 2915 0.000005854 add_time= 0.000087235
2750 0.000063382 2750 0.000018240 add_time= 0.000098097
1300 0.000021957 1300 0.000004992 add_time= 0.000038255
2500 0.000101442 2500 0.000005849 add_time= 0.000121140
2550 0.000116051 2550 0.000005363 add_time= 0.000139564
2550 0.000021290 2550 0.000006011 add_time= 0.000040740
2550 0.000052613 2550 0.000005906 add_time= 0.000071980
2704 0.000118309 2704 0.000005940 add_time= 0.000139470
2650 0.000025907 2650 0.000005743 add_time= 0.000048619
2750 0.000043476 2750 0.000005978 add_time= 0.000063024
2550 0.000077022 2550 0.000005716 add_time= 0.000095806
2916 0.000053407 2916 0.000006193 add_time= 0.000073002
625 0.000007955 625 0.000006031 add_time= 0.000024926
2704 0.000110409 2704 0.000006976 add_time= 0.000146998
2750 0.000126958 2750 0.000006744 add_time= 0.000151300
2805 0.000045357 2805 0.000013151 add_time= 0.000075476
2750 0.000090084 2750 0.000005864 add_time= 0.000114245
2550 0.000097616 2550 0.000006860 add_time= 0.000125180
2600 0.000158109 2600 0.000007537 add_time= 0.000185518
2750 0.000090520 2750 0.000006839 add_time= 0.000113844
2500 0.000040660 2500 0.000006709 add_time= 0.000074230
2750 0.000075065 2750 0.000007365 add_time= 0.000110039
2550 0.000154626 2550 0.000006134 add_time= 0.000177318
2860 0.000249153 2860 0.000007795 add_time= 0.000276521
1250 0.000005645 1250 0.000014312 add_time= 0.000037963
2700 0.000204847 2700 0.000015645 add_time= 0.000241211
2700 0.000069668 2700 0.000007158 add_time= 0.000096681
2970 0.000038673 2970 0.000007208 add_time= 0.000067270
2750 0.000058500 2750 0.000006959 add_time= 0.000085322
2750 0.000006883 2750 0.000021797 add_time= 0.000045273
2750 0.000073865 2750 0.000006736 add_time= 0.000109504
2500 0.000130050 2500 0.000006844 add_time= 0.000164387
2805 0.000124529 2805 0.000006784 add_time= 0.000153588
2703 0.000105209 2703 0.000006675 add_time= 0.000127997
2916 0.000134242 2916 0.000007544 add_time= 0.000167940
1275 0.000006115 1275 0.000017973 add_time= 0.000039103
2600 0.000100922 2600 0.000006275 add_time= 0.000124718
2750 0.000062458 2750 0.000006560 add_time= 0.000085441
2860 0.000074610 2860 0.000006367 add_time= 0.000097296
2754 0.000147085 2754 0.000006582 add_time= 0.000170126
2750 0.000324417 2750 0.000007195 add_time= 0.000348547
2600 0.000210233 2600 0.000008172 add_time= 0.000245244
2750 0.000062671 2750 0.000007985 add_time= 0.000088090
3025 0.000076300 3025 0.000007540 add_time= 0.000101902
2550 0.000452289 2550 0.000007028 add_time= 0.000476497
2500 0.000110788 2500 0.000006148 add_time= 0.000131647
2704 0.000223064 2704 0.000008125 add_time= 0.000249767
2750 0.000098692 2750 0.000006798 add_time= 0.000121477
3025 0.000038989 3025 0.000007050 add_time= 0.000062378
2500 0.000109650 2500 0.000006680 add_time= 0.000133208
2650 0.000006962 2650 0.000013228 add_time= 0.000036056
2652 0.000240344 2652 0.000025224 add_time= 0.000308262
1250 0.000065866 1250 0.000006560 add_time= 0.000105749
2860 0.000063152 2860 0.000008054 add_time= 0.000109059
2601 0.000127002 2601 0.000006755 add_time= 0.000160352
2805 0.000009212 2805 0.000023642 add_time= 0.000067587
2703 0.000152166 2703 0.000008707 add_time= 0.000241930
2600 0.000035518 2600 0.000007848 add_time= 0.000094504
2750 0.000124358 2750 0.000008126 add_time= 0.000181374
2550 0.000046613 2550 0.000008195 add_time= 0.000118684
2805 0.000008143 2805 0.000008523 add_time= 0.000063608
2805 0.000030889 2805 0.000094654 add_time= 0.000182674
2500 0.000234499 2500 0.000006573 add_time= 0.000287973
2750 0.000086969 2750 0.000006655 add_time= 0.000122909
2915 0.000024061 2915 0.000007345 add_time= 0.000061454
2601 0.000053267 2601 0.000007051 add_time= 0.000087427
2750 0.000041386 2750 0.000006841 add_time= 0.000077237
2500 0.000245411 2500 0.000007056 add_time= 0.000269598
2500 0.000058403 2500 0.000006117 add_time= 0.000078911
2750 0.000073601 2750 0.000014939 add_time= 0.000103985
2805 0.000033468 2805 0.000006501 add_time= 0.000055120
2500 0.000089162 2500 0.000006366 add_time= 0.000118008
2704 0.000090549 2704 0.000006977 add_time= 0.000113013
2750 0.000040684 2750 0.000006366 add_time= 0.000062390
1250 0.000037206 1250 0.000013002 add_time= 0.000062381
2600 0.000041057 2600 0.000006164 add_time= 0.000061951
2500 0.000014799 2500 0.000014220 add_time= 0.000043825
1250 0.000111667 1250 0.000006209 add_time= 0.000130854
2750 0.000128503 2750 0.000006328 add_time= 0.000150099
2750 0.000058767 2750 0.000006432 add_time= 0.000087436
2500 0.000088287 2500 0.000006751 add_time= 0.000109637
2750 0.000018263 2750 0.000125408 add_time= 0.000165793
2652 0.000250212 2652 0.000006581 add_time= 0.000275806
3025 0.000049939 3025 0.000015341 add_time= 0.000089981
2750 0.000065180 2750 0.000006970 add_time= 0.000087858
2550 0.000035861 2550 0.000016970 add_time= 0.000067524
2500 0.000114041 2500 0.000005870 add_time= 0.000133617
2500 0.000100178 2500 0.000005895 add_time= 0.000119388
2550 0.000017211 2550 0.000013728 add_time= 0.000044041
2500 0.000031268 2500 0.000007115 add_time= 0.000053764
1300 0.000026173 1300 0.000005307 add_time= 0.000043229
1250 0.000180078 1250 0.000006895 add_time= 0.000199828
2805 0.000072726 2805 0.000006755 add_time= 0.000094964
2700 0.000037293 2700 0.000014800 add_time= 0.000067589
1275 0.000011612 1275 0.000008762 add_time= 0.000033404
2652 0.000122110 2652 0.000007414 add_time= 0.000147517
1375 0.000118331 1375 0.000005530 add_time= 0.000136887
2750 0.000091997 2750 0.000006949 add_time= 0.000121046
2550 0.000185143 2550 0.000005707 add_time= 0.000203701
1275 0.000057167 1275 0.000005956 add_time= 0.000075989
2700 0.000062161 2700 0.000006384 add_time= 0.000082375
1375 0.000010076 1375 0.000008364 add_time= 0.000029304
2550 0.000129062 2550 0.000006191 add_time= 0.000150351
2500 0.000075117 2500 0.000006158 add_time= 0.000096232
2652 0.000046084 2652 0.000006706 add_time= 0.000068208
2550 0.000100574 2550 0.000005890 add_time= 0.000120047
1375 0.000011114 1375 0.000010557 add_time= 0.000032889
2600 0.000204229 2600 0.000006075 add_time= 0.000225878
1250 0.000141761 1250 0.000012050 add_time= 0.000176774
1375 0.000039022 1375 0.000005489 add_time= 0.000055903
3025 0.000065906 3025 0.000006149 add_time= 0.000086827
2500 0.000087615 2500 0.000005802 add_time= 0.000106623
2700 0.000014318 2700 0.000014321 add_time= 0.000042287
2600 0.000294368 2600 0.000006903 add_time= 0.000339499
2805 0.000038621 2805 0.000007192 add_time= 0.000063296
2550 0.000044086 2550 0.000006638 add_time= 0.000067348
2601 0.000119430 2601 0.000006558 add_time= 0.000143094
2750 0.000162362 2750 0.000006658 add_time= 0.000185750
2652 0.000264182 2652 0.000006928 add_time= 0.000289319
2750 0.000091742 2750 0.000010751 add_time= 0.000127300
2500 0.000058989 2500 0.000006486 add_time= 0.000083032
2703 0.000090204 2703 0.000006382 add_time= 0.000112507
2550 0.000237195 2550 0.000007057 add_time= 0.000260988
2750 0.000115488 2750 0.000006300 add_time= 0.000138896
2600 0.000361636 2600 0.000006476 add_time= 0.000382968
2750 0.000046915 2750 0.000006668 add_time= 0.000069864
2550 0.000029874 2550 0.000006481 add_time= 0.000052510
2805 0.000055040 2805 0.000007238 add_time= 0.000078958
2750 0.000133992 2750 0.000006541 add_time= 0.000169387
2600 0.000325581 2600 0.000006985 add_time= 0.000351181
3025 0.000129853 3025 0.000009350 add_time= 0.000158281
2805 0.000152076 2805 0.000007213 add_time= 0.000183362
2750 0.000124897 2750 0.000006260 add_time= 0.000154680
2750 0.000016918 2750 0.000016450 add_time= 0.000050558
2550 0.000200251 2550 0.000020020 add_time= 0.000236598
2750 0.000092711 2750 0.000006978 add_time= 0.000115656
2860 0.000295318 2860 0.000006700 add_time= 0.000328029
2500 0.000072433 2500 0.000006141 add_time= 0.000092698
2652 0.000098322 2652 0.000012136 add_time= 0.000125156
2750 0.000031520 2750 0.000005640 add_time= 0.000051648
3025 0.000007385 3025 0.000016895 add_time= 0.000041185
2704 0.000188844 2704 0.000007247 add_time= 0.000218540
2600 0.000071834 2600 0.000010569 add_time= 0.000099895
2500 0.000047293 2500 0.000016040 add_time= 0.000079601
2703 0.000120204 2703 0.000012960 add_time= 0.000168038
2500 0.000276935 2500 0.000018244 add_time= 0.000312666
2750 0.000007522 2750 0.000023824 add_time= 0.000048494
2704 0.000136644 2704 0.000007013 add_time= 0.000164536
2500 0.000110474 2500 0.000007054 add_time= 0.000136203
1250 0.000114441 1250 0.000006695 add_time= 0.000136827
2550 0.000398255 2550 0.000007201 add_time= 0.000421377
2754 0.000133799 2754 0.000006830 add_time= 0.000158966
2652 0.000167483 2652 0.000006662 add_time= 0.000195520
2550 0.000055874 2550 0.000007577 add_time= 0.000091194
2550 0.000081688 2550 0.000007209 add_time= 0.000109914
2500 0.000050059 2500 0.000007609 add_time= 0.000074176
2550 0.000053095 2550 0.000015748 add_time= 0.000084370
2754 0.000105639 2754 0.000006642 add_time= 0.000146768
2600 0.000070056 2600 0.000008632 add_time= 0.000142097
2750 0.000135893 2750 0.000009426 add_time= 0.000196627
2750 0.000047044 2750 0.000008068 add_time= 0.000094496
2550 0.000046401 2550 0.000007598 add_time= 0.000083533
2500 0.000056532 2500 0.000083857 add_time= 0.000170054
2860 0.000247215 2860 0.000018851 add_time= 0.000286319
2860 0.000064031 2860 0.000006692 add_time= 0.000086921
2860 0.000133737 2860 0.000014885 add_time= 0.000174484
2550 0.000121376 2550 0.000006770 add_time= 0.000154182
2550 0.000105356 2550 0.000006350 add_time= 0.000127695
2750 0.000088625 2750 0.000007384 add_time= 0.000113225
2652 0.000245320 2652 0.000006666 add_time= 0.000268820
2550 0.000095140 2550 0.000006921 add_time= 0.000116942
2550 0.000050954 2550 0.000006231 add_time= 0.000070274
3025 0.000064290 3025 0.000006047 add_time= 0.000083580
2500 0.000114456 2500 0.000020821 add_time= 0.000149677
2550 0.000013297 2550 0.000014558 add_time= 0.000042572
2600 0.000082390 2600 0.000006784 add_time= 0.000107352
2860 0.000069031 2860 0.000006696 add_time= 0.000098253
2750 0.000031921 2750 0.000006641 add_time= 0.000053574
2500 0.000126475 2500 0.000006605 add_time= 0.000148196
2750 0.000023278 2750 0.000014417 add_time= 0.000053638
2600 0.000098803 2600 0.000008099 add_time= 0.000121981
2860 0.000034527 2860 0.000019624 add_time= 0.000078495
2650 0.000033199 2650 0.000009755 add_time= 0.000057833
2550 0.000033892 2550 0.000006273 add_time= 0.000055096
2805 0.000096462 2805 0.000006859 add_time= 0.000118500
2750 0.000032416 2750 0.000009678 add_time= 0.000060387
2500 0.000210935 2500 0.000006461 add_time= 0.000232457
2500 0.000051375 2500 0.000006774 add_time= 0.000072850
2805 0.000044379 2805 0.000006482 add_time= 0.000065939
2500 0.000035786 2500 0.000006657 add_time= 0.000055484
2916 0.000070258 2916 0.000007001 add_time= 0.000092698
2805 0.000016694 2805 0.000021415 add_time= 0.000067788
2600 0.000188269 2600 0.000008638 add_time= 0.000212567
2500 0.000037705 2500 0.000006250 add_time= 0.000057336
2550 0.000060376 2550 0.000006682 add_time= 0.000081456
2550 0.000106826 2550 0.000006118 add_time= 0.000125894
2550 0.000080380 2550 0.000007673 add_time= 0.000113781
1250 0.000010728 1250 0.000010280 add_time= 0.000033363
2600 0.000303437 2600 0.000006283 add_time= 0.000325369
2805 0.000031364 2805 0.000006151 add_time= 0.000052213
2550 0.000055152 2550 0.000006679 add_time= 0.000076539
2601 0.000102424 2601 0.000006851 add_time= 0.000124294
2550 0.000092187 2550 0.000006405 add_time= 0.000113392
1350 0.000011847 1350 0.000131243 add_time= 0.000156531
2500 0.000081144 2500 0.000006489 add_time= 0.000102348
1300 0.000057295 1300 0.000008227 add_time= 0.000076382
2600 0.000068225 2600 0.000009927 add_time= 0.000092777
2805 0.000055526 2805 0.000008770 add_time= 0.000079557
2805 0.000016171 2805 0.000014528 add_time= 0.000045663
1250 0.000007585 1250 0.000009954 add_time= 0.000028223
2500 0.000054596 2500 0.000006889 add_time= 0.000075628
2860 0.000029338 2860 0.000015280 add_time= 0.000059787
2700 0.000066416 2700 0.000007192 add_time= 0.000088396
2601 0.000152158 2601 0.000016760 add_time= 0.000182241
2970 0.000015192 2970 0.000125861 add_time= 0.000154460
1250 0.000009953 1250 0.000030851 add_time= 0.000051272
2652 0.000093180 2652 0.000006443 add_time= 0.000114431
2600 0.000109752 2600 0.000006271 add_time= 0.000129299
2700 0.000029513 2700 0.000006127 add_time= 0.000048895
2805 0.000080703 2805 0.000006313 add_time= 0.000100084
2805 0.000016293 2805 0.000019058 add_time= 0.000059480
1250 0.000009548 1250 0.000009572 add_time= 0.000029452
2600 0.000184475 2600 0.000009745 add_time= 0.000217884
2860 0.000457798 2860 0.000007328 add_time= 0.000494102
2550 0.000238944 2550 0.000007224 add_time= 0.000265290
2600 0.000119367 2600 0.000006701 add_time= 0.000144604
2500 0.000014864 2500 0.000020169 add_time= 0.000054788
1250 0.000010450 1250 0.000011511 add_time= 0.000035848
2860 0.000207222 2860 0.000006922 add_time= 0.000232907
2600 0.000044777 2600 0.000005999 add_time= 0.000067825
2550 0.000053822 2550 0.000007024 add_time= 0.000089056
2550 0.000035269 2550 0.000008604 add_time= 0.000063905
2750 0.000007776 2750 0.000023208 add_time= 0.000049259
2600 0.000313887 2600 0.000006574 add_time= 0.000339389
2750 0.000126093 2750 0.000007046 add_time= 0.000149765
2915 0.000076061 2915 0.000006943 add_time= 0.000099370
2500 0.000031429 2500 0.000006500 add_time= 0.000055909
2750 0.000088112 2750 0.000009935 add_time= 0.000117669
1250 0.000005453 1250 0.000014191 add_time= 0.000032837
2500 0.000092479 2500 0.000007195 add_time= 0.000115978
2750 0.000096442 2750 0.000007096 add_time= 0.000120280
2750 0.000063651 2750 0.000006972 add_time= 0.000086788
2750 0.000123030 2750 0.000007159 add_time= 0.000146168
2550 0.000071361 2550 0.000006276 add_time= 0.000093420
2600 0.000283817 2600 0.000006045 add_time= 0.000325152
2600 0.000046073 2600 0.000007372 add_time= 0.000070204
2550 0.000149610 2550 0.000020926 add_time= 0.000186174
2808 0.000130559 2808 0.000006749 add_time= 0.000154248
1250 0.000005989 1250 0.000009840 add_time= 0.000029898
2860 0.000197866 2860 0.000006423 add_time= 0.000254494
2500 0.000065184 2500 0.000006537 add_time= 0.000106530
2805 0.000135293 2805 0.000006974 add_time= 0.000169462
2550 0.000079454 2550 0.000006954 add_time= 0.000103632
2600 0.000175332 2600 0.000007337 add_time= 0.000202133
1275 0.000011448 1275 0.000008599 add_time= 0.000035008
2860 0.000316115 2860 0.000007197 add_time= 0.000344667
2550 0.000088140 2550 0.000006620 add_time= 0.000124040
2805 0.000214783 2805 0.000006540 add_time= 0.000239321
2550 0.000043558 2550 0.000006393 add_time= 0.000072910
2500 0.000148911 2500 0.000006296 add_time= 0.000171823
2500 0.000006918 2500 0.000013577 add_time= 0.000037826
2500 0.000065858 2500 0.000006605 add_time= 0.000090277
2750 0.000086427 2750 0.000006522 add_time= 0.000110290
2500 0.000048478 2500 0.000006442 add_time= 0.000069831
2650 0.000075517 2650 0.000006299 add_time= 0.000096571
2700 0.000052971 2700 0.000006724 add_time= 0.000076040
2750 0.000007712 2750 0.000028489 add_time= 0.000052681
2600 0.000057083 2600 0.000007809 add_time= 0.000105293
2600 0.000056630 2600 0.000007936 add_time= 0.000104255
2750 0.000051865 2750 0.000008642 add_time= 0.000091356
2500 0.000047687 2500 0.000008493 add_time= 0.000083958
2700 0.000025839 2700 0.000009080 add_time= 0.000085714
2600 0.000297128 2600 0.000007057 add_time= 0.000323041
2750 0.000118386 2750 0.000006949 add_time= 0.000142008
2750 0.000067826 2750 0.000006646 add_time= 0.000091474
2500 0.000025625 2500 0.000006594 add_time= 0.000054177
2754 0.000025610 2754 0.000006084 add_time= 0.000046555
2600 0.000162333 2600 0.000014845 add_time= 0.000194166
3025 0.000065016 3025 0.000008006 add_time= 0.000091106
2750 0.000307578 2750 0.000007455 add_time= 0.000331417
2808 0.000117319 2808 0.000007396 add_time= 0.000139599
2550 0.000007076 2550 0.000014541 add_time= 0.000036575
2500 0.000066204 2500 0.000007422 add_time= 0.000089505
2600 0.000063655 2600 0.000005665 add_time= 0.000093764
2750 0.000120776 2750 0.000008391 add_time= 0.000144613
2750 0.000097081 2750 0.000006448 add_time= 0.000116429
2550 0.000199205 2550 0.000006193 add_time= 0.000225989
2700 0.000070372 2700 0.000007527 add_time= 0.000104197
1250 0.000019704 1250 0.000015320 add_time= 0.000047137
2600 0.000210063 2600 0.000006858 add_time= 0.000232274
2750 0.000048756 2750 0.000006713 add_time= 0.000070336
2550 0.000053647 2550 0.000014636 add_time= 0.000082983
2500 0.000069578 2500 0.000006918 add_time= 0.000091145
1250 0.000013851 1250 0.000009637 add_time= 0.000035673
2600 0.000265161 2600 0.000006513 add_time= 0.000287412
2805 0.000076537 2805 0.000007361 add_time= 0.000102366
2550 0.000169194 2550 0.000007391 add_time= 0.000191846
1275 0.000090635 1275 0.000005993 add_time= 0.000108786
2500 0.000065276 2500 0.000014551 add_time= 0.000094375
2600 0.000208577 2600 0.000006995 add_time= 0.000231113
3025 0.000049818 3025 0.000007333 add_time= 0.000073726
2805 0.000127505 2805 0.000007064 add_time= 0.000147888
2550 0.000053394 2550 0.000005989 add_time= 0.000072609
2550 0.000098636 2550 0.000007190 add_time= 0.000120159
2500 0.000127448 2500 0.000006970 add_time= 0.000147384
2750 0.000016291 2750 0.000095690 add_time= 0.000138617
2704 0.000160405 2704 0.000006495 add_time= 0.000182151
2500 0.000110380 2500 0.000006583 add_time= 0.000131764
2750 0.000090988 2750 0.000006740 add_time= 0.000112334
2805 0.000490331 2805 0.000008027 add_time= 0.000514018
2500 0.000073650 2500 0.000008872 add_time= 0.000095989
2500 0.000369729 2500 0.000007388 add_time= 0.000391969
2550 0.000083003 2550 0.000006983 add_time= 0.000104985
1375 0.000070777 1375 0.000006099 add_time= 0.000089993
2700 0.000776692 2700 0.000007181 add_time= 0.000799397
2600 0.000195608 2600 0.000011976 add_time= 0.000223219
2750 0.000146911 2750 0.000006781 add_time= 0.000168492
2750 0.000148358 2750 0.000007287 add_time= 0.000182750
2550 0.000075250 2550 0.000006909 add_time= 0.000095323
2650 0.000016510 2650 0.000015237 add_time= 0.000046728
2600 0.000247479 2600 0.000006868 add_time= 0.000270117
2500 0.000178315 2500 0.000006603 add_time= 0.000199428
2703 0.000061171 2703 0.000006338 add_time= 0.000082373
2750 0.000240838 2750 0.000007365 add_time= 0.000263553
2805 0.000016162 2805 0.000016400 add_time= 0.000047432
1275 0.000008485 1275 0.000008965 add_time= 0.000027943
2600 0.000088381 2600 0.000007788 add_time= 0.000117147
2860 0.000123367 2860 0.000006121 add_time= 0.000145415
3025 0.000196465 3025 0.000006363 add_time= 0.000218395
2550 0.000059293 2550 0.000006874 add_time= 0.000080767
2500 0.000061532 2500 0.000006142 add_time= 0.000081636
2500 0.000109405 2500 0.000009556 add_time= 0.000141640
2652 0.000579820 2652 0.000007264 add_time= 0.000604119
2750 0.000045475 2750 0.000006316 add_time= 0.000067729
2750 0.000100433 2750 0.000010599 add_time= 0.000128075
2805 0.000138529 2805 0.000008492 add_time= 0.000164634
2970 0.000087644 2970 0.000006919 add_time= 0.000110692
2750 0.000031184 2750 0.000039533 add_time= 0.000094931
2756 0.000072739 2756 0.000009396 add_time= 0.000099877
2600 0.000238819 2600 0.000009387 add_time= 0.000264783
2750 0.000091864 2750 0.000006539 add_time= 0.000115030
2750 0.000150944 2750 0.000014102 add_time= 0.000182104
2500 0.000056571 2500 0.000005399 add_time= 0.000076112
2500 0.000141560 2500 0.000007038 add_time= 0.000165074
2750 0.000006448 2750 0.000023984 add_time= 0.000054060
2600 0.000314626 2600 0.000006842 add_time= 0.000346969
2860 0.000072440 2860 0.000006808 add_time= 0.000095620
2600 0.000029827 2600 0.000006405 add_time= 0.000066528
2550 0.000153963 2550 0.000007119 add_time= 0.000177301
2750 0.000123639 2750 0.000007149 add_time= 0.000148196
2500 0.000006528 2500 0.000013649 add_time= 0.000036400
2600 0.000156245 2600 0.000015370 add_time= 0.000188222
2750 0.000306719 2750 0.000007165 add_time= 0.000330681
2500 0.000071078 2500 0.000006464 add_time= 0.000103427
2750 0.000101289 2750 0.000005825 add_time= 0.000121377
2550 0.000071308 2550 0.000005847 add_time= 0.000091565
2754 0.000031409 2754 0.000017596 add_time= 0.000066068
1350 0.000005596 1350 0.000072427 add_time= 0.000090310
2704 0.000125217 2704 0.000005988 add_time= 0.000148532
2860 0.000044861 2860 0.000009298 add_time= 0.000070612
2600 0.000045755 2600 0.000006364 add_time= 0.000076283
2550 0.000063315 2550 0.000007447 add_time= 0.000097735
2600 0.000053762 2600 0.000006887 add_time= 0.000076682
2652 0.000313580 2652 0.000007736 add_time= 0.000350973
2550 0.000113785 2550 0.000008011 add_time= 0.000138665
2500 0.000096487 2500 0.000006621 add_time= 0.000119005
2550 0.000160623 2550 0.000007017 add_time= 0.000184008
2600 0.000158308 2600 0.000007110 add_time= 0.000188749
2860 0.000330979 2860 0.000018855 add_time= 0.000369053
2860 0.000125845 2860 0.000014901 add_time= 0.000158300
3025 0.000154492 3025 0.000007288 add_time= 0.000180495
2550 0.000212551 2550 0.000006353 add_time= 0.000234627
2500 0.000216895 2500 0.000006180 add_time= 0.000237633
1300 0.000005487 1300 0.000120480 add_time= 0.000139738
2500 0.000094579 2500 0.000006949 add_time= 0.000117984
2860 0.000051603 2860 0.000005802 add_time= 0.000071356
2805 0.000027244 2805 0.000006080 add_time= 0.000048085
2601 0.000059531 2601 0.000011196 add_time= 0.000087068
2500 0.000112249 2500 0.000005863 add_time= 0.000133193
2750 0.000005326 2750 0.000024948 add_time= 0.000045327
2750 0.000046970 2750 0.000007734 add_time= 0.000093279
1300 0.000004443 1300 0.000007426 add_time= 0.000039497
2750 0.000081728 2750 0.000007115 add_time= 0.000118961
2500 0.000049236 2500 0.000006894 add_time= 0.000077811
2652 0.000026809 2652 0.000007514 add_time= 0.000062228
2500 0.000022624 2500 0.000007537 add_time= 0.000053358
2750 0.000040336 2750 0.000008019 add_time= 0.000073923
2650 0.000159043 2650 0.000005879 add_time= 0.000186982
3025 0.000092915 3025 0.000006924 add_time= 0.000127223
2805 0.000076663 2805 0.000006830 add_time= 0.000100340
2750 0.000008520 2750 0.000026318 add_time= 0.000052457
1300 0.000005151 1300 0.000013503 add_time= 0.000031771
2600 0.000122213 2600 0.000006786 add_time= 0.000146621
2805 0.000063614 2805 0.000007307 add_time= 0.000097480
2750 0.000027127 2750 0.000006830 add_time= 0.000049045
2754 0.000025538 2754 0.000005817 add_time= 0.000044338
2700 0.000039807 2700 0.000011962 add_time= 0.000066299
2750 0.000014892 2750 0.000015497 add_time= 0.000043834
2860 0.000098910 2860 0.000007241 add_time= 0.000123274
2500 0.000060523 2500 0.000006363 add_time= 0.000079964
2500 0.000034336 2500 0.000006453 add_time= 0.000055874
2805 0.000083321 2805 0.000006853 add_time= 0.000105803
3025 0.000024250 3025 0.000014814 add_time= 0.000055465
2600 0.000197708 2600 0.000006868 add_time= 0.000220439
2750 0.000082008 2750 0.000006504 add_time= 0.000101997
2750 0.000036544 2750 0.000006308 add_time= 0.000058097
2550 0.000163902 2550 0.000006445 add_time= 0.000185583
1250 0.000060328 1250 0.000005649 add_time= 0.000078380
2860 0.000123888 2860 0.000007479 add_time= 0.000147919
2652 0.000132935 2652 0.000007298 add_time= 0.000160378
2750 0.000047937 2750 0.000006065 add_time= 0.000075705
2550 0.000087584 2550 0.000006240 add_time= 0.000108631
2805 0.000071562 2805 0.000007109 add_time= 0.000094737
2805 0.000017675 2805 0.000014063 add_time= 0.000047670
2860 0.000080522 2860 0.000007009 add_time= 0.000104272
2860 0.000032852 2860 0.000005917 add_time= 0.000052585
2750 0.000111873 2750 0.000006715 add_time= 0.000134146
1250 0.000121090 1250 0.000006524 add_time= 0.000140505
2860 0.000095614 2860 0.000006775 add_time= 0.000117726
2704 0.000036354 2704 0.000007145 add_time= 0.000060076
2600 0.000023877 2600 0.000005826 add_time= 0.000043772
1375 0.000054479 1375 0.000005689 add_time= 0.000072929
2500 0.000074808 2500 0.000008087 add_time= 0.000109090
2650 0.000041051 2650 0.000006479 add_time= 0.000062844
1250 0.000005610 1250 0.000009349 add_time= 0.000028010
2750 0.000048659 2750 0.000006859 add_time= 0.000072352
2600 0.000069126 2600 0.000005900 add_time= 0.000089214
2805 0.000058667 2805 0.000006185 add_time= 0.000078376
2754 0.000068336 2754 0.000006577 add_time= 0.000090267
2750 0.000092261 2750 0.000007024 add_time= 0.000125337
2500 0.000015654 2500 0.000012455 add_time= 0.000043032
2600 0.000083964 2600 0.000006774 add_time= 0.000106928
2650 0.000095218 2650 0.000007105 add_time= 0.000117745
2805 0.000068786 2805 0.000018349 add_time= 0.000102554
2750 0.000063165 2750 0.000006557 add_time= 0.000084807
2916 0.000060958 2916 0.000006878 add_time= 0.000083936
1300 0.000011813 1300 0.000009917 add_time= 0.000040401
2550 0.000226993 2550 0.000006446 add_time= 0.000249672
2500 0.000077857 2500 0.000006847 add_time= 0.000099905
2750 0.000047739 2750 0.000006761 add_time= 0.000076005
2550 0.000042651 2550 0.000006397 add_time= 0.000064097
1250 0.000051094 1250 0.000005282 add_time= 0.000067574
2500 0.000015605 2500 0.000034206 add_time= 0.000065116
2600 0.000151428 2600 0.000006803 add_time= 0.000173710
2750 0.000027033 2750 0.000006412 add_time= 0.000049192
2550 0.000114670 2550 0.000006978 add_time= 0.000138606
2550 0.000156310 2550 0.000007017 add_time= 0.000178443
2750 0.000065403 2750 0.000007017 add_time= 0.000088282
1350 0.000011896 1350 0.000011493 add_time= 0.000034886
2704 0.000178235 2704 0.000006709 add_time= 0.000220902
3025 0.000042245 3025 0.000007556 add_time= 0.000071248
2500 0.000046346 2500 0.000006823 add_time= 0.000080484
2500 0.000192496 2500 0.000006250 add_time= 0.000220858
2860 0.000111648 2860 0.000007176 add_time= 0.000138951
1375 0.000012847 1375 0.000014763 add_time= 0.000042784
2500 0.000244219 2500 0.000006420 add_time= 0.000268415
2805 0.000059573 2805 0.000007617 add_time= 0.000099326
2970 0.000109325 2970 0.000007291 add_time= 0.000134472
2750 0.000095113 2750 0.000005873 add_time= 0.000119061
2750 0.000179826 2750 0.000012083 add_time= 0.000211849
1250 0.000014643 1250 0.000015132 add_time= 0.000046751
2750 0.000168018 2750 0.000007254 add_time= 0.000192547
2805 0.000099589 2805 0.000006991 add_time= 0.000131407
2500 0.000050885 2500 0.000006421 add_time= 0.000078962
2550 0.000183723 2550 0.000013453 add_time= 0.000213901
2650 0.000070337 2650 0.000006770 add_time= 0.000093768
3025 0.000008700 3025 0.000017187 add_time= 0.000043266
2600 0.000157618 2600 0.000007104 add_time= 0.000193018
3025 0.000222178 3025 0.000006181 add_time= 0.000252583
2550 0.000117893 2550 0.000007302 add_time= 0.000141816
2500 0.000169964 2500 0.000007853 add_time= 0.000194530
2750 0.000182224 2750 0.000006985 add_time= 0.000223687
1250 0.000188701 1250 0.000005615 add_time= 0.000208607
2750 0.000167989 2750 0.000006230 add_time= 0.000197856
3025 0.000161262 3025 0.000006657 add_time= 0.000183516
2500 0.000066711 2500 0.000006849 add_time= 0.000088158
2550 0.000066112 2550 0.000005787 add_time= 0.000085895
1375 0.000005933 1375 0.000011706 add_time= 0.000031667
1250 0.000004705 1250 0.000014855 add_time= 0.000031664
2650 0.000348281 2650 0.000006719 add_time= 0.000388659
2750 0.000217079 2750 0.000010161 add_time= 0.000260275
2750 0.000099522 2750 0.000005805 add_time= 0.000128538
2550 0.000361468 2550 0.000007134 add_time= 0.000393759
2550 0.000007858 2550 0.000014416 add_time= 0.000039128
2652 0.000216521 2652 0.000006895 add_time= 0.000241199
2500 0.000188966 2500 0.000006351 add_time= 0.000211739
2750 0.000133059 2750 0.000006593 add_time= 0.000156374
2500 0.000125314 2500 0.000009718 add_time= 0.000150148
2700 0.000089917 2700 0.000007133 add_time= 0.000117978
2500 0.000007082 2500 0.000012848 add_time= 0.000037970
2500 0.000130912 2500 0.000007301 add_time= 0.000157306
1375 0.000045412 1375 0.000006048 add_time= 0.000064090
2750 0.000027257 2750 0.000005624 add_time= 0.000046322
2550 0.000036546 2550 0.000005930 add_time= 0.000062941
2805 0.000005897 2805 0.000026171 add_time= 0.000046193
1250 0.000004802 1250 0.000013657 add_time= 0.000029375
2600 0.000066504 2600 0.000008144 add_time= 0.000126943
2600 0.000021939 2600 0.000007632 add_time= 0.000063312
2805 0.000087151 2805 0.000007752 add_time= 0.000120367
2550 0.000030277 2550 0.000008188 add_time= 0.000068153
2550 0.000034409 2550 0.000008421 add_time= 0.000080550
2750 0.000035198 2750 0.000045104 add_time= 0.000128496
2600 0.000190343 2600 0.000005852 add_time= 0.000231522
2500 0.000120998 2500 0.000006675 add_time= 0.000162800
2750 0.000066152 2750 0.000006368 add_time= 0.000089229
2550 0.000026862 2550 0.000005960 add_time= 0.000046824
2700 0.000034188 2700 0.000007120 add_time= 0.000057358
1375 0.000005969 1375 0.000013656 add_time= 0.000049186
2500 0.000123034 2500 0.000006180 add_time= 0.000144161
2652 0.000071280 2652 0.000006218 add_time= 0.000090974
2805 0.000232850 2805 0.000012595 add_time= 0.000260394
2650 0.000032814 2650 0.000006494 add_time= 0.000054421
2550 0.000088332 2550 0.000006328 add_time= 0.000107471
2915 0.000057297 2915 0.000006568 add_time= 0.000084003
2860 0.000260945 2860 0.000014796 add_time= 0.000292317
3025 0.000126645 3025 0.000007006 add_time= 0.000154905
2500 0.000062263 2500 0.000006777 add_time= 0.000084294
2550 0.000031794 2550 0.000006115 add_time= 0.000056560
2750 0.000016836 2750 0.000027661 add_time= 0.000060748
2500 0.000166752 2500 0.000007151 add_time= 0.000190360
2500 0.000097868 2500 0.000006799 add_time= 0.000119790
2750 0.000110948 2750 0.000014154 add_time= 0.000140908
2703 0.000052810 2703 0.000006695 add_time= 0.000079152
2750 0.000016275 2750 0.000013993 add_time= 0.000053671
2600 0.000218239 2600 0.000007618 add_time= 0.000242475
2500 0.000197641 2500 0.000006617 add_time= 0.000219515
2750 0.000083989 2750 0.000006452 add_time= 0.000104939
2500 0.000128076 2500 0.000007176 add_time= 0.000151147
2500 0.000016255 2500 0.000021998 add_time= 0.000060428
2756 0.000132201 2756 0.000007661 add_time= 0.000157933
2750 0.000255326 2750 0.000006852 add_time= 0.000278987
2550 0.000065821 2550 0.000006473 add_time= 0.000086248
2550 0.000078960 2550 0.000006800 add_time= 0.000099675
2970 0.000053613 2970 0.000006101 add_time= 0.000074138
625 0.000004655 625 0.000006554 add_time= 0.000021319
2750 0.000387645 2750 0.000007045 add_time= 0.000411846
2500 0.000087884 2500 0.000005833 add_time= 0.000116665
2500 0.000055853 2500 0.000006506 add_time= 0.000076376
1250 0.000061130 1250 0.000005537 add_time= 0.000080634
2500 0.000033416 2500 0.000006176 add_time= 0.000053038
2750 0.000038301 2750 0.000006569 add_time= 0.000061974
2600 0.000111802 2600 0.000006041 add_time= 0.000132519
2600 0.000035493 2600 0.000005891 add_time= 0.000055584
2750 0.000032636 2750 0.000005860 add_time= 0.000061298
2550 0.000022248 2550 0.000005862 add_time= 0.000047390
2750 0.000024589 2750 0.000128190 add_time= 0.000166443
2600 0.000153219 2600 0.000006143 add_time= 0.000175443
2600 0.000143385 2600 0.000005997 add_time= 0.000163480
2600 0.000059627 2600 0.000006215 add_time= 0.000080271
2500 0.000076746 2500 0.000005722 add_time= 0.000096731
2500 0.000057176 2500 0.000006103 add_time= 0.000077086
1300 0.000011340 1300 0.000010357 add_time= 0.000045064
2500 0.000407746 2500 0.000007005 add_time= 0.000431602
2805 0.000044395 2805 0.000006388 add_time= 0.000066051
2650 0.000089160 2650 0.000013100 add_time= 0.000116256
2805 0.000030606 2805 0.000017655 add_time= 0.000073674
2750 0.000014339 2750 0.000014245 add_time= 0.000051668
2860 0.000166581 2860 0.000006415 add_time= 0.000197448
2750 0.000072112 2750 0.000006353 add_time= 0.000093050
2550 0.000102227 2550 0.000006363 add_time= 0.000122389
2550 0.000054309 2550 0.000006487 add_time= 0.000074644
3025 0.000168711 3025 0.000006719 add_time= 0.000197996
2750 0.000109084 2750 0.000006491 add_time= 0.000148761
2500 0.000135893 2500 0.000006438 add_time= 0.000159097
2500 0.000095441 2500 0.000014655 add_time= 0.000137370
2550 0.000307565 2550 0.000019079 add_time= 0.000347153
2500 0.000071465 2500 0.000006590 add_time= 0.000093176
2600 0.000006122 2600 0.000024374 add_time= 0.000045356
2750 0.000153204 2750 0.000009927 add_time= 0.000180758
2700 0.000225487 2700 0.000007063 add_time= 0.000257694
2550 0.000402695 2550 0.000006240 add_time= 0.000423756
2750 0.000076171 2750 0.000006924 add_time= 0.000100321
2600 0.000196965 2600 0.000006476 add_time= 0.000220359
2500 0.000073440 2500 0.000006549 add_time= 0.000110999
2750 0.000182978 2750 0.000006302 add_time= 0.000205684
2550 0.000046507 2550 0.000006968 add_time= 0.000070530
2750 0.000014279 2750 0.000044266 add_time= 0.000076962
2500 0.000149136 2500 0.000006654 add_time= 0.000189488
2750 0.000055905 2750 0.000006689 add_time= 0.000078767
2550 0.000147030 2550 0.000006176 add_time= 0.000168341
2750 0.000101166 2750 0.000007065 add_time= 0.000125077
1275 0.000109464 1275 0.000006147 add_time= 0.000129359
1250 0.000005758 1250 0.000016238 add_time= 0.000035402
