2600 0.000128150 2600 0.000015067 add_time= 0.001709267
2500 0.000077206 2500 0.000008922 add_time= 0.000102658
2500 0.000118654 2500 0.000007797 add_time= 0.000141716
2750 0.000364234 2750 0.000034188 add_time= 0.000419049
2805 0.000098993 2805 0.000007879 add_time= 0.000122825
2500 0.000126381 2500 0.000005805 add_time= 0.000145338
2600 0.000182786 2600 0.000008099 add_time= 0.000236041
3025 0.000288378 3025 0.000007292 add_time= 0.000319204
2600 0.000063207 2600 0.000007155 add_time= 0.000087174
2500 0.000072289 2500 0.000009333 add_time= 0.000109065
2500 0.000176967 2500 0.000010495 add_time= 0.000215243
2550 0.000071568 2550 0.000006473 add_time= 0.000093608
2500 0.000210751 2500 0.000019574 add_time= 0.000280779
2750 0.000020317 2750 0.000023096 add_time= 0.000060341
2600 0.000083609 2600 0.000006639 add_time= 0.000112113
2704 0.000213742 2704 0.000007930 add_time= 0.000259983
3025 0.000077678 3025 0.000007437 add_time= 0.000105436
2750 0.000006872 2750 0.000022965 add_time= 0.000053832
2550 0.000064835 2550 0.000007101 add_time= 0.000098999
2700 0.000212616 2700 0.000016201 add_time= 0.000244750
2500 0.000122771 2500 0.000006942 add_time= 0.000146037
2750 0.000093718 2750 0.000008968 add_time= 0.000131164
2750 0.000071395 2750 0.000007826 add_time= 0.000097780
2805 0.000045711 2805 0.000007162 add_time= 0.000082146
2600 0.000057125 2600 0.000015242 add_time= 0.000087673
2500 0.000191965 2500 0.000011919 add_time= 0.000331566
1250 0.000107766 1250 0.000008897 add_time= 0.000148832
3025 0.000068816 3025 0.000008605 add_time= 0.000115571
3025 0.000058819 3025 0.000009479 add_time= 0.000100306
2500 0.000363264 2500 0.000016358 add_time= 0.001778841
2700 0.000047020 2700 0.000008654 add_time= 0.000072077
2805 0.000081815 2805 0.000009238 add_time= 0.000124289
2704 0.000227859 2704 0.000008025 add_time= 0.000256422
2805 0.000082369 2805 0.000006765 add_time= 0.000104573
2550 0.000028758 2550 0.000024741 add_time= 0.000067263
2652 0.000231145 2652 0.000010319 add_time= 0.000344322
2805 0.000151063 2805 0.000009300 add_time= 0.000195797
2860 0.000334410 2860 0.000008565 add_time= 0.000360894
2704 0.000339490 2704 0.000007005 add_time= 0.000368490
2808 0.000310478 2808 0.000007851 add_time= 0.000337395
2750 0.000448098 2750 0.000010293 add_time= 0.000508675
1275 0.000189051 1275 0.000007779 add_time= 0.000212898
2750 0.000053124 2750 0.000009020 add_time= 0.000091174
2500 0.000065042 2500 0.000037449 add_time= 0.000118261
2500 0.000136315 2500 0.000043901 add_time= 0.000204604
2650 0.000145525 2650 0.000008343 add_time= 0.000180218
2750 0.000031845 2750 0.000037246 add_time= 0.000085536
2600 0.000063027 2600 0.000036720 add_time= 0.000116838
2650 0.000180976 2650 0.000013293 add_time= 0.000335017
2750 0.000074346 2750 0.000033800 add_time= 0.000149495
