2650 0.000020076 2650 0.000027656 add_time= 0.001784031
2550 0.000033864 2550 0.000007180 add_time= 0.000057596
2805 0.000055589 2805 0.000007728 add_time= 0.000080507
2703 0.000018499 2703 0.000026658 add_time= 0.000067557
2750 0.000078871 2750 0.000008088 add_time= 0.000103490
2750 0.000026369 2750 0.000007915 add_time= 0.000050636
2809 0.000009199 2809 0.000026113 add_time= 0.000105035
2750 0.000092998 2750 0.000008528 add_time= 0.000117370
2550 0.000520405 2550 0.000028605 add_time= 0.000576300
2809 0.000012116 2809 0.000085673 add_time= 0.000126541
2500 0.000173082 2500 0.000018590 add_time= 0.000208511
2550 0.000135243 2550 0.000026748 add_time= 0.000178075
2809 0.000028984 2809 0.000017678 add_time= 0.000085556
2750 0.000156759 2750 0.000009218 add_time= 0.000182344
3025 0.000312120 3025 0.000008463 add_time= 0.000346881
2550 0.000133937 2550 0.000007180 add_time= 0.000157448
2500 0.000009182 2500 0.000020566 add_time= 0.000048814
2805 0.000324593 2805 0.000009363 add_time= 0.000351297
2750 0.000042413 2750 0.000007210 add_time= 0.000065957
2756 0.000021758 2756 0.000026761 add_time= 0.000076507
2750 0.000144771 2750 0.000007909 add_time= 0.000169738
2550 0.000160134 2550 0.000007541 add_time= 0.000184277
2750 0.000108423 2750 0.000020447 add_time= 0.000252260
2915 0.000007954 2915 0.000010964 add_time= 0.000069850
2500 0.000089308 2500 0.000028874 add_time= 0.000142533
2808 0.000037312 2808 0.000027696 add_time= 0.000093227
2600 0.000201067 2600 0.000020223 add_time= 0.001697555
1275 0.000065567 1275 0.000006239 add_time= 0.000095565
2650 0.000132790 2650 0.000006892 add_time= 0.000155224
2915 0.000018998 2915 0.000090131 add_time= 0.000131499
2750 0.000142473 2750 0.000009139 add_time= 0.000167890
2915 0.000010329 2915 0.000090405 add_time= 0.000180974
2750 0.000116489 2750 0.000008117 add_time= 0.000143385
2550 0.000419466 2550 0.000007593 add_time= 0.000441781
1300 0.000267459 1300 0.000008100 add_time= 0.000302851
2500 0.000058374 2500 0.000007762 add_time= 0.000088751
2550 0.000257280 2550 0.000007425 add_time= 0.000282470
2970 0.000078497 2970 0.000007551 add_time= 0.000107167
2805 0.000416744 2805 0.000011284 add_time= 0.000474019
2750 0.000106596 2750 0.000007509 add_time= 0.000131510
2600 0.000084613 2600 0.000007313 add_time= 0.000118996
2650 0.000009181 2650 0.000015296 add_time= 0.000052983
2750 0.000125815 2750 0.000007987 add_time= 0.000160111
2805 0.000210044 2805 0.000011201 add_time= 0.000238813
2750 0.000194487 2750 0.000017659 add_time= 0.000268043
2550 0.000045422 2550 0.000007858 add_time= 0.000082179
2750 0.000038890 2750 0.000007019 add_time= 0.000083548
2500 0.000092336 2500 0.000007506 add_time= 0.000137254
2860 0.000066704 2860 0.000013101 add_time= 0.000228903
2750 0.000205957 2750 0.000008461 add_time= 0.000273845
2754 0.000118483 2754 0.000008733 add_time= 0.000178539
2756 0.000017843 2756 0.000038755 add_time= 0.001268893
2750 0.000063978 2750 0.000012227 add_time= 0.000092477
2500 0.000216850 2500 0.000007516 add_time= 0.000239824
3025 0.000106924 3025 0.000007990 add_time= 0.000132079
2550 0.000063527 2550 0.000007966 add_time= 0.000088118
2550 0.000122419 2550 0.000006917 add_time= 0.000144609
2500 0.000093249 2500 0.000021109 add_time= 0.000128239
2750 0.000151058 2750 0.000006981 add_time= 0.000173656
2750 0.000157616 2750 0.000006852 add_time= 0.000179424
2750 0.000121794 2750 0.000013474 add_time= 0.000149847
2600 0.000055761 2600 0.000006539 add_time= 0.000075783
2500 0.000116250 2500 0.000007437 add_time= 0.000139368
2500 0.000045793 2500 0.000007053 add_time= 0.000067609
2703 0.000010655 2703 0.000028646 add_time= 0.000075803
2652 0.000045537 2652 0.000006988 add_time= 0.000068006
2600 0.000075128 2600 0.000006341 add_time= 0.000115863
2805 0.000059164 2805 0.000008238 add_time= 0.000084079
2550 0.000094894 2550 0.000028899 add_time= 0.000158222
2500 0.000073354 2500 0.000007030 add_time= 0.000096158
2750 0.000056287 2750 0.000007410 add_time= 0.000080659
2650 0.000007627 2650 0.000082949 add_time= 0.000108107
2600 0.000068168 2600 0.000007415 add_time= 0.000092502
2750 0.000070868 2750 0.000007547 add_time= 0.000104277
1375 0.000059927 1375 0.000006259 add_time= 0.000081304
1275 0.000094319 1275 0.000006549 add_time= 0.000114653
2500 0.000138662 2500 0.000006969 add_time= 0.000161943
1375 0.000052735 1375 0.000006439 add_time= 0.000073299
2650 0.000016970 2650 0.000099176 add_time= 0.000153719
2600 0.000081944 2600 0.000006792 add_time= 0.000112053
3025 0.000308590 3025 0.000007978 add_time= 0.000337347
2500 0.000335279 2500 0.000007101 add_time= 0.000357675
2703 0.000371653 2703 0.000007646 add_time= 0.000413537
1375 0.000089429 1375 0.000006185 add_time= 0.000109809
2756 0.000008235 2756 0.000180759 add_time= 0.000205352
2500 0.000241315 2500 0.000025347 add_time= 0.000280949
2550 0.000175440 2550 0.000023234 add_time= 0.000212833
2550 0.000234049 2550 0.000007473 add_time= 0.000257396
2970 0.000081426 2970 0.000007294 add_time= 0.000105185
1250 0.000059070 1250 0.000006211 add_time= 0.000078606
2650 0.000014584 2650 0.000193016 add_time= 0.000224258
1375 0.000061295 1375 0.000006710 add_time= 0.000081470
2550 0.001682983 2550 0.000006914 add_time= 0.001704007
2750 0.000089221 2750 0.000006774 add_time= 0.000109357
2500 0.000060352 2500 0.000033600 add_time= 0.000108072
2500 0.000280073 2500 0.000009098 add_time= 0.000386723
2805 0.000085920 2805 0.000008257 add_time= 0.000125248
2700 0.000062139 2700 0.000019279 add_time= 0.000110086
2500 0.000093625 2500 0.000007162 add_time= 0.000122911
2500 0.000130404 2500 0.000008903 add_time= 0.000165200
2550 0.000056203 2550 0.000027999 add_time= 0.000109346
2756 0.000012242 2756 0.000152004 add_time= 0.000197207
2860 0.000072407 2860 0.000007720 add_time= 0.000099663
3025 0.000167218 3025 0.000008344 add_time= 0.000193359
2750 0.000119367 2750 0.000006947 add_time= 0.000142969
2805 0.000227252 2805 0.000006892 add_time= 0.000250673
2650 0.000243445 2650 0.000027200 add_time= 0.000285606
1250 0.000092178 1250 0.000025913 add_time= 0.000132572
2915 0.000015851 2915 0.000096183 add_time= 0.000130073
2600 0.000210254 2600 0.000006765 add_time= 0.000233368
2700 0.000252301 2700 0.000006529 add_time= 0.000273591
2500 0.000368390 2500 0.000006386 add_time= 0.000389213
2500 0.000093443 2500 0.000008410 add_time= 0.000115971
2500 0.000333652 2500 0.000006464 add_time= 0.000354545
2550 0.000131226 2550 0.000007378 add_time= 0.000154900
2600 0.000005910 2600 0.000023143 add_time= 0.000046627
2600 0.000143740 2600 0.000007130 add_time= 0.000173536
2500 0.000153134 2500 0.000006341 add_time= 0.000174105
2750 0.000135635 2750 0.000008094 add_time= 0.000160265
2550 0.000099874 2550 0.000007073 add_time= 0.000122070
2754 0.000129921 2754 0.000006986 add_time= 0.000151666
1375 0.000076181 1375 0.000007006 add_time= 0.000108109
2600 0.000021130 2600 0.000345702 add_time= 0.000383286
2652 0.000057353 2652 0.000006604 add_time= 0.000078608
2750 0.000342937 2750 0.000008831 add_time= 0.000366394
2550 0.000114086 2550 0.000044895 add_time= 0.000175773
2550 0.000150755 2550 0.000007241 add_time= 0.000172373
2550 0.000133737 2550 0.000006378 add_time= 0.000164823
2500 0.000294768 2500 0.000024561 add_time= 0.000333499
2650 0.000007822 2650 0.000128541 add_time= 0.000153643
3025 0.000071418 3025 0.000007249 add_time= 0.000095291
2750 0.000139625 2750 0.000007289 add_time= 0.000161454
2750 0.000280593 2750 0.000006400 add_time= 0.000301208
2750 0.000093497 2750 0.000007134 add_time= 0.000124706
2600 0.000166078 2600 0.000007984 add_time= 0.000190334
1375 0.000062866 1375 0.000005871 add_time= 0.000080896
2650 0.000018832 2650 0.000072899 add_time= 0.000132778
2500 0.000129151 2500 0.000024247 add_time= 0.000171807
1250 0.000107293 1250 0.000005553 add_time= 0.000132956
2500 0.000328336 2500 0.000007302 add_time= 0.000349789
2550 0.000281605 2550 0.000006730 add_time= 0.000302896
2550 0.000308103 2550 0.000027040 add_time= 0.000351381
2500 0.000066131 2500 0.000028299 add_time= 0.000111548
2600 0.000176000 2600 0.000007016 add_time= 0.000199923
2860 0.000134775 2860 0.000025199 add_time= 0.000178273
3025 0.000103364 3025 0.000034562 add_time= 0.000155740
2750 0.000301185 2750 0.000016632 add_time= 0.000334612
1325 0.000083961 1325 0.000025511 add_time= 0.000123110
2756 0.000009040 2756 0.000137939 add_time= 0.000169284
2750 0.000066758 2750 0.000006292 add_time= 0.000089208
2750 0.000080308 2750 0.000006324 add_time= 0.000101323
2601 0.000080779 2601 0.000007182 add_time= 0.000104085
2750 0.000067267 2750 0.000006962 add_time= 0.000090345
2550 0.000134612 2550 0.000014567 add_time= 0.000177056
2915 0.000174352 2915 0.000091355 add_time= 0.000309533
1375 0.000099376 1375 0.000007812 add_time= 0.000136260
2750 0.000048253 2750 0.000008445 add_time= 0.000082748
2805 0.000127351 2805 0.000008228 add_time= 0.000165361
2750 0.000062890 2750 0.000007684 add_time= 0.000094250
1350 0.000040547 1350 0.000007308 add_time= 0.000082913
2600 0.000195820 2600 0.000006603 add_time= 0.000217984
2500 0.000090929 2500 0.000006059 add_time= 0.000112029
2500 0.000082480 2500 0.000007425 add_time= 0.000104989
2860 0.000059835 2860 0.000005767 add_time= 0.000079490
1275 0.000045634 1275 0.000005518 add_time= 0.000062276
2750 0.000080938 2750 0.000006787 add_time= 0.000103576
2805 0.000079131 2805 0.000007532 add_time= 0.000102623
2500 0.000085000 2500 0.000012425 add_time= 0.000112202
2600 0.000055271 2600 0.000006757 add_time= 0.000077438
3025 0.000073292 3025 0.000007181 add_time= 0.000096580
2703 0.000068982 2703 0.000007077 add_time= 0.000091525
2652 0.000089045 2652 0.000006266 add_time= 0.000108561
2700 0.000055829 2700 0.000005780 add_time= 0.000081564
1300 0.000109580 1300 0.000006228 add_time= 0.000128418
2756 0.000019309 2756 0.000202823 add_time= 0.000248138
2500 0.000233925 2500 0.000007579 add_time= 0.000272104
2860 0.000292675 2860 0.000012346 add_time= 0.000320464
2750 0.000068080 2750 0.000006199 add_time= 0.000088739
2805 0.000129961 2805 0.000007214 add_time= 0.000154018
2700 0.000063900 2700 0.000006968 add_time= 0.000085775
1250 0.000055220 1250 0.000005725 add_time= 0.000072703
2915 0.000015081 2915 0.000014462 add_time= 0.000047418
2600 0.000519172 2600 0.000006524 add_time= 0.000540637
2750 0.000158834 2750 0.000008039 add_time= 0.000183981
2500 0.000083491 2500 0.000006439 add_time= 0.000104560
2750 0.000170110 2750 0.000006284 add_time= 0.000192125
2700 0.000156791 2700 0.000007810 add_time= 0.000182003
2750 0.000080016 2750 0.000006659 add_time= 0.000101509
2650 0.000006793 2650 0.000024337 add_time= 0.000047951
2600 0.000532514 2600 0.000007549 add_time= 0.000560445
2750 0.000150442 2750 0.000006244 add_time= 0.000171834
2652 0.000097193 2652 0.000006738 add_time= 0.000129002
2550 0.000119624 2550 0.000006993 add_time= 0.000142849
2860 0.000082213 2860 0.000007411 add_time= 0.000106146
2650 0.000021818 2650 0.000158944 add_time= 0.000197981
2600 0.000131928 2600 0.000006712 add_time= 0.000153476
2500 0.000118832 2500 0.000006948 add_time= 0.000161601
2805 0.000058746 2805 0.000007705 add_time= 0.000083320
2750 0.000096277 2750 0.000006375 add_time= 0.000117112
2862 0.000185538 2862 0.000007583 add_time= 0.000210025
2500 0.000077115 2500 0.000006899 add_time= 0.000099794
2500 0.000006803 2500 0.000259212 add_time= 0.000282657
2550 0.000098775 2550 0.000014297 add_time= 0.000129234
2550 0.000066295 2550 0.000005881 add_time= 0.000085708
2750 0.000073623 2750 0.000007023 add_time= 0.000096341
2805 0.000065812 2805 0.000007238 add_time= 0.000088790
2700 0.000099391 2700 0.000006840 add_time= 0.000122403
1250 0.000084910 1250 0.000006047 add_time= 0.000104431
2915 0.000017295 2915 0.000017453 add_time= 0.000065264
2600 0.000053101 2600 0.000006562 add_time= 0.000075111
2500 0.000103537 2500 0.000006087 add_time= 0.000124360
2750 0.000039358 2750 0.000007116 add_time= 0.000062222
2550 0.000111643 2550 0.000006966 add_time= 0.000134301
2500 0.000180468 2500 0.000007157 add_time= 0.000203852
2650 0.000007730 2650 0.000015939 add_time= 0.000040975
2600 0.000087424 2600 0.000006187 add_time= 0.000108191
2500 0.000221652 2500 0.000007282 add_time= 0.000245096
2500 0.000107142 2500 0.000024262 add_time= 0.000146214
2550 0.000265327 2550 0.000007707 add_time= 0.000289464
2500 0.000201373 2500 0.000006394 add_time= 0.000221947
1250 0.000048614 1250 0.000006685 add_time= 0.000069323
2650 0.000013955 2650 0.000195095 add_time= 0.000226006
2550 0.000117015 2550 0.000006520 add_time= 0.000139331
2700 0.000142319 2700 0.000018019 add_time= 0.000176107
2700 0.000097967 2700 0.000006768 add_time= 0.000118335
2550 0.000336121 2550 0.000006167 add_time= 0.000355925
1250 0.000103029 1250 0.000005981 add_time= 0.000122204
2650 0.000111363 2650 0.000099920 add_time= 0.000247315
2805 0.000070164 2805 0.000007458 add_time= 0.000112560
2500 0.000115422 2500 0.000007668 add_time= 0.000147670
2550 0.000059366 2550 0.000007391 add_time= 0.000089031
2754 0.000092012 2754 0.000006794 add_time= 0.000122938
2550 0.000078014 2550 0.000007606 add_time= 0.000110874
2650 0.000007646 2650 0.000148160 add_time= 0.000171370
2805 0.000095515 2805 0.000006853 add_time= 0.000128986
2750 0.000076658 2750 0.000005991 add_time= 0.000096842
2805 0.000089953 2805 0.000007361 add_time= 0.000122111
2500 0.000345755 2500 0.000005782 add_time= 0.000365253
2805 0.000082896 2805 0.000006415 add_time= 0.000103355
2500 0.000166516 2500 0.000006586 add_time= 0.000188422
2500 0.000069243 2500 0.000006792 add_time= 0.000090715
2500 0.000112612 2500 0.000006943 add_time= 0.000134313
2805 0.000144144 2805 0.000007061 add_time= 0.000166443
2500 0.000119086 2500 0.000014806 add_time= 0.000148797
1250 0.000297752 1250 0.000006135 add_time= 0.000316078
2650 0.000017643 2650 0.000187042 add_time= 0.000220269
2500 0.000252944 2500 0.000006539 add_time= 0.000274258
2750 0.000068312 2750 0.000006230 add_time= 0.000088006
2601 0.000112758 2601 0.000014924 add_time= 0.000142176
1275 0.000128773 1275 0.000006053 add_time= 0.000147498
2915 0.000133542 2915 0.000007253 add_time= 0.000156686
1325 0.000152519 1325 0.000006569 add_time= 0.000170300
2915 0.000019867 2915 0.000023975 add_time= 0.000067075
2652 0.000063485 2652 0.000007435 add_time= 0.000089664
2750 0.000118326 2750 0.000007158 add_time= 0.000141645
2500 0.000255029 2500 0.000014833 add_time= 0.000287406
2700 0.000074102 2700 0.000006674 add_time= 0.000095315
2500 0.000447223 2500 0.000006940 add_time= 0.000468625
2500 0.000042017 2500 0.000007376 add_time= 0.000066192
2650 0.000015913 2650 0.000228179 add_time= 0.000261689
2600 0.000198579 2600 0.000006445 add_time= 0.000220207
2805 0.000056635 2805 0.000007039 add_time= 0.000080612
2600 0.000281274 2600 0.000007700 add_time= 0.000305575
2805 0.000093770 2805 0.000008016 add_time= 0.000129936
2700 0.000230956 2700 0.000006559 add_time= 0.000252834
2500 0.000038005 2500 0.000005914 add_time= 0.000058138
2700 0.000006229 2700 0.000027848 add_time= 0.000052112
2600 0.000198192 2600 0.000007811 add_time= 0.000222408
2600 0.000053914 2600 0.000007682 add_time= 0.000078012
2500 0.003785452 2500 0.000007429 add_time= 0.003809302
2756 0.000013209 2756 0.000256713 add_time= 0.000287039
2600 0.000194546 2600 0.000006706 add_time= 0.000217197
2750 0.000181264 2750 0.000007746 add_time= 0.000205623
3025 0.000063793 3025 0.000020239 add_time= 0.000102998
2600 0.000073652 2600 0.000007060 add_time= 0.000096380
2700 0.000066997 2700 0.000008027 add_time= 0.000091842
2860 0.000225854 2860 0.000006715 add_time= 0.000248120
2700 0.000063514 2700 0.000006376 add_time= 0.000104526
1250 0.000096247 1250 0.000006235 add_time= 0.000116684
2550 0.000161172 2550 0.000019463 add_time= 0.000197043
2500 0.000095576 2500 0.000006782 add_time= 0.000129334
2700 0.000049102 2700 0.000015414 add_time= 0.000081481
2500 0.000165494 2500 0.000006558 add_time= 0.000186424
1325 0.000018445 1325 0.000010585 add_time= 0.000053269
2600 0.000091209 2600 0.000006395 add_time= 0.000114854
2500 0.000273259 2500 0.000007055 add_time= 0.000306644
2750 0.000126076 2750 0.000006384 add_time= 0.000146089
2550 0.000122048 2550 0.000007425 add_time= 0.000146837
2500 0.000274954 2500 0.000006430 add_time= 0.000296372
1300 0.000075471 1300 0.000005503 add_time= 0.000093240
2650 0.000008095 2650 0.000015566 add_time= 0.000040795
2652 0.000404858 2652 0.000008448 add_time= 0.000439843
3025 0.000113910 3025 0.000037093 add_time= 0.000169172
2500 0.000117122 2500 0.000006312 add_time= 0.000138981
2550 0.000186773 2550 0.000007794 add_time= 0.000211399
2650 0.000140778 2650 0.000006654 add_time= 0.000162732
2500 0.000117194 2500 0.000006214 add_time= 0.000138066
2750 0.000320516 2750 0.000006965 add_time= 0.000345555
2550 0.000227356 2550 0.000005912 add_time= 0.000247090
2915 0.000113659 2915 0.000006651 add_time= 0.000134219
2601 0.000101387 2601 0.000007295 add_time= 0.000124675
2750 0.000113256 2750 0.000018760 add_time= 0.000148013
2600 0.000008277 2600 0.000009735 add_time= 0.000054956
2500 0.000106778 2500 0.000008306 add_time= 0.000149338
1375 0.000050400 1375 0.000008886 add_time= 0.000117018
2550 0.000059784 2550 0.000008440 add_time= 0.000093914
2650 0.000007799 2650 0.000008389 add_time= 0.000044690
2750 0.000053376 2750 0.000008218 add_time= 0.000087289
2600 0.000284896 2600 0.000006470 add_time= 0.000307558
2600 0.000074664 2600 0.000013806 add_time= 0.000104036
2500 0.000247875 2500 0.000007190 add_time= 0.000270862
2805 0.000127871 2805 0.000012358 add_time= 0.000154799
2805 0.000073907 2805 0.000007237 add_time= 0.000097430
3025 0.000100119 3025 0.000007363 add_time= 0.000124855
2500 0.000018801 2500 0.000014427 add_time= 0.000049065
2808 0.000055597 2808 0.000006209 add_time= 0.000075851
2750 0.000063154 2750 0.000006656 add_time= 0.000084272
2550 0.000113018 2550 0.000007274 add_time= 0.000135037
2700 0.000053658 2700 0.000007888 add_time= 0.000104378
1250 0.000055033 1250 0.000006683 add_time= 0.000074877
2915 0.000021548 2915 0.000145317 add_time= 0.000182958
2750 0.000078292 2750 0.000007395 add_time= 0.000111498
2750 0.000099681 2750 0.000006520 add_time= 0.000119667
2970 0.000060805 2970 0.000007213 add_time= 0.000083803
2601 0.000133609 2601 0.000006487 add_time= 0.000154807
2860 0.000046992 2860 0.000008390 add_time= 0.000071548
2756 0.000017622 2756 0.000225073 add_time= 0.000258676
2750 0.000087422 2750 0.000006973 add_time= 0.000109497
2550 0.000184594 2550 0.000008352 add_time= 0.000208607
2550 0.000055056 2550 0.000014716 add_time= 0.000083151
2970 0.000110757 2970 0.000007571 add_time= 0.000133020
1250 0.000048201 1250 0.000006252 add_time= 0.000065726
2652 0.000304886 2652 0.000007378 add_time= 0.000331836
2860 0.000135374 2860 0.000006896 add_time= 0.000166988
2700 0.000201618 2700 0.000007342 add_time= 0.000237668
2650 0.000071040 2650 0.000007048 add_time= 0.000094728
2750 0.000605977 2750 0.000018734 add_time= 0.000641309
2500 0.000113428 2500 0.000006665 add_time= 0.000134120
1325 0.000006653 1325 0.000074717 add_time= 0.000096324
2860 0.000099884 2860 0.000006735 add_time= 0.000121883
2750 0.000081657 2750 0.000006666 add_time= 0.000112754
2550 0.000144266 2550 0.000006862 add_time= 0.000167288
2500 0.000283883 2500 0.000006591 add_time= 0.000308944
2550 0.000090322 2550 0.000006965 add_time= 0.000113411
2756 0.000007102 2756 0.000082901 add_time= 0.000106989
2860 0.000054462 2860 0.000007941 add_time= 0.000079595
3025 0.000407309 3025 0.000007322 add_time= 0.000431733
3025 0.000071541 3025 0.000022432 add_time= 0.000111832
2550 0.000234248 2550 0.000006992 add_time= 0.000255654
2805 0.000057808 2805 0.000006913 add_time= 0.000081226
2650 0.000008046 2650 0.000201755 add_time= 0.000226048
2600 0.000067031 2600 0.000006815 add_time= 0.000089848
2600 0.000217003 2600 0.000006926 add_time= 0.000239685
2550 0.000192226 2550 0.000006891 add_time= 0.000233075
2970 0.000099430 2970 0.000007939 add_time= 0.000124916
1275 0.000070717 1275 0.000006995 add_time= 0.000091933
1325 0.000005918 1325 0.000027383 add_time= 0.000046703
2600 0.000055424 2600 0.000006899 add_time= 0.000078936
2750 0.000060303 2750 0.000006835 add_time= 0.000083509
2550 0.000160260 2550 0.000006554 add_time= 0.000182242
2500 0.000120232 2500 0.000007264 add_time= 0.000142943
1300 0.000114545 1300 0.000005880 add_time= 0.000131822
2700 0.000271335 2700 0.000006525 add_time= 0.000307230
2860 0.000097099 2860 0.000007050 add_time= 0.000121664
2500 0.000087998 2500 0.000006893 add_time= 0.000110648
2500 0.000120093 2500 0.000006975 add_time= 0.000142580
2754 0.000206566 2754 0.000007165 add_time= 0.000237972
2550 0.000101677 2550 0.000007221 add_time= 0.000125362
2750 0.000349211 2750 0.000007228 add_time= 0.000373980
2750 0.000097166 2750 0.000006927 add_time= 0.000123199
2500 0.000334543 2500 0.000007001 add_time= 0.000358080
2500 0.000066259 2500 0.000007501 add_time= 0.000090178
2970 0.000167718 2970 0.000007202 add_time= 0.000192015
625 0.000062774 625 0.000006145 add_time= 0.000084694
2550 0.000312255 2550 0.000006341 add_time= 0.000338029
2600 0.000083493 2600 0.000006491 add_time= 0.000105426
2500 0.000074227 2500 0.000005963 add_time= 0.000103296
2750 0.000046978 2750 0.000007152 add_time= 0.000072440
2550 0.000076139 2550 0.000006876 add_time= 0.000100572
2970 0.000054944 2970 0.000015533 add_time= 0.000087810
2970 0.000297412 2970 0.000006726 add_time= 0.000339388
2756 0.000047409 2756 0.000096027 add_time= 0.000185123
2500 0.000028301 2500 0.000007914 add_time= 0.000070710
2500 0.000062175 2500 0.000008037 add_time= 0.000109284
2601 0.000035762 2601 0.000015557 add_time= 0.000087821
2500 0.000040210 2500 0.000006754 add_time= 0.000070889
2500 0.000026592 2500 0.000007216 add_time= 0.000077375
2750 0.000077016 2750 0.000006220 add_time= 0.000101192
2915 0.000108564 2915 0.000007113 add_time= 0.000144630
2652 0.000063770 2652 0.000007051 add_time= 0.000087963
2754 0.000096291 2754 0.000007018 add_time= 0.000120586
2750 0.000057994 2750 0.000006914 add_time= 0.000091870
2650 0.000018714 2650 0.000291748 add_time= 0.000327687
2600 0.000122088 2600 0.000006414 add_time= 0.000143167
2805 0.000087478 2805 0.000007257 add_time= 0.000111298
1250 0.000067658 1250 0.000006056 add_time= 0.000087376
2805 0.000061240 2805 0.000006260 add_time= 0.000081947
1275 0.000088064 1275 0.000020300 add_time= 0.000119986
2500 0.000106323 2500 0.000008498 add_time= 0.000141765
2703 0.000020474 2703 0.000153821 add_time= 0.000191888
1375 0.000058024 1375 0.000013478 add_time= 0.000085253
2500 0.000081541 2500 0.000006052 add_time= 0.000120590
2600 0.000055167 2600 0.000006777 add_time= 0.000077661
1250 0.000080412 1250 0.000006121 add_time= 0.000100169
1250 0.000174642 1250 0.000006648 add_time= 0.000194432
2750 0.000020399 2750 0.000015891 add_time= 0.000052822
2600 0.000132427 2600 0.000006746 add_time= 0.000154207
2500 0.000080603 2500 0.000006213 add_time= 0.000100524
2500 0.000076349 2500 0.000006371 add_time= 0.000106813
2500 0.000124655 2500 0.000006391 add_time= 0.000143683
2916 0.000090105 2916 0.000007587 add_time= 0.000113656
1250 0.000278027 1250 0.000006033 add_time= 0.000296887
2756 0.000017137 2756 0.000156093 add_time= 0.000189036
2500 0.000158178 2500 0.000007485 add_time= 0.000181166
3025 0.000134865 3025 0.000007147 add_time= 0.000156061
2750 0.000195855 2750 0.000006868 add_time= 0.000217962
2601 0.000138606 2601 0.000006202 add_time= 0.000158368
2500 0.000113182 2500 0.000005961 add_time= 0.000132055
1375 0.000172749 1375 0.000006401 add_time= 0.000192646
2650 0.000017968 2650 0.000196270 add_time= 0.000237712
2600 0.000076160 2600 0.000006538 add_time= 0.000099228
2500 0.000216616 2500 0.000005761 add_time= 0.000236597
2550 0.000131770 2550 0.000007142 add_time= 0.000154968
2500 0.000087926 2500 0.000006184 add_time= 0.000108440
2700 0.000123803 2700 0.000007521 add_time= 0.000147804
2650 0.000008027 2650 0.000023129 add_time= 0.000048129
2652 0.000223373 2652 0.000007336 add_time= 0.000245870
3025 0.000269857 3025 0.000006776 add_time= 0.000292997
2500 0.000103591 2500 0.000006967 add_time= 0.000126452
2750 0.000133194 2750 0.000007582 add_time= 0.000164628
2550 0.000309338 2550 0.000008259 add_time= 0.000340608
2650 0.000110335 2650 0.000007397 add_time= 0.000134066
2650 0.000007187 2650 0.000094749 add_time= 0.000118854
2860 0.000060832 2860 0.000007552 add_time= 0.000084838
2550 0.000125944 2550 0.000014040 add_time= 0.000154370
2750 0.000094496 2750 0.000007318 add_time= 0.000118528
2805 0.000122849 2805 0.000007523 add_time= 0.000147118
2550 0.000249496 2550 0.000015447 add_time= 0.000280525
1250 0.000062501 1250 0.000006847 add_time= 0.000081156
2650 0.000007720 2650 0.000016104 add_time= 0.000040268
2652 0.000139772 2652 0.000006853 add_time= 0.000160924
2750 0.000246078 2750 0.000006892 add_time= 0.000267273
2750 0.000061884 2750 0.000007162 add_time= 0.000085478
2703 0.000063174 2703 0.000007547 add_time= 0.000086868
2650 0.000140107 2650 0.000006696 add_time= 0.000161064
2805 0.000072595 2805 0.000007087 add_time= 0.000096309
2650 0.000006861 2650 0.000073854 add_time= 0.000096915
2750 0.000079479 2750 0.000018217 add_time= 0.000113848
2750 0.000064761 2750 0.000006383 add_time= 0.000084679
2652 0.000122034 2652 0.000006924 add_time= 0.000151209
2600 0.000196609 2600 0.000007317 add_time= 0.000219346
1275 0.005572820 1275 0.000006968 add_time= 0.005593548
2915 0.000009736 2915 0.000129434 add_time= 0.000181621
2500 0.000062415 2500 0.000012697 add_time= 0.000090174
2500 0.000090528 2500 0.000006441 add_time= 0.000111654
2805 0.000062047 2805 0.000007292 add_time= 0.000083787
2550 0.000074712 2550 0.000007214 add_time= 0.000097417
2750 0.000254644 2750 0.000007782 add_time= 0.000278748
2600 0.000218669 2600 0.000007248 add_time= 0.000263981
2750 0.000142422 2750 0.000027239 add_time= 0.000186265
3025 0.000168605 3025 0.000024152 add_time= 0.000208425
2600 0.000172167 2600 0.000018691 add_time= 0.000207658
2750 0.000203768 2750 0.000006942 add_time= 0.000224924
2650 0.000008522 2650 0.000084308 add_time= 0.000115269
2500 0.000058385 2500 0.000006469 add_time= 0.000090918
2500 0.000049842 2500 0.000006213 add_time= 0.000070284
2500 0.000078836 2500 0.000006427 add_time= 0.000099045
2805 0.000052209 2805 0.000006849 add_time= 0.000074261
2601 0.000112200 2601 0.000017704 add_time= 0.000149466
2500 0.000099327 2500 0.000005823 add_time= 0.000119151
2500 0.000111930 2500 0.000006476 add_time= 0.000132093
2500 0.000192879 2500 0.000009512 add_time= 0.000241645
2500 0.000103466 2500 0.000008612 add_time= 0.000138249
2915 0.000007829 2915 0.000010433 add_time= 0.000047129
2652 0.000051383 2652 0.000008566 add_time= 0.000086356
2754 0.000058580 2754 0.000009208 add_time= 0.000095609
1250 0.000047402 1250 0.000007838 add_time= 0.000081177
2915 0.000010024 2915 0.000205365 add_time= 0.000237698
2750 0.000051627 2750 0.000007105 add_time= 0.000083630
2600 0.000112742 2600 0.000007357 add_time= 0.000136115
2700 0.000075365 2700 0.000007283 add_time= 0.000098088
2700 0.000080408 2700 0.000007542 add_time= 0.000113123
3025 0.000099402 3025 0.000007219 add_time= 0.000121727
2704 0.000318911 2704 0.000008152 add_time= 0.000353638
2500 0.000030389 2500 0.000006042 add_time= 0.000051751
2500 0.000207523 2500 0.000007016 add_time= 0.000235121
1250 0.000049273 1250 0.000006176 add_time= 0.000069215
2601 0.000131681 2601 0.000007453 add_time= 0.000154849
2500 0.000107645 2500 0.000006605 add_time= 0.000127879
2500 0.000054440 2500 0.000006785 add_time= 0.000076241
2756 0.000197782 2756 0.000008351 add_time= 0.000223681
2500 0.000070428 2500 0.000007032 add_time= 0.000093076
2500 0.000065364 2500 0.000006637 add_time= 0.000087062
2860 0.000108553 2860 0.000007012 add_time= 0.000131999
2550 0.000049344 2550 0.000007235 add_time= 0.000072201
2500 0.000092550 2500 0.000006162 add_time= 0.000112596
2650 0.000019651 2650 0.000073957 add_time= 0.000112555
2600 0.000085467 2600 0.000015666 add_time= 0.000116487
2750 0.000092788 2750 0.000007094 add_time= 0.000115615
2601 0.000072739 2601 0.000006700 add_time= 0.000095129
2754 0.000066424 2754 0.000007469 add_time= 0.000089947
1250 0.000083952 1250 0.000007055 add_time= 0.000104400
2756 0.000020689 2756 0.000063002 add_time= 0.000101395
2860 0.000042214 2860 0.000008030 add_time= 0.000066804
2500 0.000093758 2500 0.000007298 add_time= 0.000116655
1275 0.000052006 1275 0.000006069 add_time= 0.000071182
2700 0.000076067 2700 0.000018569 add_time= 0.000110447
2500 0.000042341 2500 0.000007058 add_time= 0.000064867
2756 0.000018237 2756 0.000136524 add_time= 0.000171831
2970 0.000078233 2970 0.000008481 add_time= 0.000103685
2915 0.000081197 2915 0.000006901 add_time= 0.000112223
2754 0.000162880 2754 0.000007489 add_time= 0.000186163
1250 0.000092373 1250 0.000005386 add_time= 0.000109529
2650 0.000010562 2650 0.000075443 add_time= 0.000114728
2600 0.000028587 2600 0.000016516 add_time= 0.000060483
2750 0.000079009 2750 0.000007994 add_time= 0.000121991
2750 0.000242655 2750 0.000015294 add_time= 0.000281685
2601 0.000278220 2601 0.000007749 add_time= 0.000301950
2500 0.000236254 2500 0.000006541 add_time= 0.000256950
2915 0.000008679 2915 0.000128663 add_time= 0.000155436
3025 0.000067889 3025 0.000007565 add_time= 0.000092780
2750 0.000221626 2750 0.000007282 add_time= 0.000245198
2601 0.000088394 2601 0.000007498 add_time= 0.000112553
2754 0.000062961 2754 0.000006940 add_time= 0.000084977
2500 0.000119137 2500 0.000018507 add_time= 0.000153975
2650 0.000008095 2650 0.000083051 add_time= 0.000109751
2500 0.000101075 2500 0.000007709 add_time= 0.000124807
2500 0.000104327 2500 0.000028823 add_time= 0.000148539
2805 0.000226615 2805 0.000008118 add_time= 0.000251193
2500 0.000174792 2500 0.000007003 add_time= 0.000197904
2500 0.000075377 2500 0.000006515 add_time= 0.000095907
2756 0.000008119 2756 0.000017021 add_time= 0.000042474
2652 0.000304459 2652 0.000007149 add_time= 0.000326636
2750 0.000110593 2750 0.000036750 add_time= 0.000161969
2600 0.000085657 2600 0.000006429 add_time= 0.000116819
2550 0.000192207 2550 0.000008526 add_time= 0.000225177
2550 0.000047020 2550 0.000006372 add_time= 0.000067633
2750 0.000085266 2750 0.000006936 add_time= 0.000108256
1275 0.000075843 1275 0.000006322 add_time= 0.000094851
2703 0.000007965 2703 0.000156109 add_time= 0.000185435
2500 0.000088174 2500 0.000034687 add_time= 0.000139097
2650 0.000072565 2650 0.000006766 add_time= 0.000093575
2750 0.000117494 2750 0.000015598 add_time= 0.000158507
2970 0.000132044 2970 0.000007661 add_time= 0.000156610
1250 0.000053328 1250 0.000005970 add_time= 0.000072487
2500 0.000018275 2500 0.000074344 add_time= 0.000129583
2652 0.000168829 2652 0.000023992 add_time= 0.000207677
2500 0.000251795 2500 0.000022766 add_time= 0.000288442
2500 0.000063915 2500 0.000005991 add_time= 0.000091199
2805 0.000251384 2805 0.000007844 add_time= 0.000279318
2970 0.000118202 2970 0.000007245 add_time= 0.000149590
1325 0.000048355 1325 0.000005403 add_time= 0.000065454
2650 0.000007922 2650 0.000016732 add_time= 0.000041563
2600 0.000114751 2600 0.000013876 add_time= 0.000146409
2500 0.000174044 2500 0.000006977 add_time= 0.000196671
1375 0.000151997 1375 0.000006722 add_time= 0.000172514
2500 0.000196336 2500 0.000048366 add_time= 0.000261391
2550 0.000103415 2550 0.000024271 add_time= 0.000142754
2500 0.000007539 2500 0.000026543 add_time= 0.000051936
2600 0.000058839 2600 0.000007279 add_time= 0.000081451
2750 0.000162536 2750 0.000006220 add_time= 0.000182929
2500 0.000185872 2500 0.000019092 add_time= 0.000220269
2550 0.000060619 2550 0.000006323 add_time= 0.000080510
2500 0.000103841 2500 0.000006343 add_time= 0.000123827
2650 0.000563984 2650 0.000007290 add_time= 0.000587544
2756 0.000100958 2756 0.000026035 add_time= 0.000163932
2808 0.000033078 2808 0.000007548 add_time= 0.000069392
2750 0.000073617 2750 0.000008580 add_time= 0.000107330
2550 0.000077366 2550 0.000007161 add_time= 0.000106089
2550 0.000060553 2550 0.000007906 add_time= 0.000100982
2700 0.000049354 2700 0.000008264 add_time= 0.000084033
2703 0.000008194 2703 0.000025521 add_time= 0.000048593
2652 0.000079760 2652 0.000006697 add_time= 0.000101131
2500 0.000146739 2500 0.000006877 add_time= 0.000168265
2550 0.000129961 2550 0.000006163 add_time= 0.000148960
2703 0.000068000 2703 0.000005978 add_time= 0.000086612
2754 0.000109508 2754 0.000007196 add_time= 0.000131965
1250 0.000269147 1250 0.000005377 add_time= 0.000285591
2600 0.000319814 2600 0.000007396 add_time= 0.000343017
2550 0.000108524 2550 0.000007121 add_time= 0.000131141
2805 0.000124816 2805 0.000007389 add_time= 0.000158665
2500 0.000069007 2500 0.000007306 add_time= 0.000091546
1250 0.000146217 1250 0.000007128 add_time= 0.000178006
2756 0.000018860 2756 0.000094371 add_time= 0.000129799
3025 0.000067236 3025 0.000007784 add_time= 0.000091575
2750 0.000141138 2750 0.000006972 add_time= 0.000163465
2550 0.000032137 2550 0.000013295 add_time= 0.000060932
2500 0.000084547 2500 0.000007208 add_time= 0.000107051
1250 0.000066651 1250 0.000006600 add_time= 0.000086625
2500 0.000108794 2500 0.000007733 add_time= 0.000131884
2600 0.000065485 2600 0.000006199 add_time= 0.000085209
2550 0.000109859 2550 0.000007043 add_time= 0.000131797
2500 0.000124848 2500 0.000007095 add_time= 0.000147262
2700 0.000094572 2700 0.000007353 add_time= 0.000128457
1250 0.000338579 1250 0.000005959 add_time= 0.000357864
2500 0.000019418 2500 0.000014872 add_time= 0.000050064
2600 0.000144793 2600 0.000007892 add_time= 0.000168429
2915 0.000071807 2915 0.000006930 add_time= 0.000093189
2650 0.000102732 2650 0.000017698 add_time= 0.000133910
2750 0.000069848 2750 0.000007665 add_time= 0.000093737
2500 0.000108998 2500 0.000006865 add_time= 0.000131260
2750 0.000087464 2750 0.000007060 add_time= 0.000110431
2750 0.000021001 2750 0.000016105 add_time= 0.000052662
2652 0.000047904 2652 0.000006293 add_time= 0.000067439
3025 0.000123409 3025 0.000007519 add_time= 0.000146960
2805 0.000125806 2805 0.000007594 add_time= 0.000149278
2805 0.000060113 2805 0.000007584 add_time= 0.000083438
2750 0.000110692 2750 0.000007126 add_time= 0.000133933
2915 0.000017660 2915 0.000017740 add_time= 0.000052105
2808 0.000149065 2808 0.000008069 add_time= 0.000172964
2600 0.000068820 2600 0.000006457 add_time= 0.000089297
3025 0.000051262 3025 0.000007823 add_time= 0.000076056
2703 0.000088299 2703 0.000007497 add_time= 0.000111847
2700 0.000044111 2700 0.000017490 add_time= 0.000076224
2750 0.000074897 2750 0.000006407 add_time= 0.000095400
2756 0.000012731 2756 0.000140652 add_time= 0.000187145
2808 0.000090571 2808 0.000007299 add_time= 0.000115442
2550 0.000273329 2550 0.000007403 add_time= 0.000305766
2750 0.000078873 2750 0.000018063 add_time= 0.000112221
2550 0.000108212 2550 0.000005701 add_time= 0.000127711
2750 0.000103686 2750 0.000006686 add_time= 0.000125583
2703 0.000034611 2703 0.000084449 add_time= 0.000135594
2500 0.000160302 2500 0.000006724 add_time= 0.000182321
2750 0.000163205 2750 0.000007254 add_time= 0.000187161
2601 0.000245954 2601 0.000007592 add_time= 0.000270376
2550 0.000120875 2550 0.000007211 add_time= 0.000144727
2500 0.000121704 2500 0.000007357 add_time= 0.000145054
2500 0.000007327 2500 0.000032025 add_time= 0.000055818
2500 0.000114450 2500 0.000006783 add_time= 0.000137419
1375 0.000092524 1375 0.000006813 add_time= 0.000123424
2550 0.000283474 2550 0.000006688 add_time= 0.000304391
2805 0.000105404 2805 0.000007678 add_time= 0.000129638
2805 0.000133784 2805 0.000007353 add_time= 0.000157554
2703 0.000016170 2703 0.000153450 add_time= 0.000186911
2750 0.000273522 2750 0.000007562 add_time= 0.000298030
2550 0.000257388 2550 0.000007215 add_time= 0.000280804
2550 0.000167653 2550 0.000007469 add_time= 0.000191499
2500 0.000127498 2500 0.000007388 add_time= 0.000150757
1275 0.000031345 1275 0.000007433 add_time= 0.000052995
2550 0.000006489 2550 0.000082966 add_time= 0.000105110
2750 0.000061247 2750 0.000014529 add_time= 0.000089841
2500 0.000068775 2500 0.000006498 add_time= 0.000107799
2750 0.000139240 2750 0.000017766 add_time= 0.000172291
2805 0.000142065 2805 0.000007167 add_time= 0.000165800
2750 0.000120968 2750 0.000007018 add_time= 0.000155032
1250 0.000049358 1250 0.000005397 add_time= 0.000066414
2650 0.000011159 2650 0.000074821 add_time= 0.000116293
2860 0.000153918 2860 0.000007293 add_time= 0.000176337
3025 0.000093841 3025 0.000007514 add_time= 0.000117310
2750 0.000130910 2750 0.000007099 add_time= 0.000154603
2550 0.000226536 2550 0.000007167 add_time= 0.000248244
2754 0.000106345 2754 0.000006384 add_time= 0.000126356
2704 0.000230002 2704 0.000007261 add_time= 0.000253961
2750 0.000080330 2750 0.000007361 add_time= 0.000104503
2805 0.000174320 2805 0.000006975 add_time= 0.000196204
2652 0.000164065 2652 0.000008169 add_time= 0.000196887
2550 0.000086048 2550 0.000007943 add_time= 0.000110154
2970 0.000051926 2970 0.000015618 add_time= 0.000083364
2500 0.000136434 2500 0.000006443 add_time= 0.000156741
2703 0.000007376 2703 0.000114998 add_time= 0.000140690
2500 0.000052725 2500 0.000006668 add_time= 0.000075136
2750 0.000101168 2750 0.000007393 add_time= 0.000125161
2805 0.000159298 2805 0.000007952 add_time= 0.000194615
2750 0.000079773 2750 0.000007049 add_time= 0.000103462
2756 0.000156507 2756 0.000034594 add_time= 0.000230980
2652 0.000077346 2652 0.000007592 add_time= 0.000109186
2750 0.000007248 2750 0.000008391 add_time= 0.000047677
2500 0.000069174 2500 0.000008083 add_time= 0.000103197
2600 0.000126155 2600 0.000009386 add_time= 0.000161960
2750 0.000050290 2750 0.000008629 add_time= 0.000084938
2700 0.000076315 2700 0.000007513 add_time= 0.000114498
2750 0.000067587 2750 0.000007526 add_time= 0.000099041
2650 0.000008221 2650 0.000136659 add_time= 0.000160605
2600 0.000085036 2600 0.000006578 add_time= 0.000106815
2805 0.000034473 2805 0.000007112 add_time= 0.000066525
2550 0.000110319 2550 0.000005818 add_time= 0.000141029
2550 0.000090161 2550 0.000006600 add_time= 0.000112145
2805 0.000078336 2805 0.000006321 add_time= 0.000099050
1250 0.000056468 1250 0.000004944 add_time= 0.000072721
2750 0.000236519 2750 0.000007609 add_time= 0.000263353
2805 0.000089974 2805 0.000017389 add_time= 0.000123849
2805 0.000074758 2805 0.000006434 add_time= 0.000095839
2550 0.000104922 2550 0.000025636 add_time= 0.000147792
2550 0.000043498 2550 0.000010046 add_time= 0.000068137
2700 0.000104107 2700 0.000006386 add_time= 0.000140920
2915 0.000024161 2915 0.000129293 add_time= 0.000174156
2500 0.000163621 2500 0.000008572 add_time= 0.000189242
2650 0.000079657 2650 0.000007594 add_time= 0.000103776
2805 0.000116267 2805 0.000007525 add_time= 0.000140950
2500 0.000130128 2500 0.000007978 add_time= 0.000155001
2500 0.000090457 2500 0.000006535 add_time= 0.000111508
2756 0.000021425 2756 0.000130429 add_time= 0.000173842
2600 0.000094211 2600 0.000007987 add_time= 0.000117428
2805 0.000091198 2805 0.000007381 add_time= 0.000115092
2500 0.000065984 2500 0.000006662 add_time= 0.000098660
2601 0.000062634 2601 0.000006299 add_time= 0.000082799
2550 0.000087129 2550 0.000006164 add_time= 0.000107032
2500 0.000227036 2500 0.000007124 add_time= 0.000257268
2650 0.000020492 2650 0.000278610 add_time= 0.000316897
2750 0.000131823 2750 0.000007619 add_time= 0.000156087
2750 0.000072054 2750 0.000006962 add_time= 0.000104813
2650 0.000089085 2650 0.000013799 add_time= 0.000117074
2550 0.000078871 2550 0.000007446 add_time= 0.000111449
2700 0.000069941 2700 0.000007954 add_time= 0.000094522
2750 0.000210789 2750 0.000006611 add_time= 0.000232473
2650 0.000020606 2650 0.000016077 add_time= 0.000054419
1300 0.000089572 1300 0.000006568 add_time= 0.000110835
2750 0.000072988 2750 0.000007998 add_time= 0.000097803
2550 0.000130586 2550 0.000008565 add_time= 0.000156136
2700 0.000098062 2700 0.000007254 add_time= 0.000121881
2750 0.000090121 2750 0.000007679 add_time= 0.000114361
2915 0.000022870 2915 0.000152858 add_time= 0.000193206
2500 0.000119892 2500 0.000008264 add_time= 0.000144124
2550 0.000110524 2550 0.000018476 add_time= 0.000144111
2652 0.000086552 2652 0.000006759 add_time= 0.000107554
1350 0.000066154 1350 0.000005464 add_time= 0.000083453
2704 0.000149883 2704 0.000007682 add_time= 0.000174471
3025 0.000037185 3025 0.000007963 add_time= 0.000062222
2750 0.000029382 2750 0.000006647 add_time= 0.000051131
2652 0.000076203 2652 0.000006399 add_time= 0.000096548
2500 0.000071959 2500 0.000006129 add_time= 0.000092467
2600 0.000066109 2600 0.000006573 add_time= 0.000098367
2650 0.000019818 2650 0.000140227 add_time= 0.000184528
2500 0.000083047 2500 0.000006449 add_time= 0.000105465
3025 0.000107574 3025 0.000007635 add_time= 0.000132742
2703 0.000128629 2703 0.000008153 add_time= 0.000153788
2805 0.000078185 2805 0.000027136 add_time= 0.000128312
2750 0.000221467 2750 0.000008151 add_time= 0.000246475
2650 0.000021627 2650 0.000072656 add_time= 0.000111957
2860 0.000132280 2860 0.000006980 add_time= 0.000156148
2500 0.000054689 2500 0.000006685 add_time= 0.000075607
2750 0.000077841 2750 0.000007010 add_time= 0.000101316
2601 0.000122349 2601 0.000006989 add_time= 0.000145884
2805 0.000070554 2805 0.000007131 add_time= 0.000094100
2703 0.000007620 2703 0.000126914 add_time= 0.000152405
2652 0.000184476 2652 0.000006215 add_time= 0.000205082
2500 0.000094969 2500 0.000006173 add_time= 0.000123553
2500 0.000056095 2500 0.000006672 add_time= 0.000084408
2500 0.000057977 2500 0.000006006 add_time= 0.000077694
2805 0.000110481 2805 0.000006164 add_time= 0.000130651
2750 0.000181378 2750 0.000007346 add_time= 0.000205163
2500 0.000007892 2500 0.000022758 add_time= 0.000047555
2500 0.000111534 2500 0.000007093 add_time= 0.000134749
2550 0.000079370 2550 0.000006238 add_time= 0.000108344
2750 0.000169463 2750 0.000007433 add_time= 0.000193455
2550 0.000109682 2550 0.000006461 add_time= 0.000130328
2915 0.000132610 2915 0.000007663 add_time= 0.000157481
1250 0.000090921 1250 0.000005880 add_time= 0.000108972
2650 0.000007160 2650 0.000341133 add_time= 0.000364852
2600 0.000058508 2600 0.000006187 add_time= 0.000085607
1250 0.000083954 1250 0.000005691 add_time= 0.000100890
1275 0.000071108 1275 0.000006779 add_time= 0.000090855
2700 0.000098858 2700 0.000007670 add_time= 0.000122373
2550 0.000108155 2550 0.000007370 add_time= 0.000130824
2650 0.000019030 2650 0.000073860 add_time= 0.000122828
2652 0.000081118 2652 0.000006772 add_time= 0.000111417
2600 0.000192217 2600 0.000006291 add_time= 0.000212902
2860 0.000065856 2860 0.000014572 add_time= 0.000100136
2703 0.000423413 2703 0.000007443 add_time= 0.000456122
2700 0.000075590 2700 0.000006644 add_time= 0.000107479
2750 0.000097560 2750 0.000006628 add_time= 0.000119044
2500 0.000008131 2500 0.000142549 add_time= 0.000167836
2550 0.000127379 2550 0.000006820 add_time= 0.000150284
2550 0.000234051 2550 0.000007237 add_time= 0.000257783
2600 0.000174824 2600 0.000007048 add_time= 0.000197909
2500 0.000260010 2500 0.000007194 add_time= 0.000294945
2860 0.000105398 2860 0.000006002 add_time= 0.000124903
2750 0.000007715 2750 0.000140746 add_time= 0.000174364
2652 0.000040086 2652 0.000015597 add_time= 0.000075226
2550 0.000077472 2550 0.000010887 add_time= 0.000107514
2500 0.000060870 2500 0.000006670 add_time= 0.000081529
2601 0.000178922 2601 0.000007304 add_time= 0.000201617
2750 0.000175227 2750 0.000007104 add_time= 0.000196510
2750 0.000147439 2750 0.000007014 add_time= 0.000170192
2500 0.000102072 2500 0.000026429 add_time= 0.000170024
2652 0.000067326 2652 0.000007487 add_time= 0.000099534
2915 0.000009240 2915 0.000010465 add_time= 0.000048137
2805 0.000066815 2805 0.000007899 add_time= 0.000101177
2500 0.000007614 2500 0.000026878 add_time= 0.000060695
2500 0.000085126 2500 0.000007874 add_time= 0.000116341
2650 0.000009194 2650 0.000083115 add_time= 0.000111233
2808 0.000107335 2808 0.000008147 add_time= 0.000132486
2500 0.000072771 2500 0.000006760 add_time= 0.000094100
2550 0.000096439 2550 0.000006622 add_time= 0.000117304
2550 0.000092952 2550 0.000007149 add_time= 0.000116454
1250 0.000078590 1250 0.000006910 add_time= 0.000110084
2750 0.000104314 2750 0.000007352 add_time= 0.000126456
2500 0.000010373 2500 0.000016202 add_time= 0.000045219
2652 0.000214079 2652 0.000007015 add_time= 0.000234897
2805 0.000127770 2805 0.000006691 add_time= 0.000148444
2550 0.000251235 2550 0.000015807 add_time= 0.000282008
2500 0.000060535 2500 0.000006688 add_time= 0.000080312
1250 0.000065192 1250 0.000006337 add_time= 0.000085070
1250 0.000065723 1250 0.000006694 add_time= 0.000085593
2650 0.000020259 2650 0.000032909 add_time= 0.000070181
2600 0.000078857 2600 0.000007870 add_time= 0.000102055
2750 0.000061995 2750 0.000007734 add_time= 0.000085571
2550 0.000076382 2550 0.000006725 add_time= 0.000099158
2805 0.000036891 2805 0.000007701 add_time= 0.000060727
2860 0.000224094 2860 0.000007454 add_time= 0.000248278
2704 0.000466955 2704 0.000020015 add_time= 0.000504101
2750 0.000064079 2750 0.000006891 add_time= 0.000086140
3025 0.000348369 3025 0.000006610 add_time= 0.000369778
2550 0.000079398 2550 0.000005803 add_time= 0.000098589
2500 0.000106950 2500 0.000006048 add_time= 0.000125782
2550 0.000078497 2550 0.000006013 add_time= 0.000097889
2970 0.000052454 2970 0.000017404 add_time= 0.000083748
2500 0.000072592 2500 0.000006384 add_time= 0.000091786
2650 0.000019771 2650 0.000320479 add_time= 0.000356847
2808 0.000165169 2808 0.000007333 add_time= 0.000187406
2750 0.000097373 2750 0.000006195 add_time= 0.000117554
2750 0.000197338 2750 0.000005797 add_time= 0.000227627
2500 0.000070584 2500 0.000005949 add_time= 0.000089707
2500 0.000088311 2500 0.000006946 add_time= 0.000110437
2700 0.000156414 2700 0.000008213 add_time= 0.000180558
2750 0.000165338 2750 0.000006821 add_time= 0.000186742
2600 0.000070189 2600 0.000008298 add_time= 0.000096024
2500 0.000152186 2500 0.000006754 add_time= 0.000174297
2500 0.000097075 2500 0.000007325 add_time= 0.000119823
2750 0.000072283 2750 0.000007244 add_time= 0.000103827
2754 0.000106820 2754 0.000007235 add_time= 0.000129609
1375 0.000078073 1375 0.000006279 add_time= 0.000097631
2756 0.000020299 2756 0.000099629 add_time= 0.000136267
2750 0.000086944 2750 0.000008092 add_time= 0.000120825
2500 0.000141870 2500 0.000006673 add_time= 0.000161918
2750 0.000145539 2750 0.000007292 add_time= 0.000167829
2652 0.000058933 2652 0.000006936 add_time= 0.000081003
2700 0.000100609 2700 0.000006612 add_time= 0.000121136
2750 0.000197210 2750 0.000006308 add_time= 0.000217235
1375 0.000079500 1375 0.000005692 add_time= 0.000096239
2600 0.000128428 2600 0.000008204 add_time= 0.000153054
3025 0.000106237 3025 0.000006943 add_time= 0.000128282
2500 0.000108266 2500 0.000007454 add_time= 0.000141213
1250 0.000111955 1250 0.000006351 add_time= 0.000131313
2700 0.000093777 2700 0.000006832 add_time= 0.000115949
1250 0.000128342 1250 0.000005479 add_time= 0.000145160
2600 0.000017228 2600 0.000073942 add_time= 0.000106804
3025 0.000095408 3025 0.000008231 add_time= 0.000119646
2500 0.000097346 2500 0.000006294 add_time= 0.000117161
2754 0.000097440 2754 0.000006138 add_time= 0.000122481
1275 0.000070218 1275 0.000006777 add_time= 0.000094714
2500 0.000124431 2500 0.000006443 add_time= 0.000144528
2756 0.000011334 2756 0.000018075 add_time= 0.000056725
2652 0.000265938 2652 0.000006755 add_time= 0.000288791
2500 0.000185321 2500 0.000007934 add_time= 0.000209481
2500 0.000098908 2500 0.000014540 add_time= 0.000128023
2500 0.000052546 2500 0.000006273 add_time= 0.000072713
2750 0.000438370 2750 0.000006791 add_time= 0.000460024
2750 0.000100894 2750 0.000025363 add_time= 0.000140713
2650 0.000007837 2650 0.000015455 add_time= 0.000039680
2600 0.000504503 2600 0.000006672 add_time= 0.000535227
2500 0.000105257 2500 0.000005878 add_time= 0.000124351
2750 0.000177452 2750 0.000006723 add_time= 0.000210572
2500 0.000053255 2500 0.000006594 add_time= 0.000074356
2970 0.000127980 2970 0.000008566 add_time= 0.000153910
1300 0.000166994 1300 0.000005583 add_time= 0.000184655
2756 0.000007519 2756 0.000083816 add_time= 0.000106979
2808 0.000060706 2808 0.000006727 add_time= 0.000083107
2750 0.000069052 2750 0.000013643 add_time= 0.000096605
2915 0.000231008 2915 0.000006557 add_time= 0.000251625
2601 0.000292037 2601 0.000006938 add_time= 0.000313846
2500 0.000126058 2500 0.000006062 add_time= 0.000145841
2500 0.000074301 2500 0.000015740 add_time= 0.000105610
2650 0.000007316 2650 0.000072521 add_time= 0.000095587
2600 0.000350209 2600 0.000007281 add_time= 0.000373256
2750 0.000081268 2750 0.000006110 add_time= 0.000101834
2500 0.000169426 2500 0.000005834 add_time= 0.000188838
2750 0.000069178 2750 0.000006814 add_time= 0.000091473
2700 0.000299001 2700 0.000007619 add_time= 0.000322547
2805 0.000076800 2805 0.000006667 add_time= 0.000105039
2500 0.000006391 2500 0.000014350 add_time= 0.000034833
2652 0.000042759 2652 0.000007023 add_time= 0.000064616
2750 0.000117120 2750 0.000006993 add_time= 0.000139070
2860 0.000095683 2860 0.000006726 add_time= 0.000127548
2550 0.000053770 2550 0.000006856 add_time= 0.000074916
2500 0.000109906 2500 0.000018248 add_time= 0.000142193
2500 0.000022887 2500 0.000014056 add_time= 0.000065716
2600 0.000071915 2600 0.000006612 add_time= 0.000092791
2600 0.000199287 2600 0.000007567 add_time= 0.000222064
2860 0.000141269 2860 0.000019017 add_time= 0.000176134
2750 0.000057486 2750 0.000006429 add_time= 0.000077454
2970 0.000093748 2970 0.000018897 add_time= 0.000128796
2805 0.000122939 2805 0.000027273 add_time= 0.000165489
2600 0.000376384 2600 0.000007810 add_time= 0.000400298
2750 0.000074089 2750 0.000007064 add_time= 0.000096561
2650 0.000136644 2650 0.000006899 add_time= 0.000159163
2550 0.000055959 2550 0.000006756 add_time= 0.000078026
2500 0.000281341 2500 0.000007501 add_time= 0.000304333
1325 0.000066881 1325 0.000006362 add_time= 0.000084768
2703 0.000008856 2703 0.000025271 add_time= 0.000053247
2600 0.000058501 2600 0.000006822 add_time= 0.000080698
2750 0.000109395 2750 0.000007003 add_time= 0.000130576
2805 0.000070323 2805 0.000006512 add_time= 0.000090314
2550 0.000129589 2550 0.000006788 add_time= 0.000152007
2500 0.000099868 2500 0.000006379 add_time= 0.000119487
2500 0.000076207 2500 0.000134274 add_time= 0.000244613
2750 0.000054785 2750 0.000007696 add_time= 0.000088225
2550 0.000032875 2550 0.000007572 add_time= 0.000064660
2550 0.000061337 2550 0.000008091 add_time= 0.000097020
2808 0.000043092 2808 0.000007655 add_time= 0.000076469
1275 0.000044980 1275 0.000008023 add_time= 0.000077256
2915 0.000008237 2915 0.000027197 add_time= 0.000052589
2600 0.000139227 2600 0.000006553 add_time= 0.000161129
2750 0.000089821 2750 0.000005932 add_time= 0.000109420
2500 0.000106981 2500 0.000006589 add_time= 0.000128681
2601 0.000188158 2601 0.000019272 add_time= 0.000227912
1250 0.000061316 1250 0.000006423 add_time= 0.000080591
2756 0.000017641 2756 0.000016535 add_time= 0.000051826
2652 0.000238362 2652 0.000006271 add_time= 0.000257999
2970 0.000066057 2970 0.000007753 add_time= 0.000089629
2750 0.000077718 2750 0.000006790 add_time= 0.000099157
3025 0.000050101 3025 0.000008709 add_time= 0.000074814
2601 0.000092307 2601 0.000007160 add_time= 0.000113990
2750 0.000075922 2750 0.000007073 add_time= 0.000098203
2650 0.000019057 2650 0.000119288 add_time= 0.000154451
2805 0.000104877 2805 0.000007423 add_time= 0.000127422
2700 0.000096303 2700 0.000007728 add_time= 0.000119362
2550 0.000063397 2550 0.000006759 add_time= 0.000084485
2750 0.000116891 2750 0.000007284 add_time= 0.000139398
2500 0.000154256 2500 0.000006538 add_time= 0.000174248
2650 0.000011391 2650 0.000072619 add_time= 0.000098775
2600 0.000049549 2600 0.000006754 add_time= 0.000069540
2805 0.000058328 2805 0.000007294 add_time= 0.000080957
2805 0.000171751 2805 0.000006928 add_time= 0.000193570
2550 0.000080158 2550 0.000006868 add_time= 0.000112344
1350 0.000058609 1350 0.000005880 add_time= 0.000075433
1275 0.000076522 1275 0.000006111 add_time= 0.000095091
2915 0.000020114 2915 0.000074581 add_time= 0.000110610
2600 0.000052581 2600 0.000007600 add_time= 0.000075034
3025 0.000118119 3025 0.000007283 add_time= 0.000141319
2750 0.000112492 2750 0.000006340 add_time= 0.000132995
2805 0.000068374 2805 0.000018189 add_time= 0.000099853
2808 0.000105408 2808 0.000006034 add_time= 0.000124956
1275 0.000037816 1275 0.000005049 add_time= 0.000053292
2600 0.000287817 2600 0.000006626 add_time= 0.000309060
2750 0.000092285 2750 0.000006299 add_time= 0.000112331
2700 0.000103781 2700 0.000006488 add_time= 0.000123816
2550 0.000093639 2550 0.000006482 add_time= 0.000113200
2805 0.000081812 2805 0.000006316 add_time= 0.000109410
1275 0.000074046 1275 0.000005489 add_time= 0.000089894
2650 0.000019516 2650 0.000015012 add_time= 0.000049085
2652 0.000238555 2652 0.000006690 add_time= 0.000258279
2750 0.000105636 2750 0.000017845 add_time= 0.000137344
1375 0.000067799 1375 0.000005556 add_time= 0.000084284
2601 0.000119761 2601 0.000006013 add_time= 0.000138821
2500 0.000068799 2500 0.000005710 add_time= 0.000087434
2500 0.000189598 2500 0.000006157 add_time= 0.000208067
2703 0.000020200 2703 0.000072101 add_time= 0.000107134
2650 0.000070410 2650 0.000006374 add_time= 0.000090559
3025 0.000071623 3025 0.000007011 add_time= 0.000103787
2601 0.000082116 2601 0.000006153 add_time= 0.000101397
2600 0.000077582 2600 0.000006464 add_time= 0.000096778
2750 0.000096231 2750 0.000006444 add_time= 0.000126346
2650 0.000018531 2650 0.000248223 add_time= 0.000281441
3025 0.000080356 3025 0.000006241 add_time= 0.000100425
2750 0.000069101 2750 0.000005987 add_time= 0.000088149
2805 0.000191840 2805 0.000006562 add_time= 0.000211905
2750 0.000099421 2750 0.000006154 add_time= 0.000118509
2860 0.000060673 2860 0.000005926 add_time= 0.000089956
1300 0.000038373 1300 0.000005535 add_time= 0.000054476
2915 0.000007978 2915 0.000016463 add_time= 0.000039569
2860 0.000040633 2860 0.000006500 add_time= 0.000060577
2750 0.000094143 2750 0.000007210 add_time= 0.000114493
2550 0.000090887 2550 0.000006018 add_time= 0.000109650
2700 0.000080363 2700 0.000006971 add_time= 0.000105296
2500 0.000063475 2500 0.000005633 add_time= 0.000081419
2600 0.000055230 2600 0.000005920 add_time= 0.000073536
2650 0.000009453 2650 0.000140946 add_time= 0.000176764
2600 0.000071585 2600 0.000006590 add_time= 0.000092724
2808 0.000067704 2808 0.000015536 add_time= 0.000100458
2500 0.000085541 2500 0.000006672 add_time= 0.000112806
2500 0.000096278 2500 0.000007495 add_time= 0.000119793
2500 0.000072283 2500 0.000007126 add_time= 0.000098722
2500 0.000080804 2500 0.000007202 add_time= 0.000102997
2600 0.000135727 2600 0.000007807 add_time= 0.000159813
2650 0.000009315 2650 0.000015032 add_time= 0.000041783
2600 0.000286111 2600 0.000006216 add_time= 0.000315035
2550 0.000229188 2550 0.000007532 add_time= 0.000252541
2700 0.000116349 2700 0.000007190 add_time= 0.000138790
2805 0.000090787 2805 0.000006326 add_time= 0.000120365
2500 0.000132493 2500 0.000006495 add_time= 0.000152677
2500 0.000091516 2500 0.000007409 add_time= 0.000114820
2550 0.000256735 2550 0.000006316 add_time= 0.000279366
2500 0.000142918 2500 0.000007294 add_time= 0.000165750
2600 0.000154723 2600 0.000006836 add_time= 0.000186435
2805 0.000104704 2805 0.000007451 add_time= 0.000128505
2550 0.000058892 2550 0.000007040 add_time= 0.000081329
2860 0.000332167 2860 0.000007721 add_time= 0.000356174
2650 0.000008028 2650 0.000015754 add_time= 0.000040016
2652 0.000226868 2652 0.000006919 add_time= 0.000248025
1250 0.000158936 1250 0.000007333 add_time= 0.000179754
2500 0.000115094 2500 0.000006649 add_time= 0.000137203
2750 0.000099702 2750 0.000006251 add_time= 0.000119904
2703 0.000074775 2703 0.000006331 add_time= 0.000093906
2500 0.000187562 2500 0.000006888 add_time= 0.000207719
1250 0.000078504 1250 0.000005285 add_time= 0.000094710
2756 0.000007427 2756 0.000073723 add_time= 0.000096860
2808 0.000083752 2808 0.000007173 add_time= 0.000107075
2750 0.000133647 2750 0.000006426 add_time= 0.000154600
2750 0.000320140 2750 0.000006961 add_time= 0.000340712
2805 0.000198718 2805 0.000006149 add_time= 0.000218102
2550 0.000112138 2550 0.000007570 add_time= 0.000135021
3025 0.000050173 3025 0.000007827 add_time= 0.000074053
1375 0.000081891 1375 0.000005832 add_time= 0.000099560
2550 0.000089658 2550 0.000007774 add_time= 0.000125535
2805 0.000073137 2805 0.000006505 add_time= 0.000094049
2500 0.000081638 2500 0.000007555 add_time= 0.000104432
2700 0.000150154 2700 0.000007027 add_time= 0.000172062
2862 0.000229547 2862 0.000014619 add_time= 0.000260758
2500 0.000049887 2500 0.000007369 add_time= 0.000072126
2756 0.000008948 2756 0.000217650 add_time= 0.000243175
2750 0.000062562 2750 0.000007019 add_time= 0.000085338
1250 0.000075864 1250 0.000006053 add_time= 0.000094662
2805 0.000257635 2805 0.000026896 add_time= 0.000300328
2750 0.000065660 2750 0.000006916 add_time= 0.000087330
2750 0.000006963 2750 0.000086067 add_time= 0.000124105
2500 0.000091220 2500 0.000006739 add_time= 0.000116305
2550 0.000080354 2550 0.000007133 add_time= 0.000103907
2500 0.000071571 2500 0.000008326 add_time= 0.000097390
2500 0.000100750 2500 0.000006656 add_time= 0.000139777
2650 0.000049499 2650 0.000007314 add_time= 0.000080576
2650 0.000007477 2650 0.000200490 add_time= 0.000263260
2750 0.000028857 2750 0.000009253 add_time= 0.000075266
2750 0.000028555 2750 0.000008928 add_time= 0.000068724
2601 0.000069010 2601 0.000008181 add_time= 0.000125690
2550 0.000078889 2550 0.000007708 add_time= 0.000111185
2600 0.000033185 2600 0.000008565 add_time= 0.000069963
1250 0.000032569 1250 0.000018786 add_time= 0.000086301
2915 0.000008483 2915 0.000026557 add_time= 0.000058026
2600 0.000046163 2600 0.000006592 add_time= 0.000069560
2750 0.000107819 2750 0.000008127 add_time= 0.000134155
2750 0.000134792 2750 0.000007607 add_time= 0.000164164
2550 0.000103467 2550 0.000007739 add_time= 0.000129236
2600 0.000038082 2600 0.000007300 add_time= 0.000061882
2915 0.000019879 2915 0.000136079 add_time= 0.000174002
2652 0.000037868 2652 0.000006142 add_time= 0.000058123
2750 0.000184271 2750 0.000008000 add_time= 0.000207713
2550 0.000265693 2550 0.000007408 add_time= 0.000288949
2805 0.000104218 2805 0.000007392 add_time= 0.000127485
2750 0.000080293 2750 0.000018918 add_time= 0.000114805
1250 0.000035247 1250 0.000005873 add_time= 0.000061953
2703 0.000018558 2703 0.000017371 add_time= 0.000053640
3025 0.000245872 3025 0.000008064 add_time= 0.000270686
1250 0.000047492 1250 0.000006389 add_time= 0.000066911
2550 0.000180151 2550 0.000007469 add_time= 0.000203155
2700 0.000092136 2700 0.000007626 add_time= 0.000115466
1375 0.000053906 1375 0.000006272 add_time= 0.000073071
2500 0.000384250 2500 0.000007031 add_time= 0.000407584
2500 0.000229643 2500 0.000007633 add_time= 0.000253180
2805 0.000072724 2805 0.000006752 add_time= 0.000093986
2754 0.000100603 2754 0.000007414 add_time= 0.000124487
2750 0.000088650 2750 0.000006501 add_time= 0.000109431
2600 0.000088134 2600 0.000007954 add_time= 0.000112281
2550 0.000020575 2550 0.000192767 add_time= 0.000229466
2805 0.000048296 2805 0.000007152 add_time= 0.000071315
2750 0.000075376 2750 0.000007510 add_time= 0.000098756
2805 0.000139729 2805 0.000006590 add_time= 0.000161042
1275 0.000038194 1275 0.000006771 add_time= 0.000058072
2750 0.000121422 2750 0.000007613 add_time= 0.000145121
2703 0.000019467 2703 0.000016905 add_time= 0.000053784
2600 0.000122067 2600 0.000007576 add_time= 0.000144961
2750 0.000084374 2750 0.000007319 add_time= 0.000107725
1375 0.000166319 1375 0.000006872 add_time= 0.000186657
2550 0.000057930 2550 0.000007232 add_time= 0.000079229
3025 0.000110855 3025 0.000007996 add_time= 0.000146966
2750 0.000247434 2750 0.000007730 add_time= 0.000271095
2700 0.000210763 2700 0.000007131 add_time= 0.000233391
2500 0.000077810 2500 0.000007505 add_time= 0.000112058
2500 0.000059579 2500 0.000006368 add_time= 0.000079158
2500 0.001522911 2500 0.000007900 add_time= 0.001546571
2600 0.000265434 2600 0.000006877 add_time= 0.000287543
2750 0.000169802 2750 0.000006284 add_time= 0.000201062
2750 0.000077767 2750 0.000007741 add_time= 0.000101164
2550 0.000050054 2550 0.000006799 add_time= 0.000071609
2700 0.000704011 2700 0.000007065 add_time= 0.000725259
625 0.000118982 625 0.000006997 add_time= 0.000137258
2915 0.000020808 2915 0.000017364 add_time= 0.000054706
2600 0.000078781 2600 0.000006737 add_time= 0.000100484
2500 0.000141052 2500 0.000007534 add_time= 0.000163766
2500 0.000069529 2500 0.000025514 add_time= 0.000108759
2500 0.000082594 2500 0.000006306 add_time= 0.000102106
2550 0.000100091 2550 0.000007312 add_time= 0.000122457
1325 0.000012131 1325 0.000088371 add_time= 0.000113862
2500 0.000099828 2500 0.000006656 add_time= 0.000128098
2860 0.000061957 2860 0.000018830 add_time= 0.000095442
3025 0.000117133 3025 0.000007256 add_time= 0.000140411
2550 0.000063501 2550 0.000006551 add_time= 0.000083499
2754 0.000076297 2754 0.000018672 add_time= 0.000111021
1250 0.000095402 1250 0.000006466 add_time= 0.000113141
2650 0.000024784 2650 0.000141939 add_time= 0.000182445
2652 0.000067420 2652 0.000006282 add_time= 0.000087485
2500 0.000059188 2500 0.000007261 add_time= 0.000081530
2970 0.000044564 2970 0.000025463 add_time= 0.000093802
1275 0.000147063 1275 0.000006065 add_time= 0.000164368
2805 0.000099236 2805 0.000018628 add_time= 0.000133251
1250 0.000049081 1250 0.000005850 add_time= 0.000066441
2650 0.000025197 2650 0.000036551 add_time= 0.000112225
2704 0.000134943 2704 0.000007046 add_time= 0.000156286
2750 0.000125720 2750 0.000007351 add_time= 0.000149144
1375 0.000182033 1375 0.000006425 add_time= 0.000209740
2600 0.000218847 2600 0.000007207 add_time= 0.000253011
2805 0.000108976 2805 0.000006637 add_time= 0.000130953
2915 0.000020386 2915 0.000073786 add_time= 0.000111273
2860 0.000222864 2860 0.000006478 add_time= 0.000244261
2805 0.000108395 2805 0.000006525 add_time= 0.000130116
2550 0.000207922 2550 0.000018601 add_time= 0.000242519
2500 0.000150962 2500 0.000006889 add_time= 0.000173797
3025 0.000049309 3025 0.000007896 add_time= 0.000075042
1300 0.000162625 1300 0.000005829 add_time= 0.000180153
2915 0.000007471 2915 0.000069789 add_time= 0.000095593
2500 0.000460512 2500 0.000015502 add_time= 0.000491820
2750 0.000065228 2750 0.000006548 add_time= 0.000086992
2550 0.000107709 2550 0.000006891 add_time= 0.000130882
2550 0.000159641 2550 0.000007336 add_time= 0.000182116
2650 0.000072967 2650 0.000006821 add_time= 0.000094195
2650 0.000015823 2650 0.000073208 add_time= 0.000105921
1250 0.000216354 1250 0.000006604 add_time= 0.000236763
2550 0.000111184 2550 0.000007526 add_time= 0.000142765
2703 0.000195832 2703 0.000007231 add_time= 0.000218258
2550 0.000127307 2550 0.000006202 add_time= 0.000158182
3025 0.000111141 3025 0.000019175 add_time= 0.000147599
2756 0.000007685 2756 0.000019077 add_time= 0.000043785
2600 0.000108830 2600 0.000007416 add_time= 0.000131824
2750 0.000116822 2750 0.000015999 add_time= 0.000156578
2915 0.000061805 2915 0.000007299 add_time= 0.000085017
2500 0.000052044 2500 0.000006668 add_time= 0.000081646
2700 0.000140306 2700 0.000024349 add_time= 0.000180327
1250 0.000051285 1250 0.000006888 add_time= 0.000070837
2756 0.000009961 2756 0.000137017 add_time= 0.000182676
1300 0.000131632 1300 0.000005740 add_time= 0.000149189
2500 0.000142858 2500 0.000007880 add_time= 0.000201899
2805 0.000107087 2805 0.000007556 add_time= 0.000142304
1275 0.000348632 1275 0.000006677 add_time= 0.000368768
2750 0.000371571 2750 0.000019053 add_time= 0.000407659
2600 0.000354714 2600 0.000028800 add_time= 0.000399862
2600 0.000160281 2600 0.000006965 add_time= 0.000183066
2750 0.000065401 2750 0.000022572 add_time= 0.000104553
2601 0.000109239 2601 0.000010755 add_time= 0.000136134
2600 0.000276052 2600 0.000007115 add_time= 0.000298944
2750 0.000088336 2750 0.000007075 add_time= 0.000130390
1325 0.000005888 1325 0.000139057 add_time= 0.000165492
2652 0.000047506 2652 0.000008472 add_time= 0.000075555
2750 0.000038309 2750 0.000006017 add_time= 0.000058859
3025 0.000052669 3025 0.000014410 add_time= 0.000086343
2550 0.000032759 2550 0.000006048 add_time= 0.000053117
3025 0.000115709 3025 0.000010532 add_time= 0.000148030
2650 0.000128837 2650 0.000027593 add_time= 0.000192977
1300 0.000048969 1300 0.000007625 add_time= 0.000083685
2500 0.000007273 2500 0.000009360 add_time= 0.000049827
3025 0.000061713 3025 0.000007882 add_time= 0.000096668
2500 0.000048636 2500 0.000020297 add_time= 0.000094242
2805 0.000081908 2805 0.000007894 add_time= 0.000124978
2700 0.000102458 2700 0.000007563 add_time= 0.000134094
2500 0.000007156 2500 0.000014390 add_time= 0.000040249
2600 0.000078516 2600 0.000005906 add_time= 0.000098719
2750 0.000111868 2750 0.000006923 add_time= 0.000134985
2550 0.000110153 2550 0.000007428 add_time= 0.000133493
2550 0.000128742 2550 0.000006632 add_time= 0.000149227
2500 0.000068969 2500 0.000006818 add_time= 0.000091011
2500 0.000019959 2500 0.000088219 add_time= 0.000132832
2650 0.000049066 2650 0.000006928 add_time= 0.000070791
2805 0.000083758 2805 0.000007513 add_time= 0.000106756
2601 0.000092241 2601 0.000006931 add_time= 0.000114532
2750 0.000062959 2750 0.000007400 add_time= 0.000085982
1350 0.000134320 1350 0.000006631 add_time= 0.000152841
2650 0.000021042 2650 0.000017538 add_time= 0.000054965
2652 0.000071349 2652 0.000007268 add_time= 0.000103803
2750 0.000081635 2750 0.000007174 add_time= 0.000103848
2500 0.000070468 2500 0.000006358 add_time= 0.000090767
2652 0.000225360 2652 0.000007293 add_time= 0.000248102
2700 0.000115056 2700 0.000007195 add_time= 0.000137740
2500 0.000164457 2500 0.000006380 add_time= 0.000184417
2750 0.000227684 2750 0.000007656 add_time= 0.000252667
2750 0.000077138 2750 0.000007401 add_time= 0.000110740
2750 0.000075220 2750 0.000006481 add_time= 0.000096926
2601 0.000082368 2601 0.000007078 add_time= 0.000113200
2500 0.000098195 2500 0.000006993 add_time= 0.000120258
2756 0.000011364 2756 0.000023095 add_time= 0.000050648
2600 0.000042808 2600 0.000007153 add_time= 0.000065647
2500 0.000081228 2500 0.000006822 add_time= 0.000102196
2750 0.000079562 2750 0.000006150 add_time= 0.000099287
2550 0.000059047 2550 0.000017969 add_time= 0.000090950
2652 0.000068597 2652 0.000006402 add_time= 0.000088857
2970 0.000139343 2970 0.000007165 add_time= 0.000167772
2750 0.000021952 2750 0.000016675 add_time= 0.000055581
2860 0.000075832 2860 0.000007784 add_time= 0.000098286
2750 0.000129902 2750 0.000006619 add_time= 0.000150656
2970 0.000123574 2970 0.000006493 add_time= 0.000144539
2550 0.000053313 2550 0.000006033 add_time= 0.000081353
2750 0.000150373 2750 0.000006207 add_time= 0.000170546
2650 0.000012211 2650 0.000084348 add_time= 0.000112272
2600 0.000074250 2600 0.000006561 add_time= 0.000094324
2750 0.000123586 2750 0.000006500 add_time= 0.000144140
2750 0.000071846 2750 0.000006435 add_time= 0.000091847
2805 0.000090945 2805 0.000006070 add_time= 0.000111397
2550 0.000083286 2550 0.000005980 add_time= 0.000102466
2915 0.000021209 2915 0.000083240 add_time= 0.000121415
2650 0.000101725 2650 0.000007455 add_time= 0.000123197
2650 0.000076408 2650 0.000006601 add_time= 0.000096761
2500 0.000091245 2500 0.000012678 add_time= 0.000117645
2550 0.000135763 2550 0.000006136 add_time= 0.000155317
2550 0.000199732 2550 0.000013669 add_time= 0.000226881
1250 0.000157088 1250 0.000005863 add_time= 0.000174025
2650 0.000016694 2650 0.000138491 add_time= 0.000170720
2652 0.000046025 2652 0.000007320 add_time= 0.000067253
2750 0.000047223 2750 0.000006223 add_time= 0.000066705
2500 0.000061412 2500 0.000006632 add_time= 0.000081138
2754 0.000153103 2754 0.000006872 add_time= 0.000173853
2700 0.000099416 2700 0.000006193 add_time= 0.000123807
1375 0.000127343 1375 0.000005364 add_time= 0.000143750
2860 0.000361884 2860 0.000008630 add_time= 0.000386944
2652 0.000138970 2652 0.000005939 add_time= 0.000158603
2805 0.000078230 2805 0.000006009 add_time= 0.000097677
2500 0.000079396 2500 0.000006379 add_time= 0.000099496
2650 0.000094659 2650 0.000006067 add_time= 0.000114307
2754 0.000097837 2754 0.000006081 add_time= 0.000130626
2500 0.000203181 2500 0.000013409 add_time= 0.000240682
2550 0.000037199 2550 0.000014762 add_time= 0.000099735
2750 0.000075877 2750 0.000006851 add_time= 0.000098000
2500 0.000137255 2500 0.000005848 add_time= 0.000155801
2500 0.000104269 2500 0.000006021 add_time= 0.000122924
2808 0.000095264 2808 0.000006448 add_time= 0.000114782
2915 0.000013972 2915 0.000164108 add_time= 0.000203637
1300 0.000091353 1300 0.000007081 add_time= 0.000113090
2750 0.000117192 2750 0.000007765 add_time= 0.000146077
2550 0.000255121 2550 0.000006805 add_time= 0.000276518
2600 0.000144846 2600 0.000007066 add_time= 0.000185171
2750 0.000126254 2750 0.000007057 add_time= 0.000157299
2915 0.000015345 2915 0.000015712 add_time= 0.000048874
2600 0.000427825 2600 0.000006754 add_time= 0.000449772
2500 0.000125647 2500 0.000014885 add_time= 0.000156477
2750 0.000118396 2750 0.000018217 add_time= 0.000151786
2601 0.000191521 2601 0.000007371 add_time= 0.000214884
2700 0.000121537 2700 0.000006505 add_time= 0.000142201
2550 0.000007232 2550 0.000081775 add_time= 0.000105632
2600 0.000336560 2600 0.000007523 add_time= 0.000359635
2805 0.000050634 2805 0.000006179 add_time= 0.000071257
2500 0.000117980 2500 0.000005952 add_time= 0.000137402
2500 0.000117003 2500 0.000005931 add_time= 0.000136190
2754 0.000072392 2754 0.000006900 add_time= 0.000095391
1375 0.000058883 1375 0.000006438 add_time= 0.000078759
2750 0.000015354 2750 0.000016425 add_time= 0.000048523
2860 0.000174401 2860 0.000008245 add_time= 0.000197998
2750 0.000256057 2750 0.000008157 add_time= 0.000291402
2500 0.000064133 2500 0.000006174 add_time= 0.000097104
2550 0.000104961 2550 0.000005947 add_time= 0.000124955
2500 0.000173811 2500 0.000006120 add_time= 0.000193944
2750 0.000115971 2750 0.000007758 add_time= 0.000139554
2500 0.000007008 2500 0.000085359 add_time= 0.000113240
2652 0.000104692 2652 0.000007251 add_time= 0.000128106
2500 0.000090056 2500 0.000006811 add_time= 0.000112298
2500 0.000059484 2500 0.000006026 add_time= 0.000079564
2550 0.000126084 2550 0.000018101 add_time= 0.000160567
2750 0.000099746 2750 0.000007363 add_time= 0.000123210
2650 0.000009635 2650 0.000014996 add_time= 0.000054051
2652 0.000204714 2652 0.000006336 add_time= 0.000236448
2805 0.000105571 2805 0.000006612 add_time= 0.000126729
2550 0.000062055 2550 0.000007428 add_time= 0.000088480
2550 0.000206704 2550 0.000007656 add_time= 0.000237983
2500 0.000085536 2500 0.000025658 add_time= 0.000124382
1250 0.000006228 1250 0.000009060 add_time= 0.000046394
2500 0.000126967 2500 0.000007154 add_time= 0.000149490
2600 0.000148351 2600 0.000006213 add_time= 0.000168144
2550 0.000139604 2550 0.000027254 add_time= 0.000200191
2500 0.000277860 2500 0.000006219 add_time= 0.000297637
2500 0.000051431 2500 0.000006236 add_time= 0.000070698
1375 0.000082929 1375 0.000005812 add_time= 0.000100002
2650 0.000008026 2650 0.000027300 add_time= 0.000053356
2652 0.000042707 2652 0.000007272 add_time= 0.000065775
2750 0.000096479 2750 0.000008457 add_time= 0.000121325
2750 0.000080587 2750 0.000007309 add_time= 0.000102682
1275 0.000076725 1275 0.000005995 add_time= 0.000094353
2750 0.000066444 2750 0.000006282 add_time= 0.000087022
2600 0.000040951 2600 0.000008734 add_time= 0.000091425
2550 0.000060172 2550 0.000008120 add_time= 0.000092987
3025 0.000063634 3025 0.000008856 add_time= 0.000108105
2550 0.000059794 2550 0.000008410 add_time= 0.000094526
2652 0.000044158 2652 0.000007268 add_time= 0.000074673
1350 0.000036497 1350 0.000006586 add_time= 0.000063928
2500 0.000045946 2500 0.000007769 add_time= 0.000078681
2750 0.000008374 2750 0.000024396 add_time= 0.000052215
2704 0.000079555 2704 0.000006043 add_time= 0.000108505
2750 0.000153994 2750 0.000005977 add_time= 0.000173814
2500 0.000162204 2500 0.000007305 add_time= 0.000200799
2550 0.000113435 2550 0.000006946 add_time= 0.000136036
2550 0.000128487 2550 0.000006701 add_time= 0.000150447
2750 0.000080495 2750 0.000006974 add_time= 0.000112943
2750 0.000218436 2750 0.000008509 add_time= 0.000245935
2500 0.000113539 2500 0.000006869 add_time= 0.000135484
2500 0.000105175 2500 0.000007389 add_time= 0.000128250
2500 0.000084117 2500 0.000007298 add_time= 0.000107056
2916 0.000083068 2916 0.000008188 add_time= 0.000118611
1250 0.000101769 1250 0.000006954 add_time= 0.000121598
2650 0.000025688 2650 0.000016585 add_time= 0.000061233
2600 0.000329028 2600 0.000007596 add_time= 0.000351194
2650 0.000074779 2650 0.000007597 add_time= 0.000099179
2750 0.000053330 2750 0.000007918 add_time= 0.000078161
2601 0.000074915 2601 0.000018765 add_time= 0.000110054
2700 0.000084867 2700 0.000006909 add_time= 0.000106765
2750 0.000101364 2750 0.000006805 add_time= 0.000122859
2600 0.000348010 2600 0.000008659 add_time= 0.000375163
2750 0.000102914 2750 0.000007841 add_time= 0.000127862
2601 0.000142047 2601 0.000007077 add_time= 0.000165143
2550 0.000077970 2550 0.000007444 add_time= 0.000101312
2700 0.000066655 2700 0.000006576 add_time= 0.000095174
1250 0.000082305 1250 0.000006866 add_time= 0.000106779
2500 0.000024575 2500 0.000016426 add_time= 0.000058414
2652 0.000080862 2652 0.000008791 add_time= 0.000105796
2700 0.000299282 2700 0.000007825 add_time= 0.000323205
2750 0.000078469 2750 0.000006836 add_time= 0.000100000
2550 0.000098325 2550 0.000006974 add_time= 0.000120957
2754 0.000098261 2754 0.000006567 add_time= 0.000119554
1250 0.000048861 1250 0.000005606 add_time= 0.000065905
2600 0.000142000 2600 0.000008301 add_time= 0.000168214
2650 0.000106504 2650 0.000006917 add_time= 0.000129226
2860 0.000327235 2860 0.000006698 add_time= 0.000349464
2500 0.000097428 2500 0.000018154 add_time= 0.000129142
2601 0.000098544 2601 0.000007401 add_time= 0.000121762
2860 0.000099480 2860 0.000007195 add_time= 0.000127754
2650 0.000027234 2650 0.000074415 add_time= 0.000119386
2550 0.000050097 2550 0.000007516 add_time= 0.000071569
2500 0.000063850 2500 0.000006875 add_time= 0.000086395
2750 0.000073195 2750 0.000007761 add_time= 0.000096690
2550 0.000107369 2550 0.000006524 add_time= 0.000127949
2500 0.000065991 2500 0.000006270 add_time= 0.000085635
2500 0.000087962 2500 0.000006227 add_time= 0.000108205
2650 0.000021500 2650 0.000259005 add_time= 0.000298602
2750 0.000163441 2750 0.000008437 add_time= 0.000186886
1375 0.000145399 1375 0.000005644 add_time= 0.000162968
2601 0.000181072 2601 0.000007979 add_time= 0.000204936
2700 0.000060596 2700 0.000007091 add_time= 0.000082381
2750 0.000133248 2750 0.000007233 add_time= 0.000154735
2650 0.000021518 2650 0.000127614 add_time= 0.000167153
2750 0.000089311 2750 0.000016260 add_time= 0.000131457
3025 0.000084279 3025 0.000007627 add_time= 0.000109212
2652 0.000070240 2652 0.000006979 add_time= 0.000091637
2805 0.000066161 2805 0.000006721 add_time= 0.000087881
1250 0.000061965 1250 0.000006008 add_time= 0.000079277
2650 0.000024215 2650 0.000024319 add_time= 0.000065583
2808 0.000280893 2808 0.000008824 add_time= 0.000313574
2750 0.000112875 2750 0.000006653 add_time= 0.000134265
2860 0.000054769 2860 0.000006754 add_time= 0.000076249
2550 0.000096284 2550 0.000006435 add_time= 0.000116625
1275 0.000082947 1275 0.000006385 add_time= 0.000101063
3025 0.000109942 3025 0.000007089 add_time= 0.000131705
2756 0.000015760 2756 0.000214366 add_time= 0.000247280
2500 0.000104877 2500 0.000008242 add_time= 0.000128220
1250 0.000102075 1250 0.000006330 add_time= 0.000120543
2500 0.000047258 2500 0.000006638 add_time= 0.000068037
2550 0.000115930 2550 0.000006255 add_time= 0.000136585
1350 0.000054786 1350 0.000005727 add_time= 0.000072057
1300 0.000090003 1300 0.000005318 add_time= 0.000106266
2703 0.000019188 2703 0.000073343 add_time= 0.000120793
2652 0.000081368 2652 0.000007541 add_time= 0.000111469
2860 0.000060858 2860 0.000039292 add_time= 0.000114525
2750 0.000286110 2750 0.000008760 add_time= 0.000311403
2750 0.000135313 2750 0.000006821 add_time= 0.000156345
2650 0.000376693 2650 0.000007152 add_time= 0.000399999
2500 0.000127992 2500 0.000006828 add_time= 0.000148322
2703 0.000014985 2703 0.000205848 add_time= 0.000236690
2500 0.000213220 2500 0.000007460 add_time= 0.000235919
2500 0.000181596 2500 0.000007534 add_time= 0.000204875
2500 0.000117056 2500 0.000007692 add_time= 0.000140034
2500 0.000155422 2500 0.000007782 add_time= 0.000177520
2750 0.000068053 2750 0.000023398 add_time= 0.000105261
1275 0.000055294 1275 0.000005623 add_time= 0.000078157
2650 0.000006787 2650 0.000073215 add_time= 0.000095195
2860 0.000066051 2860 0.000007721 add_time= 0.000095618
2750 0.000207618 2750 0.000006393 add_time= 0.000228054
2652 0.000215735 2652 0.000026396 add_time= 0.000257280
2550 0.000141090 2550 0.000006711 add_time= 0.000161461
2754 0.000068094 2754 0.000007986 add_time= 0.000097768
1375 0.000050262 1375 0.000025579 add_time= 0.000088888
1250 0.000013133 1250 0.000067719 add_time= 0.000094103
2500 0.000109901 2500 0.000006854 add_time= 0.000139222
2600 0.000177731 2600 0.000007098 add_time= 0.000198581
2550 0.000135543 2550 0.000006857 add_time= 0.000156368
2601 0.000138698 2601 0.000005793 add_time= 0.000156861
2500 0.000137489 2500 0.000007281 add_time= 0.000160171
2750 0.000074205 2750 0.000007341 add_time= 0.000096924
