2500 0.000109159 2500 0.000014606 add_time= 0.001764829
2500 0.000033958 2500 0.000009494 add_time= 0.000059583
3025 0.000037581 3025 0.000009172 add_time= 0.000062558
3025 0.000055431 3025 0.000007030 add_time= 0.000079336
2860 0.000023115 2860 0.000099144 add_time= 0.000149869
2750 0.000068103 2750 0.000006946 add_time= 0.000091949
2500 0.000091169 2500 0.000006166 add_time= 0.000119306
1275 0.000051660 1275 0.000006387 add_time= 0.000072267
1350 0.000060756 1350 0.000005994 add_time= 0.000080858
2600 0.000636549 2600 0.000012375 add_time= 0.000685208
2754 0.000326117 2754 0.000007700 add_time= 0.000351854
1250 0.000193506 1250 0.000008288 add_time= 0.000222199
2600 0.000734573 2600 0.000030979 add_time= 0.000787539
2550 0.000213972 2550 0.000017921 add_time= 0.000247504
2750 0.000151428 2750 0.000007932 add_time= 0.000177114
1250 0.001162401 1250 0.000010656 add_time= 0.001202612
2500 0.000126907 2500 0.000010593 add_time= 0.000167040
1375 0.000120222 1375 0.000008174 add_time= 0.000143544
2500 0.000742114 2500 0.000012012 add_time= 0.000783730
2750 0.000063292 2750 0.000006883 add_time= 0.000095111
2750 0.000474632 2750 0.000007343 add_time= 0.000498645
1250 0.000118446 1250 0.000005987 add_time= 0.000144487
2600 0.000020328 2600 0.000025108 add_time= 0.000110471
1375 0.000045476 1375 0.000006073 add_time= 0.000064116
2500 0.000071221 2500 0.000007330 add_time= 0.000113617
1300 0.000223790 1300 0.000009365 add_time= 0.000330491
2550 0.000047325 2550 0.000008291 add_time= 0.000092838
2750 0.000349050 2750 0.000014575 add_time= 0.001924347
2550 0.000051683 2550 0.000007753 add_time= 0.000075240
2750 0.000089397 2750 0.000008479 add_time= 0.000114952
1250 0.000475572 1250 0.000014424 add_time= 0.000508519
2750 0.000042047 2750 0.000007312 add_time= 0.000076657
2754 0.000051155 2754 0.000007116 add_time= 0.000080851
2650 0.000506226 2650 0.000010041 add_time= 0.000588323
2915 0.000131638 2915 0.000105377 add_time= 0.000253862
2550 0.000097287 2550 0.000006680 add_time= 0.000120186
2750 0.000184340 2750 0.000007837 add_time= 0.000213734
2600 0.000225601 2600 0.000008316 add_time= 0.000249999
1250 0.000272477 1250 0.000006510 add_time= 0.000294260
2652 0.000330903 2652 0.000007352 add_time= 0.000376055
2703 0.000348113 2703 0.000008022 add_time= 0.000374127
1250 0.000062423 1250 0.000006797 add_time= 0.000083450
1250 0.000771507 1250 0.000018017 add_time= 0.000806399
2550 0.000141596 2550 0.000028708 add_time= 0.000189227
2650 0.000172178 2650 0.000007505 add_time= 0.000196090
2750 0.000244335 2750 0.000016443 add_time= 0.000309863
2750 0.000077414 2750 0.000007769 add_time= 0.000121309
2500 0.000146826 2500 0.000007619 add_time= 0.000177418
3025 0.000021995 3025 0.000030190 add_time= 0.000196832
2750 0.000016722 2750 0.000011126 add_time= 0.000074188
1250 0.000063248 1250 0.000008974 add_time= 0.000138425
2550 0.000043321 2550 0.000012787 add_time= 0.001097372
2650 0.000055221 2650 0.000007106 add_time= 0.000088656
2750 0.000040448 2750 0.000007118 add_time= 0.000063953
2650 0.000070863 2650 0.000006841 add_time= 0.000104792
2601 0.000139254 2601 0.000006356 add_time= 0.000159992
2550 0.000079258 2550 0.000005600 add_time= 0.000100442
2500 0.000109020 2500 0.000006384 add_time= 0.000129169
1375 0.000050919 1375 0.000006098 add_time= 0.000072240
2550 0.000061289 2550 0.000006739 add_time= 0.000085491
2500 0.000105198 2500 0.000006080 add_time= 0.000126360
2500 0.000052096 2500 0.000006971 add_time= 0.000074986
2550 0.000069212 2550 0.000006715 add_time= 0.000099185
2500 0.000068845 2500 0.000007199 add_time= 0.000092129
2500 0.000065661 2500 0.000007658 add_time= 0.000089841
1250 0.000591258 1250 0.000006549 add_time= 0.000631243
1375 0.000144557 1375 0.000005966 add_time= 0.000167431
2500 0.000105548 2500 0.000005979 add_time= 0.000139441
2550 0.000005755 2550 0.000023860 add_time= 0.000044239
2500 0.000059144 2500 0.000006761 add_time= 0.000093911
1250 0.000046100 1250 0.000006103 add_time= 0.000066636
2860 0.000156147 2860 0.000006927 add_time= 0.000186178
2500 0.000039029 2500 0.000006302 add_time= 0.000073055
2500 0.000033602 2500 0.000006874 add_time= 0.000075605
2500 0.000039861 2500 0.000012266 add_time= 0.000068932
2700 0.000112646 2700 0.000006310 add_time= 0.000144801
2500 0.000105708 2500 0.000010831 add_time= 0.000132507
2600 0.000220829 2600 0.000007446 add_time= 0.000262676
2500 0.000115610 2500 0.000006261 add_time= 0.000140449
2600 0.000139736 2600 0.000007243 add_time= 0.000163997
2500 0.000163850 2500 0.000006150 add_time= 0.000191273
2700 0.000153626 2700 0.000010785 add_time= 0.000181596
2704 0.000198953 2704 0.000006833 add_time= 0.000224648
2500 0.000149552 2500 0.000006901 add_time= 0.000173076
2750 0.000018706 2750 0.000020235 add_time= 0.000055947
2550 0.000027325 2550 0.000010588 add_time= 0.000054724
1250 0.000144426 1250 0.000005584 add_time= 0.000168881
2500 0.000031517 2500 0.000006793 add_time= 0.000056663
2704 0.000030387 2704 0.000006770 add_time= 0.000060888
2750 0.000054392 2750 0.000005601 add_time= 0.000083193
2550 0.001607376 2550 0.000007288 add_time= 0.001635338
1350 0.000031932 1350 0.000005524 add_time= 0.000052709
1375 0.000087260 1375 0.000006127 add_time= 0.000107684
1250 0.000097672 1250 0.000008378 add_time= 0.000205166
2500 0.000054083 2500 0.000007805 add_time= 0.000088418
2550 0.000016503 2550 0.000008592 add_time= 0.000068610
2805 0.000053552 2805 0.000008568 add_time= 0.000091578
2500 0.000026955 2500 0.000007403 add_time= 0.000067106
1250 0.000005335 1250 0.000008072 add_time= 0.000045629
2650 0.000598040 2650 0.000009055 add_time= 0.000636246
2704 0.000174110 2704 0.000006379 add_time= 0.000197232
2550 0.000162536 2550 0.000006000 add_time= 0.000184130
2860 0.000026024 2860 0.000022333 add_time= 0.000066197
2500 0.000046093 2500 0.000007518 add_time= 0.000076526
2500 0.000202093 2500 0.000006329 add_time= 0.000222973
2550 0.000040860 2550 0.000007318 add_time= 0.000065166
2750 0.000160275 2750 0.000006122 add_time= 0.000184086
2500 0.000140551 2500 0.000005843 add_time= 0.000161100
2600 0.000112057 2600 0.000006435 add_time= 0.000161713
2550 0.000037441 2550 0.000006183 add_time= 0.000058905
3025 0.000068447 3025 0.000007404 add_time= 0.000094346
2650 0.000384530 2650 0.000015298 add_time= 0.000416786
2750 0.000244454 2750 0.000006253 add_time= 0.000267372
2650 0.000052310 2650 0.000007801 add_time= 0.000086045
2550 0.000156512 2550 0.000006575 add_time= 0.000178168
2700 0.000108849 2700 0.000017457 add_time= 0.000142812
2500 0.000242790 2500 0.000006888 add_time= 0.000266214
2600 0.000109086 2600 0.000006135 add_time= 0.000139827
3025 0.000017673 3025 0.000024005 add_time= 0.000057134
2550 0.000088225 2550 0.000005823 add_time= 0.000108253
2500 0.000158570 2500 0.000006987 add_time= 0.000181779
1250 0.000432392 1250 0.000005479 add_time= 0.000459144
2700 0.000157872 2700 0.000006696 add_time= 0.000190185
2601 0.000007157 2601 0.000014299 add_time= 0.000045292
2500 0.000115124 2500 0.000006712 add_time= 0.000137990
2500 0.000037444 2500 0.000006489 add_time= 0.000060051
2650 0.000079208 2650 0.000007582 add_time= 0.000119545
2652 0.000151666 2652 0.000007409 add_time= 0.000176354
2915 0.000126552 2915 0.000009313 add_time= 0.000150889
2652 0.000018326 2652 0.000015577 add_time= 0.000050477
2500 0.000151950 2500 0.000006908 add_time= 0.000176353
2500 0.000087160 2500 0.000009943 add_time= 0.000113422
2750 0.000253063 2750 0.000024631 add_time= 0.000295212
2500 0.000068217 2500 0.000006272 add_time= 0.000090506
2750 0.000145252 2750 0.000006445 add_time= 0.000168326
2700 0.000169366 2700 0.000014398 add_time= 0.000200680
2750 0.000046041 2750 0.000005974 add_time= 0.000073475
2500 0.000467225 2500 0.000006613 add_time= 0.000490051
2750 0.000092262 2750 0.000006135 add_time= 0.000114871
2860 0.000005528 2860 0.000032202 add_time= 0.000051952
2805 0.000075333 2805 0.000007862 add_time= 0.000108920
2500 0.000091737 2500 0.000006712 add_time= 0.000114426
1250 0.000057446 1250 0.000007706 add_time= 0.000104465
2600 0.000052311 2600 0.000008163 add_time= 0.000089714
2750 0.000035297 2750 0.000008494 add_time= 0.000085214
2750 0.000062702 2750 0.000026547 add_time= 0.000116449
2500 0.000049015 2500 0.000008227 add_time= 0.000082870
2650 0.000024638 2650 0.000009046 add_time= 0.000062306
1325 0.000248215 1325 0.000006509 add_time= 0.000269426
1250 0.000028865 1250 0.000004957 add_time= 0.000045980
2750 0.000009792 2750 0.000193821 add_time= 0.000230489
2550 0.000043144 2550 0.000008617 add_time= 0.000097636
2500 0.000155687 2500 0.000008361 add_time= 0.000182331
2650 0.000196974 2650 0.000006348 add_time= 0.000231171
2805 0.000045350 2805 0.000006766 add_time= 0.000081928
1250 0.000051087 1250 0.000006009 add_time= 0.000071423
2550 0.000061198 2550 0.000006723 add_time= 0.000087760
2700 0.000129443 2700 0.000018170 add_time= 0.000164639
2550 0.000591668 2550 0.000009029 add_time= 0.000628452
2970 0.000083152 2970 0.000008590 add_time= 0.000130816
2600 0.000038747 2600 0.000007028 add_time= 0.000070393
2750 0.000139382 2750 0.000006526 add_time= 0.000162327
2862 0.000202837 2862 0.000007096 add_time= 0.000227494
2500 0.000037853 2500 0.000005999 add_time= 0.000058556
2860 0.000319452 2860 0.000008181 add_time= 0.000356647
2500 0.000185096 2500 0.000006817 add_time= 0.000208139
2550 0.000010356 2550 0.000030828 add_time= 0.000056590
2550 0.000063845 2550 0.000005991 add_time= 0.000083994
2700 0.000087906 2700 0.000013135 add_time= 0.000117510
2500 0.000258401 2500 0.000005994 add_time= 0.000289611
2915 0.000178240 2915 0.000006303 add_time= 0.000209405
2750 0.000006889 2750 0.000033695 add_time= 0.000056256
1275 0.000257978 1275 0.000006235 add_time= 0.000277688
2500 0.000039247 2500 0.000005742 add_time= 0.000059584
1250 0.000059028 1250 0.000007387 add_time= 0.000080335
2600 0.000139582 2600 0.000006972 add_time= 0.000163531
2750 0.000132736 2750 0.000007131 add_time= 0.000162887
2700 0.000113502 2700 0.000006773 add_time= 0.000136334
2652 0.000076569 2652 0.000011469 add_time= 0.000103128
2500 0.000122609 2500 0.000005887 add_time= 0.000149138
1325 0.000103120 1325 0.000005797 add_time= 0.000122652
2600 0.000301071 2600 0.000011727 add_time= 0.000329966
2750 0.000029011 2750 0.000006460 add_time= 0.000051377
2652 0.000006701 2652 0.000030135 add_time= 0.000052560
2500 0.000115806 2500 0.000006361 add_time= 0.000144755
2550 0.000040396 2550 0.000006196 add_time= 0.000060822
2500 0.000036453 2500 0.000008774 add_time= 0.000081165
2600 0.000080829 2600 0.000016950 add_time= 0.000116510
2500 0.000068309 2500 0.000006150 add_time= 0.000090717
2500 0.000024943 2500 0.000012886 add_time= 0.000053699
2550 0.000121005 2550 0.000007617 add_time= 0.000155847
2500 0.000169315 2500 0.000005885 add_time= 0.000190408
2500 0.000032858 2500 0.000005972 add_time= 0.000056711
2500 0.000093613 2500 0.000018629 add_time= 0.000129462
3025 0.000188687 3025 0.000006790 add_time= 0.000214199
2500 0.000185535 2500 0.000006567 add_time= 0.000208825
2500 0.000188804 2500 0.000006505 add_time= 0.000229286
2500 0.000091099 2500 0.000006534 add_time= 0.000127035
2600 0.000158745 2600 0.000006689 add_time= 0.000185198
2750 0.000328916 2750 0.000006861 add_time= 0.000352958
2500 0.000123336 2500 0.000005990 add_time= 0.000151030
2550 0.000108329 2550 0.000006211 add_time= 0.000136906
2915 0.000062606 2915 0.000006683 add_time= 0.000086818
1375 0.000516141 1375 0.000007180 add_time= 0.000539047
2500 0.000032037 2500 0.000008647 add_time= 0.000078646
2500 0.000086422 2500 0.000007609 add_time= 0.000118738
2650 0.000021724 2650 0.000010459 add_time= 0.000060448
2703 0.000025156 2703 0.000025470 add_time= 0.000076760
2550 0.000026639 2550 0.000007960 add_time= 0.000057268
2750 0.000044007 2750 0.000008488 add_time= 0.000079133
2550 0.000047227 2550 0.000006477 add_time= 0.000071154
2500 0.000063825 2500 0.000006165 add_time= 0.000085245
2500 0.000086022 2500 0.000007288 add_time= 0.000108913
2601 0.000051938 2601 0.000005667 add_time= 0.000082125
2700 0.000142917 2700 0.000007203 add_time= 0.000166545
2750 0.000238570 2750 0.000006137 add_time= 0.000260671
2500 0.000073434 2500 0.000007179 add_time= 0.000097040
2970 0.000020071 2970 0.000016034 add_time= 0.000061445
2601 0.000112500 2601 0.000006330 add_time= 0.000135167
2750 0.000080297 2750 0.000005586 add_time= 0.000109267
2650 0.000399555 2650 0.000006945 add_time= 0.000423802
3025 0.000104266 3025 0.000005958 add_time= 0.000126068
2750 0.000078548 2750 0.000006382 add_time= 0.000106249
2601 0.000087450 2601 0.000006461 add_time= 0.000110792
2750 0.000093017 2750 0.000006614 add_time= 0.000124458
2500 0.000480451 2500 0.000007603 add_time= 0.000510833
2805 0.000034518 2805 0.000006504 add_time= 0.000071018
1375 0.000109704 1375 0.000006261 add_time= 0.000148183
2500 0.000064848 2500 0.000006556 add_time= 0.000087811
2500 0.000159561 2500 0.000006069 add_time= 0.000180088
2500 0.000042081 2500 0.000005958 add_time= 0.000062557
2860 0.000188972 2860 0.000006629 add_time= 0.000212838
2750 0.000054220 2750 0.000018422 add_time= 0.000088100
3025 0.000006708 3025 0.000040454 add_time= 0.000073993
2500 0.000101704 2500 0.000005764 add_time= 0.000121852
2550 0.000170428 2550 0.000006748 add_time= 0.000190586
2500 0.000255904 2500 0.000006387 add_time= 0.000276985
2600 0.000077761 2600 0.000006621 add_time= 0.000101762
2600 0.000101965 2600 0.000025104 add_time= 0.000143652
2700 0.000118968 2700 0.000006300 add_time= 0.000141413
2500 0.001540177 2500 0.000006495 add_time= 0.001561396
2754 0.000115210 2754 0.000007176 add_time= 0.000137315
1250 0.000062469 1250 0.000006063 add_time= 0.000082614
2600 0.000176255 2600 0.000006549 add_time= 0.000199258
2500 0.000207662 2500 0.000006528 add_time= 0.000237233
2550 0.001049148 2550 0.000007690 add_time= 0.001073385
2700 0.000060437 2700 0.000006434 add_time= 0.000083538
1375 0.000069314 1375 0.000005898 add_time= 0.000097829
2650 0.000188267 2650 0.000006253 add_time= 0.000212728
2750 0.000072520 2750 0.000006738 add_time= 0.000106271
2750 0.000096185 2750 0.000007315 add_time= 0.000120162
2601 0.000006089 2601 0.000021596 add_time= 0.000042008
2750 0.000066565 2750 0.000006212 add_time= 0.000096902
2500 0.000064411 2500 0.000006118 add_time= 0.000086484
2550 0.000087623 2550 0.000008710 add_time= 0.000136511
2600 0.000162110 2600 0.000007746 add_time= 0.000193794
2860 0.000256311 2860 0.000007880 add_time= 0.000282415
2750 0.000017811 2750 0.000015644 add_time= 0.000050672
2550 0.000388313 2550 0.000007030 add_time= 0.000412617
2750 0.000054320 2750 0.000006930 add_time= 0.000078780
1250 0.000276660 1250 0.000018220 add_time= 0.000315882
2500 0.000129080 2500 0.000006597 add_time= 0.000153501
1375 0.000006486 1375 0.000009410 add_time= 0.000041976
2600 0.000089875 2600 0.000006471 add_time= 0.000113507
2500 0.000165588 2500 0.000006202 add_time= 0.000188152
2915 0.000173018 2915 0.000006433 add_time= 0.000201253
2860 0.000109637 2860 0.000025472 add_time= 0.000161385
2500 0.000071840 2500 0.000011990 add_time= 0.000111864
2550 0.000006301 2550 0.000023375 add_time= 0.000044353
2550 0.000054621 2550 0.000006387 add_time= 0.000075635
2500 0.000083974 2500 0.000005768 add_time= 0.000108335
1250 0.000017867 1250 0.000006763 add_time= 0.000046738
2500 0.000154731 2500 0.000007772 add_time= 0.000201883
2750 0.000120124 2750 0.000007593 add_time= 0.000155656
2805 0.000033431 2805 0.000024531 add_time= 0.000087441
2970 0.000046154 2970 0.000008053 add_time= 0.000093481
1300 0.000038186 1300 0.000007608 add_time= 0.000077651
2550 0.000342888 2550 0.000005932 add_time= 0.000365124
2550 0.000059043 2550 0.000006391 add_time= 0.000081119
2805 0.000008500 2805 0.000034399 add_time= 0.000060173
2500 0.000057048 2500 0.000006259 add_time= 0.000083169
2500 0.000058544 2500 0.000006369 add_time= 0.000080566
2500 0.000317368 2500 0.000006684 add_time= 0.000341277
2600 0.000086293 2600 0.000006410 add_time= 0.000109553
2703 0.000019721 2703 0.000014759 add_time= 0.000051977
2550 0.000084674 2550 0.000006636 add_time= 0.000107601
1325 0.000049308 1325 0.000005784 add_time= 0.000077711
2550 0.000057384 2550 0.000008078 add_time= 0.000084189
2500 0.000066923 2500 0.000006877 add_time= 0.000102879
2550 0.000061217 2550 0.000006651 add_time= 0.000083582
2805 0.000063435 2805 0.000005842 add_time= 0.000092839
2915 0.000036189 2915 0.000006207 add_time= 0.000057688
2500 0.000075428 2500 0.000006391 add_time= 0.000096561
2600 0.000133404 2600 0.000006617 add_time= 0.000157273
2860 0.000036270 2860 0.000006437 add_time= 0.000057578
2500 0.000094213 2500 0.000005691 add_time= 0.000120712
2652 0.000014178 2652 0.000013433 add_time= 0.000041004
1275 0.000037291 1275 0.000005951 add_time= 0.000058018
2750 0.000070738 2750 0.000005892 add_time= 0.000097937
625 0.000029206 625 0.000005200 add_time= 0.000049283
1250 0.000217985 1250 0.000005817 add_time= 0.000240737
2650 0.000114060 2650 0.000006164 add_time= 0.000139448
1250 0.000014955 1250 0.000013980 add_time= 0.000054417
2600 0.000092646 2600 0.000006134 add_time= 0.000113944
2700 0.000080801 2700 0.000006729 add_time= 0.000105850
2750 0.000082682 2750 0.000006898 add_time= 0.000105649
2650 0.000174736 2650 0.000006940 add_time= 0.000199069
2500 0.000072686 2500 0.000006279 add_time= 0.000096098
2860 0.000161132 2860 0.000018107 add_time= 0.000195598
2750 0.000016100 2750 0.000025315 add_time= 0.000058719
2500 0.000120276 2500 0.000005987 add_time= 0.000146036
2700 0.000061575 2700 0.000006516 add_time= 0.000084764
2500 0.000455623 2500 0.000006423 add_time= 0.000489812
2750 0.000151289 2750 0.000007032 add_time= 0.000175617
2500 0.000387427 2500 0.000006013 add_time= 0.000407884
2500 0.000106535 2500 0.000006100 add_time= 0.000126985
2754 0.000044554 2754 0.000006808 add_time= 0.000078927
3025 0.000027206 3025 0.000006465 add_time= 0.000049722
2500 0.000702031 2500 0.000006896 add_time= 0.000725160
2750 0.000306660 2750 0.000007047 add_time= 0.000331141
2601 0.000006930 2601 0.000025009 add_time= 0.000055610
2500 0.000189138 2500 0.000006371 add_time= 0.000211529
2550 0.000083114 2550 0.000006415 add_time= 0.000106007
2550 0.000356639 2550 0.000007148 add_time= 0.000381148
2600 0.000067816 2600 0.000013324 add_time= 0.000098408
2500 0.000072199 2500 0.000007236 add_time= 0.000108088
2600 0.000035091 2600 0.000006186 add_time= 0.000060786
2550 0.000034600 2550 0.000012921 add_time= 0.000064895
2500 0.000060279 2500 0.000005833 add_time= 0.000080617
2500 0.000067153 2500 0.000007289 add_time= 0.000105013
2600 0.000035042 2600 0.000006517 add_time= 0.000070813
2650 0.000089930 2650 0.000006505 add_time= 0.000112934
2550 0.000016017 2550 0.000013121 add_time= 0.000044107
2500 0.000185310 2500 0.000006400 add_time= 0.000218799
2500 0.000115695 2500 0.000006871 add_time= 0.000138611
1325 0.000113632 1325 0.000006055 add_time= 0.000135332
2860 0.000031029 2860 0.000005968 add_time= 0.000056775
3025 0.000057887 3025 0.000006104 add_time= 0.000079025
3025 0.000325380 3025 0.000018019 add_time= 0.000358195
2500 0.000041364 2500 0.000005683 add_time= 0.000065573
2754 0.000130433 2754 0.000010085 add_time= 0.000163366
2750 0.000059579 2750 0.000006992 add_time= 0.000083460
2600 0.000316988 2600 0.000006438 add_time= 0.000340330
2700 0.000119323 2700 0.000006632 add_time= 0.000148875
2750 0.000155110 2750 0.000007264 add_time= 0.000176543
2601 0.000057738 2601 0.000006299 add_time= 0.000090266
2500 0.000083305 2500 0.000006494 add_time= 0.000106402
2500 0.000058309 2500 0.000009183 add_time= 0.000122238
2750 0.000063283 2750 0.000008750 add_time= 0.000098753
2805 0.000089155 2805 0.000046846 add_time= 0.000161522
2805 0.000046048 2805 0.000007885 add_time= 0.000080778
3025 0.000008284 3025 0.000017197 add_time= 0.000054334
2860 0.000106678 2860 0.000007125 add_time= 0.000131531
2600 0.000088865 2600 0.000006805 add_time= 0.000110720
1375 0.000073601 1375 0.000005581 add_time= 0.000094314
2750 0.000007820 2750 0.000034901 add_time= 0.000058022
2550 0.000079137 2550 0.000005995 add_time= 0.000102501
2650 0.000109628 2650 0.000006725 add_time= 0.000132278
2650 0.000471773 2650 0.000007153 add_time= 0.000500226
2500 0.000096008 2500 0.000007154 add_time= 0.000119131
2860 0.000087601 2860 0.000006307 add_time= 0.000108706
2550 0.000019761 2550 0.000021634 add_time= 0.000066899
2500 0.000053458 2500 0.000006457 add_time= 0.000077194
1250 0.000039304 1250 0.000017698 add_time= 0.000084398
2650 0.000184550 2650 0.000006543 add_time= 0.000210905
2750 0.000050388 2750 0.000006391 add_time= 0.000073291
2500 0.000134468 2500 0.000006664 add_time= 0.000167845
2550 0.000015857 2550 0.000026024 add_time= 0.000063495
2550 0.000054062 2550 0.000007284 add_time= 0.000078855
2750 0.000235811 2750 0.000006814 add_time= 0.000260324
2750 0.000148431 2750 0.000007083 add_time= 0.000173818
2500 0.000075409 2500 0.000006147 add_time= 0.000102835
2500 0.000105426 2500 0.000005999 add_time= 0.000125926
2750 0.000016876 2750 0.000014010 add_time= 0.000048487
2700 0.000107786 2700 0.000014768 add_time= 0.000138994
1250 0.000344976 1250 0.000006206 add_time= 0.000366879
2500 0.000579594 2500 0.000013392 add_time= 0.000610831
2500 0.000047314 2500 0.000015550 add_time= 0.000091057
2550 0.000014686 2550 0.000013245 add_time= 0.000044065
2550 0.000102477 2550 0.000007674 add_time= 0.000126718
1300 0.000152091 1300 0.000007121 add_time= 0.000174082
2750 0.000694493 2750 0.000009330 add_time= 0.000729267
2750 0.000081154 2750 0.000006629 add_time= 0.000104042
2500 0.000093518 2500 0.000019405 add_time= 0.000130312
2600 0.000097402 2600 0.000005924 add_time= 0.000117866
2700 0.000163472 2700 0.000006936 add_time= 0.000187100
1275 0.000031372 1275 0.000006091 add_time= 0.000052996
2650 0.000356371 2650 0.000008805 add_time= 0.000382186
2860 0.000241566 2860 0.000006595 add_time= 0.000265157
2500 0.000105299 2500 0.000006372 add_time= 0.000128294
2550 0.000144761 2550 0.000007537 add_time= 0.000169453
2600 0.000086919 2600 0.000006572 add_time= 0.000110063
2750 0.000040078 2750 0.000006704 add_time= 0.000065606
2756 0.000098898 2756 0.000010056 add_time= 0.000125427
2650 0.000062686 2650 0.000006419 add_time= 0.000085065
2805 0.000044771 2805 0.000006744 add_time= 0.000068648
2700 0.000038504 2700 0.000006587 add_time= 0.000061329
1300 0.000068018 1300 0.000005697 add_time= 0.000093136
2500 0.000347611 2500 0.000006706 add_time= 0.000390669
2750 0.000048362 2750 0.000006362 add_time= 0.000071504
2650 0.000023890 2650 0.000006318 add_time= 0.000044427
2550 0.000041499 2550 0.000006436 add_time= 0.000063431
2550 0.000053344 2550 0.000009726 add_time= 0.000080204
2750 0.000055789 2750 0.000007317 add_time= 0.000080329
2700 0.000050308 2700 0.000006462 add_time= 0.000078717
2600 0.000075252 2600 0.000012394 add_time= 0.000103926
2500 0.000050766 2500 0.000006417 add_time= 0.000073588
3025 0.000007320 3025 0.000015851 add_time= 0.000040535
1275 0.000040921 1275 0.000010774 add_time= 0.000070325
1350 0.000152689 1350 0.000005272 add_time= 0.000170063
625 0.005972314 625 0.000011606 add_time= 0.006003883
2750 0.000205585 2750 0.000007511 add_time= 0.000255268
1250 0.000337947 1250 0.000005258 add_time= 0.000370096
2750 0.000018017 2750 0.000014040 add_time= 0.000048874
2500 0.000195820 2500 0.000006345 add_time= 0.000218853
2970 0.000058641 2970 0.000006718 add_time= 0.000088364
2750 0.000142669 2750 0.000006947 add_time= 0.000167215
2500 0.000071651 2500 0.000006689 add_time= 0.000098686
2550 0.000095300 2550 0.000006416 add_time= 0.000117836
2805 0.000124113 2805 0.000006961 add_time= 0.000148578
2754 0.000056444 2754 0.000006456 add_time= 0.000086819
2750 0.000079700 2750 0.000006861 add_time= 0.000101585
2500 0.000267242 2500 0.000007524 add_time= 0.000291872
2750 0.000040439 2750 0.000006129 add_time= 0.000064235
2650 0.000044204 2650 0.000005873 add_time= 0.000064158
2700 0.000005516 2700 0.000032392 add_time= 0.000051914
2805 0.000058897 2805 0.000013174 add_time= 0.000086940
2500 0.000131970 2500 0.000012265 add_time= 0.000157869
2600 0.000038557 2600 0.000008541 add_time= 0.000105742
2750 0.000035432 2750 0.000008061 add_time= 0.000071578
2750 0.000025457 2750 0.000008029 add_time= 0.000065668
2805 0.000067663 2805 0.000046085 add_time= 0.000142037
2550 0.000027607 2550 0.000007900 add_time= 0.000063400
2500 0.000017025 2500 0.000014181 add_time= 0.000082381
2550 0.000227941 2550 0.000006472 add_time= 0.000253037
2805 0.000068602 2805 0.000006394 add_time= 0.000103540
2500 0.000007881 2500 0.000024468 add_time= 0.000048741
2754 0.000093966 2754 0.000007251 add_time= 0.000118260
2650 0.000130243 2650 0.000007941 add_time= 0.000154612
2750 0.000247408 2750 0.000027150 add_time= 0.000292960
2700 0.000083057 2700 0.000018297 add_time= 0.000116910
2500 0.000277710 2500 0.000006654 add_time= 0.000299565
2600 0.000097404 2600 0.000015248 add_time= 0.000140522
2500 0.000161548 2500 0.000007285 add_time= 0.000185317
2550 0.000178381 2550 0.000007125 add_time= 0.000202820
2700 0.000100454 2700 0.000007385 add_time= 0.000124568
3025 0.000018736 3025 0.000016570 add_time= 0.000053308
2600 0.000056102 2600 0.000006280 add_time= 0.000077891
2650 0.000247616 2650 0.000007163 add_time= 0.000283580
1250 0.000038022 1250 0.000006009 add_time= 0.000059437
2550 0.000081196 2550 0.000006383 add_time= 0.000104499
2750 0.000130919 2750 0.000007157 add_time= 0.000153978
2650 0.000382455 2650 0.000007604 add_time= 0.000406799
2700 0.000088353 2700 0.000007873 add_time= 0.000121827
2703 0.000016747 2703 0.000015013 add_time= 0.000047486
2754 0.000134666 2754 0.000010647 add_time= 0.000161078
2805 0.000070725 2805 0.000006457 add_time= 0.000092183
2600 0.000119524 2600 0.000007792 add_time= 0.000144375
2600 0.000067771 2600 0.000006370 add_time= 0.000088527
1250 0.000152900 1250 0.000005157 add_time= 0.000170916
2550 0.000061046 2550 0.000013009 add_time= 0.000089578
2550 0.000132105 2550 0.000006237 add_time= 0.000152307
2750 0.000066307 2750 0.000006324 add_time= 0.000087085
2750 0.000097911 2750 0.000021308 add_time= 0.000143851
2500 0.000203654 2500 0.000006502 add_time= 0.000237170
2550 0.000064068 2550 0.000006314 add_time= 0.000084825
2805 0.000099340 2805 0.000006244 add_time= 0.000120442
2750 0.000526230 2750 0.000006494 add_time= 0.000547849
2500 0.000124806 2500 0.000006549 add_time= 0.000147683
2500 0.000111369 2500 0.000005756 add_time= 0.000131595
2805 0.000009088 2805 0.000032780 add_time= 0.000057509
2652 0.000022616 2652 0.000011838 add_time= 0.000049402
2808 0.000097096 2808 0.000005816 add_time= 0.000122071
1250 0.000063743 1250 0.000006013 add_time= 0.000083141
2915 0.000230920 2915 0.000009776 add_time= 0.000267236
2860 0.000138294 2860 0.000006422 add_time= 0.000161128
2750 0.000081587 2750 0.000007103 add_time= 0.000104505
1375 0.000004942 1375 0.000015880 add_time= 0.000052619
2500 0.000191029 2500 0.000013687 add_time= 0.000221485
2754 0.000132350 2754 0.000006534 add_time= 0.000155828
1375 0.000152763 1375 0.000006883 add_time= 0.000176275
2500 0.000587431 2500 0.000006951 add_time= 0.000611990
2550 0.000144460 2550 0.000014653 add_time= 0.000175855
2700 0.000083952 2700 0.000007042 add_time= 0.000107835
2601 0.000201954 2601 0.000007083 add_time= 0.000234511
2970 0.000126662 2970 0.000007846 add_time= 0.000171467
625 0.000062571 625 0.000007354 add_time= 0.000093361
2750 0.000055125 2750 0.000008870 add_time= 0.000081840
2600 0.000051898 2600 0.000005615 add_time= 0.000072054
2500 0.000031779 2500 0.000006210 add_time= 0.000064801
2600 0.000050694 2600 0.000011790 add_time= 0.000079267
2862 0.000062513 2862 0.000006319 add_time= 0.000084339
1275 0.000062482 1275 0.000006856 add_time= 0.000084247
2750 0.000070936 2750 0.000008371 add_time= 0.000109862
2805 0.000041034 2805 0.000007692 add_time= 0.000065693
2550 0.000138322 2550 0.000007838 add_time= 0.000163280
2550 0.000140228 2550 0.000007307 add_time= 0.000164553
3025 0.000040038 3025 0.000006955 add_time= 0.000077329
1250 0.000098078 1250 0.000006237 add_time= 0.000142433
2500 0.000131356 2500 0.000009960 add_time= 0.000159071
2600 0.000054005 2600 0.000006010 add_time= 0.000075591
2750 0.000026137 2750 0.000007351 add_time= 0.000048073
2750 0.000117991 2750 0.000006498 add_time= 0.000147226
2754 0.000205245 2754 0.000006519 add_time= 0.000227947
2750 0.000254795 2750 0.000005735 add_time= 0.000275278
2860 0.000112150 2860 0.000005720 add_time= 0.000132483
2550 0.000152717 2550 0.000006473 add_time= 0.000182209
2500 0.000056298 2500 0.000009297 add_time= 0.000081657
2805 0.000007486 2805 0.000027742 add_time= 0.000053624
2601 0.000115296 2601 0.000006622 add_time= 0.000144093
2750 0.000063891 2750 0.000019170 add_time= 0.000100405
2500 0.000065958 2500 0.000020085 add_time= 0.000133461
2500 0.000031764 2500 0.000008214 add_time= 0.000077915
1250 0.000030545 1250 0.000016545 add_time= 0.000070315
1275 0.000067576 1275 0.000006522 add_time= 0.000096599
2916 0.000055028 2916 0.000008317 add_time= 0.000094727
2805 0.000024413 2805 0.000007918 add_time= 0.000057881
2750 0.000089515 2750 0.000006856 add_time= 0.000115869
2600 0.000092729 2600 0.000005851 add_time= 0.000125414
2500 0.000130334 2500 0.000005760 add_time= 0.000150726
2500 0.000139685 2500 0.000005489 add_time= 0.000159101
2750 0.000042800 2750 0.000006510 add_time= 0.000072258
2550 0.000050202 2550 0.000005699 add_time= 0.000068325
3025 0.000102461 3025 0.000006548 add_time= 0.000136667
2500 0.000174690 2500 0.000007223 add_time= 0.000199841
2860 0.000046249 2860 0.000006959 add_time= 0.000079458
2970 0.000047068 2970 0.000006878 add_time= 0.000070686
2600 0.000035740 2600 0.000017371 add_time= 0.000068357
2652 0.000048404 2652 0.000029410 add_time= 0.000098864
2703 0.000039963 2703 0.000006057 add_time= 0.000060262
2970 0.000041476 2970 0.000006492 add_time= 0.000064165
2650 0.000292658 2650 0.000007741 add_time= 0.000317413
2860 0.000110730 2860 0.000007025 add_time= 0.000133534
2600 0.000091160 2600 0.000006860 add_time= 0.000114288
2805 0.000025115 2805 0.000006241 add_time= 0.000047809
2500 0.000030003 2500 0.000014694 add_time= 0.000061017
1375 0.000038179 1375 0.000006342 add_time= 0.000059376
2915 0.000131235 2915 0.000006834 add_time= 0.000156020
2805 0.000037392 2805 0.000005893 add_time= 0.000070106
2750 0.000101528 2750 0.000005602 add_time= 0.000121368
2805 0.000017068 2805 0.000013955 add_time= 0.000047040
2550 0.000108753 2550 0.000006081 add_time= 0.000129000
2700 0.000099889 2700 0.000006916 add_time= 0.000131914
1375 0.000278007 1375 0.000014199 add_time= 0.000306959
2500 0.000247456 2500 0.000006442 add_time= 0.000269917
2500 0.000073693 2500 0.000006248 add_time= 0.000095547
2860 0.000026156 2860 0.000016716 add_time= 0.000060317
2500 0.000044594 2500 0.000006446 add_time= 0.000066854
2500 0.000072442 2500 0.000006216 add_time= 0.000101264
2500 0.000063225 2500 0.000006930 add_time= 0.000085986
2500 0.000079058 2500 0.000007006 add_time= 0.000102974
2860 0.000223537 2860 0.000005960 add_time= 0.000245221
2750 0.000059280 2750 0.000006795 add_time= 0.000082187
2500 0.000044028 2500 0.000006530 add_time= 0.000066493
1350 0.000143688 1350 0.000005506 add_time= 0.000163243
2750 0.000214518 2750 0.000007137 add_time= 0.000238754
2550 0.000124934 2550 0.000006291 add_time= 0.000147291
2700 0.000016097 2700 0.000013712 add_time= 0.000052707
2550 0.000112535 2550 0.000006491 add_time= 0.000135269
2500 0.000059384 2500 0.000005795 add_time= 0.000079215
2500 0.000177093 2500 0.000008637 add_time= 0.000208043
2700 0.000468206 2700 0.000006972 add_time= 0.000493562
2750 0.000016278 2750 0.000022598 add_time= 0.000055721
1275 0.000101297 1275 0.000006376 add_time= 0.000123090
2860 0.000278497 2860 0.000007350 add_time= 0.000304765
2915 0.000450243 2915 0.000006680 add_time= 0.000474748
1250 0.000220777 1250 0.000005783 add_time= 0.000240795
2750 0.000066251 2750 0.000006980 add_time= 0.000096027
2805 0.000010847 2805 0.000023984 add_time= 0.000060475
2970 0.000037128 2970 0.000006771 add_time= 0.000061531
1250 0.000040945 1250 0.000006372 add_time= 0.000061294
2704 0.000324562 2704 0.000006317 add_time= 0.000360480
2500 0.000106641 2500 0.000006746 add_time= 0.000131288
2970 0.000007022 2970 0.000026917 add_time= 0.000060346
2500 0.000104652 2500 0.000026715 add_time= 0.000153494
2805 0.000056283 2805 0.000007250 add_time= 0.000088427
2500 0.000124000 2500 0.000007268 add_time= 0.000170170
2550 0.000135095 2550 0.000027676 add_time= 0.000189928
3025 0.000018119 3025 0.000028097 add_time= 0.000065735
2600 0.000056474 2600 0.000013457 add_time= 0.000099547
2600 0.000075345 2600 0.000038349 add_time= 0.000137234
2650 0.000263568 2650 0.000007565 add_time= 0.000293750
2860 0.000098978 2860 0.000006977 add_time= 0.000123591
2500 0.000176860 2500 0.000027379 add_time= 0.000222867
2550 0.000007254 2550 0.000015853 add_time= 0.000038258
2805 0.000099402 2805 0.000006691 add_time= 0.000121979
2750 0.000196913 2750 0.000007438 add_time= 0.000222298
2750 0.000251100 2750 0.000010210 add_time= 0.000305936
1375 0.000033120 1375 0.000006295 add_time= 0.000074110
2500 0.000101624 2500 0.000006755 add_time= 0.000134179
2700 0.000137026 2700 0.000007134 add_time= 0.000168742
2700 0.000042189 2700 0.000009885 add_time= 0.000068582
625 0.000024636 625 0.000007578 add_time= 0.000056652
2750 0.000150859 2750 0.000006764 add_time= 0.000175627
2550 0.000137384 2550 0.000006661 add_time= 0.000160300
2550 0.000006965 2550 0.000012707 add_time= 0.000046505
2750 0.000049419 2750 0.000006432 add_time= 0.000072268
1250 0.000065004 1250 0.000006895 add_time= 0.000086217
2500 0.000169649 2500 0.000006167 add_time= 0.000193527
2550 0.000148518 2550 0.000006531 add_time= 0.000180127
2750 0.000130452 2750 0.000007282 add_time= 0.000157188
2601 0.000006379 2601 0.000142299 add_time= 0.000163968
2500 0.000056696 2500 0.000007161 add_time= 0.000081555
2550 0.000059746 2550 0.000007179 add_time= 0.000083919
2650 0.000144565 2650 0.000009081 add_time= 0.000194679
2500 0.000032915 2500 0.000008454 add_time= 0.000068723
2600 0.000039319 2600 0.000014507 add_time= 0.000082850
2550 0.000035936 2550 0.000007898 add_time= 0.000070069
2550 0.000068748 2550 0.000007443 add_time= 0.000099921
2550 0.000598686 2550 0.000006845 add_time= 0.000622276
2500 0.000066758 2500 0.000006238 add_time= 0.000089038
2500 0.000061953 2500 0.000005449 add_time= 0.000081200
2650 0.000044314 2650 0.000010460 add_time= 0.000072229
2550 0.000008213 2550 0.000023586 add_time= 0.000048516
2808 0.000046890 2808 0.000006666 add_time= 0.000070696
2500 0.000057655 2500 0.000005822 add_time= 0.000086077
2600 0.000270789 2600 0.000007791 add_time= 0.000308420
2500 0.000088776 2500 0.000007373 add_time= 0.000128007
2550 0.000033097 2550 0.000016231 add_time= 0.000064681
1275 0.000035486 1275 0.000005919 add_time= 0.000061273
2550 0.000060090 2550 0.000006861 add_time= 0.000082510
2500 0.000238563 2500 0.000008063 add_time= 0.000264153
2750 0.000125182 2750 0.000007046 add_time= 0.000150045
2750 0.000017359 2750 0.000016038 add_time= 0.000049814
2500 0.000044311 2500 0.000006331 add_time= 0.000065840
2703 0.000054568 2703 0.000006310 add_time= 0.000083052
2750 0.000053980 2750 0.000006822 add_time= 0.000076848
2704 0.000107157 2704 0.000006653 add_time= 0.000131819
2700 0.000089452 2700 0.000006710 add_time= 0.000119569
2750 0.000007743 2750 0.000016513 add_time= 0.000039405
2500 0.000098382 2500 0.000007245 add_time= 0.000122355
2500 0.000079175 2500 0.000005966 add_time= 0.000098967
2550 0.000121086 2550 0.000006789 add_time= 0.000145550
2500 0.000102212 2500 0.000006332 add_time= 0.000124139
3025 0.000026702 3025 0.000016952 add_time= 0.000062940
2805 0.000091501 2805 0.000008227 add_time= 0.000117034
3025 0.000062779 3025 0.000007148 add_time= 0.000086488
2600 0.000260416 2600 0.000007114 add_time= 0.000293921
2860 0.000104765 2860 0.000006447 add_time= 0.000132484
2550 0.000096354 2550 0.000006851 add_time= 0.000120224
1250 0.000070969 1250 0.000012883 add_time= 0.000099429
2750 0.000086597 2750 0.000006311 add_time= 0.000107730
2500 0.000320316 2500 0.000006748 add_time= 0.000344538
2915 0.000116691 2915 0.000007525 add_time= 0.000141285
2750 0.000045904 2750 0.000016279 add_time= 0.000079548
2550 0.000053140 2550 0.000007110 add_time= 0.000084620
2970 0.000087000 2970 0.000006281 add_time= 0.000108555
1275 0.000034480 1275 0.000005961 add_time= 0.000054611
2550 0.000109373 2550 0.000006472 add_time= 0.000141084
2500 0.000152944 2500 0.000007158 add_time= 0.000175927
2500 0.000056961 2500 0.000008118 add_time= 0.000088916
2750 0.000068469 2750 0.000006792 add_time= 0.000090537
2754 0.000115368 2754 0.000013812 add_time= 0.000144128
2500 0.000481277 2500 0.000007623 add_time= 0.000522769
2750 0.000036912 2750 0.000026915 add_time= 0.000097234
3025 0.000020411 3025 0.000107986 add_time= 0.000156200
2550 0.000174991 2550 0.000007968 add_time= 0.000204498
2860 0.000132755 2860 0.000008152 add_time= 0.000167986
2550 0.000142923 2550 0.000007949 add_time= 0.000171171
2860 0.000071710 2860 0.000006470 add_time= 0.000095593
2500 0.000056088 2500 0.000006761 add_time= 0.000078322
2500 0.000129867 2500 0.000006893 add_time= 0.000161625
2550 0.000164178 2550 0.000005538 add_time= 0.000185174
2600 0.000142054 2600 0.000006552 add_time= 0.000165000
2500 0.000248616 2500 0.000006283 add_time= 0.000282983
2860 0.000039277 2860 0.000014121 add_time= 0.000070351
2750 0.000060733 2750 0.000007063 add_time= 0.000084919
2500 0.000098355 2500 0.000006942 add_time= 0.000122874
2500 0.000126724 2500 0.000006232 add_time= 0.000148458
2500 0.000110989 2500 0.000027749 add_time= 0.000159023
2652 0.000224120 2652 0.000007052 add_time= 0.000250492
2750 0.000109610 2750 0.000007699 add_time= 0.000145011
2550 0.000018161 2550 0.000033759 add_time= 0.000069694
2970 0.000100435 2970 0.000007739 add_time= 0.000145463
1250 0.000056245 1250 0.000006340 add_time= 0.000079350
2650 0.000215819 2650 0.000007391 add_time= 0.000246092
2500 0.000100262 2500 0.000006860 add_time= 0.000125135
2600 0.000047237 2600 0.000006982 add_time= 0.000072057
2500 0.000150114 2500 0.000007649 add_time= 0.000175285
2550 0.000095637 2550 0.000012070 add_time= 0.000134103
2750 0.000146963 2750 0.000008083 add_time= 0.000193279
2500 0.000046371 2500 0.000006643 add_time= 0.000069910
2500 0.000116597 2500 0.000007196 add_time= 0.000141289
2750 0.000006983 2750 0.000015162 add_time= 0.000037736
2550 0.000407279 2550 0.000006737 add_time= 0.000431111
2916 0.000072839 2916 0.000006692 add_time= 0.000102087
1325 0.000100410 1325 0.000005650 add_time= 0.000122909
2500 0.000217506 2500 0.000006809 add_time= 0.000240955
3025 0.000128883 3025 0.000008324 add_time= 0.000154720
2500 0.000322894 2500 0.000008260 add_time= 0.000348017
2550 0.000059350 2550 0.000006809 add_time= 0.000080739
2750 0.000027820 2750 0.000008131 add_time= 0.000053058
2600 0.000229290 2600 0.000006271 add_time= 0.000254726
2550 0.000091512 2550 0.000006858 add_time= 0.000115626
2550 0.000017090 2550 0.000030602 add_time= 0.000061956
2650 0.000096817 2650 0.000007010 add_time= 0.000117928
2750 0.000106587 2750 0.000007639 add_time= 0.000130172
1250 0.000583147 1250 0.000006203 add_time= 0.000601656
2550 0.000160484 2550 0.000008674 add_time= 0.000233310
2750 0.000099915 2750 0.000010658 add_time= 0.000150272
2750 0.000099712 2750 0.000007566 add_time= 0.000134802
2652 0.000124050 2652 0.000047390 add_time= 0.000200116
2550 0.000033017 2550 0.000020018 add_time= 0.000080055
2700 0.000120026 2700 0.000007330 add_time= 0.000152756
2500 0.000192412 2500 0.000023914 add_time= 0.000233896
2805 0.000033254 2805 0.000007143 add_time= 0.000063058
2750 0.000098423 2750 0.000005768 add_time= 0.000127849
2550 0.000055726 2550 0.000006801 add_time= 0.000079408
2500 0.000046328 2500 0.000006524 add_time= 0.000069084
2500 0.000127640 2500 0.000006579 add_time= 0.000152071
2500 0.000093580 2500 0.000006577 add_time= 0.000115857
2700 0.000272038 2700 0.000006659 add_time= 0.000294516
2601 0.000018478 2601 0.000015870 add_time= 0.000050943
2700 0.000082374 2700 0.000020553 add_time= 0.000118977
3025 0.000049698 3025 0.000006446 add_time= 0.000077049
2500 0.000109341 2500 0.000007449 add_time= 0.000134408
2750 0.000076524 2750 0.000006546 add_time= 0.000099201
2750 0.000418805 2750 0.000007231 add_time= 0.000441393
1275 0.000043336 1275 0.000006539 add_time= 0.000063323
2550 0.000088283 2550 0.000013247 add_time= 0.000116177
2750 0.000247486 2750 0.000006101 add_time= 0.000268035
1250 0.000331256 1250 0.000006393 add_time= 0.000352363
2805 0.000040877 2805 0.000007190 add_time= 0.000064718
2500 0.000079963 2500 0.000007801 add_time= 0.000103527
2652 0.000007611 2652 0.000016014 add_time= 0.000037679
2700 0.000134507 2700 0.000007578 add_time= 0.000157840
1350 0.000041010 1350 0.000016512 add_time= 0.000081074
2600 0.000226244 2600 0.000018857 add_time= 0.000262762
2500 0.000123707 2500 0.000007479 add_time= 0.000154940
2550 0.000044481 2550 0.000006568 add_time= 0.000066848
1250 0.000111238 1250 0.000006658 add_time= 0.000131874
2500 0.000395182 2500 0.000007222 add_time= 0.000421665
2750 0.000078398 2750 0.000006594 add_time= 0.000108860
2500 0.000236480 2500 0.000005953 add_time= 0.000256253
1250 0.000065378 1250 0.000005581 add_time= 0.000082183
2500 0.000061081 2500 0.000007102 add_time= 0.000084073
2500 0.000219665 2500 0.000007350 add_time= 0.000242639
2650 0.000210649 2650 0.000006870 add_time= 0.000235228
2860 0.000107308 2860 0.000007560 add_time= 0.000131893
2750 0.000020841 2750 0.000016298 add_time= 0.000053362
2805 0.000083248 2805 0.000006716 add_time= 0.000105560
2805 0.000069137 2805 0.000006852 add_time= 0.000091335
2650 0.000204110 2650 0.000018740 add_time= 0.000241590
2600 0.000161139 2600 0.000007113 add_time= 0.000183927
2500 0.000093617 2500 0.000006667 add_time= 0.000114605
2750 0.000017124 2750 0.000016351 add_time= 0.000065075
2550 0.000083966 2550 0.000006588 add_time= 0.000115762
2750 0.000074227 2750 0.000006592 add_time= 0.000104918
1250 0.000061639 1250 0.000018468 add_time= 0.000093894
2750 0.000123379 2750 0.000006777 add_time= 0.000147999
2550 0.000138924 2550 0.000006464 add_time= 0.000160849
2750 0.000018458 2750 0.000015142 add_time= 0.000049542
2500 0.000062225 2500 0.000006644 add_time= 0.000095902
1325 0.000065726 1325 0.000005581 add_time= 0.000083650
2550 0.000026209 2550 0.000008082 add_time= 0.000057312
1300 0.000039595 1300 0.000006850 add_time= 0.000068209
2500 0.000070684 2500 0.000012587 add_time= 0.000099115
2550 0.000015931 2550 0.000021297 add_time= 0.000064675
2550 0.000071888 2550 0.000006447 add_time= 0.000094107
2600 0.000065118 2600 0.000006177 add_time= 0.000086793
1275 0.000053518 1275 0.000012578 add_time= 0.000079197
2650 0.000340565 2650 0.000012602 add_time= 0.000370247
2860 0.000366176 2860 0.000010148 add_time= 0.000401239
2750 0.000041198 2750 0.000006425 add_time= 0.000063336
2700 0.000113518 2700 0.000006413 add_time= 0.000135826
2970 0.000058733 2970 0.000006215 add_time= 0.000079541
2650 0.000218602 2650 0.000007329 add_time= 0.000243410
2750 0.000057860 2750 0.000013536 add_time= 0.000086522
1375 0.000093348 1375 0.000008174 add_time= 0.000113108
2550 0.000006892 2550 0.000022728 add_time= 0.000045194
2808 0.000071029 2808 0.000010656 add_time= 0.000098319
2704 0.000315579 2704 0.000019177 add_time= 0.000351870
2600 0.000057064 2600 0.000019649 add_time= 0.000090416
3025 0.000047450 3025 0.000005582 add_time= 0.000089304
2500 0.000114963 2500 0.000007093 add_time= 0.000138143
2550 0.000042083 2550 0.000013886 add_time= 0.000072012
2750 0.000045263 2750 0.000007005 add_time= 0.000068405
2500 0.000249948 2500 0.000006182 add_time= 0.000273922
3025 0.000152679 3025 0.000006436 add_time= 0.000185484
2550 0.000007202 2550 0.000021153 add_time= 0.000044017
2550 0.000030897 2550 0.000006397 add_time= 0.000056577
1250 0.000055056 1250 0.000006638 add_time= 0.000095769
2500 0.000152564 2500 0.000006568 add_time= 0.000181363
2600 0.000032722 2600 0.000006502 add_time= 0.000055255
3025 0.000046236 3025 0.000015280 add_time= 0.000079766
2601 0.000027922 2601 0.000013759 add_time= 0.000058481
2500 0.000278637 2500 0.000015690 add_time= 0.000311084
1375 0.000033279 1375 0.000005863 add_time= 0.000053365
2600 0.000269472 2600 0.000006307 add_time= 0.000313088
1250 0.000056006 1250 0.000005590 add_time= 0.000075158
2500 0.000255703 2500 0.000007087 add_time= 0.000287492
2550 0.000006926 2550 0.000014717 add_time= 0.000037865
2550 0.000091365 2550 0.000006049 add_time= 0.000112622
2500 0.000071518 2500 0.000017600 add_time= 0.000103618
2700 0.000107105 2700 0.000006526 add_time= 0.000128848
2500 0.000211600 2500 0.000006709 add_time= 0.000243517
2805 0.000047886 2805 0.000006151 add_time= 0.000073061
2860 0.000006810 2860 0.000036875 add_time= 0.000058120
2550 0.000047389 2550 0.000007279 add_time= 0.000070473
2750 0.000114365 2750 0.000007031 add_time= 0.000135701
2500 0.000180990 2500 0.000016357 add_time= 0.000323210
2750 0.000038620 2750 0.000008908 add_time= 0.000080307
2550 0.000082329 2550 0.000024901 add_time= 0.000146249
2500 0.000087269 2500 0.000008418 add_time= 0.000123523
2750 0.000025955 2750 0.000008067 add_time= 0.000069668
2500 0.000103546 2500 0.000007384 add_time= 0.000130217
2808 0.000087027 2808 0.000007299 add_time= 0.000111737
2600 0.000040627 2600 0.000006471 add_time= 0.000063553
2500 0.000065125 2500 0.000007497 add_time= 0.000100279
2970 0.000042895 2970 0.000007318 add_time= 0.000078773
1250 0.000084067 1250 0.000006314 add_time= 0.000104612
2500 0.000343907 2500 0.000006423 add_time= 0.000378347
2860 0.000058772 2860 0.000009038 add_time= 0.000083333
2750 0.000060111 2750 0.000006503 add_time= 0.000079913
2550 0.000069545 2550 0.000007029 add_time= 0.000092105
2500 0.000031190 2500 0.000006783 add_time= 0.000053151
2500 0.000245437 2500 0.000006706 add_time= 0.000269742
2500 0.000080445 2500 0.000009333 add_time= 0.000104968
2550 0.000051638 2550 0.000005800 add_time= 0.000070891
1250 0.000085635 1250 0.000005694 add_time= 0.000104082
2500 0.000077631 2500 0.000006265 add_time= 0.000099253
1250 0.000361095 1250 0.000005671 add_time= 0.000380038
2500 0.000031510 2500 0.000006699 add_time= 0.000053171
2970 0.000063925 2970 0.000006835 add_time= 0.000086824
2500 0.000040527 2500 0.000006885 add_time= 0.000062707
2750 0.000069899 2750 0.000006494 add_time= 0.000091719
2500 0.000066238 2500 0.000006337 add_time= 0.000087522
2650 0.000276822 2650 0.000006616 add_time= 0.000318640
1250 0.000052829 1250 0.000005856 add_time= 0.000071543
2550 0.000018447 2550 0.000014360 add_time= 0.000048281
1250 0.000074507 1250 0.000005197 add_time= 0.000091059
2500 0.000099539 2500 0.000005978 add_time= 0.000120245
2500 0.000262891 2500 0.000006467 add_time= 0.000285085
2550 0.000037231 2550 0.000014670 add_time= 0.000067296
2550 0.000029535 2550 0.000013879 add_time= 0.000058485
2805 0.000040241 2805 0.000006069 add_time= 0.000060206
2500 0.000078549 2500 0.000006246 add_time= 0.000098089
2756 0.000263241 2756 0.000006919 add_time= 0.000285630
2500 0.000069056 2500 0.000006273 add_time= 0.000088917
2805 0.000035983 2805 0.000020032 add_time= 0.000086058
2750 0.000067998 2750 0.000006483 add_time= 0.000088035
2750 0.000098533 2750 0.000011552 add_time= 0.000123248
2550 0.000222668 2550 0.000006195 add_time= 0.000244977
2915 0.000073780 2915 0.000006687 add_time= 0.000107142
2915 0.000117118 2915 0.000005510 add_time= 0.000136202
2500 0.000074825 2500 0.000006345 add_time= 0.000094071
2550 0.000068267 2550 0.000006108 add_time= 0.000087998
2500 0.000092614 2500 0.000005463 add_time= 0.000112206
2550 0.000178994 2550 0.000006404 add_time= 0.000200479
2500 0.000061381 2500 0.000006196 add_time= 0.000093639
1250 0.000044390 1250 0.000005800 add_time= 0.000063190
2754 0.000062961 2754 0.000005992 add_time= 0.000083263
2500 0.000040159 2500 0.000005772 add_time= 0.000059134
2500 0.000241802 2500 0.000006168 add_time= 0.000263750
2970 0.000047853 2970 0.000006731 add_time= 0.000083396
1250 0.000011431 1250 0.000028189 add_time= 0.000050699
2550 0.000013959 2550 0.000013938 add_time= 0.000041442
2970 0.000026665 2970 0.000006048 add_time= 0.000053574
2650 0.000356686 2650 0.000008429 add_time= 0.000387872
3025 0.000443023 3025 0.000008133 add_time= 0.000469546
2550 0.000062691 2550 0.000010880 add_time= 0.000098698
2700 0.000150539 2700 0.000006949 add_time= 0.000173915
2650 0.000513881 2650 0.000007469 add_time= 0.000538373
2750 0.000077635 2750 0.000006747 add_time= 0.000111577
2750 0.000009156 2750 0.000014510 add_time= 0.000038233
2601 0.000039520 2601 0.000007066 add_time= 0.000070490
2805 0.000038112 2805 0.000007041 add_time= 0.000070228
1250 0.000080415 1250 0.000006256 add_time= 0.000098861
2650 0.000124567 2650 0.000009134 add_time= 0.000151381
2750 0.000109301 2750 0.000007283 add_time= 0.000141489
2600 0.000027702 2600 0.000006866 add_time= 0.000051228
2750 0.000050037 2750 0.000006955 add_time= 0.000073625
2600 0.000151352 2600 0.000006348 add_time= 0.000176116
1375 0.000072722 1375 0.000013806 add_time= 0.000100440
2750 0.000497378 2750 0.000007003 add_time= 0.000523583
2500 0.000122424 2500 0.000010110 add_time= 0.000162506
2805 0.000009254 2805 0.000022594 add_time= 0.000047645
2805 0.000032646 2805 0.000006836 add_time= 0.000065331
2915 0.000095866 2915 0.000006722 add_time= 0.000127271
2500 0.000144334 2500 0.000007514 add_time= 0.000169036
2750 0.000080396 2750 0.000006837 add_time= 0.000103573
2915 0.000303472 2915 0.000006736 add_time= 0.000345575
1275 0.000026263 1275 0.000006202 add_time= 0.000046519
2700 0.000028317 2700 0.000006429 add_time= 0.000053851
2650 0.000114044 2650 0.000007104 add_time= 0.000149514
2600 0.000097945 2600 0.000018664 add_time= 0.000132139
2750 0.000107609 2750 0.000006594 add_time= 0.000138474
2805 0.000026961 2805 0.000048052 add_time= 0.000097954
2805 0.000095077 2805 0.000006206 add_time= 0.000115309
2500 0.000138529 2500 0.000005764 add_time= 0.000157808
2500 0.000049769 2500 0.000007004 add_time= 0.000075666
2600 0.000291894 2600 0.000007203 add_time= 0.000335906
2750 0.000054768 2750 0.000006821 add_time= 0.000077470
2650 0.000026625 2650 0.000008387 add_time= 0.000048701
2750 0.000005896 2750 0.000013379 add_time= 0.000036456
2550 0.000045615 2550 0.000006502 add_time= 0.000067770
2750 0.000258919 2750 0.000007258 add_time= 0.000282590
1325 0.000139684 1325 0.000005678 add_time= 0.000167776
2750 0.000045724 2750 0.000006851 add_time= 0.000070818
2500 0.000044847 2500 0.000006627 add_time= 0.000067221
1250 0.000095091 1250 0.000005586 add_time= 0.000114259
2500 0.000079342 2500 0.000007401 add_time= 0.000103180
1325 0.000139526 1325 0.000005688 add_time= 0.000157458
2500 0.000053311 2500 0.000008976 add_time= 0.000128355
2600 0.000027365 2600 0.000007911 add_time= 0.000075991
2750 0.000029548 2750 0.000007097 add_time= 0.000062985
2970 0.000040871 2970 0.000025970 add_time= 0.000093143
2500 0.000038812 2500 0.000010421 add_time= 0.000083548
2550 0.000023935 2550 0.000008074 add_time= 0.000069354
2650 0.000258390 2650 0.000006818 add_time= 0.000281928
2860 0.000074524 2860 0.000006366 add_time= 0.000096804
2750 0.000028835 2750 0.000006120 add_time= 0.000050275
2550 0.000102018 2550 0.000005838 add_time= 0.000121730
2550 0.000014736 2550 0.000022486 add_time= 0.000061721
2500 0.000078100 2500 0.000006754 add_time= 0.000100606
625 0.000069748 625 0.000006348 add_time= 0.000088815
2704 0.000072879 2704 0.000007444 add_time= 0.000096305
2550 0.000064583 2550 0.000006352 add_time= 0.000101294
2500 0.000073319 2500 0.000012996 add_time= 0.000101712
2750 0.000018720 2750 0.000014111 add_time= 0.000048490
2550 0.000069916 2550 0.000006202 add_time= 0.000091059
2970 0.000047556 2970 0.000006380 add_time= 0.000068722
1250 0.000070897 1250 0.000006564 add_time= 0.000101195
2500 0.000103891 2500 0.000018320 add_time= 0.000145888
2750 0.000157160 2750 0.000006999 add_time= 0.000180410
2750 0.000064480 2750 0.000006955 add_time= 0.000087463
2550 0.000048167 2550 0.000006476 add_time= 0.000078844
2750 0.000131780 2750 0.000006465 add_time= 0.000153898
2600 0.000071227 2600 0.000006800 add_time= 0.000094668
2756 0.000108500 2756 0.000005874 add_time= 0.000128224
3025 0.000097916 3025 0.000006676 add_time= 0.000120387
2550 0.000017210 2550 0.000029416 add_time= 0.000070300
2550 0.000109255 2550 0.000005861 add_time= 0.000128405
1250 0.000064157 1250 0.000005242 add_time= 0.000080388
2500 0.000207840 2500 0.000016140 add_time= 0.000239373
2750 0.000030893 2750 0.000015355 add_time= 0.000071077
2500 0.000046778 2500 0.000005653 add_time= 0.000065309
2550 0.000021967 2550 0.000012746 add_time= 0.000048017
2750 0.000068479 2750 0.000006232 add_time= 0.000104880
1300 0.000050651 1300 0.000005114 add_time= 0.000066728
2915 0.000136896 2915 0.000006701 add_time= 0.000159510
2500 0.000047695 2500 0.000006483 add_time= 0.000068092
2500 0.000077894 2500 0.000005619 add_time= 0.000096809
2750 0.000045646 2750 0.000011532 add_time= 0.000071069
2550 0.000024511 2550 0.000005638 add_time= 0.000043152
2600 0.000074616 2600 0.000006971 add_time= 0.000115353
2600 0.000034805 2600 0.000006523 add_time= 0.000056256
2808 0.000032976 2808 0.000005606 add_time= 0.000051926
2750 0.000090469 2750 0.000006785 add_time= 0.000112930
2600 0.000050104 2600 0.000005799 add_time= 0.000069408
2805 0.000078711 2805 0.000006566 add_time= 0.000101080
1250 0.001422388 1250 0.000005711 add_time= 0.001439596
2704 0.000127046 2704 0.000006750 add_time= 0.000149726
2860 0.000129161 2860 0.000006531 add_time= 0.000151801
2750 0.000123018 2750 0.000015059 add_time= 0.000152571
2750 0.000061037 2750 0.000006398 add_time= 0.000083133
2600 0.000091237 2600 0.000005893 add_time= 0.000110837
2500 0.000246477 2500 0.000007337 add_time= 0.000280468
2970 0.000063266 2970 0.000007462 add_time= 0.000087411
2750 0.000016154 2750 0.000013963 add_time= 0.000044436
2750 0.000038733 2750 0.000006169 add_time= 0.000069745
2550 0.000051985 2550 0.000005709 add_time= 0.000074402
2500 0.000062576 2500 0.000005982 add_time= 0.000081863
2700 0.000248511 2700 0.000006908 add_time= 0.000277976
2500 0.000055876 2500 0.000016297 add_time= 0.000088903
2750 0.000048200 2750 0.000006215 add_time= 0.000069507
1275 0.000044707 1275 0.000011372 add_time= 0.000067403
2500 0.000261464 2500 0.000005578 add_time= 0.000280335
2860 0.000051181 2860 0.000006543 add_time= 0.000072376
2860 0.000200735 2860 0.000007362 add_time= 0.000225257
2500 0.000108556 2500 0.000006097 add_time= 0.000128079
3025 0.000034169 3025 0.000024204 add_time= 0.000072719
2703 0.000054725 2703 0.000006769 add_time= 0.000075574
2500 0.000269132 2500 0.000006276 add_time= 0.000288914
2750 0.000070525 2750 0.000006022 add_time= 0.000090416
2600 0.000479129 2600 0.000009063 add_time= 0.000509385
2600 0.001294510 2600 0.000007037 add_time= 0.001317176
2500 0.000151784 2500 0.000014817 add_time= 0.000183426
2601 0.000014985 2601 0.000023287 add_time= 0.000053692
2500 0.000104644 2500 0.000007007 add_time= 0.000128166
2805 0.000025083 2805 0.000007149 add_time= 0.000050602
2600 0.000135718 2600 0.000006836 add_time= 0.000169915
2500 0.000103688 2500 0.000006272 add_time= 0.000132655
2750 0.000017051 2750 0.000021835 add_time= 0.000055612
2500 0.000052942 2500 0.000006805 add_time= 0.000074203
2700 0.000073710 2700 0.000006732 add_time= 0.000097176
2550 0.000458794 2550 0.000006670 add_time= 0.000481652
2600 0.000035940 2600 0.000006054 add_time= 0.000057506
2805 0.000006732 2805 0.000024319 add_time= 0.000055902
2550 0.000115694 2550 0.000006206 add_time= 0.000137164
1375 0.000028554 1375 0.000006048 add_time= 0.000048169
2600 0.000235440 2600 0.000007619 add_time= 0.000279953
2500 0.000058838 2500 0.000006566 add_time= 0.000092400
2601 0.000010524 2601 0.000021369 add_time= 0.000047675
2970 0.000041072 2970 0.000007123 add_time= 0.000065750
1375 0.000055823 1375 0.000006473 add_time= 0.000076588
2550 0.000182026 2550 0.000007530 add_time= 0.000220436
1300 0.000030171 1300 0.000005755 add_time= 0.000049424
2750 0.000140140 2750 0.000007004 add_time= 0.000164296
2754 0.000007487 2754 0.000015041 add_time= 0.000039417
2700 0.000029530 2700 0.000006391 add_time= 0.000051694
1375 0.000063340 1375 0.000005938 add_time= 0.000093872
2600 0.000238383 2600 0.000006640 add_time= 0.000269849
2750 0.000066710 2750 0.000008298 add_time= 0.000089835
3025 0.000017253 3025 0.000015364 add_time= 0.000057097
2550 0.000134516 2550 0.000006656 add_time= 0.000157062
2754 0.000087723 2754 0.000006672 add_time= 0.000111950
1300 0.000102101 1300 0.000005673 add_time= 0.000120548
1325 0.000185482 1325 0.000006572 add_time= 0.000205734
2500 0.000170303 2500 0.000006613 add_time= 0.000192615
2550 0.000049019 2550 0.000006573 add_time= 0.000086059
2652 0.000187748 2652 0.000006221 add_time= 0.000209218
2650 0.000164753 2650 0.000006431 add_time= 0.000186441
2650 0.000280660 2650 0.000008115 add_time= 0.000323591
2650 0.000029456 2650 0.000006791 add_time= 0.000060110
2750 0.000044175 2750 0.000006507 add_time= 0.000072668
2550 0.000046019 2550 0.000006686 add_time= 0.000076887
2970 0.000034185 2970 0.000006252 add_time= 0.000061948
2750 0.000006865 2750 0.000009547 add_time= 0.000083469
2860 0.000097350 2860 0.000008956 add_time= 0.000151944
2860 0.000098396 2860 0.000008010 add_time= 0.000151406
2550 0.000040453 2550 0.000031388 add_time= 0.000142346
2805 0.000025981 2805 0.000008299 add_time= 0.000083252
2500 0.000030619 2500 0.000008302 add_time= 0.000086541
2650 0.000223693 2650 0.000006213 add_time= 0.000266239
2750 0.000119256 2750 0.000007431 add_time= 0.000146727
3025 0.000046215 3025 0.000006196 add_time= 0.000075362
2550 0.000008442 2550 0.000030569 add_time= 0.000061633
2500 0.000080922 2500 0.000006668 add_time= 0.000110803
2700 0.000108571 2700 0.000015004 add_time= 0.000156289
2756 0.000150958 2756 0.000006953 add_time= 0.000175834
2860 0.000120131 2860 0.000006688 add_time= 0.000142275
2600 0.000131587 2600 0.000006738 add_time= 0.000153387
2550 0.000169525 2550 0.000009996 add_time= 0.000193783
2750 0.000092017 2750 0.000006334 add_time= 0.000111392
2500 0.000301378 2500 0.000006296 add_time= 0.000324398
2750 0.000109630 2750 0.000007426 add_time= 0.000133186
2500 0.000093476 2500 0.000007468 add_time= 0.000116213
2703 0.000162399 2703 0.000006415 add_time= 0.000183221
2500 0.000134285 2500 0.000006986 add_time= 0.000156150
2550 0.000216190 2550 0.000007031 add_time= 0.000240934
2860 0.000059686 2860 0.000006973 add_time= 0.000089348
2500 0.000040854 2500 0.000006355 add_time= 0.000062054
2750 0.000058867 2750 0.000006852 add_time= 0.000081628
1350 0.000090801 1350 0.000006080 add_time= 0.000109979
2500 0.000171029 2500 0.000005976 add_time= 0.000190712
1250 0.000337579 1250 0.000006992 add_time= 0.000359117
2915 0.000061207 2915 0.000007089 add_time= 0.000091761
2600 0.000042653 2600 0.000006567 add_time= 0.000064562
2550 0.000285037 2550 0.000006721 add_time= 0.000307079
2550 0.000131286 2550 0.000007738 add_time= 0.000154067
1250 0.000121643 1250 0.000012820 add_time= 0.000147482
2550 0.000134652 2550 0.000006451 add_time= 0.000172196
3025 0.000067350 3025 0.000006542 add_time= 0.000089541
2550 0.000023980 2550 0.000015043 add_time= 0.000054525
2601 0.000193751 2601 0.000006803 add_time= 0.000214490
2754 0.000111268 2754 0.000006046 add_time= 0.000130447
1375 0.000149190 1375 0.000005873 add_time= 0.000167894
2700 0.000101531 2700 0.000006573 add_time= 0.000125237
2970 0.000069485 2970 0.000006662 add_time= 0.000092608
2550 0.000122107 2550 0.000006460 add_time= 0.000144162
2550 0.000080000 2550 0.000006135 add_time= 0.000101350
2500 0.000065150 2500 0.000007164 add_time= 0.000093215
2750 0.000301704 2750 0.000007604 add_time= 0.000327360
2500 0.000120511 2500 0.000006729 add_time= 0.000142588
3025 0.000016955 3025 0.000017283 add_time= 0.000056065
2805 0.000185336 2805 0.000007028 add_time= 0.000212107
2750 0.000073220 2750 0.000006497 add_time= 0.000095208
2550 0.000209089 2550 0.000015110 add_time= 0.000245086
2600 0.000097542 2600 0.000006181 add_time= 0.000136325
2805 0.000038065 2805 0.000006899 add_time= 0.000059339
2500 0.000063061 2500 0.000006809 add_time= 0.000083519
2500 0.000071117 2500 0.000008280 add_time= 0.000095335
2808 0.000071935 2808 0.000007188 add_time= 0.000095328
1250 0.000129290 1250 0.000006880 add_time= 0.000149042
2500 0.000318314 2500 0.000006833 add_time= 0.000341482
2600 0.000075292 2600 0.000006938 add_time= 0.000096144
2750 0.000087978 2750 0.000006715 add_time= 0.000110115
2750 0.000017350 2750 0.000015410 add_time= 0.000047856
2601 0.000056326 2601 0.000006884 add_time= 0.000078108
2500 0.000233017 2500 0.000006887 add_time= 0.000266462
2550 0.000099683 2550 0.000006579 add_time= 0.000123912
2652 0.000059676 2652 0.000018027 add_time= 0.000091951
1375 0.000052213 1375 0.000006908 add_time= 0.000077602
2601 0.000166627 2601 0.000007719 add_time= 0.000189684
2550 0.000115253 2550 0.000006066 add_time= 0.000134543
2703 0.000511553 2703 0.000009118 add_time= 0.000543068
2650 0.000185009 2650 0.000007323 add_time= 0.000226401
1375 0.000028973 1375 0.000007088 add_time= 0.000048511
2601 0.000017098 2601 0.000030840 add_time= 0.000061625
2750 0.000123789 2750 0.000006140 add_time= 0.000145803
2805 0.000112482 2805 0.000007399 add_time= 0.000139720
2500 0.000071584 2500 0.000025002 add_time= 0.000112542
2500 0.000215573 2500 0.000007015 add_time= 0.000238262
2500 0.000084083 2500 0.000006853 add_time= 0.000106340
2550 0.000110462 2550 0.000006213 add_time= 0.000132162
2805 0.000117423 2805 0.000005958 add_time= 0.000138194
2970 0.000057254 2970 0.000005630 add_time= 0.000076897
1375 0.000172617 1375 0.000007413 add_time= 0.000197619
2704 0.000274488 2704 0.000007393 add_time= 0.000299868
2750 0.000267009 2750 0.000010066 add_time= 0.000292957
2550 0.000042142 2550 0.000006166 add_time= 0.000063723
2550 0.000181090 2550 0.000007842 add_time= 0.000213008
2916 0.000126635 2916 0.000007361 add_time= 0.000151336
2500 0.000228935 2500 0.000007040 add_time= 0.000256728
2704 0.000092243 2704 0.000006825 add_time= 0.000114364
2500 0.000074192 2500 0.000006776 add_time= 0.000107978
2601 0.000141222 2601 0.000028297 add_time= 0.000195325
2750 0.000211012 2750 0.000006641 add_time= 0.000234876
1250 0.000128291 1250 0.000006343 add_time= 0.000147556
2750 0.000045971 2750 0.000007639 add_time= 0.000077604
2652 0.000065244 2652 0.000007544 add_time= 0.000096896
2805 0.000120503 2805 0.000008267 add_time= 0.000159983
2652 0.000008009 2652 0.000016607 add_time= 0.000049172
2700 0.000198986 2700 0.000007783 add_time= 0.000223697
2915 0.000124969 2915 0.000006647 add_time= 0.000155150
2550 0.000072959 2550 0.000007154 add_time= 0.000094842
2600 0.000207733 2600 0.000006309 add_time= 0.000244061
2750 0.000134114 2750 0.000010778 add_time= 0.000161123
2700 0.000015229 2700 0.000027164 add_time= 0.000058324
2601 0.000190073 2601 0.000006963 add_time= 0.000212414
2550 0.000257757 2550 0.000005988 add_time= 0.000277165
2805 0.000084329 2805 0.000006632 add_time= 0.000108038
2750 0.000041803 2750 0.000006938 add_time= 0.000065115
2600 0.000047895 2600 0.000014899 add_time= 0.000089228
2750 0.000024911 2750 0.000005677 add_time= 0.000055015
2500 0.000060613 2500 0.000006345 add_time= 0.000082154
2500 0.000249359 2500 0.000006516 add_time= 0.000271651
2500 0.000098401 2500 0.000006015 add_time= 0.000123787
2500 0.000161050 2500 0.000006339 add_time= 0.000184186
2750 0.000091481 2750 0.000007227 add_time= 0.000114589
2750 0.000085324 2750 0.000007141 add_time= 0.000106433
2700 0.000006829 2700 0.000026516 add_time= 0.000046864
2550 0.000086074 2550 0.000006184 add_time= 0.000105183
2700 0.000041705 2700 0.000006639 add_time= 0.000062009
2750 0.000060437 2750 0.000009747 add_time= 0.000133744
2860 0.000045796 2860 0.000020357 add_time= 0.000106990
2750 0.000082330 2750 0.000008162 add_time= 0.000114873
2652 0.000085910 2652 0.000008234 add_time= 0.000119045
2500 0.000062852 2500 0.000009919 add_time= 0.000098683
2500 0.000225723 2500 0.000006123 add_time= 0.000250002
2860 0.000045422 2860 0.000013350 add_time= 0.000075101
2550 0.000059610 2550 0.000006330 add_time= 0.000095953
2500 0.000041108 2500 0.000006143 add_time= 0.000063169
2970 0.000034696 2970 0.000005625 add_time= 0.000053151
1300 0.000051525 1300 0.000004811 add_time= 0.000067019
2600 0.000262161 2600 0.000005979 add_time= 0.000283605
2700 0.000074127 2700 0.000006193 add_time= 0.000095055
2500 0.000142141 2500 0.000005823 add_time= 0.000174361
2750 0.000028592 2750 0.000013586 add_time= 0.000057379
2805 0.000075047 2805 0.000006955 add_time= 0.000097948
2970 0.000031650 2970 0.000015015 add_time= 0.000062199
1325 0.000156252 1325 0.000005931 add_time= 0.000175013
2808 0.000330915 2808 0.000006443 add_time= 0.000351824
2805 0.000239071 2805 0.000006091 add_time= 0.000260473
2650 0.000079374 2650 0.000006254 add_time= 0.000100839
1275 0.000039117 1275 0.000008275 add_time= 0.000058107
2860 0.000076599 2860 0.000020440 add_time= 0.000112669
2500 0.000118399 2500 0.000006240 add_time= 0.000144799
2600 0.000197298 2600 0.000006669 add_time= 0.000217850
2750 0.000224753 2750 0.000008267 add_time= 0.000246584
2703 0.000016188 2703 0.000013635 add_time= 0.000045378
2700 0.000094768 2700 0.000006284 add_time= 0.000116089
1375 0.000024370 1375 0.000006487 add_time= 0.000043373
2650 0.000108003 2650 0.000006350 add_time= 0.000129708
1300 0.000283430 1300 0.000005289 add_time= 0.000299523
2750 0.000114934 2750 0.000005676 add_time= 0.000133525
2500 0.000096097 2500 0.000006228 add_time= 0.000117219
2500 0.000090277 2500 0.000006181 add_time= 0.000111419
2652 0.000026918 2652 0.000012255 add_time= 0.000052102
2750 0.000028083 2750 0.000006430 add_time= 0.000049417
2915 0.000138869 2915 0.000007170 add_time= 0.000166670
2600 0.000050723 2600 0.000006035 add_time= 0.000071183
3025 0.000276341 3025 0.000013626 add_time= 0.000305859
2700 0.000013622 2700 0.000013240 add_time= 0.000040094
2601 0.000051714 2601 0.000006220 add_time= 0.000072764
2500 0.000066745 2500 0.000006311 add_time= 0.000096800
2756 0.000148209 2756 0.000006470 add_time= 0.000169856
2600 0.000033927 2600 0.000008869 add_time= 0.000056142
3025 0.000040703 3025 0.000005441 add_time= 0.000059529
2750 0.000160149 2750 0.000007322 add_time= 0.000179875
2500 0.000050626 2500 0.000007732 add_time= 0.000070577
2550 0.000038337 2550 0.000006215 add_time= 0.000058942
3025 0.000037894 3025 0.000006525 add_time= 0.000059807
2860 0.000125423 2860 0.000006784 add_time= 0.000147329
2750 0.000129117 2750 0.000007173 add_time= 0.000151029
2500 0.000061650 2500 0.000005924 add_time= 0.000081614
1250 0.000024110 1250 0.000005833 add_time= 0.000042419
2700 0.000087327 2700 0.000006333 add_time= 0.000108367
2550 0.000057771 2550 0.000008058 add_time= 0.000089332
2703 0.000300733 2703 0.000007015 add_time= 0.000323207
2500 0.000087782 2500 0.000005640 add_time= 0.000106445
2500 0.000188076 2500 0.000006509 add_time= 0.000209331
2550 0.000055007 2550 0.000011209 add_time= 0.000081525
2700 0.000079846 2700 0.000006489 add_time= 0.000101012
1250 0.000022144 1250 0.000005886 add_time= 0.000040191
2704 0.000177134 2704 0.000009732 add_time= 0.000201098
2500 0.000119839 2500 0.000018671 add_time= 0.000156245
2500 0.000025177 2500 0.000005792 add_time= 0.000044363
2754 0.000014827 2754 0.000013337 add_time= 0.000041438
1250 0.000046904 1250 0.000005101 add_time= 0.000062251
1375 0.000064530 1375 0.000005240 add_time= 0.000080254
2750 0.000076867 2750 0.000006236 add_time= 0.000097741
2756 0.000042241 2756 0.000005460 add_time= 0.000060358
2805 0.000263547 2805 0.000005271 add_time= 0.000293214
2550 0.000013803 2550 0.000011923 add_time= 0.000045826
2700 0.000025365 2700 0.000005841 add_time= 0.000044125
2500 0.000089959 2500 0.000006011 add_time= 0.000116505
2860 0.000138452 2860 0.000006824 add_time= 0.000167077
2860 0.000081213 2860 0.000006619 add_time= 0.000104648
2750 0.000252199 2750 0.000006015 add_time= 0.000272696
2550 0.000019531 2550 0.000022846 add_time= 0.000058629
2550 0.000241010 2550 0.000006431 add_time= 0.000263945
2860 0.000126455 2860 0.000006248 add_time= 0.000147404
2550 0.000454065 2550 0.000007344 add_time= 0.000480896
2750 0.000150960 2750 0.000007194 add_time= 0.000174860
3025 0.000007495 3025 0.000014334 add_time= 0.000036430
2500 0.000039215 2500 0.000019927 add_time= 0.000081239
2754 0.000067236 2754 0.000006635 add_time= 0.000090681
1350 0.000019812 1350 0.000005788 add_time= 0.000038989
2550 0.000126286 2550 0.000007533 add_time= 0.000150511
2750 0.000060174 2750 0.000006435 add_time= 0.000101848
2915 0.000006890 2915 0.000026452 add_time= 0.000054510
2601 0.000219775 2601 0.000006543 add_time= 0.000240367
2550 0.000044853 2550 0.000006274 add_time= 0.000065930
2500 0.000124957 2500 0.000006978 add_time= 0.000147733
2500 0.000076912 2500 0.000006438 add_time= 0.000099183
2500 0.000134648 2500 0.000006652 add_time= 0.000160939
2550 0.000151688 2550 0.000006756 add_time= 0.000174518
2862 0.000252320 2862 0.000006391 add_time= 0.000273349
1250 0.000033015 1250 0.000005994 add_time= 0.000051942
