2550 0.000251376 2550 0.000014378 add_time= 0.001838168
2703 0.000027904 2703 0.000008232 add_time= 0.000054419
1375 0.000045775 1375 0.000005691 add_time= 0.000067064
2750 0.000104698 2750 0.000008072 add_time= 0.000135739
2970 0.000055474 2970 0.000015133 add_time= 0.000089314
2750 0.000096293 2750 0.000006203 add_time= 0.000123658
2500 0.000633087 2500 0.000011172 add_time= 0.000694889
2650 0.000007396 2650 0.000034010 add_time= 0.000060701
2750 0.000184162 2750 0.000009728 add_time= 0.000237348
2500 0.000072263 2500 0.000008712 add_time= 0.000104082
2915 0.000313142 2915 0.000007290 add_time= 0.000340931
2700 0.000152924 2700 0.000007857 add_time= 0.000179155
2600 0.000325179 2600 0.000008989 add_time= 0.000471714
2601 0.000280096 2601 0.000012200 add_time= 0.000371785
2500 0.000902712 2500 0.000008697 add_time= 0.001014770
2500 0.000016417 2500 0.000022404 add_time= 0.000113247
2750 0.000145262 2750 0.000007406 add_time= 0.000271759
2500 0.000079317 2500 0.000007805 add_time= 0.000162101
2500 0.000327893 2500 0.000016023 add_time= 0.000365116
2600 0.000074816 2600 0.000007534 add_time= 0.000099667
2550 0.000065985 2550 0.000006551 add_time= 0.000087381
2756 0.000110656 2756 0.000010940 add_time= 0.000242710
2700 0.000054546 2700 0.000008486 add_time= 0.000095772
1250 0.000373931 1250 0.000007815 add_time= 0.000419010
1300 0.000117291 1300 0.000016420 add_time= 0.001795882
2750 0.000116176 2750 0.000017718 add_time= 0.000168372
1250 0.000106491 1250 0.000018178 add_time= 0.000145637
1375 0.000109554 1375 0.000009024 add_time= 0.000135871
3025 0.000049670 3025 0.000006778 add_time= 0.000084268
2500 0.000182388 2500 0.000007040 add_time= 0.000205835
2500 0.000129586 2500 0.000014083 add_time= 0.000184330
2550 0.000065653 2550 0.000006523 add_time= 0.000087892
2750 0.000168640 2750 0.000031844 add_time= 0.000218449
2915 0.000276784 2915 0.000009193 add_time= 0.000311673
2750 0.000337145 2750 0.000007910 add_time= 0.000393261
2500 0.000351936 2500 0.000007555 add_time= 0.000394763
3025 0.000178024 3025 0.000006940 add_time= 0.000210836
1375 0.000320331 1375 0.000006158 add_time= 0.000356502
2756 0.000145183 2756 0.000007307 add_time= 0.000179852
2750 0.000050569 2750 0.000006080 add_time= 0.000070914
2500 0.000195047 2500 0.000007780 add_time= 0.000219375
2650 0.000463389 2650 0.000007392 add_time= 0.000491819
2750 0.000183153 2750 0.000014850 add_time= 0.000214417
2805 0.000076854 2805 0.000007792 add_time= 0.000101357
2500 0.000279799 2500 0.000009357 add_time= 0.000324615
2805 0.000077598 2805 0.000049870 add_time= 0.000144265
625 0.000080811 625 0.000005883 add_time= 0.000103525
2805 0.000166607 2805 0.000010785 add_time= 0.000263524
2750 0.000086056 2750 0.000032549 add_time= 0.000150422
2550 0.000069047 2550 0.000007687 add_time= 0.000100022
1250 0.000042742 1250 0.000008848 add_time= 0.000097821
2500 0.000124485 2500 0.000015177 add_time= 0.001255057
2700 0.000042044 2700 0.000007300 add_time= 0.000065587
2500 0.000036092 2500 0.000006227 add_time= 0.000056472
2550 0.000115453 2550 0.000006330 add_time= 0.000136627
2550 0.000057005 2550 0.000005612 add_time= 0.000076411
2750 0.000025387 2750 0.000031822 add_time= 0.000083210
2600 0.000129933 2600 0.000007835 add_time= 0.000156966
2500 0.000035578 2500 0.000005892 add_time= 0.000055553
3025 0.000033615 3025 0.000006584 add_time= 0.000056139
2805 0.000059570 2805 0.000006576 add_time= 0.000082336
2550 0.000047139 2550 0.000005973 add_time= 0.000067634
2500 0.000049134 2500 0.000006550 add_time= 0.000071526
1250 0.000011475 1250 0.000012570 add_time= 0.000039257
2550 0.000087995 2550 0.000010519 add_time= 0.000180399
2805 0.000115722 2805 0.000008869 add_time= 0.000155915
1250 0.000107557 1250 0.000064779 add_time= 0.000188688
2500 0.000045762 2500 0.000006976 add_time= 0.000084279
2500 0.000066738 2500 0.000006697 add_time= 0.000088962
2750 0.000131288 2750 0.000059759 add_time= 0.000205478
1275 0.000005496 1275 0.000018134 add_time= 0.000048056
2600 0.000372904 2600 0.000007054 add_time= 0.000397816
2860 0.000072103 2860 0.000018550 add_time= 0.000108105
2650 0.000049887 2650 0.000006561 add_time= 0.000072832
2500 0.000056861 2500 0.000007069 add_time= 0.000089422
2500 0.000062700 2500 0.000007422 add_time= 0.000085919
2600 0.000317579 2600 0.000007889 add_time= 0.000384018
2500 0.000088747 2500 0.000006754 add_time= 0.000111808
3025 0.000099069 3025 0.000006374 add_time= 0.000125667
2805 0.000046986 2805 0.000007279 add_time= 0.000070082
2500 0.000137555 2500 0.000015405 add_time= 0.000169219
2600 0.000225921 2600 0.000007127 add_time= 0.000250074
2600 0.000248407 2600 0.000007635 add_time= 0.000272650
2500 0.000479736 2500 0.000007398 add_time= 0.000515054
2601 0.000240260 2601 0.000007049 add_time= 0.000274895
1350 0.000193326 1350 0.000006354 add_time= 0.000225448
2860 0.000063561 2860 0.000006841 add_time= 0.000091575
2550 0.000082453 2550 0.000006778 add_time= 0.000105701
2500 0.000552479 2500 0.000007415 add_time= 0.000576250
2550 0.000083845 2550 0.000007800 add_time= 0.000125236
2550 0.000070668 2550 0.000007041 add_time= 0.000100992
2808 0.000069574 2808 0.000006852 add_time= 0.000102353
2750 0.000038454 2750 0.000033393 add_time= 0.000086928
1250 0.000006453 1250 0.000009632 add_time= 0.000131785
2704 0.000045525 2704 0.000007916 add_time= 0.000093551
3025 0.000098112 3025 0.000019584 add_time= 0.000159102
2550 0.000078782 2550 0.000007745 add_time= 0.000109765
1250 0.000012008 1250 0.000008362 add_time= 0.000049208
1375 0.000006333 1375 0.000182266 add_time= 0.000232762
2500 0.000451666 2500 0.000008307 add_time= 0.000488153
2750 0.000584028 2750 0.000006729 add_time= 0.000610822
2500 0.000115074 2500 0.000023167 add_time= 0.000155011
2652 0.000057972 2652 0.000019508 add_time= 0.000094793
2750 0.000303049 2750 0.000007233 add_time= 0.000326275
2860 0.000224101 2860 0.000007642 add_time= 0.000250462
2500 0.000151316 2500 0.000006186 add_time= 0.000172518
2500 0.000278392 2500 0.000006429 add_time= 0.000300576
2550 0.000467368 2550 0.000007230 add_time= 0.000491467
2500 0.000186326 2500 0.000006724 add_time= 0.000209092
1250 0.000064398 1250 0.000006058 add_time= 0.000085386
2600 0.000099108 2600 0.000006048 add_time= 0.000121224
2750 0.000234121 2750 0.000007416 add_time= 0.000258213
2550 0.000361393 2550 0.000006954 add_time= 0.000394718
2700 0.000210527 2700 0.000007558 add_time= 0.000246108
1350 0.000006270 1350 0.000018920 add_time= 0.000046633
2600 0.000335278 2600 0.000006790 add_time= 0.000358682
3025 0.000161575 3025 0.000007290 add_time= 0.000185845
2600 0.000130596 2600 0.000006070 add_time= 0.000151041
2550 0.000205649 2550 0.000007817 add_time= 0.000243244
2650 0.000333432 2650 0.000018159 add_time= 0.000368937
2500 0.000015612 2500 0.000032908 add_time= 0.000070666
1250 0.000063813 1250 0.000005970 add_time= 0.000084499
2808 0.000044275 2808 0.000019390 add_time= 0.000105827
2500 0.000158067 2500 0.000006678 add_time= 0.000180411
2550 0.000118208 2550 0.000006724 add_time= 0.000141093
2550 0.000116769 2550 0.000007483 add_time= 0.000140206
2550 0.000181626 2550 0.000006795 add_time= 0.000222755
2550 0.000141806 2550 0.000006409 add_time= 0.000163489
2703 0.000204603 2703 0.000007082 add_time= 0.000231329
2550 0.000119670 2550 0.000006234 add_time= 0.000140740
3025 0.000028250 3025 0.000025407 add_time= 0.000071946
2500 0.000236333 2500 0.000006319 add_time= 0.000257897
2750 0.000258189 2750 0.000007862 add_time= 0.000283017
2500 0.000322071 2500 0.000022494 add_time= 0.000361068
2652 0.000210143 2652 0.000006722 add_time= 0.000232758
2970 0.000189188 2970 0.000035336 add_time= 0.000241707
2860 0.000067248 2860 0.000006132 add_time= 0.000092529
2600 0.000071904 2600 0.000015051 add_time= 0.000130296
2550 0.000074247 2550 0.000006314 add_time= 0.000095143
2700 0.000103027 2700 0.000006677 add_time= 0.000124785
2600 0.000149933 2600 0.000007523 add_time= 0.000173068
2700 0.000093047 2700 0.000008192 add_time= 0.000141715
2500 0.000037651 2500 0.000007830 add_time= 0.000079654
2750 0.000061765 2750 0.000017348 add_time= 0.000106536
2500 0.000072753 2500 0.000007960 add_time= 0.000105096
2500 0.000083811 2500 0.000008493 add_time= 0.000116545
2500 0.000071909 2500 0.000025147 add_time= 0.000119113
2500 0.000100898 2500 0.000017602 add_time= 0.000134362
2915 0.000045605 2915 0.000006349 add_time= 0.000067768
2750 0.000089347 2750 0.000010971 add_time= 0.000115951
2500 0.000069976 2500 0.000018840 add_time= 0.000104635
2700 0.000094791 2700 0.000006447 add_time= 0.000114920
1250 0.000006026 1250 0.000016903 add_time= 0.000036236
2500 0.000292319 2500 0.000007206 add_time= 0.000323171
2700 0.000094942 2700 0.000006503 add_time= 0.000116638
2600 0.000118170 2600 0.000006669 add_time= 0.000150737
2700 0.000145706 2700 0.000006342 add_time= 0.000168787
2500 0.000112158 2500 0.000007255 add_time= 0.000134237
2915 0.000537766 2915 0.000006803 add_time= 0.000566595
2500 0.000243187 2500 0.000007185 add_time= 0.000266244
2750 0.000085284 2750 0.000007184 add_time= 0.000112503
2750 0.000142463 2750 0.000007662 add_time= 0.000167425
2700 0.000074705 2700 0.000006462 add_time= 0.000096643
1275 0.000012650 1275 0.000013814 add_time= 0.000042024
2500 0.000102956 2500 0.000006981 add_time= 0.000126507
1300 0.000077831 1300 0.000005589 add_time= 0.000097264
2805 0.000051052 2805 0.000007029 add_time= 0.000083320
2805 0.000138367 2805 0.000008063 add_time= 0.000163139
2700 0.000139265 2700 0.000006908 add_time= 0.000173364
3025 0.000007342 3025 0.000029345 add_time= 0.000051791
2700 0.000213585 2700 0.000006888 add_time= 0.000236715
2860 0.000181666 2860 0.000006553 add_time= 0.000205317
2500 0.000088319 2500 0.000006683 add_time= 0.000110908
2750 0.000135864 2750 0.000007050 add_time= 0.000158761
2500 0.000114016 2500 0.000007127 add_time= 0.000136928
2600 0.000119109 2600 0.000006649 add_time= 0.000142273
2652 0.000149458 2652 0.000006972 add_time= 0.000172814
2600 0.000061965 2600 0.000007339 add_time= 0.000085151
2915 0.000089668 2915 0.000006443 add_time= 0.000111326
2805 0.000060159 2805 0.000005613 add_time= 0.000079496
2550 0.000129123 2550 0.000006878 add_time= 0.000152468
2700 0.000071958 2700 0.000006755 add_time= 0.000101508
2550 0.000206100 2550 0.000006657 add_time= 0.000229582
2600 0.000287276 2600 0.000006919 add_time= 0.000316543
2805 0.000082300 2805 0.000005874 add_time= 0.000102512
2500 0.000046878 2500 0.000006197 add_time= 0.000068262
2754 0.000049242 2754 0.000006400 add_time= 0.000077441
2808 0.000132992 2808 0.000006298 add_time= 0.000160380
1275 0.000006201 1275 0.000142140 add_time= 0.000172076
2600 0.000133973 2600 0.000008649 add_time= 0.000174691
1300 0.000086071 1300 0.000004992 add_time= 0.000109987
2550 0.000155102 2550 0.000007724 add_time= 0.000178761
2915 0.000052061 2915 0.000007299 add_time= 0.000074671
2550 0.000168122 2550 0.000018371 add_time= 0.000202711
2500 0.000149882 2500 0.000006809 add_time= 0.000183384
2500 0.000071639 2500 0.000006581 add_time= 0.000094213
2860 0.000058649 2860 0.000006787 add_time= 0.000080625
2750 0.000174725 2750 0.000007229 add_time= 0.000198052
2805 0.000357954 2805 0.000026823 add_time= 0.000399067
2652 0.000083071 2652 0.000028572 add_time= 0.000127131
2915 0.000292171 2915 0.000007070 add_time= 0.000315675
2600 0.000057331 2600 0.000007466 add_time= 0.000091481
2600 0.000043896 2600 0.000007343 add_time= 0.000068365
2805 0.000048864 2805 0.000006338 add_time= 0.000071364
2500 0.000047743 2500 0.000007356 add_time= 0.000086233
2970 0.000032162 2970 0.000006485 add_time= 0.000054744
3025 0.000006947 3025 0.000027597 add_time= 0.000050371
1250 0.000009017 1250 0.000014043 add_time= 0.000041139
2600 0.000114784 2600 0.000009390 add_time= 0.000171760
2750 0.000075504 2750 0.000008612 add_time= 0.000117329
2750 0.000040065 2750 0.000008204 add_time= 0.000095430
2805 0.000326788 2805 0.000037715 add_time= 0.000391680
2600 0.000071708 2600 0.000006440 add_time= 0.000094072
2600 0.000065334 2600 0.000006318 add_time= 0.000086986
2750 0.000178135 2750 0.000006339 add_time= 0.000200435
2805 0.000119075 2805 0.000014777 add_time= 0.000150239
2550 0.000120949 2550 0.000006355 add_time= 0.000141129
2750 0.000007512 2750 0.000025033 add_time= 0.000047730
2500 0.000063322 2500 0.000006432 add_time= 0.000084469
2704 0.000087126 2704 0.000006623 add_time= 0.000106887
2500 0.000084371 2500 0.000006376 add_time= 0.000105492
2805 0.000067039 2805 0.000010499 add_time= 0.000091838
2500 0.000349001 2500 0.000006989 add_time= 0.000380927
2805 0.000025011 2805 0.000015033 add_time= 0.000053556
1250 0.000031107 1250 0.000005900 add_time= 0.000049522
2860 0.000073101 2860 0.000005805 add_time= 0.000092744
2750 0.000063437 2750 0.000007455 add_time= 0.000086079
2860 0.000049925 2860 0.000006100 add_time= 0.000068736
2652 0.000092150 2652 0.000006960 add_time= 0.000114102
2550 0.000052736 2550 0.000015141 add_time= 0.000082581
2550 0.000014781 2550 0.000015180 add_time= 0.000043195
2500 0.000558734 2500 0.000010143 add_time= 0.000590487
2652 0.000134635 2652 0.000007168 add_time= 0.000157026
2500 0.000068050 2500 0.000007839 add_time= 0.000090698
2500 0.000158193 2500 0.000006340 add_time= 0.000178406
2750 0.000093171 2750 0.000006978 add_time= 0.000117248
2754 0.000217431 2754 0.000007287 add_time= 0.000241206
1325 0.000449879 1325 0.000006511 add_time= 0.000472328
2600 0.000186706 2600 0.000014236 add_time= 0.000216255
3025 0.000181970 3025 0.000006618 add_time= 0.000211300
3025 0.000065612 3025 0.000006526 add_time= 0.000087132
2550 0.000184439 2550 0.000007630 add_time= 0.000208442
1300 0.000006198 1300 0.000020996 add_time= 0.000041837
2600 0.000112087 2600 0.000006554 add_time= 0.000135298
2600 0.000098375 2600 0.000006343 add_time= 0.000120554
2500 0.000100527 2500 0.000006348 add_time= 0.000121123
3025 0.000091303 3025 0.000007242 add_time= 0.000114821
2750 0.000057272 2750 0.000006306 add_time= 0.000077734
2550 0.000144869 2550 0.000006922 add_time= 0.000167028
2700 0.000208314 2700 0.000006341 add_time= 0.000229312
3025 0.000007354 3025 0.000020901 add_time= 0.000055082
2750 0.000472166 2750 0.000006626 add_time= 0.000494351
2600 0.000116970 2600 0.000005970 add_time= 0.000137030
2750 0.000055412 2750 0.000014947 add_time= 0.000086547
3025 0.000057798 3025 0.000006773 add_time= 0.000080024
2550 0.000171794 2550 0.000006999 add_time= 0.000194514
2750 0.000237892 2750 0.000007279 add_time= 0.000261354
2860 0.000104739 2860 0.000023303 add_time= 0.000144427
2750 0.000103211 2750 0.000006317 add_time= 0.000133732
2970 0.000090713 2970 0.000007734 add_time= 0.000114779
2805 0.000054137 2805 0.000007889 add_time= 0.000088627
2500 0.000135773 2500 0.000007387 add_time= 0.000158865
1250 0.000005696 1250 0.000029948 add_time= 0.000051780
2600 0.000165158 2600 0.000007459 add_time= 0.000208104
1375 0.000051622 1375 0.000005804 add_time= 0.000074026
2750 0.000080051 2750 0.000006927 add_time= 0.000106050
2550 0.000766469 2550 0.000027541 add_time= 0.000810937
2750 0.000018564 2750 0.000016062 add_time= 0.000049384
1250 0.000227641 1250 0.000005794 add_time= 0.000247944
2600 0.000071798 2600 0.000006496 add_time= 0.000093745
2650 0.000106291 2650 0.000007081 add_time= 0.000129626
2550 0.000179175 2550 0.000006261 add_time= 0.000199992
2550 0.000161425 2550 0.000012850 add_time= 0.000190443
2550 0.000007027 2550 0.000015377 add_time= 0.000038556
2600 0.000177026 2600 0.000006226 add_time= 0.000201552
2750 0.000106503 2750 0.000006303 add_time= 0.000128625
2750 0.000084960 2750 0.000006489 add_time= 0.000105963
2550 0.000145755 2550 0.000006288 add_time= 0.000165665
2750 0.000104669 2750 0.000006157 add_time= 0.000124471
2500 0.000014804 2500 0.000035085 add_time= 0.000078083
2704 0.000091844 2704 0.000008006 add_time= 0.000149406
2600 0.000041651 2600 0.000006969 add_time= 0.000072329
2500 0.000041185 2500 0.000007367 add_time= 0.000073948
2550 0.000058355 2550 0.000008376 add_time= 0.000090327
2601 0.000063423 2601 0.000008033 add_time= 0.000095025
3025 0.000008173 3025 0.000028414 add_time= 0.000075899
2550 0.000187812 2550 0.000007223 add_time= 0.000212301
2550 0.000106781 2550 0.000005881 add_time= 0.000128075
2750 0.000048858 2750 0.000006639 add_time= 0.000080560
2500 0.000061053 2500 0.000006799 add_time= 0.000081868
2805 0.000076294 2805 0.000007177 add_time= 0.000099951
2970 0.000008192 2970 0.000035069 add_time= 0.000059586
2750 0.000061453 2750 0.000006369 add_time= 0.000083866
2600 0.000084679 2600 0.000006536 add_time= 0.000106293
2500 0.000156995 2500 0.000006537 add_time= 0.000178520
2500 0.000105609 2500 0.000007949 add_time= 0.000143694
2754 0.000154719 2754 0.000008856 add_time= 0.000190696
2860 0.000181625 2860 0.000006904 add_time= 0.000207507
2500 0.000109962 2500 0.000018041 add_time= 0.000143907
2652 0.000146187 2652 0.000016054 add_time= 0.000178095
2750 0.000043118 2750 0.000007316 add_time= 0.000066111
2600 0.000176371 2600 0.000006768 add_time= 0.000200674
2550 0.000114047 2550 0.000015288 add_time= 0.000164807
2550 0.000072653 2550 0.000006130 add_time= 0.000092486
2805 0.000060092 2805 0.000007325 add_time= 0.000083163
2916 0.000047061 2916 0.000007366 add_time= 0.000071043
1275 0.000011819 1275 0.000009181 add_time= 0.000035031
2600 0.000276653 2600 0.000006929 add_time= 0.000310448
2970 0.000066229 2970 0.000007196 add_time= 0.000096758
2750 0.000093568 2750 0.000006530 add_time= 0.000115286
2500 0.000462682 2500 0.000006817 add_time= 0.000485019
2500 0.000017317 2500 0.000024080 add_time= 0.000055431
2500 0.000118369 2500 0.000006799 add_time= 0.000141625
2500 0.000095167 2500 0.000006870 add_time= 0.000117143
2500 0.000195010 2500 0.000005899 add_time= 0.000214459
2805 0.000088342 2805 0.000006639 add_time= 0.000110295
2750 0.000197729 2750 0.000006850 add_time= 0.000220465
2500 0.000098868 2500 0.000006960 add_time= 0.000119387
2600 0.000539122 2600 0.000006651 add_time= 0.000560575
2500 0.000137627 2500 0.000006597 add_time= 0.000169639
2650 0.000364235 2650 0.000013611 add_time= 0.000393686
2652 0.000272088 2652 0.000006455 add_time= 0.000293250
2550 0.000044570 2550 0.000006728 add_time= 0.000075099
2500 0.000085611 2500 0.000006795 add_time= 0.000107853
2750 0.000048843 2750 0.000006763 add_time= 0.000071280
2500 0.000078159 2500 0.000007082 add_time= 0.000100659
2750 0.000083071 2750 0.000014624 add_time= 0.000111943
2550 0.000168338 2550 0.000007197 add_time= 0.000191172
2550 0.000007407 2550 0.000136038 add_time= 0.000158398
2600 0.000198388 2600 0.000006402 add_time= 0.000231623
2750 0.000221975 2750 0.000016886 add_time= 0.000254252
3025 0.000096874 3025 0.000010747 add_time= 0.000123768
2550 0.000155992 2550 0.000032210 add_time= 0.000203509
1250 0.000006118 1250 0.000009844 add_time= 0.000032746
2750 0.000169833 2750 0.000007960 add_time= 0.000214517
2500 0.000082344 2500 0.000006622 add_time= 0.000106875
2600 0.000103776 2600 0.000005855 add_time= 0.000123481
2652 0.000202388 2652 0.000006953 add_time= 0.000226142
2970 0.000236782 2970 0.000007824 add_time= 0.000270103
2500 0.000017833 2500 0.000015238 add_time= 0.000048351
2700 0.000279724 2700 0.000006831 add_time= 0.000303004
2600 0.000066834 2600 0.000006299 add_time= 0.000087489
2500 0.000148997 2500 0.000006466 add_time= 0.000170985
2750 0.000075769 2750 0.000006620 add_time= 0.000096801
2750 0.000342620 2750 0.000006567 add_time= 0.000373300
2500 0.000006268 2500 0.000014455 add_time= 0.000036590
2600 0.000050303 2600 0.000007265 add_time= 0.000080455
2600 0.000094208 2600 0.000024478 add_time= 0.000134880
2750 0.000030373 2750 0.000007052 add_time= 0.000055262
3025 0.000094414 3025 0.000006646 add_time= 0.000125536
1250 0.000133610 1250 0.000007668 add_time= 0.000158481
1250 0.000010032 1250 0.000014184 add_time= 0.000037821
2860 0.000132805 2860 0.000008906 add_time= 0.000187375
2650 0.000035954 2650 0.000007887 add_time= 0.000077852
2750 0.000038140 2750 0.000007510 add_time= 0.000070646
2601 0.000101389 2601 0.000027509 add_time= 0.000155360
2750 0.000038480 2750 0.000036778 add_time= 0.000103466
625 0.000004922 625 0.000009758 add_time= 0.000044107
2550 0.000060053 2550 0.000007115 add_time= 0.000087422
2652 0.000091424 2652 0.000006131 add_time= 0.000113484
2860 0.000073903 2860 0.000006960 add_time= 0.000098085
2500 0.000074388 2500 0.000012164 add_time= 0.000113952
2700 0.000083654 2700 0.000006907 add_time= 0.000107336
1250 0.000006007 1250 0.000017489 add_time= 0.000049052
2600 0.000049046 2600 0.000007427 add_time= 0.000076999
2600 0.000090028 2600 0.000006563 add_time= 0.000123602
2750 0.000090662 2750 0.000018015 add_time= 0.000124875
2750 0.000098188 2750 0.000006552 add_time= 0.000120655
2550 0.000093107 2550 0.000006743 add_time= 0.000116013
2750 0.000070717 2750 0.000013335 add_time= 0.000099552
1250 0.000256348 1250 0.000007590 add_time= 0.000300658
2750 0.000076462 2750 0.000006609 add_time= 0.000101165
2550 0.000059826 2550 0.000007066 add_time= 0.000082394
2970 0.000085733 2970 0.000007805 add_time= 0.000110241
1250 0.000128585 1250 0.000006850 add_time= 0.000150909
2750 0.000047425 2750 0.000006791 add_time= 0.000089044
2500 0.000084556 2500 0.000007124 add_time= 0.000112156
2805 0.000094337 2805 0.000006703 add_time= 0.000117090
2500 0.000053589 2500 0.000007356 add_time= 0.000076829
1250 0.000012559 1250 0.000010962 add_time= 0.000037050
2600 0.000081147 2600 0.000006842 add_time= 0.000105880
2700 0.000123744 2700 0.000013460 add_time= 0.000154009
2500 0.000143134 2500 0.000007189 add_time= 0.000166089
2550 0.000163985 2550 0.000006919 add_time= 0.000186985
2860 0.000116360 2860 0.000015325 add_time= 0.000148426
2860 0.000048039 2860 0.000008069 add_time= 0.000082835
2704 0.000058160 2704 0.000006563 add_time= 0.000080726
2500 0.000179264 2500 0.000006001 add_time= 0.000199884
3025 0.000085553 3025 0.000006789 add_time= 0.000107537
2550 0.000047947 2550 0.000006239 add_time= 0.000067911
2550 0.000132327 2550 0.000006891 add_time= 0.000154367
2750 0.000052049 2750 0.000018730 add_time= 0.000087433
2550 0.000094689 2550 0.000006948 add_time= 0.000128169
2750 0.000078561 2750 0.000007078 add_time= 0.000101565
2500 0.000243813 2500 0.000006358 add_time= 0.000265767
1300 0.000006421 1300 0.000016056 add_time= 0.000045611
2750 0.000518428 2750 0.000007496 add_time= 0.000541968
3025 0.000322085 3025 0.000007141 add_time= 0.000345746
2750 0.000069021 2750 0.000006601 add_time= 0.000091323
2550 0.000107462 2550 0.000006524 add_time= 0.000128738
2750 0.000007347 2750 0.000041131 add_time= 0.000064276
2600 0.000145740 2600 0.000006606 add_time= 0.000168240
2600 0.000049147 2600 0.000005819 add_time= 0.000069062
2600 0.000096852 2600 0.000006440 add_time= 0.000118335
2550 0.000106400 2550 0.000006733 add_time= 0.000128213
1350 0.000207669 1350 0.000006500 add_time= 0.000227859
2750 0.000007328 2750 0.000026713 add_time= 0.000048040
2860 0.000059372 2860 0.000006880 add_time= 0.000082555
2808 0.000073428 2808 0.000007050 add_time= 0.000100684
2750 0.000067264 2750 0.000006373 add_time= 0.000088444
2550 0.000063936 2550 0.000006491 add_time= 0.000091819
2550 0.000142879 2550 0.000006237 add_time= 0.000163194
1250 0.000005875 1250 0.000009827 add_time= 0.000029313
2550 0.000187812 2550 0.000006552 add_time= 0.000225752
2915 0.000049710 2915 0.000006743 add_time= 0.000077572
2750 0.000078983 2750 0.000006523 add_time= 0.000101137
2500 0.000043501 2500 0.000006204 add_time= 0.000064203
2700 0.000362263 2700 0.000006716 add_time= 0.000384880
1275 0.000023826 1275 0.000009922 add_time= 0.000053870
2500 0.000051533 2500 0.000006185 add_time= 0.000074249
2860 0.000054859 2860 0.000006257 add_time= 0.000076824
3025 0.000224707 3025 0.000007376 add_time= 0.000260002
2550 0.000100788 2550 0.000006355 add_time= 0.000139958
2650 0.000252067 2650 0.000006889 add_time= 0.000284117
2750 0.000311048 2750 0.000008261 add_time= 0.000336479
2550 0.000092286 2550 0.000006511 add_time= 0.000116230
2500 0.000034082 2500 0.000006073 add_time= 0.000055157
1375 0.000039170 1375 0.000005890 add_time= 0.000066861
2805 0.000079258 2805 0.000005999 add_time= 0.000099158
2970 0.000060053 2970 0.000007185 add_time= 0.000084043
2750 0.000104760 2750 0.000008551 add_time= 0.000171215
1250 0.000005171 1250 0.000010920 add_time= 0.000042241
2550 0.000086792 2550 0.000007750 add_time= 0.000120640
2600 0.000047243 2600 0.000008077 add_time= 0.000091502
2970 0.000060207 2970 0.000008194 add_time= 0.000105255
1250 0.000005359 1250 0.000024946 add_time= 0.000055356
2550 0.000148932 2550 0.000007132 add_time= 0.000173051
2808 0.000042284 2808 0.000009004 add_time= 0.000066125
2860 0.000093054 2860 0.000007319 add_time= 0.000127864
2601 0.000114454 2601 0.000014796 add_time= 0.000144673
2550 0.000071199 2550 0.000006213 add_time= 0.000092779
2750 0.000102914 2750 0.000007324 add_time= 0.000126851
2500 0.000191080 2500 0.000006838 add_time= 0.000213253
2704 0.000080148 2704 0.000007533 add_time= 0.000104921
2500 0.000155276 2500 0.000007327 add_time= 0.000177255
2500 0.000054341 2500 0.000006955 add_time= 0.000076041
2601 0.000072404 2601 0.000007290 add_time= 0.000093369
2860 0.000074820 2860 0.000006871 add_time= 0.000097100
2600 0.000073696 2600 0.000006610 add_time= 0.000102004
2860 0.000093281 2860 0.000010101 add_time= 0.000118965
2500 0.000024155 2500 0.000023189 add_time= 0.000062593
2500 0.000034740 2500 0.000006703 add_time= 0.000056538
2700 0.000028854 2700 0.000006828 add_time= 0.000051048
1375 0.000011265 1375 0.000066225 add_time= 0.000091457
2600 0.000042197 2600 0.000006460 add_time= 0.000063183
1300 0.000033631 1300 0.000005388 add_time= 0.000050745
3025 0.000035096 3025 0.000007021 add_time= 0.000058255
2550 0.000062561 2550 0.000006828 add_time= 0.000084384
2550 0.000098049 2550 0.000007754 add_time= 0.000121930
2750 0.000076475 2750 0.000011554 add_time= 0.000103897
2750 0.000337877 2750 0.000007220 add_time= 0.000361111
2500 0.000112352 2500 0.000012399 add_time= 0.000140072
2750 0.000109604 2750 0.000006978 add_time= 0.000131800
2805 0.000065961 2805 0.000006306 add_time= 0.000086027
2652 0.000046434 2652 0.000009773 add_time= 0.000069659
2550 0.000053450 2550 0.000007237 add_time= 0.000075670
2600 0.000015152 2600 0.000012787 add_time= 0.000041102
2550 0.000046170 2550 0.000006578 add_time= 0.000068112
2600 0.000048056 2600 0.000006390 add_time= 0.000069024
2860 0.000063581 2860 0.000006747 add_time= 0.000085948
2550 0.000103291 2550 0.000010066 add_time= 0.000128192
2550 0.000071877 2550 0.000006366 add_time= 0.000091385
2700 0.000048485 2700 0.000014885 add_time= 0.000076427
1250 0.000021153 1250 0.000076440 add_time= 0.000110280
2600 0.000199103 2600 0.000007481 add_time= 0.000233374
2652 0.000043194 2652 0.000005903 add_time= 0.000064024
2750 0.000149520 2750 0.000005769 add_time= 0.000169124
2652 0.000262731 2652 0.000015131 add_time= 0.000293728
2550 0.000272552 2550 0.000006613 add_time= 0.000294718
2970 0.000161131 2970 0.000006564 add_time= 0.000183306
2860 0.000110283 2860 0.000007132 add_time= 0.000134474
2652 0.000164103 2652 0.000006805 add_time= 0.000187170
3025 0.000094251 3025 0.000007284 add_time= 0.000118115
2750 0.000151193 2750 0.000006851 add_time= 0.000173728
2750 0.000127900 2750 0.000006485 add_time= 0.000150159
2860 0.000135364 2860 0.000006558 add_time= 0.000159110
2750 0.000064083 2750 0.000006965 add_time= 0.000095217
2750 0.000087167 2750 0.000008532 add_time= 0.000112033
2805 0.000337396 2805 0.000013437 add_time= 0.000366473
2700 0.000104598 2700 0.000006669 add_time= 0.000134537
2500 0.000006729 2500 0.000041811 add_time= 0.000063029
2550 0.000168103 2550 0.000006940 add_time= 0.000190839
2550 0.000146766 2550 0.000005890 add_time= 0.000176390
2500 0.000229930 2500 0.000005566 add_time= 0.000248429
2805 0.000222608 2805 0.000006864 add_time= 0.000256453
2550 0.000121665 2550 0.000007071 add_time= 0.000144124
2500 0.000006910 2500 0.000015442 add_time= 0.000036993
2550 0.000075240 2550 0.000006142 add_time= 0.000097832
2704 0.000073188 2704 0.000006768 add_time= 0.000095654
2860 0.000261135 2860 0.000006801 add_time= 0.000283481
2500 0.000085074 2500 0.000006157 add_time= 0.000104759
2805 0.000071773 2805 0.000007400 add_time= 0.000094991
2600 0.000072202 2600 0.000007039 add_time= 0.000094842
2650 0.000007636 2650 0.000016294 add_time= 0.000039236
2550 0.000209906 2550 0.000007625 add_time= 0.000256364
2500 0.000253281 2500 0.000005730 add_time= 0.000273807
2750 0.000056448 2750 0.000007086 add_time= 0.000093832
2601 0.000207759 2601 0.000005872 add_time= 0.000227967
2860 0.000126777 2860 0.000006938 add_time= 0.000150485
2652 0.000113566 2652 0.000006443 add_time= 0.000136048
2700 0.000290883 2700 0.000006492 add_time= 0.000318769
2750 0.000233774 2750 0.000005730 add_time= 0.000253228
2805 0.000068767 2805 0.000007365 add_time= 0.000109938
2652 0.000074728 2652 0.000020600 add_time= 0.000109350
2750 0.000007494 2750 0.000013927 add_time= 0.000037739
2500 0.000135602 2500 0.000007259 add_time= 0.000160700
2750 0.000148373 2750 0.000006413 add_time= 0.000170824
2600 0.000116648 2600 0.000006463 add_time= 0.000136191
2500 0.000038174 2500 0.000006376 add_time= 0.000058300
2600 0.000060433 2600 0.000006005 add_time= 0.000079803
1250 0.000005323 1250 0.000006977 add_time= 0.000049994
2600 0.000039344 2600 0.000007067 add_time= 0.000075122
3025 0.000048313 3025 0.000007171 add_time= 0.000082534
2860 0.000041237 2860 0.000006954 add_time= 0.000071100
2652 0.000085065 2652 0.000006466 add_time= 0.000113460
2700 0.000040738 2700 0.000007810 add_time= 0.000088750
2756 0.000068367 2756 0.000006261 add_time= 0.000090675
2860 0.000091881 2860 0.000007224 add_time= 0.000115005
3025 0.000213419 3025 0.000006773 add_time= 0.000235631
2500 0.000033971 2500 0.000005560 add_time= 0.000052556
2750 0.000076682 2750 0.000006363 add_time= 0.000097983
2704 0.000196277 2704 0.000023161 add_time= 0.000239602
2600 0.000086729 2600 0.000006948 add_time= 0.000110000
2915 0.000056465 2915 0.000014687 add_time= 0.000089210
2550 0.000082334 2550 0.000007310 add_time= 0.000105457
2750 0.000024641 2750 0.000016003 add_time= 0.000058177
2500 0.000403459 2500 0.000006999 add_time= 0.000429351
2750 0.000128125 2750 0.000007199 add_time= 0.000152383
3025 0.000056819 3025 0.000007294 add_time= 0.000081477
2805 0.000052094 2805 0.000008036 add_time= 0.000080171
2750 0.000019212 2750 0.000015989 add_time= 0.000063251
2750 0.000266884 2750 0.000007694 add_time= 0.000294013
2860 0.000091571 2860 0.000006640 add_time= 0.000124448
2750 0.000094473 2750 0.000018986 add_time= 0.000130468
2601 0.000085659 2601 0.000006192 add_time= 0.000112144
2550 0.000065108 2550 0.000014634 add_time= 0.000093835
2754 0.000087057 2754 0.000006704 add_time= 0.000108147
1375 0.000013632 1375 0.000011951 add_time= 0.000041274
2500 0.000224786 2500 0.000006921 add_time= 0.000250133
2500 0.000124862 2500 0.000006984 add_time= 0.000147939
2500 0.000052068 2500 0.000007339 add_time= 0.000075421
2750 0.000070081 2750 0.000006816 add_time= 0.000101888
2700 0.000071952 2700 0.000007269 add_time= 0.000095229
2750 0.000017368 2750 0.000015354 add_time= 0.000047476
2500 0.000053696 2500 0.000006615 add_time= 0.000078733
2652 0.000141237 2652 0.000006475 add_time= 0.000162608
1375 0.000064746 1375 0.000007079 add_time= 0.000087537
2750 0.000040168 2750 0.000006419 add_time= 0.000060832
2500 0.000036158 2500 0.000018804 add_time= 0.000071300
2750 0.000016935 2750 0.000014378 add_time= 0.000046520
2600 0.000227099 2600 0.000007094 add_time= 0.000253126
2750 0.000279565 2750 0.000006903 add_time= 0.000307761
2750 0.000079278 2750 0.000006817 add_time= 0.000101492
2550 0.000077393 2550 0.000006159 add_time= 0.000097614
2500 0.000066587 2500 0.000006121 add_time= 0.000088490
2550 0.000500709 2550 0.000007892 add_time= 0.000528231
2500 0.000350545 2500 0.000007283 add_time= 0.000373300
2550 0.000307950 2550 0.000006650 add_time= 0.000330609
2550 0.000542575 2550 0.000006307 add_time= 0.000572005
2601 0.000114190 2601 0.000006274 add_time= 0.000135132
2970 0.000026828 2970 0.000016595 add_time= 0.000058967
2550 0.000048431 2550 0.000006954 add_time= 0.000072204
3025 0.000229097 3025 0.000007497 add_time= 0.000254086
2500 0.000084317 2500 0.000006161 add_time= 0.000105069
3025 0.000167113 3025 0.000006613 add_time= 0.000188699
2601 0.000087479 2601 0.000007331 add_time= 0.000111105
2862 0.000098599 2862 0.000006637 add_time= 0.000128255
1250 0.000006744 1250 0.000016890 add_time= 0.000038906
2550 0.000280671 2550 0.000007496 add_time= 0.000306171
1300 0.000118338 1300 0.000005485 add_time= 0.000136885
2550 0.000228056 2550 0.000006956 add_time= 0.000249828
2652 0.000079882 2652 0.000018529 add_time= 0.000115941
1350 0.000160307 1350 0.000006665 add_time= 0.000181352
625 0.000005514 625 0.000010924 add_time= 0.000033710
2600 0.000077379 2600 0.000006494 add_time= 0.000101222
2600 0.000088440 2600 0.000006110 add_time= 0.000117514
2750 0.000082034 2750 0.000007430 add_time= 0.000117181
2600 0.000168900 2600 0.000006753 add_time= 0.000190007
2550 0.000064800 2550 0.000007611 add_time= 0.000088829
2750 0.000008559 2750 0.000015823 add_time= 0.000048981
2500 0.000126501 2500 0.000006146 add_time= 0.000149792
2805 0.000065057 2805 0.000006273 add_time= 0.000087815
1250 0.000073788 1250 0.000006268 add_time= 0.000103734
2550 0.000030724 2550 0.000018555 add_time= 0.000065284
2750 0.000007886 2750 0.000016906 add_time= 0.000040510
2500 0.000174065 2500 0.000008739 add_time= 0.000215024
2860 0.000045942 2860 0.000007150 add_time= 0.000070059
2860 0.000206266 2860 0.000006648 add_time= 0.000229533
2550 0.000137273 2550 0.000006890 add_time= 0.000160073
2700 0.000077671 2700 0.000007346 add_time= 0.000101753
1250 0.000014167 1250 0.000009963 add_time= 0.000037698
2860 0.000216212 2860 0.000007154 add_time= 0.000241563
2652 0.000109737 2652 0.000005897 add_time= 0.000130729
2500 0.000077033 2500 0.000007356 add_time= 0.000100766
2750 0.000079014 2750 0.000014929 add_time= 0.000110579
2700 0.000069892 2700 0.000006791 add_time= 0.000093836
2756 0.000163592 2756 0.000006799 add_time= 0.000187257
2652 0.000064028 2652 0.000007330 add_time= 0.000086694
2805 0.000032850 2805 0.000006430 add_time= 0.000054410
2500 0.000052828 2500 0.000006601 add_time= 0.000074333
2500 0.000108123 2500 0.000006240 add_time= 0.000129252
2600 0.000145885 2600 0.000007851 add_time= 0.000209631
2650 0.000058028 2650 0.000007832 add_time= 0.000093481
2500 0.000057357 2500 0.000008173 add_time= 0.000090057
2750 0.000006806 2750 0.000007660 add_time= 0.000043623
2750 0.000066597 2750 0.000007439 add_time= 0.000119902
2550 0.000035625 2550 0.000037921 add_time= 0.000097777
2700 0.000072598 2700 0.000006520 add_time= 0.000096589
2860 0.000087793 2860 0.000013921 add_time= 0.000115507
2700 0.000061722 2700 0.000006587 add_time= 0.000083808
2652 0.000072457 2652 0.000007606 add_time= 0.000095869
2550 0.000072202 2550 0.000007099 add_time= 0.000094587
2650 0.000007421 2650 0.000035886 add_time= 0.000058552
2600 0.000284566 2600 0.000007124 add_time= 0.000307617
2600 0.000070091 2600 0.000006634 add_time= 0.000090476
2805 0.000079364 2805 0.000006729 add_time= 0.000101293
2601 0.000141105 2601 0.000014075 add_time= 0.000169955
2805 0.000080387 2805 0.000006339 add_time= 0.000100345
2805 0.000018195 2805 0.000073238 add_time= 0.000115501
2500 0.000125959 2500 0.000006496 add_time= 0.000147844
2756 0.000137665 2756 0.000012779 add_time= 0.000165357
2500 0.000086420 2500 0.000006310 add_time= 0.000107954
2550 0.000076674 2550 0.000012876 add_time= 0.000104520
2500 0.000077107 2500 0.000006920 add_time= 0.000098680
2500 0.000015859 2500 0.000025113 add_time= 0.000056045
1250 0.000012125 1250 0.000081987 add_time= 0.000107859
2550 0.000076854 2550 0.000006649 add_time= 0.000098898
2550 0.000118030 2550 0.000006583 add_time= 0.000139455
2750 0.000145528 2750 0.000006739 add_time= 0.000166994
2750 0.000080822 2750 0.000006766 add_time= 0.000102268
2750 0.000126411 2750 0.000006803 add_time= 0.000148629
2860 0.000186583 2860 0.000006541 add_time= 0.000208433
2652 0.000029416 2652 0.000006250 add_time= 0.000049314
2750 0.000066729 2750 0.000007117 add_time= 0.000088975
2652 0.000097902 2652 0.000006486 add_time= 0.000119232
2600 0.000097501 2600 0.000007559 add_time= 0.000120620
2600 0.000168639 2600 0.000006593 add_time= 0.000189868
2652 0.000049264 2652 0.000005607 add_time= 0.000067486
2750 0.000091574 2750 0.000006714 add_time= 0.000112464
3025 0.000124179 3025 0.000006820 add_time= 0.000144749
2700 0.000045407 2700 0.000006054 add_time= 0.000065061
2862 0.000088674 2862 0.000005960 add_time= 0.000108029
1250 0.000011765 1250 0.000009696 add_time= 0.000044691
2500 0.000041151 2500 0.000006489 add_time= 0.000062899
2756 0.000075086 2756 0.000006117 add_time= 0.000095437
2750 0.000080605 2750 0.000006908 add_time= 0.000102614
1275 0.000059343 1275 0.000005448 add_time= 0.000075809
2700 0.000041637 2700 0.000006467 add_time= 0.000061390
2550 0.000025271 2550 0.000025378 add_time= 0.000063359
1250 0.000074093 1250 0.000005604 add_time= 0.000093017
2600 0.000064835 2600 0.000006165 add_time= 0.000085198
2750 0.000050025 2750 0.000006194 add_time= 0.000069740
2500 0.000076020 2500 0.000005777 add_time= 0.000094556
2550 0.000060667 2550 0.000006233 add_time= 0.000080184
2750 0.000016655 2750 0.000015497 add_time= 0.000045402
2600 0.000087460 2600 0.000006860 add_time= 0.000115228
2550 0.000141198 2550 0.000006900 add_time= 0.000162969
2500 0.000036659 2500 0.000006696 add_time= 0.000069642
2550 0.000079564 2550 0.000006322 add_time= 0.000101303
1325 0.000015098 1325 0.000013428 add_time= 0.000043950
2860 0.000061943 2860 0.000006771 add_time= 0.000085879
2704 0.000128989 2704 0.000005834 add_time= 0.000148602
2650 0.000082037 2650 0.000011764 add_time= 0.000109735
2500 0.000078665 2500 0.000006360 add_time= 0.000107592
2916 0.000180794 2916 0.000007054 add_time= 0.000204433
1250 0.000005529 1250 0.000015538 add_time= 0.000036243
2750 0.000151854 2750 0.000006598 add_time= 0.000175614
2600 0.000064019 2600 0.000005540 add_time= 0.000091632
2750 0.000098410 2750 0.000007072 add_time= 0.000121293
2550 0.000043807 2550 0.000007421 add_time= 0.000077769
2550 0.000143770 2550 0.000006929 add_time= 0.000166534
1250 0.000012131 1250 0.000043433 add_time= 0.000079759
2500 0.000046596 2500 0.000007174 add_time= 0.000069681
2652 0.000078320 2652 0.000006522 add_time= 0.000098952
2600 0.000107994 2600 0.000007078 add_time= 0.000134204
2860 0.000080760 2860 0.000006251 add_time= 0.000101657
2601 0.000078444 2601 0.000007299 add_time= 0.000112058
3025 0.000008391 3025 0.000025527 add_time= 0.000049798
1250 0.000055741 1250 0.000005684 add_time= 0.000074950
2860 0.000051062 2860 0.000006428 add_time= 0.000072173
2750 0.000072657 2750 0.000010480 add_time= 0.000098521
2500 0.000066250 2500 0.000006800 add_time= 0.000087536
2700 0.000058166 2700 0.000007014 add_time= 0.000080458
1250 0.000006002 1250 0.000017956 add_time= 0.000037045
2860 0.000195239 2860 0.000006713 add_time= 0.000237234
2500 0.000188229 2500 0.000006164 add_time= 0.000210234
2750 0.000058011 2750 0.000006909 add_time= 0.000090148
2550 0.000192581 2550 0.000005999 add_time= 0.000212871
2500 0.000405871 2500 0.000006013 add_time= 0.000426219
2600 0.000019036 2600 0.000015483 add_time= 0.000051373
2750 0.000101375 2750 0.000007109 add_time= 0.000125606
2600 0.000045973 2600 0.000005809 add_time= 0.000066666
2500 0.000194750 2500 0.000007329 add_time= 0.000219234
2550 0.000116016 2550 0.000006806 add_time= 0.000138998
2500 0.000115957 2500 0.000006476 add_time= 0.000138536
2860 0.000196001 2860 0.000006723 add_time= 0.000223576
2600 0.000048825 2600 0.000006105 add_time= 0.000070715
2750 0.000109593 2750 0.000006125 add_time= 0.000130088
1375 0.000103934 1375 0.000004927 add_time= 0.000121998
2600 0.000160014 2600 0.000006259 add_time= 0.000180664
2650 0.000018311 2650 0.000025147 add_time= 0.000057263
2915 0.000177302 2915 0.000008992 add_time= 0.000245268
2970 0.000047382 2970 0.000008142 add_time= 0.000094693
2650 0.000035531 2650 0.000007391 add_time= 0.000069594
2652 0.000058044 2652 0.000007126 add_time= 0.000090350
2550 0.000042008 2550 0.000008083 add_time= 0.000073869
2700 0.000072331 2700 0.000007542 add_time= 0.000105069
1275 0.000057534 1275 0.000018209 add_time= 0.000101990
2500 0.000177347 2500 0.000006727 add_time= 0.000200978
2860 0.000068343 2860 0.000006497 add_time= 0.000098371
2915 0.000062105 2915 0.000006626 add_time= 0.000085834
2652 0.000085304 2652 0.000006401 add_time= 0.000107894
2550 0.000047489 2550 0.000007048 add_time= 0.000071126
2500 0.000008184 2500 0.000025089 add_time= 0.000058438
2500 0.000156163 2500 0.000007202 add_time= 0.000182095
2704 0.000122940 2704 0.000006325 add_time= 0.000151674
3025 0.000119096 3025 0.000007319 add_time= 0.000143500
2550 0.000232592 2550 0.000006920 add_time= 0.000255133
2550 0.000108683 2550 0.000006591 add_time= 0.000130468
2500 0.000191213 2500 0.000012102 add_time= 0.000217208
2500 0.000053894 2500 0.000006723 add_time= 0.000076620
2600 0.000099787 2600 0.000006357 add_time= 0.000120472
3025 0.000066414 3025 0.000006159 add_time= 0.000107047
2500 0.000089855 2500 0.000006894 add_time= 0.000112713
1275 0.000098029 1275 0.000006974 add_time= 0.000118506
2500 0.000080698 2500 0.000007157 add_time= 0.000102481
2750 0.000019324 2750 0.000016566 add_time= 0.000063177
2750 0.000052406 2750 0.000007152 add_time= 0.000077799
2600 0.000053248 2600 0.000006676 add_time= 0.000074706
2750 0.000074089 2750 0.000006031 add_time= 0.000094746
2750 0.000296558 2750 0.000006447 add_time= 0.000317990
2550 0.000052867 2550 0.000005792 add_time= 0.000072975
2700 0.000067837 2700 0.000014528 add_time= 0.000098478
1375 0.000013483 1375 0.000010833 add_time= 0.000038468
2860 0.000190155 2860 0.000007244 add_time= 0.000214628
2600 0.000154872 2600 0.000006683 add_time= 0.000176637
2650 0.000081227 2650 0.000006379 add_time= 0.000101789
2500 0.000084458 2500 0.000005772 add_time= 0.000103792
2600 0.000071106 2600 0.000006997 add_time= 0.000094463
2500 0.000088511 2500 0.000006820 add_time= 0.000111304
1375 0.000013536 1375 0.000019068 add_time= 0.000046530
2750 0.000047388 2750 0.000007329 add_time= 0.000071845
2600 0.000066753 2600 0.000006061 add_time= 0.000087249
2750 0.000219557 2750 0.000007232 add_time= 0.000242778
2550 0.000070350 2550 0.000006746 add_time= 0.000092425
2500 0.000199285 2500 0.000006823 add_time= 0.000221495
1375 0.000012456 1375 0.000010425 add_time= 0.000034841
2860 0.000085630 2860 0.000006859 add_time= 0.000110411
2808 0.000102264 2808 0.000007410 add_time= 0.000124965
2750 0.000247928 2750 0.000015777 add_time= 0.000280004
2750 0.000057665 2750 0.000007546 add_time= 0.000080990
2550 0.000042050 2550 0.000006148 add_time= 0.000061723
2500 0.000016410 2500 0.000014486 add_time= 0.000046523
2500 0.000048476 2500 0.000006945 add_time= 0.000072671
2600 0.000051863 2600 0.000006605 add_time= 0.000072569
2500 0.000176485 2500 0.000006613 add_time= 0.000198122
1250 0.000055937 1250 0.000006636 add_time= 0.000086808
2805 0.000068017 2805 0.000007819 add_time= 0.000091719
2500 0.000016807 2500 0.000014603 add_time= 0.000046487
2860 0.000179955 2860 0.000006823 add_time= 0.000203072
2600 0.000094739 2600 0.000006538 add_time= 0.000116414
3025 0.000149732 3025 0.000006532 add_time= 0.000170780
1250 0.000062925 1250 0.000006109 add_time= 0.000081628
2550 0.000054698 2550 0.000007722 add_time= 0.000085146
2600 0.000079773 2600 0.000006146 add_time= 0.000111039
2860 0.000110402 2860 0.000009362 add_time= 0.000147167
2600 0.000078826 2600 0.000006872 add_time= 0.000109152
2750 0.000257692 2750 0.000006439 add_time= 0.000278030
2750 0.000266402 2750 0.000007930 add_time= 0.000290778
2550 0.000064193 2550 0.000006810 add_time= 0.000086496
2750 0.000027311 2750 0.000023518 add_time= 0.000066608
2860 0.000259599 2860 0.000007063 add_time= 0.000284098
2860 0.000114424 2860 0.000007256 add_time= 0.000138854
2500 0.000110208 2500 0.000006501 add_time= 0.000132175
2750 0.000199875 2750 0.000005801 add_time= 0.000219969
2750 0.000231198 2750 0.000007052 add_time= 0.000254057
2500 0.000007508 2500 0.000024765 add_time= 0.000048517
2500 0.000109447 2500 0.000006920 add_time= 0.000132646
2550 0.000094887 2550 0.000006477 add_time= 0.000117415
2550 0.000057286 2550 0.000006340 add_time= 0.000079488
2500 0.000106277 2500 0.000006634 add_time= 0.000129613
2700 0.000142081 2700 0.000006959 add_time= 0.000176202
1300 0.000005535 1300 0.000015833 add_time= 0.000035185
2860 0.000276761 2860 0.000007308 add_time= 0.000307463
2500 0.000099213 2500 0.000006862 add_time= 0.000122106
2750 0.000097194 2750 0.000011897 add_time= 0.000124553
2805 0.000078281 2805 0.000007132 add_time= 0.000100697
2500 0.000355853 2500 0.000007471 add_time= 0.000379372
2500 0.000232980 2500 0.000006369 add_time= 0.000256461
2750 0.000084533 2750 0.000006793 add_time= 0.000109712
2805 0.000076983 2805 0.000006571 add_time= 0.000099204
2750 0.000083052 2750 0.000006432 add_time= 0.000104931
2750 0.000106691 2750 0.000006638 add_time= 0.000128143
1250 0.000004146 1250 0.000014344 add_time= 0.000029686
2756 0.000177865 2756 0.000008217 add_time= 0.000212019
2860 0.000119469 2860 0.000008846 add_time= 0.000143659
2750 0.000170537 2750 0.000006090 add_time= 0.000204326
2750 0.000118800 2750 0.000006790 add_time= 0.000152690
2805 0.000109557 2805 0.000007126 add_time= 0.000132147
2750 0.000027079 2750 0.000015799 add_time= 0.000059600
2500 0.000056739 2500 0.000007090 add_time= 0.000081803
2860 0.000065393 2860 0.000006020 add_time= 0.000087669
2860 0.000082001 2860 0.000005856 add_time= 0.000102846
2500 0.000118848 2500 0.000010248 add_time= 0.000145392
2550 0.000053249 2550 0.000026682 add_time= 0.000096737
2750 0.000395202 2750 0.000017716 add_time= 0.000429268
625 0.000004237 625 0.000063507 add_time= 0.000078743
2860 0.000154227 2860 0.000006630 add_time= 0.000178196
2750 0.000100337 2750 0.000006039 add_time= 0.000120263
2550 0.000066829 2550 0.000006513 add_time= 0.000088048
2750 0.000095674 2750 0.000007436 add_time= 0.000118295
2600 0.000125521 2600 0.000007018 add_time= 0.000148300
2750 0.000008095 2750 0.000027782 add_time= 0.000051356
2756 0.000151755 2756 0.000019413 add_time= 0.000220371
2750 0.000138256 2750 0.000008577 add_time= 0.000183996
2500 0.000099876 2500 0.000007552 add_time= 0.000138595
1275 0.000005799 1275 0.000007737 add_time= 0.000047909
2500 0.000008189 2500 0.000009135 add_time= 0.000062944
2700 0.000063117 2700 0.000037279 add_time= 0.000126911
2600 0.000290736 2600 0.000006798 add_time= 0.000314831
2600 0.000094556 2600 0.000005748 add_time= 0.000115016
2805 0.000114312 2805 0.000006958 add_time= 0.000147670
2500 0.000116546 2500 0.000006684 add_time= 0.000138901
3025 0.000008082 3025 0.000025379 add_time= 0.000050049
2860 0.000229210 2860 0.000007800 add_time= 0.000258117
2652 0.000069009 2652 0.000006923 add_time= 0.000098873
2805 0.000081891 2805 0.000006868 add_time= 0.000131374
2500 0.000070411 2500 0.000007354 add_time= 0.000095261
2805 0.000183925 2805 0.000006694 add_time= 0.000204599
2700 0.000038156 2700 0.000007597 add_time= 0.000060683
1250 0.000012593 1250 0.000009732 add_time= 0.000033661
2600 0.000075318 2600 0.000007213 add_time= 0.000100934
2750 0.000085526 2750 0.000006988 add_time= 0.000122483
2550 0.000121694 2550 0.000006433 add_time= 0.000143259
2550 0.000039968 2550 0.000006422 add_time= 0.000061742
2600 0.000018822 2600 0.000015950 add_time= 0.000050641
2860 0.000110139 2860 0.000006974 add_time= 0.000136239
2750 0.000148702 2750 0.000007403 add_time= 0.000170823
2750 0.000058663 2750 0.000007413 add_time= 0.000093925
2500 0.000109888 2500 0.000008043 add_time= 0.000133740
2500 0.000036088 2500 0.000014564 add_time= 0.000066761
1375 0.000012921 1375 0.000010086 add_time= 0.000035338
2500 0.000168866 2500 0.000006931 add_time= 0.000194953
2500 0.000084293 2500 0.000007636 add_time= 0.000107895
2500 0.000097881 2500 0.000034908 add_time= 0.000148355
2805 0.000160934 2805 0.000007805 add_time= 0.000184772
2550 0.000016245 2550 0.000025669 add_time= 0.000056579
2500 0.000049926 2500 0.000006673 add_time= 0.000075169
2600 0.000059547 2600 0.000006613 add_time= 0.000082121
2750 0.000049059 2750 0.000006849 add_time= 0.000078575
2750 0.000104708 2750 0.000006509 add_time= 0.000126443
2500 0.000087696 2500 0.000006798 add_time= 0.000116821
2500 0.000144050 2500 0.000007857 add_time= 0.000166770
2600 0.000225636 2600 0.000007060 add_time= 0.000251364
2600 0.000107932 2600 0.000006369 add_time= 0.000128397
2500 0.000096775 2500 0.000007045 add_time= 0.000119786
2750 0.000075351 2750 0.000007782 add_time= 0.000127798
2805 0.000075097 2805 0.000006949 add_time= 0.000097517
2805 0.000018257 2805 0.000016476 add_time= 0.000054450
1275 0.000019495 1275 0.000022859 add_time= 0.000053558
2600 0.000076144 2600 0.000006959 add_time= 0.000101143
2500 0.000070793 2500 0.000012221 add_time= 0.000097829
2500 0.000094737 2500 0.000013448 add_time= 0.000122088
2703 0.000142202 2703 0.000006560 add_time= 0.000176492
2754 0.000096904 2754 0.000014975 add_time= 0.000128874
2500 0.000015900 2500 0.000024471 add_time= 0.000054820
2550 0.000052735 2550 0.000007140 add_time= 0.000077743
2600 0.000055659 2600 0.000007498 add_time= 0.000087493
2805 0.000084056 2805 0.000006558 add_time= 0.000113053
2750 0.000036602 2750 0.000006546 add_time= 0.000062621
2600 0.000075032 2600 0.000006370 add_time= 0.000095444
1275 0.000068690 1275 0.000005170 add_time= 0.000085292
2750 0.000015665 2750 0.000015646 add_time= 0.000045461
2860 0.000222921 2860 0.000015123 add_time= 0.000255927
2550 0.000099138 2550 0.000018432 add_time= 0.000150560
2601 0.000091539 2601 0.000006700 add_time= 0.000113016
2500 0.000113331 2500 0.000006978 add_time= 0.000134785
2750 0.000096580 2750 0.000006299 add_time= 0.000116566
2600 0.000126617 2600 0.000007777 add_time= 0.000159826
2600 0.000050523 2600 0.000006594 add_time= 0.000072242
2750 0.000439513 2750 0.000006151 add_time= 0.000459966
2601 0.000220259 2601 0.000006993 add_time= 0.000243031
1350 0.000158430 1350 0.000006819 add_time= 0.000178885
2652 0.000193130 2652 0.000006775 add_time= 0.000216583
2805 0.000060211 2805 0.000006792 add_time= 0.000083243
2750 0.000076006 2750 0.000006009 add_time= 0.000096183
2970 0.000257951 2970 0.000007203 add_time= 0.000282021
2550 0.000164500 2550 0.000006487 add_time= 0.000185033
2750 0.000079892 2750 0.000007411 add_time= 0.000111361
2600 0.000277533 2600 0.000007019 add_time= 0.000301746
2500 0.000190808 2500 0.000007051 add_time= 0.000213841
2500 0.000084170 2500 0.000006025 add_time= 0.000104276
2601 0.000107699 2601 0.000006788 add_time= 0.000130652
2550 0.000244261 2550 0.000006431 add_time= 0.000266482
2750 0.000046816 2750 0.000007233 add_time= 0.000071768
2860 0.000230002 2860 0.000005818 add_time= 0.000250064
3025 0.000202912 3025 0.000006270 add_time= 0.000224702
2860 0.000054651 2860 0.000006519 add_time= 0.000084287
2550 0.000073065 2550 0.000006559 add_time= 0.000096443
2750 0.000007763 2750 0.000124941 add_time= 0.000148359
2600 0.000225811 2600 0.000006490 add_time= 0.000248889
2750 0.000119164 2750 0.000006703 add_time= 0.000141322
2750 0.000052798 2750 0.000005914 add_time= 0.000072940
2500 0.000101469 2500 0.000005851 add_time= 0.000121352
2805 0.000051961 2805 0.000018351 add_time= 0.000086706
2750 0.000007488 2750 0.000218113 add_time= 0.000247906
2860 0.000076653 2860 0.000007686 add_time= 0.000120001
2860 0.000070745 2860 0.000007087 add_time= 0.000093007
3025 0.000104649 3025 0.000007959 add_time= 0.000129773
2601 0.000213959 2601 0.000042662 add_time= 0.000271673
2700 0.000203797 2700 0.000015728 add_time= 0.000235201
2805 0.000028993 2805 0.000021763 add_time= 0.000065719
2652 0.000280261 2652 0.000006196 add_time= 0.000302114
2750 0.000062511 2750 0.000006065 add_time= 0.000082363
2500 0.000060432 2500 0.000007306 add_time= 0.000083409
2550 0.000315092 2550 0.000018811 add_time= 0.000350171
2750 0.000156155 2750 0.000006867 add_time= 0.000178958
2500 0.000006484 2500 0.000015159 add_time= 0.000035634
2600 0.000058023 2600 0.000006132 add_time= 0.000080032
2650 0.000065563 2650 0.000006453 add_time= 0.000086510
2750 0.000035947 2750 0.000006989 add_time= 0.000056598
2601 0.000118623 2601 0.000006021 add_time= 0.000137253
2750 0.000107707 2750 0.000007012 add_time= 0.000129824
1250 0.000005830 1250 0.000015816 add_time= 0.000033796
2600 0.000098401 2600 0.000023026 add_time= 0.000191029
2860 0.000071027 2860 0.000009316 add_time= 0.000126915
2500 0.000036722 2500 0.000008082 add_time= 0.000100032
2652 0.000181345 2652 0.000007947 add_time= 0.000234360
2750 0.000066276 2750 0.000008279 add_time= 0.000133710
1250 0.000059648 1250 0.000024974 add_time= 0.000127261
2650 0.000457814 2650 0.000006549 add_time= 0.000491995
2805 0.000072697 2805 0.000006201 add_time= 0.000112279
2805 0.000052279 2805 0.000006295 add_time= 0.000102957
2550 0.000147425 2550 0.000005767 add_time= 0.000176733
2500 0.000063974 2500 0.000006784 add_time= 0.000096324
2500 0.000008198 2500 0.000032490 add_time= 0.000067913
2600 0.000201057 2600 0.000014566 add_time= 0.000233697
2500 0.000054441 2500 0.000006718 add_time= 0.000076941
1250 0.000066230 1250 0.000005475 add_time= 0.000083471
2750 0.000082366 2750 0.000007246 add_time= 0.000105960
2750 0.000018407 2750 0.000014722 add_time= 0.000049086
2550 0.000277485 2550 0.000007205 add_time= 0.000302483
1250 0.000219805 1250 0.000006199 add_time= 0.000239106
2550 0.000041770 2550 0.000006651 add_time= 0.000064275
2652 0.000065146 2652 0.000007212 add_time= 0.000088015
2500 0.000007046 2500 0.000022012 add_time= 0.000044583
2860 0.000165647 2860 0.000026706 add_time= 0.000210090
2750 0.000117060 2750 0.000007300 add_time= 0.000140921
2550 0.000071939 2550 0.000007322 add_time= 0.000105263
2652 0.000040322 2652 0.000007260 add_time= 0.000065986
2750 0.000079686 2750 0.000006558 add_time= 0.000100242
2860 0.000216835 2860 0.000006636 add_time= 0.000242597
2600 0.000107350 2600 0.000005376 add_time= 0.000126334
2750 0.000132703 2750 0.000006382 add_time= 0.000153298
2600 0.000073947 2600 0.000005889 add_time= 0.000093969
3025 0.000145800 3025 0.000005374 add_time= 0.000165241
2808 0.000102458 2808 0.000005751 add_time= 0.000125762
2500 0.000016696 2500 0.000012853 add_time= 0.000042969
2500 0.000082829 2500 0.000006605 add_time= 0.000105593
2600 0.000059200 2600 0.000006326 add_time= 0.000080176
2860 0.000080920 2860 0.000005801 add_time= 0.000101200
2550 0.000348610 2550 0.000018021 add_time= 0.000381287
2700 0.000044032 2700 0.000006377 add_time= 0.000064445
2915 0.000038368 2915 0.000009947 add_time= 0.000062685
2500 0.000080414 2500 0.000006011 add_time= 0.000103162
2750 0.000123239 2750 0.000006558 add_time= 0.000144431
2805 0.000037568 2805 0.000006389 add_time= 0.000071348
2750 0.000194141 2750 0.000005678 add_time= 0.000213884
2500 0.000939189 2500 0.000006062 add_time= 0.000958928
1250 0.000011397 1250 0.000007692 add_time= 0.000030399
2500 0.000314767 2500 0.000006656 add_time= 0.000338962
2750 0.000218197 2750 0.000006278 add_time= 0.000247978
1250 0.000038866 1250 0.000005045 add_time= 0.000054914
2750 0.000112565 2750 0.000006076 add_time= 0.000132498
2916 0.000033907 2916 0.000007026 add_time= 0.000055522
2500 0.000013861 2500 0.000013283 add_time= 0.000041019
2500 0.000042355 2500 0.000006280 add_time= 0.000065724
2600 0.000025500 2600 0.000005446 add_time= 0.000045639
2600 0.000135890 2600 0.000005471 add_time= 0.000161927
2600 0.000041046 2600 0.000005735 add_time= 0.000060632
2500 0.000063641 2500 0.000022290 add_time= 0.000099251
2600 0.000061739 2600 0.000005870 add_time= 0.000081123
1375 0.000010965 1375 0.000027094 add_time= 0.000049559
2756 0.000239014 2756 0.000006233 add_time= 0.000262685
3025 0.000028117 3025 0.000005985 add_time= 0.000057509
2550 0.000052002 2550 0.000006875 add_time= 0.000072735
2805 0.000116270 2805 0.000005812 add_time= 0.000135826
2500 0.000233793 2500 0.000005749 add_time= 0.000252854
2500 0.000035774 2500 0.000005575 add_time= 0.000060225
2500 0.000077505 2500 0.000008060 add_time= 0.000109056
2500 0.000233279 2500 0.000007258 add_time= 0.000258502
3025 0.000050457 3025 0.000006750 add_time= 0.000074420
2750 0.000064276 2750 0.000006973 add_time= 0.000087287
2750 0.000046942 2750 0.000005965 add_time= 0.000068114
2550 0.000252969 2550 0.000006413 add_time= 0.000274038
2750 0.000126351 2750 0.000008386 add_time= 0.000159278
2500 0.001845312 2500 0.000026512 add_time= 0.001889421
2805 0.000056666 2805 0.000007145 add_time= 0.000083087
2500 0.000202506 2500 0.000006738 add_time= 0.000226713
2500 0.000105171 2500 0.000006992 add_time= 0.000129821
2750 0.001195773 2750 0.000006912 add_time= 0.001220608
2500 0.000099469 2500 0.000006776 add_time= 0.000130297
2700 0.000085694 2700 0.000016003 add_time= 0.000118850
2600 0.000261823 2600 0.000006931 add_time= 0.000286927
2860 0.000128531 2860 0.000038732 add_time= 0.000185715
2500 0.000130315 2500 0.000025901 add_time= 0.000171123
2700 0.000058828 2700 0.000007445 add_time= 0.000083565
2700 0.000079152 2700 0.000007193 add_time= 0.000105191
1350 0.000005824 1350 0.000009777 add_time= 0.000030352
2600 0.000177774 2600 0.000007003 add_time= 0.000202010
2500 0.000145076 2500 0.000007207 add_time= 0.000170613
2500 0.000061202 2500 0.000025872 add_time= 0.000102264
2805 0.000045969 2805 0.000007286 add_time= 0.000083920
2650 0.000007961 2650 0.000025258 add_time= 0.000051714
2600 0.000074254 2600 0.000005711 add_time= 0.000095277
2915 0.000193778 2915 0.000018389 add_time= 0.000228070
2805 0.000211653 2805 0.000006630 add_time= 0.000236976
2750 0.000070863 2750 0.000007516 add_time= 0.000098753
1275 0.000005800 1275 0.000009728 add_time= 0.000028297
2860 0.000303852 2860 0.000007973 add_time= 0.000370305
2650 0.000047651 2650 0.000005893 add_time= 0.000067885
2754 0.000303267 2754 0.000007928 add_time= 0.000328374
2700 0.000180342 2700 0.000007854 add_time= 0.000204282
2600 0.000290129 2600 0.000006688 add_time= 0.000313883
2500 0.000208099 2500 0.000006841 add_time= 0.000239759
2750 0.000143597 2750 0.000036392 add_time= 0.000194264
2601 0.000174560 2601 0.000006448 add_time= 0.000196665
2700 0.000249998 2700 0.000013427 add_time= 0.000278534
3025 0.000006194 3025 0.000024942 add_time= 0.000045014
2600 0.000093317 2600 0.000007003 add_time= 0.000123236
2600 0.000039858 2600 0.000006072 add_time= 0.000061251
2750 0.000054320 2750 0.000006163 add_time= 0.000076123
2652 0.000143594 2652 0.000006725 add_time= 0.000166150
2550 0.000041079 2550 0.000006827 add_time= 0.000063323
2750 0.000007378 2750 0.000028732 add_time= 0.000053292
2750 0.000038790 2750 0.000007560 add_time= 0.000099662
2600 0.000088575 2600 0.000007228 add_time= 0.000135223
1250 0.000005436 1250 0.000006670 add_time= 0.000036399
1375 0.000004714 1375 0.000006951 add_time= 0.000049773
2500 0.000025555 2500 0.000007886 add_time= 0.000060338
2805 0.000041214 2805 0.000026388 add_time= 0.000104950
2500 0.000054958 2500 0.000007901 add_time= 0.000082532
2860 0.000133310 2860 0.000007624 add_time= 0.000168313
3025 0.000094195 3025 0.000006276 add_time= 0.000124747
2550 0.000072168 2550 0.000006151 add_time= 0.000092415
2550 0.000104708 2550 0.000005868 add_time= 0.000123458
2500 0.000076730 2500 0.000006362 add_time= 0.000097532
2600 0.000072089 2600 0.000006560 add_time= 0.000096029
2756 0.000030101 2756 0.000017620 add_time= 0.000062386
2750 0.000115335 2750 0.000007789 add_time= 0.000138788
2550 0.000071148 2550 0.000006985 add_time= 0.000092951
3025 0.000016769 3025 0.000034077 add_time= 0.000067233
2860 0.000072789 2860 0.000006699 add_time= 0.000096291
2650 0.000053709 2650 0.000006247 add_time= 0.000075134
2500 0.000079963 2500 0.000006959 add_time= 0.000102188
3025 0.000065095 3025 0.000026181 add_time= 0.000114018
2500 0.000085502 2500 0.000007670 add_time= 0.000108369
1250 0.000011203 1250 0.000012898 add_time= 0.000036572
2600 0.000178805 2600 0.000007069 add_time= 0.000203432
2500 0.000100216 2500 0.000006567 add_time= 0.000130405
2600 0.000050862 2600 0.000005621 add_time= 0.000069609
2500 0.000046149 2500 0.000007043 add_time= 0.000068409
2550 0.000049551 2550 0.000028518 add_time= 0.000093497
2970 0.000017230 2970 0.000016812 add_time= 0.000060804
2600 0.000193786 2600 0.000018526 add_time= 0.000228222
2500 0.000078845 2500 0.000021331 add_time= 0.000116411
2860 0.000048463 2860 0.000005818 add_time= 0.000068054
2500 0.000056511 2500 0.000006259 add_time= 0.000076272
1350 0.000079215 1350 0.000006174 add_time= 0.000097078
2860 0.000077990 2860 0.000006283 add_time= 0.000100740
2600 0.000056948 2600 0.000006530 add_time= 0.000076879
1250 0.000078288 1250 0.000005642 add_time= 0.000094733
2703 0.000129745 2703 0.000007988 add_time= 0.000150517
2500 0.000015008 2500 0.000014245 add_time= 0.000042295
2860 0.000070182 2860 0.000045343 add_time= 0.000132441
3025 0.000092085 3025 0.000023313 add_time= 0.000131118
2500 0.000082347 2500 0.000014063 add_time= 0.000110054
1375 0.000089835 1375 0.000005454 add_time= 0.000113562
2805 0.000045369 2805 0.000005805 add_time= 0.000073897
2750 0.000025404 2750 0.000015367 add_time= 0.000054530
2500 0.000084992 2500 0.000006320 add_time= 0.000107006
2550 0.000092958 2550 0.000006259 add_time= 0.000113556
2500 0.000080024 2500 0.000017077 add_time= 0.000110437
1250 0.000173279 1250 0.000005872 add_time= 0.000191048
2754 0.000069002 2754 0.000006041 add_time= 0.000089899
2860 0.000074148 2860 0.000007032 add_time= 0.000097411
2600 0.000077856 2600 0.000033558 add_time= 0.000125924
2860 0.000160621 2860 0.000007587 add_time= 0.000182835
2750 0.000071133 2750 0.000007180 add_time= 0.000092461
2550 0.000143218 2550 0.000007134 add_time= 0.000164659
2550 0.000098100 2550 0.000006194 add_time= 0.000118007
2750 0.000159319 2750 0.000006682 add_time= 0.000181770
2860 0.000052367 2860 0.000006131 add_time= 0.000073274
2750 0.000115417 2750 0.000006930 add_time= 0.000136148
2860 0.000097201 2860 0.000006805 add_time= 0.000117802
2805 0.000058120 2805 0.000006354 add_time= 0.000079434
1250 0.000049863 1250 0.000004991 add_time= 0.000072218
2500 0.000104371 2500 0.000006221 add_time= 0.000126269
2600 0.000090779 2600 0.000034917 add_time= 0.000140148
2750 0.000096743 2750 0.000006622 add_time= 0.000117007
2600 0.000105585 2600 0.000022144 add_time= 0.000141229
2550 0.000117116 2550 0.000006677 add_time= 0.000148590
2970 0.000103535 2970 0.000006120 add_time= 0.000123397
1250 0.000010347 1250 0.000009105 add_time= 0.000030381
2500 0.000055788 2500 0.000009882 add_time= 0.000095496
2756 0.000084917 2756 0.000006492 add_time= 0.000107828
2750 0.000303274 2750 0.000015045 add_time= 0.000336753
3025 0.000213196 3025 0.000007377 add_time= 0.000245273
2652 0.000060851 2652 0.000007922 add_time= 0.000087997
1350 0.000104105 1350 0.000006536 add_time= 0.000123517
2550 0.000193954 2550 0.000006745 add_time= 0.000216436
2704 0.000180016 2704 0.000006609 add_time= 0.000202758
2700 0.000200718 2700 0.000006877 add_time= 0.000222711
2500 0.000065052 2500 0.000006920 add_time= 0.000089641
2750 0.000182229 2750 0.000006820 add_time= 0.000205442
2915 0.000121032 2915 0.000007343 add_time= 0.000153493
2750 0.000124219 2750 0.000007344 add_time= 0.000147497
2600 0.000230029 2600 0.000023081 add_time= 0.000270312
2650 0.000077988 2650 0.000008050 add_time= 0.000112345
2601 0.000105661 2601 0.000005968 add_time= 0.000124611
2550 0.000240314 2550 0.000006952 add_time= 0.000262501
1325 0.000006241 1325 0.000009031 add_time= 0.000028115
2600 0.000135207 2600 0.000018147 add_time= 0.000169788
2750 0.000143481 2750 0.000006779 add_time= 0.000164831
2750 0.000147322 2750 0.000006920 add_time= 0.000170002
1275 0.000227948 1275 0.000006240 add_time= 0.000257748
2650 0.000007557 2650 0.000030835 add_time= 0.000053060
1250 0.000005050 1250 0.000014931 add_time= 0.000031374
2756 0.000210366 2756 0.000007639 add_time= 0.000234395
1375 0.000099471 1375 0.000005360 add_time= 0.000116221
3025 0.000080632 3025 0.000006323 add_time= 0.000099751
2500 0.000058531 2500 0.000005830 add_time= 0.000077743
2805 0.000052250 2805 0.000007599 add_time= 0.000075911
2700 0.000071203 2700 0.000005945 add_time= 0.000090281
2500 0.000320235 2500 0.000006904 add_time= 0.000355006
2652 0.000086468 2652 0.000006229 add_time= 0.000113328
2750 0.000184365 2750 0.000006355 add_time= 0.000205013
2750 0.000138512 2750 0.000007286 add_time= 0.000161851
2550 0.000235075 2550 0.000006071 add_time= 0.000254789
2750 0.000126070 2750 0.000025922 add_time= 0.000175341
1275 0.000019976 1275 0.000009323 add_time= 0.000040965
2600 0.000210205 2600 0.000006717 add_time= 0.000232572
2652 0.000081607 2652 0.000006840 add_time= 0.000102312
2500 0.000062341 2500 0.000006655 add_time= 0.000083927
2500 0.000176137 2500 0.000027190 add_time= 0.000219421
2754 0.000189331 2754 0.000016064 add_time= 0.000221951
2750 0.000106401 2750 0.000006958 add_time= 0.000128792
2703 0.000137181 2703 0.000006536 add_time= 0.000161160
2500 0.000048444 2500 0.000007259 add_time= 0.000071589
2500 0.000061932 2500 0.000006343 add_time= 0.000082366
2601 0.000060577 2601 0.000006722 add_time= 0.000082803
2860 0.000120240 2860 0.000007418 add_time= 0.000143947
2600 0.000122072 2600 0.000007800 add_time= 0.000165961
2750 0.000262902 2750 0.000008612 add_time= 0.000302240
3025 0.000075267 3025 0.000008708 add_time= 0.000115151
2550 0.000081871 2550 0.000008666 add_time= 0.000125963
2970 0.000007304 2970 0.000008608 add_time= 0.000048177
1250 0.000078041 1250 0.000017601 add_time= 0.000119668
2500 0.000079508 2500 0.000006286 add_time= 0.000101584
2860 0.000062700 2860 0.000007314 add_time= 0.000085830
2550 0.000137040 2550 0.000006572 add_time= 0.000159174
2500 0.000069288 2500 0.000006672 add_time= 0.000094637
2600 0.000064351 2600 0.000007156 add_time= 0.000086439
1250 0.000005759 1250 0.000161243 add_time= 0.000179329
2500 0.000324331 2500 0.000006819 add_time= 0.000346079
2500 0.000095158 2500 0.000006437 add_time= 0.000115766
3025 0.000067252 3025 0.000006854 add_time= 0.000088972
2652 0.000063827 2652 0.000007146 add_time= 0.000086020
2805 0.000018030 2805 0.000016172 add_time= 0.000049438
1250 0.000008454 1250 0.000008793 add_time= 0.000028076
2750 0.000255739 2750 0.000008494 add_time= 0.000282724
2500 0.000239950 2500 0.000007178 add_time= 0.000261850
2750 0.000108119 2750 0.000013923 add_time= 0.000137148
2550 0.000075988 2550 0.000018998 add_time= 0.000109263
2500 0.000059693 2500 0.000007054 add_time= 0.000080054
1275 0.000007894 1275 0.000076093 add_time= 0.000106107
2862 0.000145210 2862 0.000008739 add_time= 0.000170538
2600 0.000149485 2600 0.000013895 add_time= 0.000189504
2750 0.000087496 2750 0.000007207 add_time= 0.000109738
2550 0.000061555 2550 0.000012862 add_time= 0.000087963
2700 0.000055211 2700 0.000006463 add_time= 0.000076683
2750 0.000051070 2750 0.000006830 add_time= 0.000072975
2600 0.000204490 2600 0.000007259 add_time= 0.000237960
3025 0.000072546 3025 0.000006222 add_time= 0.000094201
1250 0.000029601 1250 0.000013487 add_time= 0.000066884
2550 0.000101585 2550 0.000008842 add_time= 0.000125741
2750 0.000015898 2750 0.000015107 add_time= 0.000046160
2500 0.000108022 2500 0.000007058 add_time= 0.000133019
2600 0.000087314 2600 0.000006546 add_time= 0.000107120
2750 0.000084742 2750 0.000007292 add_time= 0.000117039
2805 0.000081231 2805 0.000006964 add_time= 0.000103159
2550 0.000119779 2550 0.000006269 add_time= 0.000138866
1250 0.000011685 1250 0.000008960 add_time= 0.000032775
2500 0.000422966 2500 0.000007001 add_time= 0.000444899
2805 0.000118563 2805 0.000007466 add_time= 0.000141193
2500 0.000081283 2500 0.000006807 add_time= 0.000102689
2601 0.000064130 2601 0.000006411 add_time= 0.000084909
2500 0.000025792 2500 0.000023349 add_time= 0.000063511
2500 0.000089182 2500 0.000010910 add_time= 0.000114201
2500 0.000170965 2500 0.000006162 add_time= 0.000191606
2550 0.000068380 2550 0.000007134 add_time= 0.000090133
2805 0.000144778 2805 0.000006087 add_time= 0.000163901
2750 0.000070881 2750 0.000007516 add_time= 0.000103758
1250 0.000015493 1250 0.000019065 add_time= 0.000045658
2860 0.000141874 2860 0.000006226 add_time= 0.000162594
2500 0.000300065 2500 0.000006828 add_time= 0.000321168
2750 0.000124410 2750 0.000006303 add_time= 0.000144100
2750 0.000100477 2750 0.000006469 add_time= 0.000119817
2700 0.000094533 2700 0.000007056 add_time= 0.000116164
2750 0.000404241 2750 0.000007661 add_time= 0.000427183
2550 0.000089542 2550 0.000005382 add_time= 0.000107449
2500 0.000084637 2500 0.000006316 add_time= 0.000105549
2500 0.000059779 2500 0.000005799 add_time= 0.000078048
2500 0.000073430 2500 0.000006809 add_time= 0.000094884
2704 0.000205763 2704 0.000007067 add_time= 0.000228250
2500 0.000059675 2500 0.000012519 add_time= 0.000086595
1250 0.000137216 1250 0.000005648 add_time= 0.000155110
2550 0.000078230 2550 0.000011391 add_time= 0.000104164
2754 0.000167542 2754 0.000006084 add_time= 0.000187037
2750 0.000015815 2750 0.000015674 add_time= 0.000046189
2500 0.000106354 2500 0.000009454 add_time= 0.000137532
2808 0.000132061 2808 0.000006863 add_time= 0.000154772
2750 0.000400564 2750 0.000018414 add_time= 0.000439403
1250 0.000422578 1250 0.000006520 add_time= 0.000442403
2600 0.000128180 2600 0.000006773 add_time= 0.000148416
2500 0.000147740 2500 0.000006481 add_time= 0.000169718
2650 0.000103082 2650 0.000006189 add_time= 0.000123502
2750 0.000228748 2750 0.000006264 add_time= 0.000248813
2750 0.000212632 2750 0.000006775 add_time= 0.000234847
2970 0.000033344 2970 0.000007294 add_time= 0.000056722
1250 0.000033905 1250 0.000019622 add_time= 0.000066370
2704 0.000090574 2704 0.000023801 add_time= 0.000130662
2600 0.000040740 2600 0.000005186 add_time= 0.000059323
2750 0.000040810 2750 0.000006782 add_time= 0.000062772
2550 0.000154039 2550 0.000006638 add_time= 0.000175849
2754 0.000073387 2754 0.000007111 add_time= 0.000096528
2500 0.000088643 2500 0.000007109 add_time= 0.000111299
2652 0.000065351 2652 0.000006590 add_time= 0.000086287
3025 0.000030633 3025 0.000025589 add_time= 0.000072589
2550 0.000140256 2550 0.000036394 add_time= 0.000192178
2500 0.000115775 2500 0.000006010 add_time= 0.000135224
2750 0.000133797 2750 0.000006618 add_time= 0.000173337
