2750 0.000330177 2750 0.000015201 add_time= 0.001916881
2500 0.000085660 2500 0.000009719 add_time= 0.000112440
1250 0.000507410 1250 0.000007704 add_time= 0.000532766
2601 0.000063744 2601 0.000007875 add_time= 0.000089771
2700 0.000019110 2700 0.000040277 add_time= 0.000086266
2550 0.000163880 2550 0.000039959 add_time= 0.000254860
2601 0.000363880 2601 0.000010351 add_time= 0.000391005
2600 0.000073637 2600 0.000007277 add_time= 0.000097135
2750 0.000057490 2750 0.000009247 add_time= 0.000099846
3025 0.000571789 3025 0.000008096 add_time= 0.000600160
3025 0.000108275 3025 0.000006995 add_time= 0.000130695
2500 0.000007974 2500 0.000035513 add_time= 0.000060963
2500 0.001058533 2500 0.000009645 add_time= 0.001094041
2550 0.000117235 2550 0.000027990 add_time= 0.000160820
2500 0.000174192 2500 0.000032745 add_time= 0.000226461
2500 0.000874817 2500 0.000007407 add_time= 0.000898082
2500 0.000334214 2500 0.000009433 add_time= 0.000364135
2500 0.000128142 2500 0.000007497 add_time= 0.000151468
2550 0.001098174 2550 0.000007236 add_time= 0.001120046
2500 0.000048963 2500 0.000009723 add_time= 0.000155744
2500 0.000025675 2500 0.000020640 add_time= 0.000071742
2700 0.000048147 2700 0.000082703 add_time= 0.000167346
2650 0.000342783 2650 0.000013366 add_time= 0.002096287
2600 0.000124349 2600 0.000007756 add_time= 0.000147959
2600 0.000128239 2600 0.000009259 add_time= 0.000158310
2550 0.000080263 2550 0.000007601 add_time= 0.000103792
2550 0.000111770 2550 0.000006816 add_time= 0.000144823
2704 0.000088975 2704 0.000013163 add_time= 0.000153975
2550 0.000169280 2550 0.000009051 add_time= 0.000194816
1300 0.000288318 1300 0.000007222 add_time= 0.000316222
2750 0.000112124 2750 0.000007735 add_time= 0.000141482
2500 0.000170133 2500 0.000006423 add_time= 0.000192025
2500 0.000007642 2500 0.000025995 add_time= 0.000049515
2500 0.000535156 2500 0.000020795 add_time= 0.000602414
2600 0.000199395 2600 0.000010876 add_time= 0.000226570
2500 0.000083031 2500 0.000009005 add_time= 0.000115826
2750 0.000149113 2750 0.000018183 add_time= 0.000191523
2550 0.000102339 2550 0.000010616 add_time= 0.000127861
3025 0.000234019 3025 0.000007713 add_time= 0.000278282
2550 0.000118007 2550 0.000006532 add_time= 0.000150562
2700 0.000028584 2700 0.000023140 add_time= 0.000077964
2550 0.000360561 2550 0.000010153 add_time= 0.000504340
2703 0.000047756 2703 0.000008729 add_time= 0.000118109
