2600 0.000067585 2600 0.000015191 add_time= 0.001714140
2750 0.000044742 2750 0.000007890 add_time= 0.000069357
2550 0.000029120 2550 0.000008281 add_time= 0.000054472
1300 0.000221830 1300 0.000007578 add_time= 0.000248295
2550 0.000034961 2550 0.000007155 add_time= 0.000061305
2600 0.000406380 2600 0.000008412 add_time= 0.000458693
2500 0.000372619 2500 0.000006294 add_time= 0.000395686
2500 0.000231790 2500 0.000006627 add_time= 0.000252642
2650 0.000186724 2650 0.000008403 add_time= 0.000216920
2652 0.000111735 2652 0.000006728 add_time= 0.000135288
2500 0.000071907 2500 0.000005923 add_time= 0.000093421
2600 0.000091065 2600 0.000039414 add_time= 0.000180022
2550 0.000366198 2550 0.000012766 add_time= 0.000423879
2500 0.000050338 2500 0.000008869 add_time= 0.000080475
2970 0.000046561 2970 0.000007635 add_time= 0.000076895
1275 0.000035116 1275 0.000006548 add_time= 0.000065360
2600 0.000188272 2600 0.000018604 add_time= 0.000229617
1375 0.001019836 1375 0.000006925 add_time= 0.001043062
1250 0.000005965 1250 0.000016918 add_time= 0.000036085
2600 0.000260360 2600 0.000010657 add_time= 0.000412279
2754 0.000030792 2754 0.000008197 add_time= 0.000083222
2750 0.000016639 2750 0.000008585 add_time= 0.000063978
1250 0.000534458 1250 0.000015530 add_time= 0.001731277
2550 0.000116609 2550 0.000008392 add_time= 0.000154043
2550 0.000141959 2550 0.000010328 add_time= 0.000196868
2756 0.000362923 2756 0.000024240 add_time= 0.000408484
2550 0.000094198 2550 0.000006982 add_time= 0.000124459
2500 0.000061904 2500 0.000007971 add_time= 0.000086241
2700 0.000312975 2700 0.000018592 add_time= 0.000377876
3025 0.000216008 3025 0.000008898 add_time= 0.000252519
2805 0.000055779 2805 0.000012961 add_time= 0.000093990
2600 0.000118865 2600 0.000016936 add_time= 0.000168119
2650 0.000100565 2650 0.000007439 add_time= 0.000145026
2500 0.000190365 2500 0.000009365 add_time= 0.000241218
2808 0.000209589 2808 0.000010718 add_time= 0.000248838
2550 0.000078784 2550 0.000007149 add_time= 0.000103463
2805 0.000137289 2805 0.000006850 add_time= 0.000160552
2860 0.000294190 2860 0.000015550 add_time= 0.000334729
2600 0.000171133 2600 0.000041799 add_time= 0.000233333
2860 0.000055972 2860 0.000007265 add_time= 0.000080040
2754 0.000102675 2754 0.000007371 add_time= 0.000130280
2650 0.000099965 2650 0.000007308 add_time= 0.000134872
1375 0.000086272 1375 0.000011094 add_time= 0.000122313
2600 0.000100990 2600 0.000007872 add_time= 0.000138275
2652 0.000160858 2652 0.000011667 add_time= 0.000268678
2600 0.000046240 2600 0.000008877 add_time= 0.000098964
2652 0.000050674 2652 0.000008682 add_time= 0.000086875
2550 0.000050330 2550 0.000008367 add_time= 0.000084852
2500 0.000078706 2500 0.000035674 add_time= 0.000150002
