2652 0.001017204 2652 0.000016013 add_time= 0.002589738
2750 0.000089414 2750 0.000009011 add_time= 0.000114487
2500 0.000091294 2500 0.000009902 add_time= 0.000119844
2500 0.000482537 2500 0.000010356 add_time= 0.000513891
2805 0.000043415 2805 0.000007029 add_time= 0.000067957
2500 0.000092683 2500 0.000024809 add_time= 0.000196514
2500 0.000063557 2500 0.000007732 add_time= 0.000088241
1250 0.000129615 1250 0.000006411 add_time= 0.000151769
2500 0.000086172 2500 0.000050445 add_time= 0.000168728
2652 0.000167610 2652 0.000006925 add_time= 0.000191498
2500 0.000337638 2500 0.000024620 add_time= 0.000425344
2550 0.000194467 2550 0.000006785 add_time= 0.000218151
2652 0.000116414 2652 0.000024818 add_time= 0.000183513
2500 0.000885700 2500 0.000007306 add_time= 0.000917736
2550 0.000121153 2550 0.000018954 add_time= 0.000156952
1250 0.000380164 1250 0.000009513 add_time= 0.000424349
2805 0.000030118 2805 0.000008336 add_time= 0.000100659
2600 0.000192552 2600 0.000011377 add_time= 0.000333064
2500 0.000220492 2500 0.000020030 add_time= 0.000288795
1250 0.000047901 1250 0.000007890 add_time= 0.000115500
2860 0.000012300 2860 0.000024158 add_time= 0.001673133
2500 0.000101228 2500 0.000009375 add_time= 0.000126833
2700 0.000127642 2700 0.000010231 add_time= 0.000153996
2915 0.000749735 2915 0.000010411 add_time= 0.000782769
2550 0.000058811 2550 0.000006770 add_time= 0.000082075
2500 0.000036295 2500 0.000032725 add_time= 0.000141854
2750 0.000116838 2750 0.000008313 add_time= 0.000175326
2750 0.000153535 2750 0.000007776 add_time= 0.000202603
2500 0.000695872 2500 0.000011327 add_time= 0.000748728
2805 0.000094041 2805 0.000007821 add_time= 0.000134636
2704 0.000010325 2704 0.000035984 add_time= 0.000091349
2500 0.000133075 2500 0.000006462 add_time= 0.000161519
2600 0.000223398 2600 0.000011884 add_time= 0.000258032
2550 0.000170055 2550 0.000006585 add_time= 0.000200428
2805 0.000272839 2805 0.000006830 add_time= 0.000297977
2750 0.000057508 2750 0.000006781 add_time= 0.000078493
2860 0.000388359 2860 0.000008923 add_time= 0.000433343
2500 0.000066591 2500 0.000007493 add_time= 0.000100512
2756 0.000222222 2756 0.000025588 add_time= 0.000347414
2550 0.000036001 2550 0.000008471 add_time= 0.000095810
2500 0.000298942 2500 0.000012773 add_time= 0.001506739
2750 0.000120118 2750 0.000007211 add_time= 0.000143034
2750 0.000051331 2750 0.000006324 add_time= 0.000071791
2550 0.000110875 2550 0.000006417 add_time= 0.000130404
2916 0.000096248 2916 0.000007310 add_time= 0.000119756
1250 0.000146685 1250 0.000006288 add_time= 0.000186986
2756 0.000146269 2756 0.000006650 add_time= 0.000189781
2600 0.000085545 2600 0.000015391 add_time= 0.000115728
2750 0.000006213 2750 0.000051629 add_time= 0.000079848
2700 0.000056299 2700 0.000006512 add_time= 0.000078931
2750 0.000142712 2750 0.000015278 add_time= 0.000180852
2650 0.000080170 2650 0.000014614 add_time= 0.000110257
2500 0.000605282 2500 0.000007430 add_time= 0.000649537
2500 0.000007604 2500 0.000082473 add_time= 0.000105754
2500 0.000118808 2500 0.000007569 add_time= 0.000142758
2601 0.000070191 2601 0.000006757 add_time= 0.000102107
2808 0.000093590 2808 0.000006809 add_time= 0.000118035
1325 0.000075879 1325 0.000005611 add_time= 0.000100141
2650 0.000294464 2650 0.000007098 add_time= 0.000319828
2652 0.000007378 2652 0.000017051 add_time= 0.000049631
3025 0.000067609 3025 0.000007602 add_time= 0.000094753
2970 0.000049152 2970 0.000041137 add_time= 0.000105655
2805 0.000081766 2805 0.000039648 add_time= 0.000138306
2550 0.000086762 2550 0.000006288 add_time= 0.000107693
2650 0.000193388 2650 0.000008622 add_time= 0.000248703
1300 0.000147604 1300 0.000006680 add_time= 0.000194886
2500 0.000094043 2500 0.000017639 add_time= 0.000128192
2600 0.000169073 2600 0.000028424 add_time= 0.000214275
2550 0.000107183 2550 0.000006882 add_time= 0.000130619
2500 0.000276430 2500 0.000027206 add_time= 0.000318627
1275 0.000109032 1275 0.000006153 add_time= 0.000127537
2500 0.000106246 2500 0.000007474 add_time= 0.000129921
2600 0.000008953 2600 0.000019939 add_time= 0.000047700
3025 0.000011959 3025 0.000043671 add_time= 0.000092753
2750 0.000122787 2750 0.000007717 add_time= 0.000158232
2860 0.000075342 2860 0.000005798 add_time= 0.000096230
2500 0.000055492 2500 0.000005833 add_time= 0.000075419
2750 0.000184865 2750 0.000005796 add_time= 0.000204575
3025 0.000097971 3025 0.000006452 add_time= 0.000118596
2500 0.000437107 2500 0.000008956 add_time= 0.000468064
2860 0.000093757 2860 0.000007438 add_time= 0.000135849
2500 0.000099156 2500 0.000006819 add_time= 0.000120681
2750 0.000065610 2750 0.000006316 add_time= 0.000086331
2550 0.000063705 2550 0.000005963 add_time= 0.000083693
2703 0.000118582 2703 0.000006669 add_time= 0.000139372
1375 0.000059080 1375 0.000006593 add_time= 0.000080481
2550 0.000091237 2550 0.000009999 add_time= 0.000183262
2600 0.000061341 2600 0.000008050 add_time= 0.000118011
2500 0.000038475 2500 0.000007954 add_time= 0.000068871
2750 0.000042737 2750 0.000008743 add_time= 0.000099882
2550 0.000104464 2550 0.000007789 add_time= 0.000134848
2860 0.000006366 2860 0.000009243 add_time= 0.000048834
2756 0.000121517 2756 0.000008277 add_time= 0.000152708
2600 0.000175814 2600 0.000013771 add_time= 0.000210433
2750 0.000067762 2750 0.000008094 add_time= 0.000099179
2500 0.000198323 2500 0.000031402 add_time= 0.000244287
2750 0.000076491 2750 0.000006479 add_time= 0.000097188
2500 0.000382747 2500 0.000005949 add_time= 0.000403076
2650 0.000114197 2650 0.000006800 add_time= 0.000138717
2650 0.000410773 2650 0.000007469 add_time= 0.000434591
2550 0.000028022 2550 0.000020610 add_time= 0.000069705
2700 0.000292208 2700 0.000007348 add_time= 0.000316114
2500 0.000137304 2500 0.000007036 add_time= 0.000158909
2862 0.000310946 2862 0.000014130 add_time= 0.000341708
2500 0.000054566 2500 0.000006354 add_time= 0.000075046
2650 0.000149603 2650 0.000007567 add_time= 0.000173365
2756 0.000062545 2756 0.000006928 add_time= 0.000092958
2750 0.000016598 2750 0.000022442 add_time= 0.000055372
2650 0.000302299 2650 0.000007642 add_time= 0.000324109
1250 0.000225641 1250 0.000005381 add_time= 0.000244208
2750 0.000354467 2750 0.000007005 add_time= 0.000377660
2500 0.000202044 2500 0.000019861 add_time= 0.000245943
2750 0.000007548 2750 0.000015628 add_time= 0.000040893
2750 0.000041056 2750 0.000007013 add_time= 0.000063997
2601 0.000147593 2601 0.000025466 add_time= 0.000188196
2550 0.000155522 2550 0.000007027 add_time= 0.000178166
2750 0.000098932 2750 0.000006880 add_time= 0.000121548
2500 0.000367936 2500 0.000006784 add_time= 0.000389927
2500 0.000006961 2500 0.000016950 add_time= 0.000040954
2600 0.000125247 2600 0.000007639 add_time= 0.000148064
2550 0.000106772 2550 0.000007451 add_time= 0.000129549
2700 0.000138098 2700 0.000007569 add_time= 0.000161115
2750 0.000149990 2750 0.000027890 add_time= 0.000192254
1250 0.000157733 1250 0.000007558 add_time= 0.000195434
2652 0.000009080 2652 0.000035263 add_time= 0.000083520
2750 0.000165243 2750 0.000006879 add_time= 0.000187505
2750 0.000085472 2750 0.000007160 add_time= 0.000108813
2601 0.000097654 2601 0.000007178 add_time= 0.000121071
2700 0.000095100 2700 0.000006381 add_time= 0.000117911
1250 0.000047748 1250 0.000006012 add_time= 0.000065791
2915 0.000215625 2915 0.000016658 add_time= 0.000250025
2750 0.000013041 2750 0.000021255 add_time= 0.000056445
2500 0.000115343 2500 0.000006872 add_time= 0.000138488
2500 0.000200586 2500 0.000007327 add_time= 0.000224512
2700 0.000086345 2700 0.000007063 add_time= 0.000108449
2750 0.000254753 2750 0.000006286 add_time= 0.000275784
2915 0.000393246 2915 0.000018113 add_time= 0.000449812
2860 0.000009399 2860 0.000170678 add_time= 0.000222772
2500 0.000110739 2500 0.000017941 add_time= 0.000150666
2550 0.000062860 2550 0.000006257 add_time= 0.000094319
2750 0.000086751 2750 0.000006684 add_time= 0.000125348
2970 0.000092709 2970 0.000008286 add_time= 0.000145628
2915 0.000046157 2915 0.000009119 add_time= 0.000127249
2600 0.000066369 2600 0.000008662 add_time= 0.000122014
1250 0.000080269 1250 0.000008839 add_time= 0.000143425
2550 0.000061261 2550 0.000008405 add_time= 0.000118712
2500 0.000038711 2500 0.000008639 add_time= 0.000088633
2750 0.000060070 2750 0.000008162 add_time= 0.000106610
2750 0.000080435 2750 0.000008630 add_time= 0.000133980
2650 0.000216969 2650 0.000006780 add_time= 0.000249460
2500 0.000008367 2500 0.000022956 add_time= 0.000057199
2750 0.000103565 2750 0.000008000 add_time= 0.000140392
2550 0.000043390 2550 0.000008167 add_time= 0.000078288
2500 0.000094468 2500 0.000007695 add_time= 0.000144905
2500 0.000145559 2500 0.000006758 add_time= 0.000176020
2600 0.000157026 2600 0.000012950 add_time= 0.000195668
2805 0.000089914 2805 0.000007268 add_time= 0.000125965
1250 0.000061804 1250 0.000006179 add_time= 0.000091223
2600 0.000087138 2600 0.000007461 add_time= 0.000117462
2550 0.000140242 2550 0.000006519 add_time= 0.000168936
2550 0.000101023 2550 0.000015857 add_time= 0.000140753
2500 0.000288907 2500 0.000009452 add_time= 0.000325909
2600 0.000007968 2600 0.000015160 add_time= 0.000047535
2700 0.000376611 2700 0.000006808 add_time= 0.000397989
1375 0.000107330 1375 0.000006677 add_time= 0.000129289
2550 0.000250357 2550 0.000006522 add_time= 0.000271226
1350 0.000149323 1350 0.000005961 add_time= 0.000166968
2500 0.000253333 2500 0.000007547 add_time= 0.000276913
2704 0.000328121 2704 0.000012427 add_time= 0.000356068
2805 0.000297371 2805 0.000007620 add_time= 0.000319621
2754 0.000103359 2754 0.000006927 add_time= 0.000126522
1250 0.000161575 1250 0.000006042 add_time= 0.000184589
2600 0.000118724 2600 0.000006768 add_time= 0.000139718
2809 0.000049931 2809 0.000007136 add_time= 0.000072471
2652 0.000524310 2652 0.000010873 add_time= 0.000549466
2750 0.000152393 2750 0.000006218 add_time= 0.000181000
2750 0.000148854 2750 0.000006081 add_time= 0.000168465
2652 0.000173633 2652 0.000006775 add_time= 0.000195449
2916 0.000071414 2916 0.000006779 add_time= 0.000091993
2703 0.000354616 2703 0.000007609 add_time= 0.000380083
2860 0.000013619 2860 0.000019224 add_time= 0.000055172
2750 0.000222630 2750 0.000033530 add_time= 0.000271718
2750 0.000118446 2750 0.000007102 add_time= 0.000141312
2500 0.000148582 2500 0.000006927 add_time= 0.000170596
2750 0.000109022 2750 0.000010114 add_time= 0.000134869
2860 0.000301679 2860 0.000007011 add_time= 0.000324112
2652 0.000006293 2652 0.000023818 add_time= 0.000045040
2500 0.000048269 2500 0.000006533 add_time= 0.000069741
2805 0.000048869 2805 0.000006388 add_time= 0.000070992
2550 0.000096269 2550 0.000006471 add_time= 0.000117835
2650 0.000071083 2650 0.000030260 add_time= 0.000116030
2600 0.000215214 2600 0.000008317 add_time= 0.000283782
2750 0.000134680 2750 0.000007620 add_time= 0.000188055
2700 0.000055872 2700 0.000029900 add_time= 0.000111546
2805 0.000393682 2805 0.000007422 add_time= 0.000432256
2808 0.000246036 2808 0.000008053 add_time= 0.000299211
1275 0.000040415 1275 0.000006848 add_time= 0.000077622
2703 0.000204625 2703 0.000018784 add_time= 0.000266206
2650 0.000121622 2650 0.000007520 add_time= 0.000179758
2600 0.000072382 2600 0.000006546 add_time= 0.000103617
2550 0.000267245 2550 0.000007962 add_time= 0.000332880
2970 0.000050724 2970 0.000007062 add_time= 0.000094210
1300 0.000092852 1300 0.000006933 add_time= 0.000131650
2500 0.000136922 2500 0.000007708 add_time= 0.000160901
2808 0.000044072 2808 0.000006838 add_time= 0.000066285
2750 0.000164826 2750 0.000006822 add_time= 0.000185575
2550 0.000093319 2550 0.000006075 add_time= 0.000112208
2970 0.000051373 2970 0.000006639 add_time= 0.000074480
2500 0.000333985 2500 0.000006214 add_time= 0.000353432
2750 0.000038201 2750 0.000008348 add_time= 0.000088156
2500 0.000036521 2500 0.000017519 add_time= 0.000076240
2500 0.000135845 2500 0.000007851 add_time= 0.000165290
2750 0.000059109 2750 0.000008552 add_time= 0.000093314
2550 0.000061123 2550 0.000008528 add_time= 0.000094924
2750 0.000042476 2750 0.000007871 add_time= 0.000077245
2809 0.000068294 2809 0.000007333 add_time= 0.000090718
2860 0.000081511 2860 0.000007043 add_time= 0.000103615
2650 0.000114788 2650 0.000006782 add_time= 0.000135522
2500 0.000133906 2500 0.000006691 add_time= 0.000154999
2500 0.000087974 2500 0.000006589 add_time= 0.000108160
2750 0.000318529 2750 0.000006240 add_time= 0.000337657
2550 0.000168376 2550 0.000007170 add_time= 0.000201245
2550 0.000183669 2550 0.000006703 add_time= 0.000204563
2500 0.000007240 2500 0.000015287 add_time= 0.000037128
2860 0.000107414 2860 0.000008163 add_time= 0.000142448
2805 0.000068862 2805 0.000006668 add_time= 0.000089334
2754 0.000055273 2754 0.000007366 add_time= 0.000077649
2700 0.000100501 2700 0.000018095 add_time= 0.000139059
2600 0.000101931 2600 0.000007119 add_time= 0.000122575
2860 0.000045376 2860 0.000006777 add_time= 0.000067058
2600 0.000006301 2600 0.000014311 add_time= 0.000034177
1375 0.000055446 1375 0.000006091 add_time= 0.000073467
2500 0.000047731 2500 0.000006614 add_time= 0.000068883
2808 0.000312885 2808 0.000016057 add_time= 0.000344375
2500 0.000251936 2500 0.000006029 add_time= 0.000270926
2500 0.000058965 2500 0.000011389 add_time= 0.000099673
2756 0.000067247 2756 0.000031349 add_time= 0.000114923
2550 0.000059216 2550 0.000078506 add_time= 0.000153646
2750 0.000056314 2750 0.000006109 add_time= 0.000077357
2652 0.000064077 2652 0.000009896 add_time= 0.000088374
2550 0.000317240 2550 0.000006762 add_time= 0.000339890
2650 0.000570211 2650 0.000007642 add_time= 0.000594974
1300 0.000007056 1300 0.000017256 add_time= 0.000044689
2805 0.000103458 2805 0.000007153 add_time= 0.000130185
2550 0.000104907 2550 0.000006988 add_time= 0.000136853
2750 0.000180213 2750 0.000007438 add_time= 0.000204453
2500 0.000104213 2500 0.000006448 add_time= 0.000124983
2809 0.000089913 2809 0.000028949 add_time= 0.000136175
2808 0.000107160 2808 0.000006372 add_time= 0.000128160
2550 0.000073546 2550 0.000007653 add_time= 0.000096870
2750 0.000086394 2750 0.000014276 add_time= 0.000115261
2500 0.000043003 2500 0.000007069 add_time= 0.000065942
2652 0.000144851 2652 0.000006428 add_time= 0.000164736
2750 0.000204620 2750 0.000006564 add_time= 0.000225055
2915 0.000431702 2915 0.000007835 add_time= 0.000456776
2652 0.000007389 2652 0.000024194 add_time= 0.000046304
3025 0.000058154 3025 0.000009563 add_time= 0.000087496
2915 0.000039452 2915 0.000030255 add_time= 0.000086430
2750 0.000071408 2750 0.000007170 add_time= 0.000098978
2700 0.000079554 2700 0.000025632 add_time= 0.000119633
1250 0.000066689 1250 0.000005795 add_time= 0.000084768
2652 0.000007720 2652 0.000024538 add_time= 0.000047897
2750 0.000012879 2750 0.000014306 add_time= 0.000043680
2860 0.000053706 2860 0.000007356 add_time= 0.000076699
2550 0.000148026 2550 0.000006901 add_time= 0.000170284
2750 0.000040611 2750 0.000008280 add_time= 0.000082410
2650 0.000169362 2650 0.000007613 add_time= 0.000206952
2500 0.000007083 2500 0.000014389 add_time= 0.000037155
2805 0.000052344 2805 0.000006899 add_time= 0.000075940
2550 0.000332941 2550 0.000006929 add_time= 0.000361658
2500 0.000289982 2500 0.000018250 add_time= 0.000324634
2750 0.000050744 2750 0.000006890 add_time= 0.000073011
2860 0.000316294 2860 0.000007449 add_time= 0.000340669
2600 0.000017487 2600 0.000013879 add_time= 0.000051518
2805 0.000074166 2805 0.000017169 add_time= 0.000105337
2700 0.000106268 2700 0.000006555 add_time= 0.000127032
1250 0.000189496 1250 0.000006540 add_time= 0.000224615
2970 0.000092018 2970 0.000019069 add_time= 0.000134955
625 0.000060459 625 0.000006993 add_time= 0.000113350
2750 0.000309090 2750 0.000008098 add_time= 0.000346027
2550 0.000007322 2550 0.000014163 add_time= 0.000049981
2650 0.000103321 2650 0.000006989 add_time= 0.000130902
2500 0.000040762 2500 0.000006415 add_time= 0.000072190
2700 0.000092177 2700 0.000007090 add_time= 0.000116372
2500 0.000076570 2500 0.000006860 add_time= 0.000100725
2600 0.000092642 2600 0.000009092 add_time= 0.000147716
2805 0.000047393 2805 0.000008834 add_time= 0.000088486
2750 0.000089539 2750 0.000008958 add_time= 0.000138412
2550 0.000006815 2550 0.000009463 add_time= 0.000044008
2500 0.000005967 2500 0.000008703 add_time= 0.000053559
2550 0.000123569 2550 0.000007755 add_time= 0.000152649
1300 0.000067186 1300 0.000005506 add_time= 0.000088451
2500 0.000105547 2500 0.000007184 add_time= 0.000141419
2860 0.000077616 2860 0.000007477 add_time= 0.000103652
2500 0.000088249 2500 0.000006939 add_time= 0.000112651
2750 0.000049180 2750 0.000007759 add_time= 0.000075375
1375 0.000089007 1375 0.000005788 add_time= 0.000109017
2650 0.000206428 2650 0.000006965 add_time= 0.000234370
2600 0.000007728 2600 0.000014309 add_time= 0.000039046
1250 0.000105672 1250 0.000007853 add_time= 0.000129692
2750 0.000097256 2750 0.000006586 add_time= 0.000131300
2500 0.000030896 2500 0.000006173 add_time= 0.000052213
2550 0.000050241 2550 0.000006996 add_time= 0.000080241
2500 0.000034373 2500 0.000007228 add_time= 0.000058442
2650 0.000206323 2650 0.000007709 add_time= 0.000236049
2600 0.000007381 2600 0.000022945 add_time= 0.000046373
2750 0.000122657 2750 0.000007009 add_time= 0.000147725
2860 0.000030609 2860 0.000007974 add_time= 0.000056548
2601 0.000075466 2601 0.000011896 add_time= 0.000103704
2650 0.000034233 2650 0.000006713 add_time= 0.000057255
1375 0.000059469 1375 0.000005827 add_time= 0.000082208
2550 0.000142944 2550 0.000015826 add_time= 0.000179790
3025 0.000045492 3025 0.000007162 add_time= 0.000075905
2500 0.000161896 2500 0.000006775 add_time= 0.000195184
2550 0.000034936 2550 0.000006370 add_time= 0.000057988
2700 0.000033608 2700 0.000007335 add_time= 0.000057053
2750 0.000029079 2750 0.000006458 add_time= 0.000051989
2500 0.000144424 2500 0.000007755 add_time= 0.000171671
2860 0.000064660 2860 0.000006985 add_time= 0.000098720
2750 0.000186742 2750 0.000014057 add_time= 0.000216580
2550 0.000570274 2550 0.000006700 add_time= 0.000590767
2500 0.000256032 2500 0.000008294 add_time= 0.000280020
2808 0.000585862 2808 0.000015234 add_time= 0.000615841
2750 0.000215482 2750 0.000007571 add_time= 0.000240447
2750 0.000045290 2750 0.000006767 add_time= 0.000067236
2750 0.000052305 2750 0.000014173 add_time= 0.000083325
2750 0.000110292 2750 0.000006939 add_time= 0.000140730
2970 0.000064696 2970 0.000007296 add_time= 0.000090405
2500 0.000081814 2500 0.000010131 add_time= 0.000119082
2550 0.000075649 2550 0.000007392 add_time= 0.000099715
3025 0.000007788 3025 0.000016738 add_time= 0.000042120
2750 0.000123474 2750 0.000006490 add_time= 0.000146744
2650 0.000142805 2650 0.000006587 add_time= 0.000162994
2700 0.000086825 2700 0.000006891 add_time= 0.000115381
2650 0.000607893 2650 0.000007695 add_time= 0.000632566
2652 0.000007315 2652 0.000020125 add_time= 0.000046339
2750 0.000047139 2750 0.000008924 add_time= 0.000070666
2805 0.000065527 2805 0.000007186 add_time= 0.000087295
2750 0.000104711 2750 0.000006638 add_time= 0.000125146
2500 0.000209551 2500 0.000007460 add_time= 0.000240154
2500 0.000105392 2500 0.000007343 add_time= 0.000128651
2915 0.000444457 2915 0.000007537 add_time= 0.000470392
1300 0.000043369 1300 0.000006601 add_time= 0.000063980
2500 0.000252832 2500 0.000006798 add_time= 0.000278368
2500 0.000115662 2500 0.000006790 add_time= 0.000147346
2703 0.000130435 2703 0.000008655 add_time= 0.000167681
2700 0.000096907 2700 0.000006773 add_time= 0.000117865
2600 0.000108245 2600 0.000008032 add_time= 0.000141868
2600 0.000067312 2600 0.000006694 add_time= 0.000089842
2915 0.000006954 2915 0.000015967 add_time= 0.000038354
2650 0.000372448 2650 0.000006960 add_time= 0.000396032
2500 0.000073843 2500 0.000006598 add_time= 0.000104343
2805 0.000069435 2805 0.000018255 add_time= 0.000103956
2754 0.000037076 2754 0.000006245 add_time= 0.000058291
1250 0.000034324 1250 0.000006965 add_time= 0.000057574
2703 0.000124093 2703 0.000006604 add_time= 0.000147785
2860 0.000064792 2860 0.000006677 add_time= 0.000086553
2750 0.000169113 2750 0.000006856 add_time= 0.000192249
2601 0.000112077 2601 0.000006900 add_time= 0.000133759
2550 0.000041580 2550 0.000006068 add_time= 0.000071562
2550 0.000332939 2550 0.000006511 add_time= 0.000363411
2809 0.000085437 2809 0.000007266 add_time= 0.000115132
2860 0.000006745 2860 0.000014393 add_time= 0.000047560
2860 0.000159795 2860 0.000007292 add_time= 0.000184012
2703 0.000096420 2703 0.000007383 add_time= 0.000119559
2703 0.000076286 2703 0.000010660 add_time= 0.000103493
2600 0.000091926 2600 0.000007058 add_time= 0.000115452
1275 0.003282933 1275 0.000007064 add_time= 0.003305792
2550 0.000026900 2550 0.000008556 add_time= 0.000070869
2600 0.000021417 2600 0.000014467 add_time= 0.000062455
2750 0.000103369 2750 0.000008497 add_time= 0.000147690
2970 0.000030184 2970 0.000007693 add_time= 0.000072832
2601 0.000029633 2601 0.000007513 add_time= 0.000061975
2750 0.000046082 2750 0.000008869 add_time= 0.000083524
2750 0.000371763 2750 0.000008021 add_time= 0.000407880
2650 0.000126711 2650 0.000007489 add_time= 0.000154274
2600 0.000075646 2600 0.000006689 add_time= 0.000099205
2750 0.000052086 2750 0.000006992 add_time= 0.000081652
2500 0.000046358 2500 0.000006127 add_time= 0.000068244
2652 0.000062338 2652 0.000007107 add_time= 0.000086946
2500 0.000090054 2500 0.000007273 add_time= 0.000122865
2750 0.000083606 2750 0.000007848 add_time= 0.000109383
2550 0.000463391 2550 0.000007174 add_time= 0.000508362
2805 0.000071280 2805 0.000008234 add_time= 0.000098041
2550 0.000096580 2550 0.000007388 add_time= 0.000128766
2703 0.000062752 2703 0.000015692 add_time= 0.000095072
2500 0.000061191 2500 0.000006343 add_time= 0.000086570
2650 0.000163685 2650 0.000007818 add_time= 0.000191437
2500 0.000007199 2500 0.000013887 add_time= 0.000046734
3025 0.000088759 3025 0.000006636 add_time= 0.000113947
2750 0.000058237 2750 0.000007835 add_time= 0.000083780
2550 0.000049498 2550 0.000006927 add_time= 0.000073728
3025 0.000091380 3025 0.000007224 add_time= 0.000115891
2915 0.000093271 2915 0.000007604 add_time= 0.000124089
2652 0.000007101 2652 0.000013465 add_time= 0.000036368
2750 0.000005961 2750 0.000061986 add_time= 0.000083362
2700 0.000065391 2700 0.000007598 add_time= 0.000090754
2601 0.000056495 2601 0.000013151 add_time= 0.000086591
2550 0.000112620 2550 0.000006481 add_time= 0.000135001
2500 0.000049103 2500 0.000006714 add_time= 0.000072034
1275 0.000263874 1275 0.000005566 add_time= 0.000283945
2600 0.000033569 2600 0.000007396 add_time= 0.000061020
2600 0.000028613 2600 0.000006816 add_time= 0.000052180
2500 0.000064767 2500 0.000006354 add_time= 0.000092494
2652 0.000029402 2652 0.000014119 add_time= 0.000058769
2652 0.000063613 2652 0.000014294 add_time= 0.000093154
2750 0.000083378 2750 0.000006195 add_time= 0.000104730
2750 0.000111378 2750 0.000006191 add_time= 0.000140123
2500 0.000085078 2500 0.000009484 add_time= 0.000122859
2600 0.000048177 2600 0.000006531 add_time= 0.000069350
2550 0.000108699 2550 0.000008086 add_time= 0.000145558
2550 0.000056845 2550 0.000006499 add_time= 0.000078208
2550 0.000163666 2550 0.000007851 add_time= 0.000198466
2700 0.000180417 2700 0.000015325 add_time= 0.000210376
2750 0.000253557 2750 0.000014281 add_time= 0.000282168
2750 0.000034944 2750 0.000007025 add_time= 0.000057724
2860 0.000061239 2860 0.000007886 add_time= 0.000084964
2750 0.000108685 2750 0.000028317 add_time= 0.000150988
2750 0.000089119 2750 0.000007878 add_time= 0.000115682
2550 0.000110587 2550 0.000006513 add_time= 0.000130960
2860 0.000346714 2860 0.000008009 add_time= 0.000371349
1375 0.000069003 1375 0.000030968 add_time= 0.000113226
2915 0.000418753 2915 0.000007121 add_time= 0.000441398
2652 0.000014370 2652 0.000091426 add_time= 0.000119447
2750 0.000089267 2750 0.000007245 add_time= 0.000120805
2805 0.000072119 2805 0.000027006 add_time= 0.000113538
2700 0.000190865 2700 0.000007467 add_time= 0.000214440
2805 0.000082426 2805 0.000027694 add_time= 0.000143965
2600 0.000329589 2600 0.000007244 add_time= 0.000353764
2652 0.000006725 2652 0.000016758 add_time= 0.000037952
2915 0.000066660 2915 0.000007014 add_time= 0.000092805
2550 0.000057444 2550 0.000007577 add_time= 0.000092422
2754 0.000073556 2754 0.000006474 add_time= 0.000094339
3025 0.000066870 3025 0.000007575 add_time= 0.000091950
2600 0.000425828 2600 0.000006851 add_time= 0.000449536
2600 0.000096790 2600 0.000018708 add_time= 0.000131757
2750 0.000073336 2750 0.000006842 add_time= 0.000095302
2750 0.000122735 2750 0.000007173 add_time= 0.000144687
2500 0.000234732 2500 0.000008010 add_time= 0.000258525
1375 0.001242140 1375 0.000006626 add_time= 0.001261714
2550 0.000232743 2550 0.000006509 add_time= 0.000258143
2704 0.000105305 2704 0.000006752 add_time= 0.000135482
2750 0.000411931 2750 0.000006483 add_time= 0.000433757
2500 0.000058915 2500 0.000007290 add_time= 0.000082401
2860 0.000200729 2860 0.000006976 add_time= 0.000227714
2750 0.000048175 2750 0.000006868 add_time= 0.000073145
2600 0.000039874 2600 0.000005881 add_time= 0.000061314
2750 0.000007537 2750 0.000018668 add_time= 0.000041086
2650 0.000179473 2650 0.000006812 add_time= 0.000203225
2652 0.000223678 2652 0.000007540 add_time= 0.000248339
2550 0.000201125 2550 0.000007364 add_time= 0.000239193
2500 0.000091310 2500 0.000006696 add_time= 0.000114268
2809 0.000068321 2809 0.000007021 add_time= 0.000099313
2650 0.000006433 2650 0.000014556 add_time= 0.000050105
3025 0.000079467 3025 0.000019047 add_time= 0.000119178
2750 0.000081752 2750 0.000007601 add_time= 0.000107736
2550 0.000033029 2550 0.000006978 add_time= 0.000056405
2500 0.000092920 2500 0.000006798 add_time= 0.000124845
2750 0.000057125 2750 0.000009475 add_time= 0.000140499
2750 0.000046627 2750 0.000015638 add_time= 0.000091706
2550 0.000033376 2550 0.000008115 add_time= 0.000069378
2750 0.000027624 2750 0.000008636 add_time= 0.000067571
2500 0.000027674 2500 0.000008316 add_time= 0.000063867
2860 0.000225367 2860 0.000006900 add_time= 0.000251588
2600 0.000007781 2600 0.000012614 add_time= 0.000045611
2500 0.000089908 2500 0.000006477 add_time= 0.000113590
2500 0.000045440 2500 0.000006407 add_time= 0.000068333
2500 0.000091863 2500 0.000006088 add_time= 0.000113591
1250 0.000061451 1250 0.000006047 add_time= 0.000083321
2915 0.000069585 2915 0.000007233 add_time= 0.000095975
2600 0.000045720 2600 0.000007616 add_time= 0.000069347
2750 0.000095711 2750 0.000015089 add_time= 0.000126471
2652 0.000113901 2652 0.000007864 add_time= 0.000148670
2550 0.000090730 2550 0.000006604 add_time= 0.000112019
2600 0.000041324 2600 0.000015306 add_time= 0.000090254
2650 0.000075086 2650 0.000007116 add_time= 0.000098446
2600 0.000068813 2600 0.000006566 add_time= 0.000089597
2860 0.000121828 2860 0.000006604 add_time= 0.000144339
3025 0.000096877 3025 0.000008889 add_time= 0.000123332
2703 0.000135181 2703 0.000018094 add_time= 0.000169260
2700 0.000079215 2700 0.000006604 add_time= 0.000100217
2500 0.000067612 2500 0.000006870 add_time= 0.000087812
2650 0.000095095 2650 0.000007237 add_time= 0.000119016
2600 0.000050819 2600 0.000007884 add_time= 0.000074421
2500 0.000045704 2500 0.000006825 add_time= 0.000067915
3025 0.000060785 3025 0.000017966 add_time= 0.000095925
2970 0.000067452 2970 0.000007159 add_time= 0.000091138
1250 0.000058417 1250 0.000006270 add_time= 0.000078425
1250 0.000084817 1250 0.000006155 add_time= 0.000105228
2600 0.000006787 2600 0.000024604 add_time= 0.000046455
2500 0.000099922 2500 0.000007124 add_time= 0.000133556
2750 0.000071138 2750 0.000006740 add_time= 0.000093750
2754 0.000064433 2754 0.000007034 add_time= 0.000087172
1375 0.000101284 1375 0.000006497 add_time= 0.000121064
2650 0.000335012 2650 0.000007304 add_time= 0.000359364
2600 0.000006748 2600 0.000013052 add_time= 0.000033659
2500 0.000066509 2500 0.000006363 add_time= 0.000086322
2550 0.000124982 2550 0.000010517 add_time= 0.000150966
2750 0.000121648 2750 0.000016363 add_time= 0.000165125
1300 0.000086232 1300 0.000006252 add_time= 0.000105266
2756 0.000443959 2756 0.000007260 add_time= 0.000469779
2600 0.000007840 2600 0.000026110 add_time= 0.000048912
2500 0.000081000 2500 0.000014121 add_time= 0.000110444
2750 0.000343973 2750 0.000006765 add_time= 0.000365296
2601 0.000168792 2601 0.000013927 add_time= 0.000207280
2700 0.000076926 2700 0.000006532 add_time= 0.000107462
3025 0.000561063 3025 0.000006081 add_time= 0.000589484
2703 0.000407284 2703 0.000006863 add_time= 0.000429488
2600 0.000116717 2600 0.000017768 add_time= 0.000152450
1250 0.000195262 1250 0.000017854 add_time= 0.000234094
2600 0.000099567 2600 0.000006602 add_time= 0.000120387
2754 0.000362654 2754 0.000007175 add_time= 0.000384155
2500 0.000128179 2500 0.000006257 add_time= 0.000147488
2809 0.000102099 2809 0.000007402 add_time= 0.000125399
2808 0.000057271 2808 0.000007514 add_time= 0.000080857
2500 0.000208546 2500 0.000006171 add_time= 0.000228274
2500 0.000035926 2500 0.000005700 add_time= 0.000059653
2550 0.000179832 2550 0.000013902 add_time= 0.000208988
2808 0.000135030 2808 0.000006152 add_time= 0.000154574
1250 0.000142016 1250 0.000006812 add_time= 0.000162618
2650 0.000437026 2650 0.000007183 add_time= 0.000459082
2600 0.000387926 2600 0.000017612 add_time= 0.000419782
2650 0.000104872 2650 0.000006851 add_time= 0.000125492
3025 0.000123584 3025 0.000006712 add_time= 0.000145338
2550 0.000191271 2550 0.000007876 add_time= 0.000214783
2700 0.000042833 2700 0.000006769 add_time= 0.000063863
1250 0.000049889 1250 0.000006646 add_time= 0.000069561
2650 0.000168054 2650 0.000006802 add_time= 0.000190687
2600 0.000027079 2600 0.000015271 add_time= 0.000057680
2750 0.000071644 2750 0.000010120 add_time= 0.000097642
2500 0.000101119 2500 0.000006264 add_time= 0.000137233
2601 0.000061548 2601 0.000013642 add_time= 0.000089171
3025 0.000137364 3025 0.000007265 add_time= 0.000161843
2650 0.000067311 2650 0.000008104 add_time= 0.000110737
2808 0.000047927 2808 0.000006327 add_time= 0.000068889
2600 0.000148739 2600 0.000007434 add_time= 0.000172611
2750 0.000252506 2750 0.000007109 add_time= 0.000276208
2550 0.000078011 2550 0.000006944 add_time= 0.000109777
2700 0.000090507 2700 0.000015563 add_time= 0.000120313
2809 0.000139267 2809 0.000007443 add_time= 0.000164399
1300 0.000111921 1300 0.000073869 add_time= 0.000216943
2750 0.000038630 2750 0.000017395 add_time= 0.000077461
2550 0.000105870 2550 0.000006575 add_time= 0.000127655
2550 0.000096014 2550 0.000013147 add_time= 0.000125668
2500 0.000076357 2500 0.000028008 add_time= 0.000120598
2915 0.000118483 2915 0.000008567 add_time= 0.000151528
2600 0.000051955 2600 0.000015799 add_time= 0.000093534
2500 0.000131731 2500 0.000006659 add_time= 0.000153595
2500 0.000059442 2500 0.000006903 add_time= 0.000081679
2550 0.000084914 2550 0.000007212 add_time= 0.000107806
2750 0.000097933 2750 0.000006568 add_time= 0.000120582
2650 0.000068190 2650 0.000009049 add_time= 0.000139671
1300 0.000141102 1300 0.000083761 add_time= 0.000267249
2500 0.000065381 2500 0.000007533 add_time= 0.000102413
2750 0.000043308 2750 0.000007915 add_time= 0.000076733
2700 0.000007415 2700 0.000009118 add_time= 0.000046245
1250 0.000038551 1250 0.000007629 add_time= 0.000087580
2650 0.000118934 2650 0.000006326 add_time= 0.000139588
2500 0.000007266 2500 0.000013873 add_time= 0.000035791
2860 0.000210023 2860 0.000012038 add_time= 0.000236270
2500 0.000105900 2500 0.000007004 add_time= 0.000125658
2805 0.000061593 2805 0.000006439 add_time= 0.000083514
2550 0.000141441 2550 0.000007464 add_time= 0.000162359
2550 0.000163814 2550 0.000012079 add_time= 0.000196593
2650 0.000159392 2650 0.000008211 add_time= 0.000185129
2500 0.000009156 2500 0.000022677 add_time= 0.000046806
2500 0.000049868 2500 0.000007014 add_time= 0.000075249
2500 0.000065679 2500 0.000006533 add_time= 0.000096422
2550 0.000149311 2550 0.000006609 add_time= 0.000169793
2703 0.000050690 2703 0.000030354 add_time= 0.000094266
2750 0.000133178 2750 0.000035184 add_time= 0.000195055
2500 0.000114246 2500 0.000013279 add_time= 0.000144572
2860 0.000008657 2860 0.000017287 add_time= 0.000051142
2700 0.000077005 2700 0.000007062 add_time= 0.000109368
2750 0.000124046 2750 0.000014850 add_time= 0.000152484
2550 0.000054913 2550 0.000006927 add_time= 0.000077652
2750 0.000133692 2750 0.000007624 add_time= 0.000157396
2550 0.000108936 2550 0.000006865 add_time= 0.000134861
2500 0.000008019 2500 0.000021117 add_time= 0.000045122
2750 0.000053577 2750 0.000007216 add_time= 0.000076086
2750 0.000067798 2750 0.000006242 add_time= 0.000088697
2500 0.000107285 2500 0.000007279 add_time= 0.000129627
1250 0.000346137 1250 0.000006948 add_time= 0.000368266
2756 0.000051778 2756 0.000008281 add_time= 0.000078158
2860 0.000007987 2860 0.000032208 add_time= 0.000056088
3025 0.000156819 3025 0.000039116 add_time= 0.000213943
2601 0.000046404 2601 0.000018954 add_time= 0.000089514
2550 0.000140606 2550 0.000014660 add_time= 0.000176056
2650 0.000194984 2650 0.000007267 add_time= 0.000229057
2750 0.000013494 2750 0.000023353 add_time= 0.000059726
2550 0.000048325 2550 0.000010260 add_time= 0.000074397
2600 0.000082601 2600 0.000007159 add_time= 0.000103807
2700 0.000069002 2700 0.000006975 add_time= 0.000091843
1250 0.000143285 1250 0.000006962 add_time= 0.000164433
2915 0.000099703 2915 0.000007565 add_time= 0.000126137
2600 0.000012296 2600 0.000014085 add_time= 0.000043147
2500 0.000094381 2500 0.000006747 add_time= 0.000117075
2750 0.000074572 2750 0.000007160 add_time= 0.000110623
2805 0.000062501 2805 0.000006682 add_time= 0.000083556
2808 0.000067005 2808 0.000007102 add_time= 0.000088227
2750 0.000142253 2750 0.000006433 add_time= 0.000162538
2650 0.000612052 2650 0.000009144 add_time= 0.000643908
2550 0.000017404 2550 0.000020582 add_time= 0.000061155
2805 0.000124870 2805 0.000007054 add_time= 0.000150505
2805 0.000558406 2805 0.000007276 add_time= 0.000586348
2500 0.000095081 2500 0.000007298 add_time= 0.000118548
2500 0.000105041 2500 0.000006933 add_time= 0.000135556
2860 0.000409650 2860 0.000008173 add_time= 0.000433815
2550 0.000094373 2550 0.000007123 add_time= 0.000123900
2750 0.000083814 2750 0.000040953 add_time= 0.000141241
2703 0.000119328 2703 0.000012399 add_time= 0.000156393
2808 0.000056591 2808 0.000028322 add_time= 0.000099865
2500 0.000086240 2500 0.000006413 add_time= 0.000106520
2650 0.000236343 2650 0.000006864 add_time= 0.000259759
2860 0.000007532 2860 0.000095241 add_time= 0.000119062
2750 0.000066466 2750 0.000008365 add_time= 0.000098192
2550 0.000297912 2550 0.000014664 add_time= 0.000327937
2805 0.000075447 2805 0.000007033 add_time= 0.000097513
2600 0.000093229 2600 0.000028378 add_time= 0.000137538
1250 0.000116854 1250 0.000010741 add_time= 0.000141233
2500 0.000154187 2500 0.000007111 add_time= 0.000176764
2750 0.000014379 2750 0.000016321 add_time= 0.000049600
2750 0.000079100 2750 0.000007071 add_time= 0.000102119
2750 0.000242666 2750 0.000007190 add_time= 0.000264746
2805 0.000141841 2805 0.000006201 add_time= 0.000162312
2550 0.000064872 2550 0.000007571 add_time= 0.000088097
2700 0.000073092 2700 0.000035273 add_time= 0.000124425
2809 0.000146630 2809 0.000007236 add_time= 0.000171291
2600 0.000057070 2600 0.000035322 add_time= 0.000118954
2750 0.000044341 2750 0.000007014 add_time= 0.000067493
2600 0.000144908 2600 0.000013458 add_time= 0.000171834
2550 0.000077452 2550 0.000013941 add_time= 0.000106798
2550 0.000053884 2550 0.000038410 add_time= 0.000106646
3025 0.000047912 3025 0.000007969 add_time= 0.000073842
1300 0.000059899 1300 0.000005513 add_time= 0.000077877
2500 0.000213457 2500 0.000008323 add_time= 0.000257015
2600 0.000011476 2600 0.000015428 add_time= 0.000053116
1375 0.000060553 1375 0.000028204 add_time= 0.000117175
2750 0.000041020 2750 0.000005662 add_time= 0.000073589
2652 0.000239093 2652 0.000006513 add_time= 0.000260106
2750 0.000084686 2750 0.000006312 add_time= 0.000105208
3025 0.000068272 3025 0.000006434 add_time= 0.000098281
1250 0.000057101 1250 0.000006030 add_time= 0.000074388
2650 0.000191419 2650 0.000007667 add_time= 0.000222341
2550 0.000008719 2550 0.000020890 add_time= 0.000050463
2750 0.000046279 2750 0.000006348 add_time= 0.000066797
2750 0.000066043 2750 0.000005813 add_time= 0.000085709
2805 0.000207628 2805 0.000026913 add_time= 0.000248966
2601 0.000066070 2601 0.000005896 add_time= 0.000085976
2750 0.000118496 2750 0.000008734 add_time= 0.000144212
2550 0.000185996 2550 0.000006887 add_time= 0.000209471
2500 0.000007085 2500 0.000014481 add_time= 0.000048173
2750 0.000053899 2750 0.000006646 add_time= 0.000083147
2805 0.000083607 2805 0.000007646 add_time= 0.000108025
1275 0.000166974 1275 0.000005964 add_time= 0.000185834
2750 0.000079387 2750 0.000006660 add_time= 0.000100456
2500 0.000081737 2500 0.000006289 add_time= 0.000101139
2500 0.000080611 2500 0.000009776 add_time= 0.000132981
2500 0.000056393 2500 0.000016712 add_time= 0.000097128
2550 0.000058988 2550 0.000008469 add_time= 0.000100528
2805 0.000082090 2805 0.000008360 add_time= 0.000117041
2550 0.000054761 2550 0.000015714 add_time= 0.000095057
2754 0.000082012 2754 0.000008550 add_time= 0.000114319
1375 0.000084962 1375 0.000008502 add_time= 0.000123798
2915 0.000485807 2915 0.000007645 add_time= 0.000511353
2600 0.000008078 2600 0.000024181 add_time= 0.000047773
2750 0.000125463 2750 0.000007195 add_time= 0.000156855
2805 0.000119841 2805 0.000007115 add_time= 0.000145829
2550 0.000092927 2550 0.000016084 add_time= 0.000124230
1250 0.000144293 1250 0.000006347 add_time= 0.000164515
1250 0.000052434 1250 0.000006685 add_time= 0.000070322
2500 0.000215065 2500 0.000006643 add_time= 0.000257621
2750 0.000007113 2750 0.000018562 add_time= 0.000039645
2700 0.000045343 2700 0.000006791 add_time= 0.000070986
2754 0.000112639 2754 0.000006865 add_time= 0.000135346
2862 0.000048810 2862 0.000007314 add_time= 0.000092409
2700 0.000068403 2700 0.000006203 add_time= 0.000088689
2750 0.000063236 2750 0.000006340 add_time= 0.000082737
2809 0.000058017 2809 0.000007731 add_time= 0.000083957
2808 0.000184831 2808 0.000006689 add_time= 0.000205573
2750 0.000060592 2750 0.000007671 add_time= 0.000085585
3025 0.000087876 3025 0.000007345 add_time= 0.000112664
2550 0.000078500 2550 0.000007528 add_time= 0.000101517
2750 0.000055647 2750 0.000007364 add_time= 0.000079137
2750 0.000206673 2750 0.000007332 add_time= 0.000232145
2860 0.000100245 2860 0.000006534 add_time= 0.000122242
2750 0.000007723 2750 0.000027267 add_time= 0.000048830
2750 0.000046489 2750 0.000006478 add_time= 0.000073513
3025 0.000089934 3025 0.000007691 add_time= 0.000114572
2500 0.000070596 2500 0.000006181 add_time= 0.000101119
2550 0.000124050 2550 0.000006253 add_time= 0.000147312
2750 0.000054755 2750 0.000007077 add_time= 0.000077025
1250 0.000055154 1250 0.000006101 add_time= 0.000073992
2500 0.000047440 2500 0.000007120 add_time= 0.000071061
2860 0.000008432 2860 0.000016132 add_time= 0.000057548
2700 0.000065603 2700 0.000006478 add_time= 0.000085332
2550 0.000078896 2550 0.000006229 add_time= 0.000111109
2650 0.000099193 2650 0.000006937 add_time= 0.000132407
2805 0.000040495 2805 0.000006780 add_time= 0.000068439
2915 0.000296163 2915 0.000007846 add_time= 0.000321561
2600 0.000006781 2600 0.000014370 add_time= 0.000035008
2650 0.000089045 2650 0.000007987 add_time= 0.000121285
2652 0.000136969 2652 0.000006555 add_time= 0.000158167
2750 0.000061722 2750 0.000007089 add_time= 0.000083267
2970 0.000088816 2970 0.000012300 add_time= 0.000116034
2750 0.000233440 2750 0.000006870 add_time= 0.000254100
2809 0.000188791 2809 0.000007791 add_time= 0.000214574
2750 0.000007391 2750 0.000015383 add_time= 0.000046017
2750 0.000099472 2750 0.000007098 add_time= 0.000130698
2601 0.000093745 2601 0.000006648 add_time= 0.000113826
2550 0.000080164 2550 0.000006405 add_time= 0.000099977
2500 0.000049674 2500 0.000014572 add_time= 0.000079373
2703 0.000142924 2703 0.000007086 add_time= 0.000166857
2650 0.000007938 2650 0.000015154 add_time= 0.000039111
2650 0.000089188 2650 0.000014618 add_time= 0.000119258
2750 0.000138786 2750 0.000006019 add_time= 0.000158889
2754 0.000086561 2754 0.000019156 add_time= 0.000122511
2750 0.000076259 2750 0.000016117 add_time= 0.000108557
1325 0.000091267 1325 0.000006151 add_time= 0.000120532
2750 0.000438624 2750 0.000028280 add_time= 0.000487956
2500 0.000118174 2500 0.000007384 add_time= 0.000141554
2550 0.000052051 2550 0.000006428 add_time= 0.000088148
2500 0.000148648 2500 0.000010386 add_time= 0.000174394
2550 0.000127152 2550 0.000006360 add_time= 0.000147467
2750 0.000116876 2750 0.000021001 add_time= 0.000152139
2650 0.000177779 2650 0.000007877 add_time= 0.000202337
2600 0.000007902 2600 0.000012595 add_time= 0.000035208
2805 0.000092127 2805 0.000007854 add_time= 0.000124167
2650 0.000120727 2650 0.000007884 add_time= 0.000145303
2970 0.000100493 2970 0.000015190 add_time= 0.000134432
1375 0.000055014 1375 0.000006929 add_time= 0.000077129
2650 0.000063355 2650 0.000006688 add_time= 0.000085476
2860 0.000064002 2860 0.000009895 add_time= 0.000089180
2500 0.000087665 2500 0.000007384 add_time= 0.000110393
2700 0.000085900 2700 0.000006836 add_time= 0.000117336
1275 0.000077788 1275 0.000007028 add_time= 0.000105699
2500 0.000213949 2500 0.000006160 add_time= 0.000234836
2809 0.000036399 2809 0.000007227 add_time= 0.000060475
2652 0.000112002 2652 0.000007051 add_time= 0.000135160
2700 0.000080466 2700 0.000062438 add_time= 0.000168782
2750 0.000125086 2750 0.000007557 add_time= 0.000148491
2754 0.000118170 2754 0.000010597 add_time= 0.000144514
2750 0.000052476 2750 0.000007414 add_time= 0.000076331
2650 0.000076352 2650 0.000006840 add_time= 0.000098736
2808 0.000120100 2808 0.000007081 add_time= 0.000142030
2750 0.000078825 2750 0.000007321 add_time= 0.000101952
2550 0.000156739 2550 0.000006650 add_time= 0.000205519
2650 0.000150683 2650 0.000007146 add_time= 0.000172847
2500 0.000124947 2500 0.000009997 add_time= 0.000159124
1275 0.000047672 1275 0.000006815 add_time= 0.000071221
2500 0.000121756 2500 0.000007095 add_time= 0.000156390
2500 0.000007092 2500 0.000026408 add_time= 0.000051636
2550 0.000325473 2550 0.000006941 add_time= 0.000348596
2550 0.000479450 2550 0.000007261 add_time= 0.000502787
3025 0.000105593 3025 0.000007936 add_time= 0.000140505
2809 0.000056758 2809 0.000007522 add_time= 0.000081384
2808 0.000291247 2808 0.000008537 add_time= 0.000315069
2500 0.000065288 2500 0.000006774 add_time= 0.000088314
2750 0.000164631 2750 0.000006119 add_time= 0.000185394
2500 0.000104142 2500 0.000007232 add_time= 0.000127057
2700 0.000111509 2700 0.000007675 add_time= 0.000146642
1375 0.000031060 1375 0.000005973 add_time= 0.000054919
2650 0.000160012 2650 0.000007236 add_time= 0.000189130
2600 0.000005757 2600 0.000030495 add_time= 0.000054483
2970 0.000029583 2970 0.000007639 add_time= 0.000059818
2550 0.000088782 2550 0.000007079 add_time= 0.000124042
2550 0.000061850 2550 0.000006773 add_time= 0.000092417
2700 0.000099853 2700 0.000007458 add_time= 0.000136244
1250 0.000380661 1250 0.000006544 add_time= 0.000403552
2809 0.000116533 2809 0.000008949 add_time= 0.000175686
2805 0.000040997 2805 0.000009680 add_time= 0.000094217
2750 0.000040789 2750 0.000008409 add_time= 0.000075722
2500 0.000031552 2500 0.000008311 add_time= 0.000067800
2500 0.000073311 2500 0.000007680 add_time= 0.000120357
2750 0.000022220 2750 0.000008342 add_time= 0.000056779
1250 0.000202895 1250 0.000006651 add_time= 0.000227765
2500 0.000015777 2500 0.000013628 add_time= 0.000049258
2500 0.000152538 2500 0.000007037 add_time= 0.000180000
2550 0.000057508 2550 0.000006137 add_time= 0.000079392
2600 0.000047300 2600 0.000018814 add_time= 0.000083583
2916 0.000039290 2916 0.000006870 add_time= 0.000063707
2750 0.000081021 2750 0.000007038 add_time= 0.000106288
2500 0.000300654 2500 0.000019396 add_time= 0.000338665
2750 0.000017959 2750 0.000023422 add_time= 0.000060778
2500 0.000115893 2500 0.000019998 add_time= 0.000153274
2550 0.000141992 2550 0.000007332 add_time= 0.000163778
2700 0.000147233 2700 0.000007351 add_time= 0.000171068
2650 0.000238941 2650 0.000007186 add_time= 0.000275169
2500 0.000008642 2500 0.000014616 add_time= 0.000053600
2650 0.000150213 2650 0.000007528 add_time= 0.000174443
2601 0.000072826 2601 0.000007261 add_time= 0.000096863
2550 0.000297494 2550 0.000016190 add_time= 0.000329417
2650 0.000240187 2650 0.000014439 add_time= 0.000279374
2500 0.000007253 2500 0.000027763 add_time= 0.000050887
2500 0.000060547 2500 0.000007347 add_time= 0.000084908
2550 0.000072117 2550 0.000007556 add_time= 0.000095562
2808 0.000095424 2808 0.000006911 add_time= 0.000118660
1250 0.000047644 1250 0.000007200 add_time= 0.000068873
2500 0.000512383 2500 0.000007694 add_time= 0.000538526
2750 0.000007714 2750 0.000020177 add_time= 0.000044981
2600 0.000087556 2600 0.000007160 add_time= 0.000116700
2805 0.000067193 2805 0.000022055 add_time= 0.000106875
2970 0.000169650 2970 0.000007233 add_time= 0.000211426
2750 0.000116356 2750 0.000007932 add_time= 0.000143858
2750 0.000014113 2750 0.000017640 add_time= 0.000054424
2750 0.000097270 2750 0.000007073 add_time= 0.000121407
2550 0.000123440 2550 0.000007696 add_time= 0.000147446
1350 0.000123259 1350 0.000006486 add_time= 0.000143484
1250 0.000063843 1250 0.000007165 add_time= 0.000084905
2809 0.000383982 2809 0.000007895 add_time= 0.000412561
2704 0.000075239 2704 0.000007367 add_time= 0.000100572
2860 0.000239765 2860 0.000007386 add_time= 0.000264847
2805 0.000147556 2805 0.000007721 add_time= 0.000175705
2601 0.000083492 2601 0.000006390 add_time= 0.000104522
2700 0.000092353 2700 0.000006742 add_time= 0.000113396
1250 0.000040954 1250 0.000012974 add_time= 0.000075973
2600 0.000166352 2600 0.000007377 add_time= 0.000201289
2750 0.000174195 2750 0.000007558 add_time= 0.000198891
2805 0.000066092 2805 0.000006988 add_time= 0.000089836
2601 0.000103350 2601 0.000006532 add_time= 0.000124571
3025 0.000068921 3025 0.000006685 add_time= 0.000091181
2650 0.000166793 2650 0.000007338 add_time= 0.000190971
2600 0.000107186 2600 0.000007310 add_time= 0.000129658
2550 0.000134533 2550 0.000006940 add_time= 0.000157561
2750 0.000101065 2750 0.000007406 add_time= 0.000124549
2550 0.000074028 2550 0.000007610 add_time= 0.000105063
2550 0.000134780 2550 0.000006359 add_time= 0.000155275
2750 0.000129843 2750 0.000006606 add_time= 0.000150562
2750 0.000568189 2750 0.000008219 add_time= 0.000595226
2600 0.000008189 2600 0.000015306 add_time= 0.000047804
2750 0.000083285 2750 0.000015936 add_time= 0.000124074
2600 0.000154187 2600 0.000006743 add_time= 0.000176042
2650 0.000091861 2650 0.000015727 add_time= 0.000122858
1250 0.000128230 1250 0.000006537 add_time= 0.000148263
2750 0.000165929 2750 0.000007324 add_time= 0.000189077
2704 0.000117303 2704 0.000007747 add_time= 0.000140454
2805 0.000376151 2805 0.000012643 add_time= 0.000404494
2550 0.000387082 2550 0.000006920 add_time= 0.000409419
2550 0.000459968 2550 0.000007554 add_time= 0.000491012
2750 0.000089613 2750 0.000013782 add_time= 0.000126968
2500 0.000124429 2500 0.000007176 add_time= 0.000146723
2756 0.000338271 2756 0.000007328 add_time= 0.000359967
2750 0.000247287 2750 0.000007209 add_time= 0.000269784
2750 0.000113118 2750 0.000015329 add_time= 0.000154804
2970 0.000046130 2970 0.000007921 add_time= 0.000075320
2500 0.000073397 2500 0.000007185 add_time= 0.000095698
2500 0.000243385 2500 0.000007499 add_time= 0.000265773
2860 0.000007371 2860 0.000017067 add_time= 0.000044619
2550 0.000148858 2550 0.000006711 add_time= 0.000170525
3025 0.000105341 3025 0.000006815 add_time= 0.000128488
2550 0.000062637 2550 0.000015198 add_time= 0.000091402
2500 0.000440526 2500 0.000007613 add_time= 0.000474262
2650 0.000077736 2650 0.000007929 add_time= 0.000105070
2860 0.000113438 2860 0.000015989 add_time= 0.000146047
2750 0.000109769 2750 0.000006287 add_time= 0.000129846
1250 0.000112998 1250 0.000006612 add_time= 0.000133269
2550 0.000081017 2550 0.000016371 add_time= 0.000113317
2500 0.000109768 2500 0.000007233 add_time= 0.000131901
1250 0.000116174 1250 0.000006960 add_time= 0.000147415
2915 0.000087161 2915 0.000007402 add_time= 0.000125985
2652 0.000008344 2652 0.000018752 add_time= 0.000042300
2500 0.000194839 2500 0.000007214 add_time= 0.000217281
2601 0.000178032 2601 0.000006899 add_time= 0.000205745
2550 0.000104820 2550 0.000006415 add_time= 0.000125305
2700 0.000075527 2700 0.000013577 add_time= 0.000102052
2915 0.000123135 2915 0.000008116 add_time= 0.000147955
2808 0.000007129 2808 0.000016015 add_time= 0.000037531
2750 0.000221701 2750 0.000007789 add_time= 0.000257263
2601 0.000466327 2601 0.000006878 add_time= 0.000488374
2700 0.000195924 2700 0.000007269 add_time= 0.000219184
2750 0.000092843 2750 0.000018764 add_time= 0.000133689
2600 0.000040272 2600 0.000006803 add_time= 0.000063919
2600 0.000086916 2600 0.000006367 add_time= 0.000115498
2750 0.000006665 2750 0.000015014 add_time= 0.000035304
2500 0.000104097 2500 0.000006099 add_time= 0.000123527
2652 0.000162053 2652 0.000013856 add_time= 0.000198492
2700 0.000084742 2700 0.000015222 add_time= 0.000115676
1250 0.000054709 1250 0.000015196 add_time= 0.000082878
2500 0.000037307 2500 0.000008603 add_time= 0.000085533
2860 0.000082694 2860 0.000143201 add_time= 0.000251510
2970 0.000045750 2970 0.000008192 add_time= 0.000083161
2500 0.000069365 2500 0.000008593 add_time= 0.000111799
2652 0.000059103 2652 0.000008684 add_time= 0.000095205
2650 0.000056981 2650 0.000007842 add_time= 0.000096568
2750 0.000200514 2750 0.000008699 add_time= 0.000237963
2600 0.000036661 2600 0.000007448 add_time= 0.000060877
2808 0.000050325 2808 0.000006612 add_time= 0.000080159
2500 0.000006539 2500 0.000032305 add_time= 0.000052427
2500 0.000082408 2500 0.000006991 add_time= 0.000108481
2550 0.000102407 2550 0.000016190 add_time= 0.000134058
2550 0.000048736 2550 0.000006737 add_time= 0.000080981
2750 0.000081004 2750 0.000006171 add_time= 0.000101124
2600 0.000280503 2600 0.000007738 add_time= 0.000313768
2750 0.000007481 2750 0.000025142 add_time= 0.000064816
2500 0.000075333 2500 0.000006585 add_time= 0.000105145
2805 0.000096602 2805 0.000007536 add_time= 0.000131240
2750 0.000098596 2750 0.000007888 add_time= 0.000122249
2650 0.000256804 2650 0.000007344 add_time= 0.000281132
2600 0.000007543 2600 0.000016697 add_time= 0.000038291
2500 0.000006811 2500 0.000012111 add_time= 0.000032029
2500 0.000100124 2500 0.000007907 add_time= 0.000123417
2500 0.000133237 2500 0.000007654 add_time= 0.000167159
2500 0.000047099 2500 0.000006891 add_time= 0.000067403
2750 0.000077666 2750 0.000007397 add_time= 0.000101388
2650 0.000233311 2650 0.000007303 add_time= 0.000257435
2600 0.000048818 2600 0.000006475 add_time= 0.000069016
2500 0.000063848 2500 0.000015140 add_time= 0.000095474
1250 0.000079304 1250 0.000006223 add_time= 0.000098396
2500 0.000070383 2500 0.000012538 add_time= 0.000109720
2500 0.000109445 2500 0.000006265 add_time= 0.000129657
2600 0.000062149 2600 0.000007517 add_time= 0.000085399
2600 0.000149950 2600 0.000006520 add_time= 0.000170161
2500 0.000063830 2500 0.000006194 add_time= 0.000083260
2550 0.000121780 2550 0.000008170 add_time= 0.000145542
2550 0.000114859 2550 0.000015537 add_time= 0.000144585
2862 0.000076344 2862 0.000006859 add_time= 0.000097991
2500 0.000103683 2500 0.000007884 add_time= 0.000127501
2750 0.000133334 2750 0.000007502 add_time= 0.000159174
2750 0.000007423 2750 0.000015932 add_time= 0.000039468
2860 0.000079211 2860 0.000006776 add_time= 0.000106824
3025 0.000078079 3025 0.000007957 add_time= 0.000113934
2805 0.000049892 2805 0.000007319 add_time= 0.000074111
3025 0.000046450 3025 0.000007371 add_time= 0.000069954
1375 0.000107579 1375 0.000007250 add_time= 0.000127127
2600 0.000095336 2600 0.000007730 add_time= 0.000120722
2500 0.000007803 2500 0.000014324 add_time= 0.000036584
2500 0.000069197 2500 0.000007846 add_time= 0.000104617
2550 0.000113437 2550 0.000006861 add_time= 0.000134875
1250 0.000110566 1250 0.000006377 add_time= 0.000130197
2915 0.000123731 2915 0.000007450 add_time= 0.000157663
2600 0.000289312 2600 0.000008308 add_time= 0.000323047
2860 0.000007136 2860 0.000014153 add_time= 0.000036953
3025 0.000101086 3025 0.000006897 add_time= 0.000122365
2550 0.000113062 2550 0.000007352 add_time= 0.000136383
2750 0.000095856 2750 0.000006537 add_time= 0.000123769
2500 0.000156532 2500 0.000006741 add_time= 0.000177191
2860 0.000137058 2860 0.000007646 add_time= 0.000162829
2600 0.000008362 2600 0.000033575 add_time= 0.000058608
2805 0.000120815 2805 0.000006809 add_time= 0.000141722
2652 0.000106062 2652 0.000007640 add_time= 0.000139212
2805 0.000054423 2805 0.000007249 add_time= 0.000076785
2700 0.000048733 2700 0.000006520 add_time= 0.000070021
2550 0.000060451 2550 0.000006713 add_time= 0.000081192
2500 0.000112905 2500 0.000006979 add_time= 0.000136989
2500 0.000006817 2500 0.000015188 add_time= 0.000037018
2750 0.000067775 2750 0.000006202 add_time= 0.000088382
2500 0.000067128 2500 0.000006016 add_time= 0.000086924
2500 0.000063818 2500 0.000006784 add_time= 0.000084294
2550 0.000047843 2550 0.000005757 add_time= 0.000067422
3025 0.000045605 3025 0.000006449 add_time= 0.000066654
2703 0.000384745 2703 0.000009318 add_time= 0.000424324
2600 0.000008492 2600 0.000015543 add_time= 0.000039567
2750 0.000061097 2750 0.000007823 add_time= 0.000092706
2860 0.000208110 2860 0.000006790 add_time= 0.000229918
2805 0.000079519 2805 0.000007000 add_time= 0.000102185
2750 0.000130811 2750 0.000007824 add_time= 0.000154964
2805 0.000049174 2805 0.000007335 add_time= 0.000071761
2750 0.000086553 2750 0.000007066 add_time= 0.000109456
2704 0.000046164 2704 0.000044448 add_time= 0.000116079
2500 0.000269679 2500 0.000006609 add_time= 0.000295420
2703 0.000254964 2703 0.000007101 add_time= 0.000276179
2805 0.000197388 2805 0.000024831 add_time= 0.000236520
2500 0.000085346 2500 0.000007217 add_time= 0.000107863
2500 0.000044130 2500 0.000008110 add_time= 0.000079449
2600 0.000007643 2600 0.000020261 add_time= 0.000042233
2750 0.000158522 2750 0.000007472 add_time= 0.000188798
2550 0.000207384 2550 0.000005900 add_time= 0.000227122
1275 0.000040252 1275 0.000005494 add_time= 0.000057154
2500 0.000093810 2500 0.000008164 add_time= 0.000118008
2500 0.000085367 2500 0.000007197 add_time= 0.000106655
2500 0.000179795 2500 0.000008147 add_time= 0.000203540
2600 0.000006905 2600 0.000025726 add_time= 0.000046777
2500 0.000155399 2500 0.000007914 add_time= 0.000187004
2600 0.000068956 2600 0.000010081 add_time= 0.000092954
2703 0.000151133 2703 0.000006287 add_time= 0.000171565
2805 0.000071655 2805 0.000018836 add_time= 0.000112892
2750 0.000187976 2750 0.000014823 add_time= 0.000217138
2500 0.000435724 2500 0.000008004 add_time= 0.000459830
2750 0.000007327 2750 0.000022996 add_time= 0.000066019
2700 0.000038608 2700 0.000007197 add_time= 0.000061543
2750 0.000113107 2750 0.000006824 add_time= 0.000134113
2550 0.000067559 2550 0.000006975 add_time= 0.000096561
2700 0.000128256 2700 0.000010555 add_time= 0.000154217
2750 0.000111026 2750 0.000008413 add_time= 0.000146329
1300 0.000060015 1300 0.000005921 add_time= 0.000078690
2860 0.000007205 2860 0.000024057 add_time= 0.000045940
2750 0.000098065 2750 0.000014787 add_time= 0.000126177
2550 0.000223405 2550 0.000006504 add_time= 0.000251369
2500 0.000210664 2500 0.000006467 add_time= 0.000232070
3025 0.000079657 3025 0.000007141 add_time= 0.000102147
2600 0.000349411 2600 0.000007598 add_time= 0.000372269
2600 0.000007026 2600 0.000024240 add_time= 0.000045376
2550 0.000076368 2550 0.000006212 add_time= 0.000096181
2550 0.000217761 2550 0.000006952 add_time= 0.000239898
2550 0.000270267 2550 0.000006742 add_time= 0.000293188
1375 0.000040572 1375 0.000006283 add_time= 0.000069082
2600 0.000315505 2600 0.000007467 add_time= 0.000358389
2750 0.000054654 2750 0.000006622 add_time= 0.000079025
1375 0.000051951 1375 0.000005896 add_time= 0.000073785
2500 0.000067534 2500 0.000005940 add_time= 0.000089050
2808 0.000096292 2808 0.000007145 add_time= 0.000125437
2750 0.000092744 2750 0.000007088 add_time= 0.000117112
2500 0.000181513 2500 0.000019943 add_time= 0.000269207
2750 0.000032021 2750 0.000008239 add_time= 0.000075811
2550 0.000067600 2550 0.000008730 add_time= 0.000110152
2550 0.000037185 2550 0.000008457 add_time= 0.000080224
2700 0.000034120 2700 0.000008817 add_time= 0.000076884
1250 0.000021361 1250 0.000007945 add_time= 0.000079417
2704 0.000340812 2704 0.000007254 add_time= 0.000368823
2500 0.000141379 2500 0.000007104 add_time= 0.000165206
2750 0.000099306 2750 0.000006738 add_time= 0.000122774
2550 0.000079247 2550 0.000006630 add_time= 0.000111346
2500 0.000054889 2500 0.000007020 add_time= 0.000078094
2915 0.000337693 2915 0.000007880 add_time= 0.000364972
2550 0.000028657 2550 0.000014676 add_time= 0.000059458
2805 0.000190187 2805 0.000007269 add_time= 0.000217667
2750 0.000074992 2750 0.000007924 add_time= 0.000100538
2970 0.000090863 2970 0.000019198 add_time= 0.000126930
1250 0.000093080 1250 0.000018393 add_time= 0.000124562
2650 0.000232140 2650 0.000007196 add_time= 0.000257440
2500 0.000008100 2500 0.000013806 add_time= 0.000037693
2500 0.000113078 2500 0.000007413 add_time= 0.000135748
2550 0.000074955 2550 0.000006688 add_time= 0.000096787
2754 0.000056272 2754 0.000007081 add_time= 0.000087836
2650 0.000221309 2650 0.000008675 add_time= 0.000248871
3025 0.000007731 3025 0.000103417 add_time= 0.000138817
2500 0.000033740 2500 0.000007046 add_time= 0.000057275
2500 0.000082114 2500 0.000006827 add_time= 0.000104591
2600 0.000062763 2600 0.000006980 add_time= 0.000096630
1250 0.000055727 1250 0.000014774 add_time= 0.000084528
2500 0.000200974 2500 0.000028109 add_time= 0.000247764
2750 0.000011993 2750 0.000020611 add_time= 0.000049756
2700 0.000060054 2700 0.000006355 add_time= 0.000081830
1250 0.000076669 1250 0.000007093 add_time= 0.000098189
2550 0.000069480 2550 0.000007115 add_time= 0.000092950
2500 0.000064426 2500 0.000007930 add_time= 0.000107560
1250 0.000276247 1250 0.000006963 add_time= 0.000298501
2700 0.000013050 2700 0.000021012 add_time= 0.000058503
2650 0.000104388 2650 0.000007487 add_time= 0.000128158
2750 0.000134425 2750 0.000008630 add_time= 0.000178037
2700 0.000065094 2700 0.000007836 add_time= 0.000097632
2805 0.000049578 2805 0.000007308 add_time= 0.000072955
2915 0.000117077 2915 0.000019880 add_time= 0.000157193
1375 0.000104462 1375 0.000010015 add_time= 0.000136276
2750 0.000073914 2750 0.000006668 add_time= 0.000098799
2601 0.000160948 2601 0.000030006 add_time= 0.000205736
2750 0.001071829 2750 0.000007730 add_time= 0.001096230
1375 0.000095406 1375 0.000008978 add_time= 0.000118279
2500 0.000072493 2500 0.000007832 add_time= 0.000098527
2860 0.000059989 2860 0.000007132 add_time= 0.000082586
2500 0.000098941 2500 0.000007698 add_time= 0.000123163
2915 0.000083982 2915 0.000006704 add_time= 0.000106293
2805 0.000212403 2805 0.000033077 add_time= 0.000263950
2550 0.000545811 2550 0.000015296 add_time= 0.000575314
2750 0.000154349 2750 0.000006908 add_time= 0.000184258
2703 0.000194895 2703 0.000016955 add_time= 0.000230674
2700 0.000007024 2700 0.000044722 add_time= 0.000068177
2500 0.000055722 2500 0.000007169 add_time= 0.000077148
2550 0.000136885 2550 0.000006892 add_time= 0.000158853
2805 0.000088498 2805 0.000030740 add_time= 0.000133979
2500 0.000112483 2500 0.000024922 add_time= 0.000151449
2650 0.000205842 2650 0.000017952 add_time= 0.000243346
2500 0.000009222 2500 0.000024944 add_time= 0.000055478
2500 0.000113202 2500 0.000035624 add_time= 0.000165076
2550 0.000132323 2550 0.000007299 add_time= 0.000155805
2550 0.000062580 2550 0.000006515 add_time= 0.000083730
2500 0.000394407 2500 0.000007418 add_time= 0.000416153
3025 0.000088761 3025 0.000025740 add_time= 0.000129951
2862 0.000211359 2862 0.000008658 add_time= 0.000238771
2500 0.000008620 2500 0.000025440 add_time= 0.000050127
2750 0.000131175 2750 0.000007392 add_time= 0.000154853
2754 0.000192403 2754 0.000006747 add_time= 0.000214412
2652 0.000090245 2652 0.000034542 add_time= 0.000139751
2500 0.000067968 2500 0.000016056 add_time= 0.000100055
2700 0.000097633 2700 0.000007600 add_time= 0.000121699
2600 0.000242104 2600 0.000009139 add_time= 0.000275295
2500 0.000164179 2500 0.000010362 add_time= 0.000193590
2750 0.000192875 2750 0.000008138 add_time= 0.000221807
2500 0.000130382 2500 0.000007281 add_time= 0.000151879
2600 0.000137414 2600 0.000008519 add_time= 0.000161825
1250 0.000153638 1250 0.000006467 add_time= 0.000172107
2809 0.000383127 2809 0.000007765 add_time= 0.000408508
2860 0.000078352 2860 0.000006925 add_time= 0.000100135
2915 0.000094364 2915 0.000007229 add_time= 0.000121319
2703 0.000113728 2703 0.000021723 add_time= 0.000149425
2500 0.000260846 2500 0.000007569 add_time= 0.000282018
2500 0.000097040 2500 0.000007754 add_time= 0.000118035
2600 0.000490634 2600 0.000007421 add_time= 0.000513997
2750 0.000006290 2750 0.000027964 add_time= 0.000057341
2750 0.000125135 2750 0.000007170 add_time= 0.000147613
3025 0.000177264 3025 0.000007264 add_time= 0.000199072
2500 0.000207710 2500 0.000008321 add_time= 0.000231188
1325 0.000057579 1325 0.000006108 add_time= 0.000076710
2500 0.000175234 2500 0.000028876 add_time= 0.000219403
2550 0.000013420 2550 0.000018785 add_time= 0.000049451
2500 0.000082174 2500 0.000016966 add_time= 0.000115513
2700 0.000045144 2700 0.000007156 add_time= 0.000066409
1275 0.000053804 1275 0.000005552 add_time= 0.000070689
2500 0.000160686 2500 0.000007288 add_time= 0.000190254
1325 0.000088764 1325 0.000007028 add_time= 0.000109349
2550 0.000509607 2550 0.000007179 add_time= 0.000532329
2652 0.000014221 2652 0.000019776 add_time= 0.000047938
2750 0.000005052 2750 0.000014558 add_time= 0.000033661
2500 0.000049011 2500 0.000006812 add_time= 0.000070848
2700 0.000098195 2700 0.000014005 add_time= 0.000127810
2805 0.000142483 2805 0.000007220 add_time= 0.000163847
2754 0.000102794 2754 0.000017627 add_time= 0.000133988
1250 0.000066012 1250 0.000006690 add_time= 0.000085930
2500 0.000396072 2500 0.000007254 add_time= 0.000431314
2600 0.000007780 2600 0.000023099 add_time= 0.000055623
2550 0.000106470 2550 0.000007553 add_time= 0.000127869
2805 0.000172472 2805 0.000045136 add_time= 0.000233303
2750 0.000169403 2750 0.000007241 add_time= 0.000190606
2808 0.000367942 2808 0.000007366 add_time= 0.000389074
1375 0.000228785 1375 0.000006819 add_time= 0.000248368
2650 0.000104329 2650 0.000007562 add_time= 0.000126938
2808 0.000007987 2808 0.000019079 add_time= 0.000043133
2860 0.000142799 2860 0.000007571 add_time= 0.000177184
2500 0.000094246 2500 0.000014640 add_time= 0.000122482
2550 0.000194132 2550 0.000007384 add_time= 0.000217074
2550 0.000441272 2550 0.000028066 add_time= 0.000483528
2650 0.000144199 2650 0.000008648 add_time= 0.000179785
2650 0.000007989 2650 0.000074358 add_time= 0.000098555
2500 0.000038518 2500 0.000007192 add_time= 0.000061586
2550 0.000070860 2550 0.000007394 add_time= 0.000092758
2550 0.000120112 2550 0.000006575 add_time= 0.000141167
2750 0.000043077 2750 0.000006519 add_time= 0.000064443
2500 0.000188143 2500 0.000009220 add_time= 0.000252776
2652 0.000052393 2652 0.000035436 add_time= 0.000111844
2750 0.000037641 2750 0.000008187 add_time= 0.000070531
2550 0.000182971 2550 0.000008515 add_time= 0.000216544
2500 0.000035594 2500 0.000008290 add_time= 0.000069240
2500 0.000069090 2500 0.000008734 add_time= 0.000108873
2750 0.000207965 2750 0.000007228 add_time= 0.000233830
2704 0.000101236 2704 0.000006429 add_time= 0.000122771
2860 0.000138396 2860 0.000007638 add_time= 0.000162278
2500 0.000079316 2500 0.000006325 add_time= 0.000099361
3025 0.000102111 3025 0.000006766 add_time= 0.000143518
2550 0.000085963 2550 0.000006866 add_time= 0.000107116
2550 0.000161140 2550 0.000007146 add_time= 0.000183985
2550 0.000135446 2550 0.000014166 add_time= 0.000164079
2809 0.000166276 2809 0.000019595 add_time= 0.000205446
2500 0.000015291 2500 0.000024804 add_time= 0.000055905
2750 0.000068889 2750 0.000006994 add_time= 0.000092480
2805 0.000052255 2805 0.000007393 add_time= 0.000082033
2500 0.000056761 2500 0.000007109 add_time= 0.000078294
2500 0.000128575 2500 0.000006258 add_time= 0.000149031
2809 0.000150706 2809 0.000007384 add_time= 0.000175974
2600 0.000006856 2600 0.000014263 add_time= 0.000035348
2750 0.000082303 2750 0.000013133 add_time= 0.000117760
2550 0.000092723 2550 0.000007298 add_time= 0.000125005
2805 0.000087350 2805 0.000013026 add_time= 0.000115231
1250 0.000127016 1250 0.000006765 add_time= 0.000152918
2700 0.000156397 2700 0.000007683 add_time= 0.000181741
2704 0.000040940 2704 0.000007183 add_time= 0.000063149
2750 0.000007110 2750 0.000015499 add_time= 0.000036906
2750 0.000055933 2750 0.000007590 add_time= 0.000079834
2500 0.000082964 2500 0.000007759 add_time= 0.000106589
2550 0.000053406 2550 0.000006587 add_time= 0.000082728
2500 0.000088235 2500 0.000007625 add_time= 0.000112106
2650 0.000404005 2650 0.000007205 add_time= 0.000428594
2750 0.000007617 2750 0.000015889 add_time= 0.000056635
2750 0.000058329 2750 0.000007325 add_time= 0.000081414
2550 0.000392889 2550 0.000019032 add_time= 0.000428624
2500 0.000088499 2500 0.000007255 add_time= 0.000111591
2650 0.000069198 2650 0.000014114 add_time= 0.000100771
2704 0.000069334 2704 0.000008429 add_time= 0.000098216
2970 0.000110240 2970 0.000028703 add_time= 0.000155429
2550 0.000131247 2550 0.000007157 add_time= 0.000153780
1250 0.000058441 1250 0.000006147 add_time= 0.000084745
1275 0.000230859 1275 0.000006978 add_time= 0.000251154
2500 0.000244381 2500 0.000007564 add_time= 0.000267781
2750 0.000066574 2750 0.000022991 add_time= 0.000105323
2601 0.000066428 2601 0.000006665 add_time= 0.000104640
2550 0.000102918 2550 0.000007330 add_time= 0.000123703
2600 0.000133150 2600 0.000007046 add_time= 0.000153989
2756 0.000234346 2756 0.000007230 add_time= 0.000257408
2600 0.000012571 2600 0.000015085 add_time= 0.000046634
2750 0.000079123 2750 0.000007299 add_time= 0.000100626
2500 0.000124589 2500 0.000007186 add_time= 0.000145613
2550 0.000046796 2550 0.000006773 add_time= 0.000067416
2500 0.000170938 2500 0.000012595 add_time= 0.000197623
2500 0.000192394 2500 0.000006183 add_time= 0.000211992
2650 0.000199869 2650 0.000006724 add_time= 0.000222278
2860 0.000067036 2860 0.000006464 add_time= 0.000096603
2860 0.000011763 2860 0.000016045 add_time= 0.000046695
2860 0.000059410 2860 0.000006818 add_time= 0.000080194
1250 0.000145849 1250 0.000005356 add_time= 0.000162168
2500 0.000109005 2500 0.000005685 add_time= 0.000127722
2700 0.000070091 2700 0.000013311 add_time= 0.000097530
1375 0.000212247 1375 0.000006017 add_time= 0.000229467
2750 0.000179414 2750 0.000007853 add_time= 0.000203442
2600 0.000066589 2600 0.000015373 add_time= 0.000095401
2750 0.000007006 2750 0.000014536 add_time= 0.000035107
2750 0.000079713 2750 0.000006542 add_time= 0.000100211
2652 0.000080058 2652 0.000014666 add_time= 0.000108522
2550 0.000075595 2550 0.000005995 add_time= 0.000095090
2500 0.000249309 2500 0.000006951 add_time= 0.000269875
2915 0.000347969 2915 0.000007654 add_time= 0.000372952
2600 0.000087551 2600 0.000007070 add_time= 0.000108335
2550 0.000069041 2550 0.000014974 add_time= 0.000099083
2652 0.000102008 2652 0.000007192 add_time= 0.000123667
2700 0.000107399 2700 0.000006834 add_time= 0.000128966
2750 0.000274426 2750 0.000007308 add_time= 0.000296252
2860 0.000111615 2860 0.000009251 add_time= 0.000150102
2652 0.000007969 2652 0.000020880 add_time= 0.000046290
2750 0.000152519 2750 0.000006877 add_time= 0.000174147
1375 0.000136225 1375 0.000033287 add_time= 0.000181002
2500 0.000146458 2500 0.000007849 add_time= 0.000170145
2805 0.000160165 2805 0.000008137 add_time= 0.000183162
2650 0.000328363 2650 0.000007934 add_time= 0.000352139
2750 0.000133184 2750 0.000007282 add_time= 0.000156405
3025 0.000124479 3025 0.000011960 add_time= 0.000153707
2805 0.000102669 2805 0.000007510 add_time= 0.000134173
2500 0.000177350 2500 0.000007155 add_time= 0.000199216
2915 0.000166659 2915 0.000008830 add_time= 0.000192503
2600 0.000571148 2600 0.000021886 add_time= 0.000613719
2750 0.000086336 2750 0.000008245 add_time= 0.000110385
3025 0.000086876 3025 0.000007224 add_time= 0.000108611
2500 0.000099536 2500 0.000024524 add_time= 0.000137806
2500 0.000107065 2500 0.000009643 add_time= 0.000130089
2500 0.000132295 2500 0.000007617 add_time= 0.000156562
2652 0.000012274 2652 0.000015300 add_time= 0.000053648
3025 0.000061349 3025 0.000007748 add_time= 0.000085176
2550 0.000091928 2550 0.000006588 add_time= 0.000112628
2550 0.000086395 2550 0.000007011 add_time= 0.000107284
2700 0.000265488 2700 0.000018580 add_time= 0.000300151
1325 0.000116492 1325 0.000006500 add_time= 0.000135739
2809 0.000063264 2809 0.000007602 add_time= 0.000088554
2808 0.000133092 2808 0.000013523 add_time= 0.000160317
3025 0.000084967 3025 0.000006776 add_time= 0.000115081
2700 0.000101155 2700 0.000015525 add_time= 0.000131002
2550 0.000160269 2550 0.000007353 add_time= 0.000183458
2754 0.000056485 2754 0.000007324 add_time= 0.000079693
1375 0.000067974 1375 0.000006751 add_time= 0.000087894
2550 0.000258294 2550 0.000006935 add_time= 0.000293775
2500 0.000009457 2500 0.000023413 add_time= 0.000049808
2500 0.000077582 2500 0.000007299 add_time= 0.000100184
2805 0.000202359 2805 0.000007355 add_time= 0.000225696
2700 0.000146417 2700 0.000007249 add_time= 0.000168060
1375 0.000061103 1375 0.000005980 add_time= 0.000079314
2915 0.000203229 2915 0.000007030 add_time= 0.000227378
2500 0.000007022 2500 0.000022996 add_time= 0.000044998
2500 0.000197597 2500 0.000007531 add_time= 0.000220555
2550 0.000299938 2550 0.000007548 add_time= 0.000322822
2550 0.000138561 2550 0.000006752 add_time= 0.000163873
2500 0.000087744 2500 0.000007738 add_time= 0.000112402
2600 0.000078884 2600 0.000007384 add_time= 0.000101962
1250 0.000053417 1250 0.000006064 add_time= 0.000071205
2860 0.000045939 2860 0.000007321 add_time= 0.000068103
2601 0.000134836 2601 0.000006528 add_time= 0.000155226
2915 0.000162484 2915 0.000006738 add_time= 0.000183314
2750 0.000035003 2750 0.000008562 add_time= 0.000087112
2808 0.000052412 2808 0.000007874 add_time= 0.000099751
2805 0.000071906 2805 0.000008299 add_time= 0.000103260
1250 0.000058349 1250 0.000006554 add_time= 0.000084825
2750 0.000119342 2750 0.000008062 add_time= 0.000156121
2700 0.000040655 2700 0.000007603 add_time= 0.000070140
2700 0.000052562 2700 0.000008848 add_time= 0.000102127
2809 0.000043837 2809 0.000007350 add_time= 0.000068898
2652 0.000079860 2652 0.000006601 add_time= 0.000102232
3025 0.000101680 3025 0.000007381 add_time= 0.000125234
2550 0.000068862 2550 0.000006554 add_time= 0.000090255
2700 0.000109170 2700 0.000007085 add_time= 0.000131156
2500 0.000071475 2500 0.000006176 add_time= 0.000091717
2650 0.000116946 2650 0.000010089 add_time= 0.000142531
2650 0.000007911 2650 0.000015996 add_time= 0.000039401
1250 0.000066182 1250 0.000006304 add_time= 0.000084847
2550 0.000156749 2550 0.000007032 add_time= 0.000178077
2500 0.000082419 2500 0.000007502 add_time= 0.000104588
1275 0.000082609 1275 0.000006214 add_time= 0.000099856
2809 0.000077621 2809 0.000007437 add_time= 0.000100253
2860 0.000266139 2860 0.000018751 add_time= 0.000300875
2750 0.000209322 2750 0.000006436 add_time= 0.000229397
2500 0.000063382 2500 0.000005809 add_time= 0.000081841
2500 0.000083178 2500 0.000007051 add_time= 0.000104877
2805 0.000056470 2805 0.000006797 add_time= 0.000076767
1300 0.000032799 1300 0.000006898 add_time= 0.000052543
2750 0.000173889 2750 0.000007972 add_time= 0.000197669
2600 0.000012074 2600 0.000018194 add_time= 0.000052262
2650 0.000127571 2650 0.000006205 add_time= 0.000146738
2805 0.000040099 2805 0.000007276 add_time= 0.000066738
1375 0.000051956 1375 0.000005331 add_time= 0.000067697
2500 0.000195727 2500 0.000006704 add_time= 0.000217737
2500 0.000032942 2500 0.000013188 add_time= 0.000060547
1375 0.000048491 1375 0.000006034 add_time= 0.000065722
2650 0.000173188 2650 0.000007727 add_time= 0.000196983
2600 0.000007901 2600 0.000014582 add_time= 0.000037579
2750 0.000435829 2750 0.000018042 add_time= 0.000469431
2500 0.000065707 2500 0.000007203 add_time= 0.000086459
2700 0.000101248 2700 0.000007027 add_time= 0.000123912
2650 0.000056432 2650 0.000007397 add_time= 0.000079652
2808 0.000008074 2808 0.000035548 add_time= 0.000066639
2750 0.000069407 2750 0.000008101 add_time= 0.000093477
2550 0.000113577 2550 0.000007615 add_time= 0.000136610
2652 0.000083002 2652 0.000006949 add_time= 0.000103443
2500 0.000106216 2500 0.000007832 add_time= 0.000129496
1250 0.000033615 1250 0.000005890 add_time= 0.000050281
2500 0.000417497 2500 0.000007444 add_time= 0.000440279
2652 0.000007022 2652 0.000013034 add_time= 0.000033702
2860 0.000198360 2860 0.000007972 add_time= 0.000222508
2860 0.000079753 2860 0.000018900 add_time= 0.000113953
2805 0.000076875 2805 0.000006551 add_time= 0.000097595
2750 0.000056955 2750 0.000006835 add_time= 0.000079027
2862 0.000545368 2862 0.000007926 add_time= 0.000569502
2600 0.000015868 2600 0.000036324 add_time= 0.000078156
2500 0.000047341 2500 0.000006645 add_time= 0.000066851
2970 0.000076577 2970 0.000005914 add_time= 0.000096233
2550 0.000063189 2550 0.000007177 add_time= 0.000085306
2550 0.000054056 2550 0.000006306 add_time= 0.000073571
2500 0.000068445 2500 0.000007585 add_time= 0.000090593
2650 0.000330656 2650 0.000007468 add_time= 0.000354043
2652 0.000007078 2652 0.000014725 add_time= 0.000035277
2500 0.000100524 2500 0.000006331 add_time= 0.000119554
2500 0.000172988 2500 0.000006685 add_time= 0.000192056
2550 0.000144735 2550 0.000007187 add_time= 0.000166489
3025 0.000159990 3025 0.000007815 add_time= 0.000183358
2650 0.000487929 2650 0.000008035 add_time= 0.000511696
2808 0.000011512 2808 0.000015168 add_time= 0.000048447
2750 0.000287054 2750 0.000008380 add_time= 0.000313611
2500 0.000123698 2500 0.000007754 add_time= 0.000146641
2805 0.000082142 2805 0.000006293 add_time= 0.000102323
2750 0.000051814 2750 0.000006483 add_time= 0.000071836
2500 0.000119596 2500 0.000007312 add_time= 0.000142336
2860 0.000007243 2860 0.000015758 add_time= 0.000038222
2750 0.000048199 2750 0.000007619 add_time= 0.000077806
2750 0.000127877 2750 0.000007001 add_time= 0.000148686
2601 0.000177296 2601 0.000007201 add_time= 0.000199868
2805 0.000080570 2805 0.000007110 add_time= 0.000103257
2809 0.000677818 2809 0.000007137 add_time= 0.000704380
2860 0.000081986 2860 0.000007426 add_time= 0.000104905
3025 0.000381890 3025 0.000006980 add_time= 0.000404087
2550 0.000174633 2550 0.000006957 add_time= 0.000196824
2601 0.000116738 2601 0.000006115 add_time= 0.000135886
2915 0.000119976 2915 0.000006550 add_time= 0.000139808
2860 0.000160094 2860 0.000007327 add_time= 0.000184073
2652 0.000006808 2652 0.000026196 add_time= 0.000047099
2805 0.000086550 2805 0.000006937 add_time= 0.000116696
2600 0.000151335 2600 0.000007534 add_time= 0.000173892
2808 0.000263507 2808 0.000007847 add_time= 0.000287246
1375 0.000058139 1375 0.000006723 add_time= 0.000076390
1325 0.000115240 1325 0.000006780 add_time= 0.000135518
2600 0.000111685 2600 0.000007548 add_time= 0.000143126
2860 0.000194686 2860 0.000006898 add_time= 0.000216895
2550 0.000059629 2550 0.000006623 add_time= 0.000080099
2601 0.000291099 2601 0.000007440 add_time= 0.000314049
2750 0.000165463 2750 0.000007602 add_time= 0.000188751
2756 0.000041609 2756 0.000007315 add_time= 0.000065522
2652 0.000428435 2652 0.000007466 add_time= 0.000451584
2500 0.000111960 2500 0.000006829 add_time= 0.000132704
2750 0.000107218 2750 0.000008783 add_time= 0.000138666
2703 0.000184788 2703 0.000015011 add_time= 0.000213843
2970 0.000055189 2970 0.000007141 add_time= 0.000077860
2650 0.000154570 2650 0.000007839 add_time= 0.000177668
