2600 0.000264611 2600 0.000016990 add_time= 0.001766816
2500 0.000064836 2500 0.000007441 add_time= 0.000108055
3025 0.000085932 3025 0.000007787 add_time= 0.000109460
2750 0.000026081 2750 0.000219594 add_time= 0.000267723
2750 0.000016555 2750 0.000049712 add_time= 0.000082355
2754 0.000067891 2754 0.000008569 add_time= 0.000093504
2750 0.000491648 2750 0.000029058 add_time= 0.000600217
2550 0.000056934 2550 0.000030539 add_time= 0.000103587
3025 0.000016784 3025 0.000028085 add_time= 0.000096666
2805 0.000168108 2805 0.000016468 add_time= 0.000212933
2750 0.000297991 2750 0.000011499 add_time= 0.000359251
2601 0.000055657 2601 0.000020419 add_time= 0.000092286
2650 0.000166634 2650 0.000017054 add_time= 0.000198361
2805 0.000009107 2805 0.000078058 add_time= 0.000111668
2750 0.000068730 2750 0.000016857 add_time= 0.000113747
2750 0.000665018 2750 0.000030071 add_time= 0.000711453
1250 0.000043355 1250 0.000007067 add_time= 0.000072088
2750 0.000022031 2750 0.000026047 add_time= 0.000079034
2500 0.000109116 2500 0.000006976 add_time= 0.000132995
2750 0.000105398 2750 0.000032155 add_time= 0.000154688
2500 0.000403100 2500 0.000040062 add_time= 0.000586819
2500 0.000058629 2500 0.000061293 add_time= 0.000146360
2652 0.000223565 2652 0.000014465 add_time= 0.001802229
2750 0.000053827 2750 0.000009066 add_time= 0.000080996
2652 0.000055106 2652 0.000006101 add_time= 0.000082151
2500 0.000515738 2500 0.000009207 add_time= 0.000552978
2805 0.000082876 2805 0.000007062 add_time= 0.000108665
3025 0.000071958 3025 0.000006837 add_time= 0.000097246
2750 0.000729563 2750 0.000014096 add_time= 0.000833514
3025 0.000008601 3025 0.000057197 add_time= 0.000110918
2500 0.000232219 2500 0.000007323 add_time= 0.000268752
2500 0.000689799 2500 0.000009574 add_time= 0.000744372
2500 0.000182977 2500 0.000007510 add_time= 0.000237702
1275 0.000259776 1275 0.000007096 add_time= 0.000293538
2600 0.000209215 2600 0.000013163 add_time= 0.000266848
2860 0.000028066 2860 0.000016303 add_time= 0.000063658
2808 0.000132938 2808 0.000020015 add_time= 0.000169305
2652 0.000161381 2652 0.000010266 add_time= 0.000193114
3025 0.000159418 3025 0.000007440 add_time= 0.000184908
2750 0.000076881 2750 0.000007005 add_time= 0.000100321
2860 0.000202637 2860 0.000007813 add_time= 0.000236960
2550 0.000130669 2550 0.000010859 add_time= 0.000157003
2700 0.000168698 2700 0.000010281 add_time= 0.000294169
2750 0.000059837 2750 0.000025994 add_time= 0.000120449
2754 0.000046234 2754 0.000057536 add_time= 0.000131189
2650 0.000056140 2650 0.000014356 add_time= 0.001190442
2600 0.000118558 2600 0.000006402 add_time= 0.000139869
2750 0.000064637 2750 0.000006522 add_time= 0.000086856
2550 0.000094275 2550 0.000007526 add_time= 0.000135200
2805 0.000071572 2805 0.000006399 add_time= 0.000092739
2500 0.000062009 2500 0.000006509 add_time= 0.000090088
2600 0.000259549 2600 0.000006585 add_time= 0.000281950
2600 0.000058956 2600 0.000006789 add_time= 0.000080263
2750 0.000043161 2750 0.000006014 add_time= 0.000067245
2750 0.000065993 2750 0.000005956 add_time= 0.000085772
3025 0.000062519 3025 0.000011965 add_time= 0.000089020
2805 0.000044401 2805 0.000006391 add_time= 0.000084584
2805 0.000026620 2805 0.000006388 add_time= 0.000053816
1325 0.000422729 1325 0.000008192 add_time= 0.000463953
2500 0.000102035 2500 0.000008706 add_time= 0.000149107
2500 0.000127429 2500 0.000006831 add_time= 0.000150016
2500 0.000014370 2500 0.000044638 add_time= 0.000087513
2700 0.000128564 2700 0.000007742 add_time= 0.000153399
2550 0.000081300 2550 0.000007124 add_time= 0.000104841
2550 0.000362273 2550 0.000007809 add_time= 0.000400825
1250 0.000064164 1250 0.000006892 add_time= 0.000085865
2500 0.000083089 2500 0.000007111 add_time= 0.000106291
2805 0.000114690 2805 0.000007380 add_time= 0.000149432
2550 0.000106406 2550 0.000007474 add_time= 0.000129791
2500 0.000232601 2500 0.000008058 add_time= 0.000282177
2500 0.000241948 2500 0.000014763 add_time= 0.000272835
2860 0.000118077 2860 0.000016479 add_time= 0.000150714
2500 0.000016098 2500 0.000029314 add_time= 0.000059199
2500 0.000295606 2500 0.000006597 add_time= 0.000325509
2915 0.000484927 2915 0.000007158 add_time= 0.000521296
2500 0.000171876 2500 0.000007326 add_time= 0.000195583
2500 0.000414141 2500 0.000007509 add_time= 0.000437301
2703 0.000006614 2703 0.000014927 add_time= 0.000036205
2700 0.000057324 2700 0.000006260 add_time= 0.000079844
2750 0.000361232 2750 0.000013518 add_time= 0.000390177
2703 0.000375283 2703 0.000006690 add_time= 0.000400626
2600 0.000091466 2600 0.000006541 add_time= 0.000113116
2750 0.000074575 2750 0.000006440 add_time= 0.000095017
2750 0.000088476 2750 0.000006266 add_time= 0.000108170
2652 0.000015251 2652 0.000032052 add_time= 0.000061359
2550 0.000107896 2550 0.000006291 add_time= 0.000128542
1250 0.000056055 1250 0.000005599 add_time= 0.000073353
2650 0.000077455 2650 0.000009617 add_time= 0.000187899
2600 0.000057804 2600 0.000013718 add_time= 0.000096614
2750 0.000069283 2750 0.000007840 add_time= 0.000101214
2550 0.000059812 2550 0.000008759 add_time= 0.000109642
2750 0.000055979 2750 0.000008084 add_time= 0.000092692
1325 0.000046152 1325 0.000008316 add_time= 0.000091789
2750 0.000404837 2750 0.000008974 add_time= 0.000437020
1300 0.000275133 1300 0.000006620 add_time= 0.000296424
2750 0.000433973 2750 0.000007796 add_time= 0.000476064
2652 0.000211950 2652 0.000006476 add_time= 0.000232775
2700 0.000357391 2700 0.000007708 add_time= 0.000388924
2600 0.000407250 2600 0.000006581 add_time= 0.000434652
2600 0.000258751 2600 0.000006070 add_time= 0.000279291
2805 0.000282438 2805 0.000026140 add_time= 0.000323002
2500 0.000007692 2500 0.000025324 add_time= 0.000048494
2550 0.000152023 2550 0.000005795 add_time= 0.000172183
2750 0.000240122 2750 0.000007680 add_time= 0.000264823
2809 0.000099936 2809 0.000006596 add_time= 0.000123543
2704 0.000073574 2704 0.000006904 add_time= 0.000096312
2500 0.000206310 2500 0.000007203 add_time= 0.000229344
2500 0.000140253 2500 0.000006603 add_time= 0.000166013
2805 0.000006766 2805 0.000026394 add_time= 0.000047094
2500 0.000254427 2500 0.000006627 add_time= 0.000274981
2750 0.000397995 2750 0.000006438 add_time= 0.000424530
1325 0.000209895 1325 0.000006776 add_time= 0.000230922
2652 0.000168624 2652 0.000007066 add_time= 0.000197992
2750 0.000351908 2750 0.000007452 add_time= 0.000375803
2550 0.000023071 2550 0.000022109 add_time= 0.000061351
2754 0.000143228 2754 0.000023246 add_time= 0.000181248
2750 0.000085467 2750 0.000031677 add_time= 0.000131937
2650 0.000081719 2650 0.000006494 add_time= 0.000105112
2808 0.000081967 2808 0.000007560 add_time= 0.000105929
2600 0.000104096 2600 0.000007595 add_time= 0.000127218
2500 0.000134580 2500 0.000006315 add_time= 0.000154974
2750 0.000007134 2750 0.000023145 add_time= 0.000044032
2500 0.000110875 2500 0.000007245 add_time= 0.000133680
2500 0.000096920 2500 0.000007195 add_time= 0.000128597
2500 0.000190642 2500 0.000007573 add_time= 0.000231874
2750 0.000170775 2750 0.000007337 add_time= 0.000209098
2500 0.000183843 2500 0.000007109 add_time= 0.000207087
2550 0.000028669 2550 0.000015085 add_time= 0.000068574
2750 0.000186226 2750 0.000012414 add_time= 0.000214155
2600 0.000115488 2600 0.000006876 add_time= 0.000152796
2700 0.000267340 2700 0.000007013 add_time= 0.000291282
2860 0.000061849 2860 0.000006653 add_time= 0.000083973
2750 0.000113837 2750 0.000006977 add_time= 0.000135171
2700 0.000068793 2700 0.000025960 add_time= 0.000110574
2805 0.000007855 2805 0.000015578 add_time= 0.000038339
2750 0.000175616 2750 0.000007530 add_time= 0.000206093
1275 0.000049901 1275 0.000005993 add_time= 0.000068901
2500 0.000439200 2500 0.000007467 add_time= 0.000462133
2550 0.000110082 2550 0.000007962 add_time= 0.000158750
2750 0.000027609 2750 0.000006210 add_time= 0.000051067
2500 0.000072354 2500 0.000006476 add_time= 0.000095357
2500 0.000121027 2500 0.000005651 add_time= 0.000159277
2650 0.000205322 2650 0.000009247 add_time= 0.000260963
2750 0.000029143 2750 0.000008400 add_time= 0.000066656
2750 0.000021487 2750 0.000007588 add_time= 0.000068661
2550 0.000051043 2550 0.000025053 add_time= 0.000102686
2600 0.000032874 2600 0.000007606 add_time= 0.000068452
2805 0.000034257 2805 0.000008197 add_time= 0.000083927
2600 0.000194122 2600 0.000006837 add_time= 0.000220026
2500 0.000051998 2500 0.000006662 add_time= 0.000076423
2650 0.000069977 2650 0.000006602 add_time= 0.000094116
2500 0.000007381 2500 0.000032373 add_time= 0.000056675
2550 0.000027989 2550 0.000013548 add_time= 0.000058433
2500 0.000099187 2500 0.000006707 add_time= 0.000123373
2750 0.000345845 2750 0.000006995 add_time= 0.000369507
2600 0.000135968 2600 0.000006482 add_time= 0.000168971
2500 0.000080022 2500 0.000006872 add_time= 0.000102193
2500 0.000016805 2500 0.000021279 add_time= 0.000052640
2805 0.000086167 2805 0.000007443 add_time= 0.000108060
2500 0.000120501 2500 0.000005630 add_time= 0.000139193
2600 0.000534972 2600 0.000009050 add_time= 0.000567016
2600 0.000266207 2600 0.000008570 add_time= 0.000320939
2750 0.000102559 2750 0.000008890 add_time= 0.000149128
2550 0.000017286 2550 0.000021713 add_time= 0.000053903
3025 0.000072290 3025 0.000007785 add_time= 0.000102366
2915 0.000295026 2915 0.000007603 add_time= 0.000340001
2805 0.000059713 2805 0.000007635 add_time= 0.000084222
2500 0.000136474 2500 0.000007378 add_time= 0.000168717
2750 0.000132603 2750 0.000007056 add_time= 0.000156592
2500 0.000080907 2500 0.000007889 add_time= 0.000105247
2500 0.000171478 2500 0.000009561 add_time= 0.000197662
2600 0.000523501 2600 0.000010126 add_time= 0.000549289
2750 0.000199125 2750 0.000006801 add_time= 0.000220829
2550 0.000092070 2550 0.000006443 add_time= 0.000114383
2601 0.000006534 2601 0.000025488 add_time= 0.000046128
2600 0.000088449 2600 0.000006490 add_time= 0.000110242
2500 0.000401166 2500 0.000027479 add_time= 0.000444816
2860 0.000198868 2860 0.000006414 add_time= 0.000221159
2750 0.000089637 2750 0.000007366 add_time= 0.000113747
2805 0.000016415 2805 0.000024784 add_time= 0.000062226
2550 0.000139341 2550 0.000006624 add_time= 0.000160364
2650 0.000105057 2650 0.000013811 add_time= 0.000133327
2650 0.000098537 2650 0.000007266 add_time= 0.000121872
2600 0.000075899 2600 0.000007208 add_time= 0.000107161
2750 0.000092535 2750 0.000007503 add_time= 0.000115056
2550 0.000061476 2550 0.000014118 add_time= 0.000102437
2500 0.000097608 2500 0.000006823 add_time= 0.000123370
2700 0.000099417 2700 0.000025545 add_time= 0.000139505
1375 0.000052788 1375 0.000006312 add_time= 0.000084171
2650 0.000208784 2650 0.000007391 add_time= 0.000260649
2750 0.000207600 2750 0.000007880 add_time= 0.000237497
2601 0.000417678 2601 0.000007253 add_time= 0.000441456
2550 0.000192231 2550 0.000007846 add_time= 0.000233214
2550 0.000097750 2550 0.000007162 add_time= 0.000120948
2600 0.000112206 2600 0.000007501 add_time= 0.000136747
2600 0.000102878 2600 0.000007045 add_time= 0.000124782
2750 0.000232978 2750 0.000018177 add_time= 0.000267565
2750 0.000149162 2750 0.000006980 add_time= 0.000172025
1275 0.000199705 1275 0.000006420 add_time= 0.000220502
3025 0.000071378 3025 0.000006581 add_time= 0.000096447
2650 0.000134936 2650 0.000006980 add_time= 0.000164311
2550 0.000081552 2550 0.000006480 add_time= 0.000106023
2750 0.000042677 2750 0.000006705 add_time= 0.000068188
2750 0.000125029 2750 0.000006608 add_time= 0.000149765
2700 0.001707345 2700 0.000007294 add_time= 0.001733962
2650 0.000101346 2650 0.000009290 add_time= 0.000179979
1250 0.000040802 1250 0.000007200 add_time= 0.000087076
1250 0.000076255 1250 0.000007323 add_time= 0.000109063
2500 0.000026396 2500 0.000007074 add_time= 0.000059298
2550 0.000025797 2550 0.000026417 add_time= 0.000080730
2600 0.000026040 2600 0.000007106 add_time= 0.000058901
2750 0.000043230 2750 0.000007335 add_time= 0.000090383
2915 0.000175583 2915 0.000006670 add_time= 0.000201831
2750 0.000037323 2750 0.000006854 add_time= 0.000073849
2500 0.000032793 2500 0.000005639 add_time= 0.000053680
2550 0.000070260 2550 0.000006323 add_time= 0.000099095
2500 0.000378352 2500 0.000006902 add_time= 0.000411403
2750 0.000131592 2750 0.000006492 add_time= 0.000154259
2756 0.000051984 2756 0.000006628 add_time= 0.000075235
2652 0.000032005 2652 0.000005934 add_time= 0.000052606
1250 0.000092611 1250 0.000015162 add_time= 0.000120887
2805 0.000075758 2805 0.000015104 add_time= 0.000119201
2550 0.000380010 2550 0.000007233 add_time= 0.000403106
2500 0.000117062 2500 0.000006220 add_time= 0.000137665
2500 0.000399266 2500 0.000006714 add_time= 0.000421866
2600 0.000160773 2600 0.000005844 add_time= 0.000180449
2500 0.000094648 2500 0.000005949 add_time= 0.000114199
2550 0.000033187 2550 0.000014230 add_time= 0.000062589
2700 0.000075251 2700 0.000006275 add_time= 0.000108246
2500 0.000080325 2500 0.000008205 add_time= 0.000111497
2600 0.000153711 2600 0.000009096 add_time= 0.000179873
2805 0.000076738 2805 0.000008904 add_time= 0.000101099
2500 0.000184050 2500 0.000015191 add_time= 0.000213475
2550 0.000027356 2550 0.000024129 add_time= 0.000065813
2550 0.000017635 2550 0.000031932 add_time= 0.000064082
2700 0.000061619 2700 0.000006740 add_time= 0.000083593
2750 0.000043714 2750 0.000005743 add_time= 0.000063929
2750 0.000487354 2750 0.000006788 add_time= 0.000511954
2700 0.000320990 2700 0.000007158 add_time= 0.000343149
1250 0.000059570 1250 0.000006564 add_time= 0.000099223
2652 0.000157447 2652 0.000006933 add_time= 0.000190544
2550 0.000120518 2550 0.000025439 add_time= 0.000161233
2500 0.000187635 2500 0.000010010 add_time= 0.000214845
2600 0.000126772 2600 0.000014415 add_time= 0.000155758
2805 0.000063530 2805 0.000013406 add_time= 0.000101851
2750 0.003651511 2750 0.000007153 add_time= 0.003673707
2650 0.000466076 2650 0.000007844 add_time= 0.000490535
2860 0.000094052 2860 0.000006594 add_time= 0.000115466
2805 0.000131372 2805 0.000006785 add_time= 0.000162891
2750 0.000030832 2750 0.000007004 add_time= 0.000054394
2500 0.000211223 2500 0.000007117 add_time= 0.000234969
2750 0.000100041 2750 0.000007672 add_time= 0.000125317
2650 0.000097708 2650 0.000006317 add_time= 0.000120041
2600 0.000098969 2600 0.000008354 add_time= 0.000123533
2750 0.000157253 2750 0.000006339 add_time= 0.000179804
3025 0.000125857 3025 0.000007139 add_time= 0.000149970
2600 0.000148876 2600 0.000007161 add_time= 0.000172192
2600 0.000041744 2600 0.000006635 add_time= 0.000068385
1250 0.000024844 1250 0.000005679 add_time= 0.000054086
2600 0.000214666 2600 0.000007292 add_time= 0.000255845
2750 0.000091246 2750 0.000006927 add_time= 0.000114633
2500 0.000150115 2500 0.000007093 add_time= 0.000172724
2601 0.000016668 2601 0.000014845 add_time= 0.000053522
2700 0.000275059 2700 0.000007036 add_time= 0.000299222
2750 0.000247159 2750 0.000007352 add_time= 0.000271553
2704 0.000277985 2704 0.000007729 add_time= 0.000300778
2750 0.000082690 2750 0.000007123 add_time= 0.000106128
2500 0.000006974 2500 0.000014469 add_time= 0.000035182
2750 0.000127787 2750 0.000007383 add_time= 0.000151286
1250 0.000034643 1250 0.000005823 add_time= 0.000052472
2862 0.000138647 2862 0.000006149 add_time= 0.000160822
2756 0.000094745 2756 0.000006756 add_time= 0.000117035
2500 0.000225405 2500 0.000007706 add_time= 0.000248719
2805 0.000007222 2805 0.000025959 add_time= 0.000046986
2862 0.000101410 2862 0.000006410 add_time= 0.000123008
1250 0.000085987 1250 0.000005683 add_time= 0.000110447
2500 0.000156372 2500 0.000008764 add_time= 0.000198616
2500 0.000068712 2500 0.000007740 add_time= 0.000100948
2750 0.000069715 2750 0.000016517 add_time= 0.000112264
2500 0.000072513 2500 0.000034651 add_time= 0.000128795
2703 0.000062455 2703 0.000112789 add_time= 0.000197948
2750 0.000062681 2750 0.000008439 add_time= 0.000096838
2915 0.000109907 2915 0.000007005 add_time= 0.000132015
2808 0.000104210 2808 0.000022528 add_time= 0.000141489
2750 0.000148621 2750 0.000006297 add_time= 0.000168535
2750 0.000100418 2750 0.000006937 add_time= 0.000122054
2500 0.000006386 2500 0.000022985 add_time= 0.000041833
2550 0.000006266 2550 0.000108804 add_time= 0.000127306
2500 0.000105063 2500 0.000007224 add_time= 0.000127191
2500 0.000178148 2500 0.000006187 add_time= 0.000199735
2860 0.000066519 2860 0.000006027 add_time= 0.000097424
3025 0.000113141 3025 0.000007223 add_time= 0.000136793
2805 0.000170526 2805 0.000007905 add_time= 0.000194030
2500 0.000180370 2500 0.000006447 add_time= 0.000202180
2500 0.000078430 2500 0.000006802 add_time= 0.000100568
2500 0.000242705 2500 0.000007496 add_time= 0.000266459
1300 0.000052886 1300 0.000005461 add_time= 0.000070452
2500 0.000107227 2500 0.000017846 add_time= 0.000148994
2805 0.000026278 2805 0.000016020 add_time= 0.000057934
2750 0.000079176 2750 0.000007292 add_time= 0.000101871
2650 0.000212217 2650 0.000007663 add_time= 0.000236706
2704 0.000092254 2704 0.000007677 add_time= 0.000115803
2750 0.000133949 2750 0.000007814 add_time= 0.000158033
2703 0.000136542 2703 0.000006658 add_time= 0.000158913
2805 0.000025832 2805 0.000016224 add_time= 0.000056699
2750 0.000074629 2750 0.000008349 add_time= 0.000118275
2500 0.000288376 2500 0.000008429 add_time= 0.000317038
2750 0.000123006 2750 0.000008398 add_time= 0.000148666
2500 0.001011956 2500 0.000007325 add_time= 0.001035758
2600 0.000543881 2600 0.000007070 add_time= 0.000567101
2970 0.000106920 2970 0.000006869 add_time= 0.000129196
2500 0.000201028 2500 0.000008112 add_time= 0.000235134
2750 0.000082700 2750 0.000007068 add_time= 0.000106630
2750 0.000085280 2750 0.000006482 add_time= 0.000105987
2750 0.000087216 2750 0.000006582 add_time= 0.000114801
2550 0.000072167 2550 0.000006510 add_time= 0.000094236
2860 0.000144479 2860 0.000006957 add_time= 0.000168036
2600 0.000061162 2600 0.000006867 add_time= 0.000086094
2600 0.000059366 2600 0.000006800 add_time= 0.000091827
2550 0.000184728 2550 0.000006491 add_time= 0.000213461
2805 0.000146681 2805 0.000006015 add_time= 0.000167258
2601 0.000006450 2601 0.000023103 add_time= 0.000055197
2500 0.000084994 2500 0.000026677 add_time= 0.000127728
2500 0.000105829 2500 0.000006375 add_time= 0.000126535
2750 0.000718003 2750 0.000007319 add_time= 0.000743461
2500 0.000057620 2500 0.000006649 add_time= 0.000079454
2750 0.000053252 2750 0.000006148 add_time= 0.000073849
2750 0.000089154 2750 0.000007295 add_time= 0.000120069
2550 0.000045313 2550 0.000006794 add_time= 0.000078347
2700 0.000149694 2700 0.000007105 add_time= 0.000182997
2750 0.000131919 2750 0.000006619 add_time= 0.000153125
2860 0.000146634 2860 0.000007304 add_time= 0.000175555
2805 0.000074229 2805 0.000012410 add_time= 0.000114309
2550 0.000070587 2550 0.000007413 add_time= 0.000100624
1275 0.000006093 1275 0.000016713 add_time= 0.000047924
2500 0.000113698 2500 0.000018490 add_time= 0.000148199
2915 0.000070562 2915 0.000008914 add_time= 0.000110265
2860 0.000065031 2860 0.000006357 add_time= 0.000093532
2750 0.000212470 2750 0.000007803 add_time= 0.000236275
2754 0.000087922 2754 0.000006915 add_time= 0.000119186
2550 0.000051053 2550 0.000007269 add_time= 0.000088484
2500 0.000173396 2500 0.000006131 add_time= 0.000192712
2750 0.000226227 2750 0.000007055 add_time= 0.000250173
2500 0.000066806 2500 0.000007708 add_time= 0.000089928
2750 0.000123482 2750 0.000007305 add_time= 0.000147048
2500 0.000007560 2500 0.000026916 add_time= 0.000050080
2500 0.000384892 2500 0.000007736 add_time= 0.000419111
2915 0.000282833 2915 0.000007325 add_time= 0.000310344
2500 0.000122973 2500 0.000007315 add_time= 0.000145628
2750 0.000186873 2750 0.000006870 add_time= 0.000208437
3025 0.000149260 3025 0.000007499 add_time= 0.000171390
2500 0.000014506 2500 0.000021589 add_time= 0.000049511
2700 0.000050953 2700 0.000005994 add_time= 0.000071286
1300 0.002639953 1300 0.000005932 add_time= 0.002657976
1325 0.000034977 1325 0.000008066 add_time= 0.000112724
2600 0.000086671 2600 0.000008174 add_time= 0.000130550
3025 0.000105190 3025 0.000008294 add_time= 0.000164156
2750 0.000146410 2750 0.000007883 add_time= 0.000177592
2750 0.000083122 2750 0.000008194 add_time= 0.000114462
2650 0.000063540 2650 0.000007347 add_time= 0.000094055
2500 0.000089699 2500 0.000008899 add_time= 0.000124545
2600 0.000230957 2600 0.000007941 add_time= 0.000267712
1250 0.000051662 1250 0.000006451 add_time= 0.000071001
2500 0.000094399 2500 0.000006373 add_time= 0.000114471
2550 0.000018285 2550 0.000052686 add_time= 0.000092647
2808 0.000105661 2808 0.000006936 add_time= 0.000127369
1250 0.000263807 1250 0.000006303 add_time= 0.000283070
2600 0.000168238 2600 0.000006516 add_time= 0.000189580
2750 0.000152192 2750 0.000006301 add_time= 0.000173868
2500 0.000131985 2500 0.000015939 add_time= 0.000162446
2500 0.000026952 2500 0.000013840 add_time= 0.000055277
2700 0.000095346 2700 0.000007004 add_time= 0.000117379
2550 0.000128628 2550 0.000006476 add_time= 0.000149558
2600 0.000242133 2600 0.000019354 add_time= 0.000276768
2600 0.000066126 2600 0.000006802 add_time= 0.000087466
2750 0.000051965 2750 0.000006834 add_time= 0.000073601
2550 0.000027481 2550 0.000016131 add_time= 0.000058376
2500 0.000045341 2500 0.000007406 add_time= 0.000067537
2600 0.000215076 2600 0.000006795 add_time= 0.000236912
2750 0.000125850 2750 0.000007245 add_time= 0.000148241
2860 0.000033107 2860 0.000006531 add_time= 0.000054018
2500 0.000082019 2500 0.000006463 add_time= 0.000101726
2500 0.000037351 2500 0.000005642 add_time= 0.000055650
2915 0.000487792 2915 0.000007324 add_time= 0.000522027
2750 0.000127410 2750 0.000006809 add_time= 0.000148192
2550 0.000058912 2550 0.000007722 add_time= 0.000081654
2550 0.000016067 2550 0.000015879 add_time= 0.000045120
2700 0.000125353 2700 0.000014489 add_time= 0.000153507
2500 0.000695361 2500 0.000008078 add_time= 0.000725440
2700 0.000148340 2700 0.000008560 add_time= 0.000174195
2500 0.000132338 2500 0.000008050 add_time= 0.000156415
2550 0.000018495 2550 0.000016615 add_time= 0.000051267
2700 0.000140306 2700 0.000008201 add_time= 0.000164647
1325 0.000088983 1325 0.000028717 add_time= 0.000131879
2650 0.000460275 2650 0.000024827 add_time= 0.000501924
2600 0.000071089 2600 0.000023426 add_time= 0.000109139
2750 0.000119178 2750 0.000006218 add_time= 0.000140275
2750 0.000105030 2750 0.000006095 add_time= 0.000125357
2750 0.000008207 2750 0.000183057 add_time= 0.000207239
2500 0.000302793 2500 0.000006605 add_time= 0.000323836
1375 0.000152422 1375 0.000006221 add_time= 0.000172514
1250 0.000461786 1250 0.000006462 add_time= 0.000481876
2550 0.000084668 2550 0.000006788 add_time= 0.000107379
2860 0.000100258 2860 0.000006170 add_time= 0.000121373
2970 0.000088495 2970 0.000007054 add_time= 0.000112749
2652 0.000083143 2652 0.000006060 add_time= 0.000104684
2970 0.000065626 2970 0.000006480 add_time= 0.000086708
2500 0.000058278 2500 0.000006522 add_time= 0.000080044
2650 0.000179297 2650 0.000023729 add_time= 0.000219882
2550 0.000154914 2550 0.000006480 add_time= 0.000176621
2750 0.000114056 2750 0.000006732 add_time= 0.000137109
2805 0.000125555 2805 0.000007027 add_time= 0.000148444
1250 0.000173692 1250 0.000006819 add_time= 0.000194376
1325 0.000072124 1325 0.000006937 add_time= 0.000109844
2703 0.000388857 2703 0.000006394 add_time= 0.000420899
2500 0.000195163 2500 0.000015654 add_time= 0.000226261
2750 0.000042145 2750 0.000006148 add_time= 0.000063990
2500 0.000109859 2500 0.000007546 add_time= 0.000132372
2805 0.000051428 2805 0.000006242 add_time= 0.000073366
2750 0.000893015 2750 0.000007508 add_time= 0.000916342
2750 0.000194873 2750 0.000008009 add_time= 0.000237591
2550 0.000149620 2550 0.000008611 add_time= 0.000178978
2750 0.000314918 2750 0.000026804 add_time= 0.000356068
2600 0.000018951 2600 0.000015081 add_time= 0.000049631
2700 0.000344382 2700 0.000006752 add_time= 0.000367041
2650 0.000085622 2650 0.000006876 add_time= 0.000108721
2860 0.000081478 2860 0.000006718 add_time= 0.000103415
2500 0.000129151 2500 0.000006818 add_time= 0.000155027
2500 0.000006458 2500 0.000084914 add_time= 0.000105461
2600 0.000161922 2600 0.000006136 add_time= 0.000181413
2805 0.000068375 2805 0.000007179 add_time= 0.000090317
2750 0.000090164 2750 0.000006429 add_time= 0.000112701
2600 0.000096711 2600 0.000006466 add_time= 0.000115953
2500 0.000149943 2500 0.000006519 add_time= 0.000176306
2550 0.000006504 2550 0.000024258 add_time= 0.000049891
2754 0.000075346 2754 0.000006881 add_time= 0.000095491
2756 0.000120842 2756 0.000029648 add_time= 0.000198764
2500 0.000053113 2500 0.000016255 add_time= 0.000094281
2550 0.000006292 2550 0.000008992 add_time= 0.000039764
1275 0.000063514 1275 0.000127591 add_time= 0.000214403
2700 0.000087139 2700 0.000008349 add_time= 0.000124192
2756 0.000070586 2756 0.000006878 add_time= 0.000093628
2652 0.000071018 2652 0.000005977 add_time= 0.000100967
2805 0.000057157 2805 0.000006133 add_time= 0.000078495
2500 0.000007490 2500 0.000023878 add_time= 0.000045734
2650 0.000079434 2650 0.000007027 add_time= 0.000109432
3025 0.000183871 3025 0.000016427 add_time= 0.000225132
1275 0.000026920 1275 0.000005774 add_time= 0.000055384
2550 0.000220070 2550 0.000006433 add_time= 0.000241562
2600 0.000094365 2600 0.000006715 add_time= 0.000114281
2805 0.000294257 2805 0.000006878 add_time= 0.000316109
2550 0.000092668 2550 0.000006407 add_time= 0.000112256
2550 0.000015042 2550 0.000014264 add_time= 0.000042239
2500 0.000136463 2500 0.000006666 add_time= 0.000157707
2703 0.000121395 2703 0.000007060 add_time= 0.000143867
2652 0.000111976 2652 0.000007578 add_time= 0.000134632
2750 0.000110189 2750 0.000006146 add_time= 0.000129836
2601 0.000071904 2601 0.000007412 add_time= 0.000094216
2500 0.000037532 2500 0.000006281 add_time= 0.000069223
3025 0.000061519 3025 0.000007215 add_time= 0.000082587
2600 0.000214814 2600 0.000007084 add_time= 0.000237076
2600 0.000057645 2600 0.000014769 add_time= 0.000085923
2750 0.000139426 2750 0.000015220 add_time= 0.000169860
2860 0.000101450 2860 0.000007033 add_time= 0.000132949
2600 0.000025122 2600 0.000015866 add_time= 0.000053901
2600 0.000074983 2600 0.000005861 add_time= 0.000103193
3025 0.000098539 3025 0.000008486 add_time= 0.000123163
1275 0.000056305 1275 0.000006551 add_time= 0.000075349
2750 0.000312899 2750 0.000007523 add_time= 0.000335854
2600 0.000065055 2600 0.000006801 add_time= 0.000085501
2500 0.000069955 2500 0.000018024 add_time= 0.000103050
2750 0.000079010 2750 0.000006436 add_time= 0.000100571
2805 0.000095969 2805 0.000006538 add_time= 0.000116960
1250 0.000035734 1250 0.000006149 add_time= 0.000054188
2650 0.000124761 2650 0.000006894 add_time= 0.000147084
2704 0.000063816 2704 0.000006872 add_time= 0.000094841
2750 0.000075357 2750 0.000006790 add_time= 0.000097250
2550 0.000128405 2550 0.000006279 add_time= 0.000149430
2652 0.000014683 2652 0.000017828 add_time= 0.000046036
2700 0.000167290 2700 0.000006815 add_time= 0.000188891
2703 0.000521460 2703 0.000012025 add_time= 0.000566735
2600 0.000031378 2600 0.000006495 add_time= 0.000052467
2750 0.000220036 2750 0.000006395 add_time= 0.000241728
3025 0.000279853 3025 0.000008143 add_time= 0.000325769
2601 0.000054890 2601 0.000006182 add_time= 0.000076356
2750 0.000130555 2750 0.000007067 add_time= 0.000154856
2915 0.000431003 2915 0.000007355 add_time= 0.000457093
2500 0.000132651 2500 0.000006510 add_time= 0.000176697
2750 0.000104604 2750 0.000007615 add_time= 0.000127780
2860 0.000093274 2860 0.000005897 add_time= 0.000114163
2500 0.000104731 2500 0.000006585 add_time= 0.000132091
2550 0.000144060 2550 0.000006970 add_time= 0.000167677
2500 0.000271714 2500 0.000006237 add_time= 0.000305362
2700 0.000194604 2700 0.000007026 add_time= 0.000218037
2703 0.000221656 2703 0.000006690 add_time= 0.000244747
2500 0.000135221 2500 0.000007391 add_time= 0.000158373
2805 0.000084412 2805 0.000007381 add_time= 0.000108304
2500 0.000246676 2500 0.000007711 add_time= 0.000271514
2500 0.000182501 2500 0.000005385 add_time= 0.000202082
2805 0.000102133 2805 0.000005589 add_time= 0.000122341
2805 0.000209625 2805 0.000007028 add_time= 0.000243198
2700 0.000139013 2700 0.000006554 add_time= 0.000161786
1250 0.000127375 1250 0.000006803 add_time= 0.000147391
2500 0.000209373 2500 0.000006593 add_time= 0.000236928
2500 0.000118724 2500 0.000006443 add_time= 0.000149717
2500 0.000043668 2500 0.000007191 add_time= 0.000066206
2550 0.000007021 2550 0.000023641 add_time= 0.000045944
2970 0.000095156 2970 0.000006950 add_time= 0.000126752
3025 0.000050378 3025 0.000014603 add_time= 0.000080200
2650 0.000174792 2650 0.000007962 add_time= 0.000215979
2700 0.000325931 2700 0.000006204 add_time= 0.000347099
2500 0.000068264 2500 0.000015096 add_time= 0.000097797
2550 0.000056420 2550 0.000010713 add_time= 0.000090256
2750 0.000117071 2750 0.000007182 add_time= 0.000151665
2650 0.000228129 2650 0.000007152 add_time= 0.000251962
2860 0.000082279 2860 0.000033877 add_time= 0.000131918
2860 0.000203398 2860 0.000006105 add_time= 0.000223916
3025 0.000213634 3025 0.000007278 add_time= 0.000241265
2550 0.000196315 2550 0.000006591 add_time= 0.000238752
2500 0.000122105 2500 0.000027185 add_time= 0.000174386
2500 0.000252475 2500 0.000007107 add_time= 0.000280040
2750 0.000151493 2750 0.000006900 add_time= 0.000176639
2600 0.000185967 2600 0.000005602 add_time= 0.000206953
2500 0.000006437 2500 0.000022914 add_time= 0.000045452
2550 0.000045179 2550 0.000006596 add_time= 0.000067476
2750 0.000430020 2750 0.000006104 add_time= 0.000451414
2650 0.000071795 2650 0.000019785 add_time= 0.000139791
2500 0.000057768 2500 0.000007185 add_time= 0.000092640
2550 0.000040435 2550 0.000019559 add_time= 0.000087534
2808 0.000072057 2808 0.000007068 add_time= 0.000107468
1300 0.000074071 1300 0.000007474 add_time= 0.000109865
2809 0.000059008 2809 0.000007548 add_time= 0.000099020
2600 0.000072723 2600 0.000006526 add_time= 0.000095727
2600 0.000151758 2600 0.000005482 add_time= 0.000172927
2750 0.000041738 2750 0.000005463 add_time= 0.000062643
2860 0.000032282 2860 0.000006651 add_time= 0.000056025
2805 0.000036014 2805 0.000010012 add_time= 0.000062083
3025 0.000077122 3025 0.000008120 add_time= 0.000104753
2750 0.000274191 2750 0.000007461 add_time= 0.000299348
2600 0.000048100 2600 0.000005910 add_time= 0.000068554
2550 0.000078444 2550 0.000006851 add_time= 0.000100811
2703 0.000121261 2703 0.000006721 add_time= 0.000143999
2805 0.000016831 2805 0.000014637 add_time= 0.000045605
1275 0.000056099 1275 0.000006251 add_time= 0.000076363
2650 0.000063520 2650 0.000006853 add_time= 0.000086186
1250 0.000178065 1250 0.000005843 add_time= 0.000195765
2703 0.000271288 2703 0.000007653 add_time= 0.000306766
2600 0.000128303 2600 0.000007464 add_time= 0.000161594
2750 0.000086618 2750 0.000006472 add_time= 0.000115502
2700 0.000051269 2700 0.000025924 add_time= 0.000091625
2550 0.000077748 2550 0.000006022 add_time= 0.000097826
2500 0.000019952 2500 0.000005328 add_time= 0.000050170
2700 0.000039067 2700 0.000007109 add_time= 0.000062077
1250 0.000051712 1250 0.000008681 add_time= 0.000073753
2756 0.000061122 2756 0.000006986 add_time= 0.000085592
2704 0.000078399 2704 0.000007347 add_time= 0.000110559
2600 0.000052406 2600 0.000006783 add_time= 0.000075337
2750 0.000079095 2750 0.000006744 add_time= 0.000100333
1275 0.000011259 1275 0.000008530 add_time= 0.000031536
2550 0.000043994 2550 0.000007325 add_time= 0.000067693
2500 0.000103676 2500 0.000005842 add_time= 0.000123728
1275 0.000218860 1275 0.000006699 add_time= 0.000239930
2650 0.000174782 2650 0.000007160 add_time= 0.000198470
2652 0.000087304 2652 0.000006049 add_time= 0.000116581
1375 0.000041560 1375 0.000014741 add_time= 0.000070192
2500 0.000016407 2500 0.000014141 add_time= 0.000046218
2754 0.000034967 2754 0.000007482 add_time= 0.000066773
2750 0.000031518 2750 0.000006022 add_time= 0.000051926
2600 0.000332792 2600 0.000008201 add_time= 0.000362922
2500 0.000115264 2500 0.000006851 add_time= 0.000139434
2750 0.000092114 2750 0.000007499 add_time= 0.000116814
2550 0.000050354 2550 0.000007003 add_time= 0.000073871
1300 0.000138765 1300 0.000006600 add_time= 0.000161025
2500 0.000151128 2500 0.000006724 add_time= 0.000175786
2704 0.000067868 2704 0.000006280 add_time= 0.000088678
2550 0.000094286 2550 0.000006993 add_time= 0.000117692
2750 0.000181394 2750 0.000006909 add_time= 0.000213265
2550 0.000016367 2550 0.000027564 add_time= 0.000058692
2750 0.000134215 2750 0.000008306 add_time= 0.000167095
2500 0.000130143 2500 0.000006861 add_time= 0.000151654
2650 0.000463045 2650 0.000008639 add_time= 0.000492166
2652 0.000081695 2652 0.000008801 add_time= 0.000107196
3025 0.000169726 3025 0.000007229 add_time= 0.000194024
2652 0.000594474 2652 0.000007505 add_time= 0.000618407
2550 0.000097715 2550 0.000007232 add_time= 0.000129620
1375 0.000036577 1375 0.000006638 add_time= 0.000080120
2915 0.000423254 2915 0.000007289 add_time= 0.000448951
2600 0.000173391 2600 0.000006399 add_time= 0.000195674
2500 0.000156973 2500 0.000006669 add_time= 0.000179620
2750 0.000016425 2750 0.000037176 add_time= 0.000068168
2700 0.000111728 2700 0.000007002 add_time= 0.000135474
2550 0.000108168 2550 0.000007744 add_time= 0.000135892
2700 0.000258674 2700 0.000007074 add_time= 0.000287661
2860 0.000176952 2860 0.000006696 add_time= 0.000200304
2500 0.000207240 2500 0.000006681 add_time= 0.000260972
2550 0.000005424 2550 0.000036199 add_time= 0.000056253
2754 0.000046798 2754 0.000006172 add_time= 0.000069105
1275 0.000078411 1275 0.000006987 add_time= 0.000107817
2650 0.000109090 2650 0.000007031 add_time= 0.000137816
2600 0.000230351 2600 0.000005938 add_time= 0.000252499
1375 0.000061112 1375 0.000005302 add_time= 0.000080034
3025 0.000101338 3025 0.000017448 add_time= 0.000135857
2862 0.000071777 2862 0.000005794 add_time= 0.000093843
1250 0.000041250 1250 0.000005281 add_time= 0.000059299
2650 0.000262508 2650 0.000006827 add_time= 0.000289445
1250 0.000038829 1250 0.000005468 add_time= 0.000059258
2600 0.000105552 2600 0.000007191 add_time= 0.000145956
2500 0.000007137 2500 0.000024251 add_time= 0.000055687
2601 0.000107813 2601 0.000005863 add_time= 0.000129634
2700 0.000052659 2700 0.000005773 add_time= 0.000073977
625 0.000033111 625 0.000005866 add_time= 0.000068792
2600 0.000210295 2600 0.000008021 add_time= 0.000251244
2500 0.000184779 2500 0.000007438 add_time= 0.000206628
2500 0.000050393 2500 0.000006454 add_time= 0.000072299
2550 0.000018373 2550 0.000028957 add_time= 0.000066032
2700 0.000125944 2700 0.000007227 add_time= 0.000149102
2500 0.000069765 2500 0.000006867 add_time= 0.000099999
2650 0.000161025 2650 0.000006966 add_time= 0.000183851
2500 0.000136524 2500 0.000007104 add_time= 0.000159226
3025 0.000252697 3025 0.000033048 add_time= 0.000305052
2550 0.000091910 2550 0.000034816 add_time= 0.000142244
2550 0.000137306 2550 0.000007332 add_time= 0.000160094
2915 0.000190758 2915 0.000007123 add_time= 0.000221777
2750 0.000088941 2750 0.000006959 add_time= 0.000115315
2650 0.000047777 2650 0.000005630 add_time= 0.000075703
2500 0.000006329 2500 0.000023264 add_time= 0.000045623
2750 0.000060282 2750 0.000006987 add_time= 0.000085768
2550 0.000037629 2550 0.000006126 add_time= 0.000065287
2500 0.000029708 2500 0.000009294 add_time= 0.000108119
2750 0.000035022 2750 0.000007410 add_time= 0.000074573
2500 0.000090736 2500 0.000018576 add_time= 0.000139991
2550 0.000034143 2550 0.000008579 add_time= 0.000080878
2805 0.000033863 2805 0.000035598 add_time= 0.000102380
2700 0.000109903 2700 0.000018342 add_time= 0.000155085
2500 0.000036976 2500 0.000007336 add_time= 0.000069230
2500 0.000620229 2500 0.000007201 add_time= 0.000646273
2500 0.000119281 2500 0.000006470 add_time= 0.000143634
2500 0.000036780 2500 0.000007622 add_time= 0.000061630
2750 0.000007615 2750 0.000025297 add_time= 0.000066305
2754 0.000062544 2754 0.000006158 add_time= 0.000095946
2970 0.000057755 2970 0.000005823 add_time= 0.000079848
2600 0.000130203 2600 0.000007472 add_time= 0.000152856
2600 0.000115991 2600 0.000006857 add_time= 0.000136071
1375 0.000087814 1375 0.000007397 add_time= 0.000126165
2750 0.000077688 2750 0.000007706 add_time= 0.000101209
2550 0.000014376 2550 0.000012851 add_time= 0.000042146
2700 0.000068855 2700 0.000007000 add_time= 0.000089421
1250 0.000057190 1250 0.000007312 add_time= 0.000088383
2600 0.000181743 2600 0.000007372 add_time= 0.000206397
2600 0.000069950 2600 0.000026245 add_time= 0.000111371
2500 0.000055719 2500 0.000006492 add_time= 0.000077428
2500 0.000063821 2500 0.000006558 add_time= 0.000083717
2805 0.000016179 2805 0.000016060 add_time= 0.000047715
2750 0.000110974 2750 0.000006962 add_time= 0.000133766
1250 0.000043509 1250 0.000006804 add_time= 0.000074896
2703 0.000420737 2703 0.000006904 add_time= 0.000444638
2600 0.000063091 2600 0.000018271 add_time= 0.000096136
2500 0.000096963 2500 0.000006430 add_time= 0.000123697
2500 0.000124050 2500 0.000007174 add_time= 0.000144959
2550 0.000121233 2550 0.000016353 add_time= 0.000151735
2652 0.000079494 2652 0.000006135 add_time= 0.000099555
2500 0.000135037 2500 0.000025779 add_time= 0.000176678
2650 0.000109951 2650 0.000007379 add_time= 0.000134089
2600 0.000081490 2600 0.000006554 add_time= 0.000102403
2600 0.000100548 2600 0.000006836 add_time= 0.000122846
1250 0.000037136 1250 0.000006212 add_time= 0.000056424
2550 0.000114216 2550 0.000006404 add_time= 0.000134928
2808 0.000060119 2808 0.000026386 add_time= 0.000101947
2500 0.000104081 2500 0.000021736 add_time= 0.000140788
2500 0.000379996 2500 0.000007193 add_time= 0.000403351
2500 0.000099920 2500 0.000006814 add_time= 0.000122037
2500 0.000114842 2500 0.000007380 add_time= 0.000137825
2652 0.000016256 2652 0.000015011 add_time= 0.000047320
2700 0.000093596 2700 0.000007251 add_time= 0.000116810
2756 0.000081533 2756 0.000007849 add_time= 0.000105931
2860 0.000128684 2860 0.000008373 add_time= 0.000151277
3025 0.000147008 3025 0.000037107 add_time= 0.000207953
2500 0.000181778 2500 0.000030969 add_time= 0.000228442
2550 0.000017120 2550 0.000094714 add_time= 0.000137238
2500 0.000091424 2500 0.000006868 add_time= 0.000112926
2500 0.000169786 2500 0.000007798 add_time= 0.000193912
2650 0.000071033 2650 0.000007113 add_time= 0.000095262
2860 0.000064877 2860 0.000006484 add_time= 0.000085096
1250 0.000092869 1250 0.000006755 add_time= 0.000113181
1375 0.000060928 1375 0.000007086 add_time= 0.000081911
2600 0.000067691 2600 0.000006894 add_time= 0.000089023
2750 0.000113783 2750 0.000031283 add_time= 0.000161576
2650 0.000409713 2650 0.000007184 add_time= 0.000444377
2500 0.000100407 2500 0.000007881 add_time= 0.000125023
2550 0.000139909 2550 0.000007520 add_time= 0.000164315
2500 0.000299310 2500 0.000007571 add_time= 0.000322963
2650 0.000244764 2650 0.000006917 add_time= 0.000271471
2750 0.000115693 2750 0.000007291 add_time= 0.000150047
2750 0.000068083 2750 0.000007797 add_time= 0.000098947
2550 0.000016992 2550 0.000023950 add_time= 0.000056797
2500 0.000366892 2500 0.000007079 add_time= 0.000390698
2750 0.000172121 2750 0.000008502 add_time= 0.000197833
2915 0.000183611 2915 0.000006310 add_time= 0.000209335
2550 0.000058320 2550 0.000006900 add_time= 0.000081327
2550 0.000169500 2550 0.000007602 add_time= 0.000193469
2500 0.000094403 2500 0.000006983 add_time= 0.000117426
2703 0.000159746 2703 0.000007813 add_time= 0.000185488
1300 0.000152201 1300 0.000005549 add_time= 0.000174889
2550 0.000136316 2550 0.000007735 add_time= 0.000159812
2500 0.000023316 2500 0.000021032 add_time= 0.000059764
2500 0.000149944 2500 0.000007943 add_time= 0.000174279
1375 0.000056433 1375 0.000013957 add_time= 0.000084215
2750 0.000349842 2750 0.000007505 add_time= 0.000379942
2600 0.000050703 2600 0.000006116 add_time= 0.000070923
2750 0.000100507 2750 0.000006413 add_time= 0.000123116
2550 0.000074394 2550 0.000006793 add_time= 0.000097150
3025 0.000049133 3025 0.000010440 add_time= 0.000088261
2650 0.000380703 2650 0.000007275 add_time= 0.000414317
2860 0.000154090 2860 0.000006318 add_time= 0.000176268
2750 0.000185237 2750 0.000007447 add_time= 0.000209260
2500 0.000018176 2500 0.000014916 add_time= 0.000049290
2500 0.000149295 2500 0.000007658 add_time= 0.000173213
2600 0.000080444 2600 0.000007683 add_time= 0.000105002
2600 0.000241329 2600 0.000005952 add_time= 0.000261725
3025 0.000299047 3025 0.000007497 add_time= 0.000323975
2601 0.000007683 2601 0.000014601 add_time= 0.000038604
2500 0.000223327 2500 0.000006390 add_time= 0.000252343
2805 0.000091802 2805 0.000007886 add_time= 0.000116308
2550 0.000185753 2550 0.000006521 add_time= 0.000212000
2860 0.000108796 2860 0.000006720 add_time= 0.000130731
2750 0.000068835 2750 0.000006416 add_time= 0.000099965
1250 0.000081684 1250 0.000005495 add_time= 0.000097844
2550 0.000014705 2550 0.000046615 add_time= 0.000076960
2700 0.000099784 2700 0.000006619 add_time= 0.000120428
1250 0.000413900 1250 0.000007267 add_time= 0.000434206
2550 0.000044653 2550 0.000008649 add_time= 0.000118717
2650 0.000060834 2650 0.000007800 add_time= 0.000098774
2750 0.000047692 2750 0.000007411 add_time= 0.000081872
2601 0.000057834 2601 0.000024122 add_time= 0.000103738
2500 0.000119596 2500 0.000007583 add_time= 0.000150520
2600 0.000036745 2600 0.000015663 add_time= 0.000077589
2550 0.000196476 2550 0.000006835 add_time= 0.000218262
2750 0.000088702 2750 0.000006323 add_time= 0.000110381
2600 0.000237405 2600 0.000007455 add_time= 0.000260103
1275 0.000006362 1275 0.000015942 add_time= 0.000034893
2550 0.000115440 2550 0.000005971 add_time= 0.000134937
2500 0.000076281 2500 0.000007406 add_time= 0.000098564
2500 0.000200151 2500 0.000008240 add_time= 0.000224404
3025 0.000291226 3025 0.000008460 add_time= 0.000326905
2601 0.000073471 2601 0.000013989 add_time= 0.000101221
2601 0.000024475 2601 0.000015138 add_time= 0.000052782
2500 0.000294083 2500 0.000007091 add_time= 0.000316115
2500 0.000268011 2500 0.000007095 add_time= 0.000291025
2970 0.000035446 2970 0.000007428 add_time= 0.000059003
2750 0.000080238 2750 0.000007599 add_time= 0.000103975
2703 0.000046557 2703 0.000040396 add_time= 0.000103454
2500 0.000106490 2500 0.000016834 add_time= 0.000138628
1375 0.000086281 1375 0.000010925 add_time= 0.000110560
2500 0.000414681 2500 0.000007213 add_time= 0.000449519
2600 0.000066055 2600 0.000006613 add_time= 0.000086705
2500 0.000062615 2500 0.000006281 add_time= 0.000083917
2550 0.000014995 2550 0.000015372 add_time= 0.000045486
2700 0.000095001 2700 0.000006745 add_time= 0.000117119
1300 0.000077402 1300 0.000006108 add_time= 0.000096250
2915 0.000481074 2915 0.000007465 add_time= 0.000505507
1375 0.000100560 1375 0.000006555 add_time= 0.000125727
2915 0.000094451 2915 0.000015525 add_time= 0.000129487
2650 0.000031912 2650 0.000016691 add_time= 0.000064205
2750 0.000097253 2750 0.000007156 add_time= 0.000119450
1250 0.000030714 1250 0.000006232 add_time= 0.000052385
2915 0.000425922 2915 0.000007676 add_time= 0.000450127
2500 0.000083477 2500 0.000006064 add_time= 0.000103149
2750 0.000051631 2750 0.000016358 add_time= 0.000083597
2915 0.000086379 2915 0.000006137 add_time= 0.000114915
2500 0.000016374 2500 0.000015101 add_time= 0.000045043
2970 0.000071747 2970 0.000006853 add_time= 0.000093178
2500 0.000259385 2500 0.000013703 add_time= 0.000295099
2750 0.000077682 2750 0.000006930 add_time= 0.000106625
2750 0.000278660 2750 0.000007862 add_time= 0.000309096
2754 0.000151270 2754 0.000006868 add_time= 0.000173917
2754 0.000101002 2754 0.000007268 add_time= 0.000123815
2750 0.000218379 2750 0.000006614 add_time= 0.000239338
2600 0.000159877 2600 0.000006937 add_time= 0.000183819
2550 0.000139828 2550 0.000007411 add_time= 0.000162834
2500 0.000048435 2500 0.000026978 add_time= 0.000090886
2750 0.000008535 2750 0.000033325 add_time= 0.000057047
2754 0.000075851 2754 0.000007156 add_time= 0.000098503
1250 0.000054373 1250 0.000031045 add_time= 0.000098172
2809 0.000119536 2809 0.000006934 add_time= 0.000143825
2600 0.000133716 2600 0.000007097 add_time= 0.000163907
2970 0.000154427 2970 0.000006702 add_time= 0.000175471
2500 0.000168284 2500 0.000006774 add_time= 0.000190007
2805 0.000105794 2805 0.000015951 add_time= 0.000136813
2750 0.000177408 2750 0.000006783 add_time= 0.000199540
2650 0.000609247 2650 0.000009076 add_time= 0.000642750
3025 0.000137211 3025 0.000025826 add_time= 0.000179550
2500 0.000058701 2500 0.000006571 add_time= 0.000081438
2750 0.000016429 2750 0.000016099 add_time= 0.000048067
2500 0.000082342 2500 0.000006994 add_time= 0.000103392
2750 0.000086653 2750 0.000028271 add_time= 0.000131222
2650 0.000401544 2650 0.000007865 add_time= 0.000427325
2600 0.000036022 2600 0.000007045 add_time= 0.000063759
3025 0.000051640 3025 0.000012405 add_time= 0.000082152
2550 0.000306255 2550 0.000007369 add_time= 0.000329822
2916 0.000183148 2916 0.000008573 add_time= 0.000216622
1375 0.000050910 1375 0.000009001 add_time= 0.000075308
2650 0.000418203 2650 0.000007315 add_time= 0.000443590
2500 0.000099860 2500 0.000006736 add_time= 0.000143610
2500 0.000095514 2500 0.000026081 add_time= 0.000137191
2601 0.000016238 2601 0.000014640 add_time= 0.000047027
2750 0.000104338 2750 0.000007649 add_time= 0.000136545
2650 0.000535819 2650 0.000007453 add_time= 0.000560396
2750 0.000072423 2750 0.000006507 add_time= 0.000105362
2500 0.000123373 2500 0.000006372 add_time= 0.000144075
2860 0.000089129 2860 0.000006250 add_time= 0.000109942
2601 0.000129153 2601 0.000006861 add_time= 0.000152068
2750 0.000060352 2750 0.000007209 add_time= 0.000083877
2750 0.000214678 2750 0.000007055 add_time= 0.000239810
2600 0.000122466 2600 0.000007186 add_time= 0.000153940
2500 0.000129147 2500 0.000007070 add_time= 0.000155884
2500 0.000007371 2500 0.000026894 add_time= 0.000049755
2700 0.000103949 2700 0.000007125 add_time= 0.000127575
2750 0.000202569 2750 0.000007372 add_time= 0.000239937
2600 0.000091754 2600 0.000006646 add_time= 0.000121448
2500 0.000056067 2500 0.000006346 add_time= 0.000077514
2550 0.000162902 2550 0.000026871 add_time= 0.000203065
2600 0.000125644 2600 0.000006267 add_time= 0.000158168
2750 0.000063624 2750 0.000007391 add_time= 0.000087530
2600 0.000049789 2600 0.000007088 add_time= 0.000073769
2652 0.000056928 2652 0.000006593 add_time= 0.000077584
3025 0.000209876 3025 0.000026216 add_time= 0.000252417
2550 0.000419985 2550 0.000006447 add_time= 0.000441378
2916 0.000166895 2916 0.000016853 add_time= 0.000199711
1250 0.000059620 1250 0.000006225 add_time= 0.000079682
2650 0.000139818 2650 0.000006450 add_time= 0.000191909
2750 0.000106420 2750 0.000015812 add_time= 0.000148999
2500 0.000038624 2500 0.000006020 add_time= 0.000067468
2805 0.000095087 2805 0.000006730 add_time= 0.000136613
2805 0.000056606 2805 0.000006645 add_time= 0.000099294
2700 0.000137748 2700 0.000020189 add_time= 0.000231015
2750 0.000093450 2750 0.000008522 add_time= 0.000148455
2550 0.000058497 2550 0.000013420 add_time= 0.000115761
2600 0.000053215 2600 0.000008797 add_time= 0.000124245
2550 0.000039737 2550 0.000007587 add_time= 0.000089664
2500 0.000570663 2500 0.000006972 add_time= 0.000610777
2550 0.000062279 2550 0.000006579 add_time= 0.000090003
2805 0.000067354 2805 0.000014415 add_time= 0.000126301
2600 0.000079710 2600 0.000006483 add_time= 0.000117226
2500 0.000058685 2500 0.000007142 add_time= 0.000089029
2915 0.000320477 2915 0.000007570 add_time= 0.000344711
2805 0.000067834 2805 0.000007211 add_time= 0.000089989
2500 0.000086749 2500 0.000006647 add_time= 0.000108642
2650 0.000020091 2650 0.000024298 add_time= 0.000060137
2700 0.000060825 2700 0.000014449 add_time= 0.000091207
1250 0.000079941 1250 0.000006228 add_time= 0.000099023
2500 0.000220176 2500 0.000006930 add_time= 0.000242876
2500 0.000065301 2500 0.000007026 add_time= 0.000098799
1375 0.000064626 1375 0.000006425 add_time= 0.000084075
2754 0.000075939 2754 0.000007016 add_time= 0.000098085
2754 0.000063028 2754 0.000006020 add_time= 0.000082491
2650 0.000242934 2650 0.000019219 add_time= 0.000278430
2500 0.000071090 2500 0.000009720 add_time= 0.000096167
2550 0.000098505 2550 0.000006546 add_time= 0.000128613
2805 0.000017091 2805 0.000015521 add_time= 0.000046668
2500 0.000063169 2500 0.000007335 add_time= 0.000096813
2600 0.000100388 2600 0.000006597 add_time= 0.000121599
1375 0.000024616 1375 0.000005062 add_time= 0.000041085
2500 0.000180088 2500 0.000007000 add_time= 0.000205831
2750 0.000058633 2750 0.000006609 add_time= 0.000081503
2601 0.000178654 2601 0.000006613 add_time= 0.000207546
2750 0.000099829 2750 0.000006647 add_time= 0.000121014
1250 0.000049509 1250 0.000005672 add_time= 0.000066019
2915 0.000100575 2915 0.000007486 add_time= 0.000124994
2600 0.000117919 2600 0.000007204 add_time= 0.000139998
2805 0.000064876 2805 0.000006321 add_time= 0.000084544
2600 0.000082492 2600 0.000006062 add_time= 0.000112883
2750 0.000029516 2750 0.000016514 add_time= 0.000059998
2500 0.000100846 2500 0.000006211 add_time= 0.000119443
2500 0.000161810 2500 0.000007510 add_time= 0.000184794
2805 0.000029851 2805 0.000005928 add_time= 0.000050308
2700 0.000091543 2700 0.000006666 add_time= 0.000111444
2550 0.000112314 2550 0.000006196 add_time= 0.000131715
3025 0.000092978 3025 0.000015259 add_time= 0.000122634
2862 0.000219876 2862 0.000022097 add_time= 0.000258577
2860 0.000104715 2860 0.000006222 add_time= 0.000125355
2550 0.000063494 2550 0.000006053 add_time= 0.000082858
2550 0.000059269 2550 0.000006245 add_time= 0.000089918
1250 0.000064816 1250 0.000005462 add_time= 0.000081614
2500 0.000161555 2500 0.000007024 add_time= 0.000184409
2600 0.000106096 2600 0.000006446 add_time= 0.000137465
2600 0.000062104 2600 0.000006250 add_time= 0.000081672
2550 0.000017401 2550 0.000014834 add_time= 0.000045659
2916 0.000095178 2916 0.000006679 add_time= 0.000126542
2650 0.000259507 2650 0.000006598 add_time= 0.000281746
2704 0.000088176 2704 0.000006565 add_time= 0.000109023
2600 0.000111377 2600 0.000007079 add_time= 0.000131950
2600 0.000015196 2600 0.000015475 add_time= 0.000043893
2650 0.000135726 2650 0.000006548 add_time= 0.000155398
1250 0.000053641 1250 0.000005186 add_time= 0.000069417
1325 0.000346325 1325 0.000027189 add_time= 0.000390173
3025 0.000055633 3025 0.000027464 add_time= 0.000101003
2700 0.000061448 2700 0.000025710 add_time= 0.000103012
2805 0.000107678 2805 0.000006749 add_time= 0.000129577
2970 0.000116996 2970 0.000006880 add_time= 0.000139850
1250 0.000179197 1250 0.000034246 add_time= 0.000224497
2650 0.000493789 2650 0.000006783 add_time= 0.000515156
2600 0.000259529 2600 0.000006861 add_time= 0.000280628
2500 0.000107373 2500 0.000005807 add_time= 0.000126264
2600 0.000008266 2600 0.000027319 add_time= 0.000056579
2700 0.000053228 2700 0.000027095 add_time= 0.000095134
3025 0.000175485 3025 0.000006067 add_time= 0.000195874
1375 0.000076645 1375 0.000005391 add_time= 0.000093554
2500 0.000141985 2500 0.000006747 add_time= 0.000164454
2860 0.000089534 2860 0.000007234 add_time= 0.000112017
2550 0.000040246 2550 0.000007606 add_time= 0.000062967
2860 0.000080630 2860 0.000006435 add_time= 0.000101286
2652 0.000015570 2652 0.000023324 add_time= 0.000052345
2700 0.000080745 2700 0.000006107 add_time= 0.000100317
1325 0.000072888 1325 0.000006270 add_time= 0.000099511
2500 0.000514120 2500 0.000006959 add_time= 0.000536253
2600 0.000297546 2600 0.000006741 add_time= 0.000317758
3025 0.000145802 3025 0.000027759 add_time= 0.000189231
2550 0.000146431 2550 0.000007104 add_time= 0.000168790
2601 0.000063917 2601 0.000006210 add_time= 0.000092614
2805 0.000074496 2805 0.000006923 add_time= 0.000096345
2650 0.000364163 2650 0.000006565 add_time= 0.000385899
2600 0.000062883 2600 0.000006332 add_time= 0.000082906
2550 0.000067076 2550 0.000026356 add_time= 0.000127091
2500 0.000006736 2500 0.000023784 add_time= 0.000044131
1250 0.000047539 1250 0.000015000 add_time= 0.000093176
1300 0.000048698 1300 0.000006672 add_time= 0.000067846
2750 0.000277326 2750 0.000008696 add_time= 0.000312026
2600 0.000167836 2600 0.000007367 add_time= 0.000191929
2700 0.000083832 2700 0.000006729 add_time= 0.000105262
2550 0.000067982 2550 0.000007725 add_time= 0.000092040
2750 0.000310217 2750 0.000007337 add_time= 0.000343121
2915 0.000411372 2915 0.000007577 add_time= 0.000437234
2860 0.000063258 2860 0.000006281 add_time= 0.000084287
2550 0.000109165 2550 0.000013014 add_time= 0.000136885
2550 0.000109138 2550 0.000006558 add_time= 0.000132083
2500 0.000353790 2500 0.000006916 add_time= 0.000377232
2750 0.000075052 2750 0.000007331 add_time= 0.000110619
2809 0.000089143 2809 0.000006508 add_time= 0.000115880
2500 0.000067817 2500 0.000006978 add_time= 0.000099043
2600 0.000071479 2600 0.000006211 add_time= 0.000093093
2550 0.000007905 2550 0.000023682 add_time= 0.000047005
2700 0.000080509 2700 0.000006558 add_time= 0.000103062
2650 0.000082881 2650 0.000008531 add_time= 0.000136851
2500 0.000096537 2500 0.000007720 add_time= 0.000130296
2750 0.000059527 2750 0.000008065 add_time= 0.000095743
2550 0.000133503 2550 0.000025200 add_time= 0.000184799
2600 0.000052393 2600 0.000007947 add_time= 0.000088343
1275 0.000037192 1275 0.000007416 add_time= 0.000070529
2600 0.000034186 2600 0.000006395 add_time= 0.000057007
2600 0.000036971 2600 0.000016144 add_time= 0.000078367
3025 0.000100581 3025 0.000008295 add_time= 0.000126636
2750 0.000091129 2750 0.000006220 add_time= 0.000114142
2703 0.000007640 2703 0.000024042 add_time= 0.000047435
2500 0.000107876 2500 0.000007024 add_time= 0.000130874
1275 0.000072518 1275 0.000005481 add_time= 0.000090249
2862 0.000352316 2862 0.000007899 add_time= 0.000378519
2600 0.000128211 2600 0.000006547 add_time= 0.000157325
2750 0.000065201 2750 0.000006979 add_time= 0.000088506
2550 0.000229861 2550 0.000006139 add_time= 0.000249493
2652 0.000016615 2652 0.000016973 add_time= 0.000058207
2500 0.000084082 2500 0.000007766 add_time= 0.000104538
1375 0.000077584 1375 0.000005896 add_time= 0.000096530
2500 0.000271035 2500 0.000007032 add_time= 0.000294908
2860 0.000050362 2860 0.000006356 add_time= 0.000081081
2805 0.000156837 2805 0.000006986 add_time= 0.000180109
2500 0.000016512 2500 0.000023494 add_time= 0.000054702
2700 0.000037146 2700 0.000025769 add_time= 0.000087598
1250 0.000114738 1250 0.000006090 add_time= 0.000134014
2700 0.000125305 2700 0.000007133 add_time= 0.000149385
2500 0.000146435 2500 0.000006481 add_time= 0.000168439
2805 0.000025524 2805 0.000016037 add_time= 0.000057620
2500 0.000096182 2500 0.000006469 add_time= 0.000117933
2700 0.000094156 2700 0.000006876 add_time= 0.000119381
2500 0.000222167 2500 0.000007504 add_time= 0.000246497
2600 0.000171098 2600 0.000006336 add_time= 0.000191058
2550 0.000154208 2550 0.000007321 add_time= 0.000177097
2550 0.000017322 2550 0.000013877 add_time= 0.000046954
2500 0.000123249 2500 0.000007431 add_time= 0.000146272
2500 0.000232144 2500 0.000007214 add_time= 0.000256382
2750 0.000177312 2750 0.000018736 add_time= 0.000223122
2500 0.000050005 2500 0.000006605 add_time= 0.000071822
2703 0.000016826 2703 0.000015573 add_time= 0.000048406
2750 0.000054086 2750 0.000006497 add_time= 0.000075356
2500 0.000209336 2500 0.000007629 add_time= 0.000234312
2550 0.000193398 2550 0.000006703 add_time= 0.000215496
2550 0.000101434 2550 0.000006412 add_time= 0.000122179
2500 0.000018630 2500 0.000126383 add_time= 0.000160444
2700 0.000051144 2700 0.000006838 add_time= 0.000073104
3025 0.000054131 3025 0.000007037 add_time= 0.000076162
2600 0.000208897 2600 0.000007922 add_time= 0.000234167
2970 0.000056432 2970 0.000007959 add_time= 0.000081139
2600 0.000093301 2600 0.000007350 add_time= 0.000116840
2601 0.000017293 2601 0.000015716 add_time= 0.000049022
2750 0.000119774 2750 0.000007248 add_time= 0.000147238
2650 0.000139604 2650 0.000007395 add_time= 0.000164223
2600 0.000201999 2600 0.000006731 add_time= 0.000223424
2550 0.000107487 2550 0.000009564 add_time= 0.000143839
2652 0.000123549 2652 0.000006116 add_time= 0.000144209
2550 0.000015719 2550 0.000015169 add_time= 0.000044708
2500 0.000084640 2500 0.000007268 add_time= 0.000107318
1275 0.000128554 1275 0.000007125 add_time= 0.000149478
2500 0.000220771 2500 0.000006694 add_time= 0.000243343
2650 0.000099496 2650 0.000006054 add_time= 0.000119318
2750 0.000101387 2750 0.000006653 add_time= 0.000121734
2500 0.000079325 2500 0.000008107 add_time= 0.000119994
2550 0.000024564 2550 0.000016222 add_time= 0.000055225
2750 0.000064461 2750 0.000006952 add_time= 0.000098692
2600 0.000294088 2600 0.000007097 add_time= 0.000317494
2500 0.000180813 2500 0.000007375 add_time= 0.000203978
2500 0.000075562 2500 0.000007524 add_time= 0.000097056
2652 0.000016831 2652 0.000017643 add_time= 0.000049848
2970 0.000055894 2970 0.000006927 add_time= 0.000077688
1250 0.000122577 1250 0.000005713 add_time= 0.000140107
1325 0.000501908 1325 0.000008457 add_time= 0.000528727
2860 0.001256373 2860 0.000024620 add_time= 0.001297936
2750 0.000032529 2750 0.000006783 add_time= 0.000055739
2550 0.000029233 2550 0.000040584 add_time= 0.000099982
2700 0.000310390 2700 0.000006805 add_time= 0.000332076
1275 0.000070080 1275 0.000005629 add_time= 0.000087929
1250 0.000252738 1250 0.000006674 add_time= 0.000282795
2808 0.000454852 2808 0.000006349 add_time= 0.000476143
1250 0.000197895 1250 0.000006533 add_time= 0.000216355
2500 0.000156259 2500 0.000016887 add_time= 0.000186738
2550 0.000007685 2550 0.000069978 add_time= 0.000093497
2700 0.000270663 2700 0.000007133 add_time= 0.000292773
2500 0.000115193 2500 0.000006291 add_time= 0.000135501
2500 0.000404757 2500 0.000007081 add_time= 0.000427099
2600 0.000216162 2600 0.000006057 add_time= 0.000236759
2750 0.000146147 2750 0.000011391 add_time= 0.000173342
2550 0.000062746 2550 0.000006300 add_time= 0.000093994
2601 0.000107096 2601 0.000007145 add_time= 0.000135361
2500 0.000084288 2500 0.000005933 add_time= 0.000104450
2500 0.000038886 2500 0.000005951 add_time= 0.000058229
2750 0.000119902 2750 0.000007102 add_time= 0.000143455
2860 0.000119707 2860 0.000006621 add_time= 0.000149402
2750 0.000088654 2750 0.000006974 add_time= 0.000111769
1250 0.000033640 1250 0.000030002 add_time= 0.000075312
2601 0.000006942 2601 0.000014352 add_time= 0.000034958
2700 0.000104581 2700 0.000006882 add_time= 0.000135816
2915 0.000097567 2915 0.000007154 add_time= 0.000121985
2600 0.000046563 2600 0.000006357 add_time= 0.000072413
2750 0.000104394 2750 0.000007300 add_time= 0.000128418
3025 0.000067836 3025 0.000026051 add_time= 0.000121253
2805 0.000044509 2805 0.000006691 add_time= 0.000067258
2750 0.000137578 2750 0.000027794 add_time= 0.000180740
2650 0.000296504 2650 0.000008102 add_time= 0.000325968
2756 0.000145200 2756 0.000006998 add_time= 0.000168155
2750 0.000155316 2750 0.000007268 add_time= 0.000193245
2550 0.000125641 2550 0.000018637 add_time= 0.000160340
2550 0.000007113 2550 0.000014188 add_time= 0.000036272
2500 0.000209227 2500 0.000007041 add_time= 0.000232116
2500 0.000258421 2500 0.000006971 add_time= 0.000281372
3025 0.000089987 3025 0.000007593 add_time= 0.000120114
2750 0.000112569 2750 0.000007126 add_time= 0.000135493
1275 0.000005354 1275 0.000008971 add_time= 0.000027208
2601 0.000007374 2601 0.000016223 add_time= 0.000057381
2550 0.000459218 2550 0.000026900 add_time= 0.000502445
625 0.000082295 625 0.000006032 add_time= 0.000099363
2700 0.000252175 2700 0.000006940 add_time= 0.000277392
2600 0.000190740 2600 0.000007171 add_time= 0.000212248
2500 0.000070759 2500 0.000007780 add_time= 0.000094535
1275 0.000005882 1275 0.000016249 add_time= 0.000034155
2550 0.000123814 2550 0.000005997 add_time= 0.000144056
2750 0.000061614 2750 0.000006571 add_time= 0.000082335
2756 0.000093838 2756 0.000008793 add_time= 0.000151519
2860 0.000065701 2860 0.000019525 add_time= 0.000125581
2750 0.000059722 2750 0.000007894 add_time= 0.000094057
2750 0.000109491 2750 0.000008827 add_time= 0.000151846
2600 0.000042991 2600 0.000007505 add_time= 0.000077308
1250 0.000056765 1250 0.000007292 add_time= 0.000091895
2600 0.000204557 2600 0.000006615 add_time= 0.000227329
2600 0.000178035 2600 0.000006837 add_time= 0.000199653
2500 0.000095549 2500 0.000006243 add_time= 0.000114925
2500 0.000091928 2500 0.000007545 add_time= 0.000114099
2601 0.000062098 2601 0.000006428 add_time= 0.000083718
2754 0.000052010 2754 0.000005764 add_time= 0.000072070
1375 0.000046848 1375 0.000006562 add_time= 0.000066307
2915 0.000198002 2915 0.000006722 add_time= 0.000220318
2860 0.000074781 2860 0.000006477 add_time= 0.000094449
2750 0.000087080 2750 0.000006955 add_time= 0.000108895
2860 0.000050617 2860 0.000006028 add_time= 0.000069793
1275 0.000082022 1275 0.000006225 add_time= 0.000100352
2750 0.000184904 2750 0.000007657 add_time= 0.000216018
2915 0.000211970 2915 0.000006783 add_time= 0.000234432
2750 0.000106656 2750 0.000007817 add_time= 0.000129236
2805 0.000057956 2805 0.000006460 add_time= 0.000079606
2754 0.000115016 2754 0.000006849 add_time= 0.000137022
2750 0.000076512 2750 0.000006856 add_time= 0.000098345
1250 0.000417124 1250 0.000006340 add_time= 0.000436004
2650 0.000049210 2650 0.000006714 add_time= 0.000072088
2600 0.000070804 2600 0.000007921 add_time= 0.000093666
2700 0.000068206 2700 0.000006658 add_time= 0.000099852
2750 0.000077794 2750 0.000007624 add_time= 0.000099596
2500 0.000076409 2500 0.000006267 add_time= 0.000097611
2600 0.000092372 2600 0.000005977 add_time= 0.000111319
1250 0.000196746 1250 0.000017496 add_time= 0.000224936
2500 0.000256625 2500 0.000006434 add_time= 0.000277976
2500 0.000068061 2500 0.000005720 add_time= 0.000086884
2750 0.000083864 2750 0.000007306 add_time= 0.000107260
2750 0.000015653 2750 0.000015674 add_time= 0.000045080
2700 0.000049974 2700 0.000006628 add_time= 0.000071579
2500 0.000152986 2500 0.000006874 add_time= 0.000174605
2650 0.000161046 2650 0.000007725 add_time= 0.000184743
2550 0.000094736 2550 0.000007512 add_time= 0.000117292
2750 0.000051354 2750 0.000006279 add_time= 0.000070940
2500 0.000046903 2500 0.000005840 add_time= 0.000065818
2652 0.000042562 2652 0.000013858 add_time= 0.000069355
2550 0.000013330 2550 0.000014071 add_time= 0.000039887
2970 0.000125286 2970 0.000007044 add_time= 0.000148099
1300 0.000133130 1300 0.000005787 add_time= 0.000151148
2915 0.000443463 2915 0.000007328 add_time= 0.000474125
2750 0.000101360 2750 0.000006478 add_time= 0.000126285
2500 0.000105140 2500 0.000005769 add_time= 0.000123583
2750 0.000101548 2750 0.000007771 add_time= 0.000124304
2750 0.000027106 2750 0.000015463 add_time= 0.000056749
2970 0.000079807 2970 0.000007534 add_time= 0.000111087
2550 0.000191081 2550 0.000007380 add_time= 0.000213527
2650 0.000051856 2650 0.000006678 add_time= 0.000073490
2860 0.000104472 2860 0.000008149 add_time= 0.000128887
3025 0.000095992 3025 0.000006929 add_time= 0.000118176
2500 0.000094562 2500 0.000007099 add_time= 0.000116037
2550 0.000018297 2550 0.000013148 add_time= 0.000046313
2500 0.000114968 2500 0.000006503 add_time= 0.000142583
2750 0.000030910 2750 0.000007191 add_time= 0.000053097
2650 0.000046993 2650 0.000006538 add_time= 0.000069768
2600 0.000103803 2600 0.000006855 add_time= 0.000135206
2550 0.000106674 2550 0.000006936 add_time= 0.000128226
2805 0.000067420 2805 0.000007054 add_time= 0.000089596
2550 0.000038509 2550 0.000006212 add_time= 0.000059246
2500 0.000219001 2500 0.000006691 add_time= 0.000240244
2650 0.000244054 2650 0.000018311 add_time= 0.000278180
2600 0.000054782 2600 0.000006189 add_time= 0.000075000
2750 0.000080734 2750 0.000007531 add_time= 0.000103412
2601 0.000064262 2601 0.000018695 add_time= 0.000098206
2860 0.000182658 2860 0.000006858 add_time= 0.000202739
2650 0.000297509 2650 0.000007176 add_time= 0.000319744
2756 0.000077554 2756 0.000005847 add_time= 0.000096511
2550 0.000049756 2550 0.000023795 add_time= 0.000089607
2550 0.000088551 2550 0.000006992 add_time= 0.000110275
2550 0.000015565 2550 0.000014430 add_time= 0.000043117
2600 0.000114346 2600 0.000006778 add_time= 0.000134139
1250 0.000262779 1250 0.000004990 add_time= 0.000278034
2500 0.000058980 2500 0.000011215 add_time= 0.000099033
2600 0.000126368 2600 0.000009667 add_time= 0.000153219
2860 0.000154895 2860 0.000035310 add_time= 0.000207844
2500 0.000017167 2500 0.000021139 add_time= 0.000054136
2550 0.000076851 2550 0.000006730 add_time= 0.000099853
2809 0.000419954 2809 0.000007735 add_time= 0.000446246
2860 0.000238910 2860 0.000009615 add_time= 0.000264017
3025 0.000118240 3025 0.000006448 add_time= 0.000151768
2750 0.000112153 2750 0.000024548 add_time= 0.000151756
2550 0.000018169 2550 0.000023249 add_time= 0.000055888
2500 0.000129458 2500 0.000007524 add_time= 0.000153181
2650 0.000219589 2650 0.000006971 add_time= 0.000248825
2704 0.000574342 2704 0.000006798 add_time= 0.000626601
2750 0.000104933 2750 0.000008070 add_time= 0.000129226
2652 0.000007832 2652 0.000023567 add_time= 0.000047633
2550 0.000079889 2550 0.000013067 add_time= 0.000108813
2500 0.000045664 2500 0.000006400 add_time= 0.000067044
1275 0.000054721 1275 0.000005917 add_time= 0.000072597
1325 0.000147147 1325 0.000025108 add_time= 0.000186427
2650 0.000098267 2650 0.000007698 add_time= 0.000121863
2600 0.000129740 2600 0.000007109 add_time= 0.000151548
2750 0.000050742 2750 0.000017632 add_time= 0.000083270
2500 0.000007160 2500 0.000017107 add_time= 0.000046389
2808 0.000257486 2808 0.000026516 add_time= 0.000300032
2703 0.000218872 2703 0.000014971 add_time= 0.000253098
2750 0.000086954 2750 0.000028783 add_time= 0.000131921
2750 0.000122837 2750 0.000007051 add_time= 0.000146453
2600 0.000127942 2600 0.000006214 add_time= 0.000161144
2750 0.000039301 2750 0.000006321 add_time= 0.000059952
1250 0.000171044 1250 0.000007525 add_time= 0.000202214
2860 0.000139012 2860 0.000031908 add_time= 0.000188953
2805 0.000070596 2805 0.000015246 add_time= 0.000102834
2805 0.000054432 2805 0.000013116 add_time= 0.000083756
2550 0.000052981 2550 0.000006488 add_time= 0.000075968
2750 0.000125731 2750 0.000018166 add_time= 0.000160182
1375 0.000050453 1375 0.000005992 add_time= 0.000069759
2915 0.000252190 2915 0.000008333 add_time= 0.000278872
2600 0.000070291 2600 0.000005832 add_time= 0.000091175
2750 0.000303312 2750 0.000006287 add_time= 0.000324380
2601 0.000136170 2601 0.000007235 add_time= 0.000159573
2650 0.000272198 2650 0.000008792 add_time= 0.000308431
2750 0.000077412 2750 0.000006167 add_time= 0.000098785
2750 0.000159982 2750 0.000007361 add_time= 0.000185824
2600 0.000080573 2600 0.000006072 add_time= 0.000100667
2600 0.000076698 2600 0.000006277 add_time= 0.000096931
2805 0.000006067 2805 0.000023236 add_time= 0.000043600
2550 0.000094336 2550 0.000007286 add_time= 0.000114961
2550 0.000082983 2550 0.000006003 add_time= 0.000102300
1375 0.000042270 1375 0.000005969 add_time= 0.000059413
2703 0.000007062 2703 0.000008274 add_time= 0.000063563
2600 0.000044171 2600 0.000007569 add_time= 0.000073942
2750 0.000092480 2750 0.000007111 add_time= 0.000123562
3025 0.000049767 3025 0.000007496 add_time= 0.000082465
2805 0.000049598 2805 0.000006967 add_time= 0.000079770
2750 0.000093567 2750 0.000008201 add_time= 0.000138389
2650 0.000147438 2650 0.000006392 add_time= 0.000170107
2600 0.000048058 2600 0.000006158 add_time= 0.000067596
1250 0.000055963 1250 0.000005794 add_time= 0.000074097
2750 0.000109959 2750 0.000006257 add_time= 0.000131507
2650 0.000098254 2650 0.000006238 add_time= 0.000117928
2600 0.000087564 2600 0.000006427 add_time= 0.000108456
1350 0.000040343 1350 0.000005749 add_time= 0.000057650
2600 0.000264949 2600 0.000007005 add_time= 0.000300405
3025 0.000167068 3025 0.000007693 add_time= 0.000191855
2500 0.000073086 2500 0.000006825 add_time= 0.000095488
2652 0.000044510 2652 0.000006748 add_time= 0.000066911
1250 0.000092557 1250 0.000005820 add_time= 0.000111073
2550 0.000250153 2550 0.000007198 add_time= 0.000275703
2860 0.000149968 2860 0.000006475 add_time= 0.000184010
2500 0.000043519 2500 0.000005945 add_time= 0.000064075
2500 0.000016582 2500 0.000022901 add_time= 0.000067473
2500 0.000116375 2500 0.000006810 add_time= 0.000138218
1275 0.000086889 1275 0.000005876 add_time= 0.000107566
2600 0.000244402 2600 0.000007420 add_time= 0.000270903
2600 0.000097028 2600 0.000016428 add_time= 0.000128088
3025 0.000279405 3025 0.000027976 add_time= 0.000323621
2750 0.000059250 2750 0.000006332 add_time= 0.000079938
2550 0.000015732 2550 0.000015109 add_time= 0.000045567
2970 0.000069253 2970 0.000008546 add_time= 0.000099929
2750 0.000073489 2750 0.000006792 add_time= 0.000094363
2500 0.000200798 2500 0.000007020 add_time= 0.000231396
2500 0.000063988 2500 0.000015939 add_time= 0.000094571
2500 0.000115220 2500 0.000007152 add_time= 0.000137892
2650 0.000018380 2650 0.000016244 add_time= 0.000051072
3025 0.000059450 3025 0.000007320 add_time= 0.000083953
2500 0.000235487 2500 0.000007750 add_time= 0.000261465
2600 0.000070659 2600 0.000006621 add_time= 0.000091862
2750 0.000183439 2750 0.000007282 add_time= 0.000206938
2703 0.000107510 2703 0.000007006 add_time= 0.000130135
2500 0.000014950 2500 0.000018763 add_time= 0.000047597
2600 0.000114976 2600 0.000014313 add_time= 0.000144160
2600 0.000091036 2600 0.000007600 add_time= 0.000114333
2915 0.000299365 2915 0.000007562 add_time= 0.000325527
2704 0.000106712 2704 0.000006646 add_time= 0.000127782
2805 0.000083163 2805 0.000006649 add_time= 0.000110439
2750 0.000098033 2750 0.000006355 add_time= 0.000118939
2550 0.000085141 2550 0.000006999 add_time= 0.000108413
2750 0.000158540 2750 0.000011037 add_time= 0.000185219
2500 0.000503448 2500 0.000007686 add_time= 0.000529954
2600 0.000146115 2600 0.000006317 add_time= 0.000167350
2860 0.000209982 2860 0.000006870 add_time= 0.000231342
2550 0.000098742 2550 0.000007031 add_time= 0.000119811
2601 0.000104574 2601 0.000006562 add_time= 0.000125248
2805 0.000016219 2805 0.000015709 add_time= 0.000046455
1350 0.000091829 1350 0.000006972 add_time= 0.000123159
1250 0.000047878 1250 0.000014915 add_time= 0.000076211
2550 0.000413743 2550 0.000007881 add_time= 0.000440222
2600 0.000092650 2600 0.000007030 add_time= 0.000115892
2805 0.000078901 2805 0.000016230 add_time= 0.000111924
2500 0.000063087 2500 0.000006481 add_time= 0.000084624
2601 0.000018311 2601 0.000016598 add_time= 0.000051407
2750 0.000088476 2750 0.000007749 add_time= 0.000120388
2750 0.000041319 2750 0.000006701 add_time= 0.000072433
2650 0.000423978 2650 0.000007928 add_time= 0.000451245
2600 0.000066913 2600 0.000007207 add_time= 0.000091003
2500 0.000100594 2500 0.000005977 add_time= 0.000121373
2500 0.000040423 2500 0.000006016 add_time= 0.000060869
2600 0.000016548 2600 0.000015183 add_time= 0.000045511
2601 0.000014510 2601 0.000025988 add_time= 0.000054264
2650 0.000080999 2650 0.000006956 add_time= 0.000103567
1375 0.000078968 1375 0.000006017 add_time= 0.000105965
2703 0.000199932 2703 0.000007146 add_time= 0.000225425
2808 0.000138250 2808 0.000006416 add_time= 0.000168691
3025 0.000305862 3025 0.000007090 add_time= 0.000337178
2550 0.000047234 2550 0.000007814 add_time= 0.000080248
2500 0.000081297 2500 0.000007116 add_time= 0.000104993
1250 0.000066671 1250 0.000006052 add_time= 0.000094071
2915 0.000821148 2915 0.000009952 add_time= 0.000863243
2860 0.000103819 2860 0.000018020 add_time= 0.000147822
2750 0.000102580 2750 0.000025297 add_time= 0.000144711
2805 0.000025951 2805 0.000037028 add_time= 0.000090435
2805 0.000064967 2805 0.000007010 add_time= 0.000100397
1250 0.000139695 1250 0.000006063 add_time= 0.000160320
2808 0.000081242 2808 0.000007246 add_time= 0.000104882
2500 0.000197853 2500 0.000005853 add_time= 0.000218807
2750 0.000060160 2750 0.000006349 add_time= 0.000083098
2703 0.000016561 2703 0.000024133 add_time= 0.000056897
1250 0.000224751 1250 0.000006180 add_time= 0.000243564
2500 0.000073382 2500 0.000006187 add_time= 0.000094158
2650 0.000113761 2650 0.000007044 add_time= 0.000137981
2860 0.000064284 2860 0.000017887 add_time= 0.000101601
2500 0.000100680 2500 0.000006358 add_time= 0.000122973
2600 0.000007962 2600 0.000022387 add_time= 0.000046439
2754 0.000073344 2754 0.000006645 add_time= 0.000096210
1350 0.000069773 1350 0.000007553 add_time= 0.000091349
2650 0.000125241 2650 0.000007144 add_time= 0.000148758
2600 0.000045857 2600 0.000023779 add_time= 0.000088239
3025 0.000328400 3025 0.000008220 add_time= 0.000364713
2550 0.000203795 2550 0.000007315 add_time= 0.000227497
2500 0.000193706 2500 0.000007072 add_time= 0.000215222
2750 0.000097812 2750 0.000007175 add_time= 0.000121131
