2500 0.000159168 2500 0.000024300 add_time= 0.001551140
2750 0.000046627 2750 0.000009188 add_time= 0.000071777
2754 0.000067757 2754 0.000007116 add_time= 0.000091542
2703 0.000517215 2703 0.000008139 add_time= 0.000546798
2550 0.000051278 2550 0.000006832 add_time= 0.000074379
2500 0.000129145 2500 0.000013147 add_time= 0.000157575
2652 0.000120319 2652 0.000009858 add_time= 0.000203111
2750 0.000261071 2750 0.000006959 add_time= 0.000283941
1300 0.000155508 1300 0.000006492 add_time= 0.000177999
2550 0.000182691 2550 0.000021183 add_time= 0.000229735
2550 0.000007768 2550 0.000035286 add_time= 0.000059303
2500 0.000102397 2500 0.000010221 add_time= 0.000170664
2805 0.000022301 2805 0.000027484 add_time= 0.000069623
2756 0.000521139 2756 0.000012955 add_time= 0.000555637
2652 0.001466295 2652 0.000009157 add_time= 0.001492463
2750 0.000220602 2750 0.000008630 add_time= 0.000303798
2805 0.000019990 2805 0.000024785 add_time= 0.000086221
1250 0.001900097 1250 0.000011245 add_time= 0.001946374
2500 0.000134339 2500 0.000012805 add_time= 0.000299348
2550 0.000009715 2550 0.000008715 add_time= 0.000059971
1300 0.000199593 1300 0.000013281 add_time= 0.001802120
2601 0.000108285 2601 0.000008970 add_time= 0.000135125
2500 0.000075784 2500 0.000006488 add_time= 0.000119682
2500 0.000467100 2500 0.000008012 add_time= 0.000494131
2703 0.000091567 2703 0.000006870 add_time= 0.000114126
2550 0.000087512 2550 0.000006275 add_time= 0.000115139
2750 0.000439214 2750 0.000007587 add_time= 0.000490271
2805 0.000011462 2805 0.000030135 add_time= 0.000078348
2750 0.000280915 2750 0.000023149 add_time= 0.000335880
2550 0.000262419 2550 0.000006890 add_time= 0.000294649
3025 0.000067800 3025 0.000009626 add_time= 0.000112872
2750 0.000122531 2750 0.000007914 add_time= 0.000157637
2550 0.000019325 2550 0.000015218 add_time= 0.000058199
2750 0.000381625 2750 0.000007945 add_time= 0.000428775
2700 0.000157973 2700 0.000006712 add_time= 0.000191735
2500 0.000040147 2500 0.000006402 add_time= 0.000060867
1300 0.000088770 1300 0.000009100 add_time= 0.000125301
2750 0.000046746 2750 0.000006647 add_time= 0.000073952
1350 0.000058561 1350 0.000007664 add_time= 0.000094329
2750 0.000178142 2750 0.000028720 add_time= 0.000392975
2601 0.000018880 2601 0.000012691 add_time= 0.000078767
2550 0.000060263 2550 0.000035573 add_time= 0.000155466
