2600 0.000908753 2600 0.000015683 add_time= 0.002393825
2805 0.000060195 2805 0.000009466 add_time= 0.000085833
2805 0.000105919 2805 0.000009148 add_time= 0.000131068
2700 0.000114264 2700 0.000008970 add_time= 0.000137801
2750 0.000125637 2750 0.000006349 add_time= 0.000145384
2500 0.000236224 2500 0.000010106 add_time= 0.000272052
2750 0.000091096 2750 0.000007114 add_time= 0.000113801
2754 0.000092820 2754 0.000008012 add_time= 0.000116825
1375 0.000093438 1375 0.000011807 add_time= 0.000155551
2700 0.000081097 2700 0.000006217 add_time= 0.000140147
2550 0.000062756 2550 0.000008076 add_time= 0.000090091
2808 0.000086427 2808 0.000006445 add_time= 0.000108359
2704 0.000012121 2704 0.000089462 add_time= 0.000138269
1275 0.000074550 1275 0.000007347 add_time= 0.000098385
2750 0.000191818 2750 0.000006650 add_time= 0.000216942
2500 0.000351439 2500 0.000020448 add_time= 0.000411491
2601 0.000279013 2601 0.000007213 add_time= 0.000312950
2500 0.000050056 2500 0.000010883 add_time= 0.000085927
2650 0.000154529 2650 0.000019574 add_time= 0.000196259
2652 0.000433233 2652 0.000010328 add_time= 0.000471752
2500 0.000174730 2500 0.000006121 add_time= 0.000195299
2500 0.000289502 2500 0.000009846 add_time= 0.000350881
2500 0.000068748 2500 0.000015356 add_time= 0.000111136
1300 0.001675592 1300 0.000007939 add_time= 0.001718949
2652 0.000073086 2652 0.000099530 add_time= 0.000307473
2500 0.000086020 2500 0.000029527 add_time= 0.000162223
2500 0.000069268 2500 0.000019556 add_time= 0.000131816
2700 0.000080206 2700 0.000008951 add_time= 0.000153952
2600 0.000020695 2600 0.000027646 add_time= 0.001762100
2703 0.000086295 2703 0.000008628 add_time= 0.000111718
3025 0.000077252 3025 0.000008530 add_time= 0.000103210
1275 0.000084662 1275 0.000007458 add_time= 0.000108644
2750 0.001000172 2750 0.000009043 add_time= 0.001055396
2550 0.000082128 2550 0.000006136 add_time= 0.000108808
2600 0.000753759 2600 0.000010029 add_time= 0.000873595
2970 0.000173355 2970 0.000009571 add_time= 0.000221341
2860 0.000081030 2860 0.000007597 add_time= 0.000126602
2750 0.000336212 2750 0.000010797 add_time= 0.000376945
1250 0.000204563 1250 0.000006403 add_time= 0.000240915
2703 0.000482905 2703 0.000014590 add_time= 0.000543336
2700 0.000074894 2700 0.000007608 add_time= 0.000109584
1375 0.000347087 1375 0.000007572 add_time= 0.000382327
2860 0.000027971 2860 0.000080074 add_time= 0.000147341
2500 0.000196118 2500 0.000009005 add_time= 0.000221087
2500 0.000328216 2500 0.000012817 add_time= 0.000361493
2550 0.000276141 2550 0.000014965 add_time= 0.000306596
2550 0.000203678 2550 0.000021839 add_time= 0.000259308
1375 0.000062047 1375 0.000011980 add_time= 0.000090870
2600 0.000468360 2600 0.000010264 add_time= 0.000524816
2550 0.000093325 2550 0.000007266 add_time= 0.000116927
2700 0.000079947 2700 0.000007719 add_time= 0.000103051
2600 0.000245784 2600 0.000026343 add_time= 0.000404893
1250 0.000151964 1250 0.000009926 add_time= 0.000192943
2750 0.000284391 2750 0.000013151 add_time= 0.001440081
2652 0.000037917 2652 0.000023260 add_time= 0.000084250
2805 0.000067231 2805 0.000007008 add_time= 0.000092139
2860 0.000068449 2860 0.000007668 add_time= 0.000104561
2703 0.000110635 2703 0.000006912 add_time= 0.000134538
2750 0.000105980 2750 0.000007753 add_time= 0.000147588
2650 0.000104579 2650 0.000008101 add_time= 0.000131135
2500 0.000016674 2500 0.000031114 add_time= 0.000063407
2860 0.000141561 2860 0.000007398 add_time= 0.000165137
2652 0.000161356 2652 0.000007827 add_time= 0.000185052
2805 0.000066936 2805 0.000007305 add_time= 0.000089793
2750 0.000043484 2750 0.000009360 add_time= 0.000075436
2805 0.000097951 2805 0.000006916 add_time= 0.000119719
1250 0.000029063 1250 0.000005114 add_time= 0.000049625
2500 0.000613475 2500 0.000009635 add_time= 0.000660561
2750 0.000008394 2750 0.000027574 add_time= 0.000053900
2500 0.000112564 2500 0.000008027 add_time= 0.000144851
2550 0.000096988 2550 0.000044868 add_time= 0.000158851
2650 0.000108554 2650 0.000007284 add_time= 0.000142341
1325 0.000317800 1325 0.000006479 add_time= 0.000340485
2750 0.000007025 2750 0.000026192 add_time= 0.000050132
2500 0.000112719 2500 0.000007106 add_time= 0.000136973
2500 0.000093204 2500 0.000007538 add_time= 0.000116588
2550 0.000057411 2550 0.000006733 add_time= 0.000078798
2750 0.000061242 2750 0.000005612 add_time= 0.000081077
2862 0.000209477 2862 0.000008786 add_time= 0.000270198
2600 0.000017530 2600 0.000105817 add_time= 0.000144144
2650 0.000319291 2650 0.000009513 add_time= 0.000344623
2550 0.000170346 2550 0.000007394 add_time= 0.000198208
2700 0.000102816 2700 0.000006840 add_time= 0.000125380
2750 0.000063973 2750 0.000006436 add_time= 0.000088093
2500 0.000068873 2500 0.000025612 add_time= 0.000111172
2600 0.000219205 2600 0.000006017 add_time= 0.000240417
2750 0.000443318 2750 0.000006943 add_time= 0.000467810
2750 0.000226668 2750 0.000006715 add_time= 0.000248086
2805 0.000182355 2805 0.000006927 add_time= 0.000205023
2500 0.000179986 2500 0.000006762 add_time= 0.000202317
2500 0.000461571 2500 0.000007283 add_time= 0.000487030
2600 0.000120765 2600 0.000006358 add_time= 0.000154478
2750 0.000102796 2750 0.000007210 add_time= 0.000133412
2805 0.000101552 2805 0.000007866 add_time= 0.000125829
2652 0.000174211 2652 0.000006740 add_time= 0.000195272
2970 0.000050547 2970 0.000013285 add_time= 0.000077620
1325 0.000044773 1325 0.000006312 add_time= 0.000062502
2700 0.000156456 2700 0.000008747 add_time= 0.000258806
1375 0.000051689 1375 0.000007812 add_time= 0.000095368
1250 0.000036850 1250 0.000006904 add_time= 0.000064950
2550 0.000071074 2550 0.000008516 add_time= 0.000113082
2500 0.000092507 2500 0.000008254 add_time= 0.000126376
2500 0.000125439 2500 0.000010764 add_time= 0.000166792
2860 0.000190511 2860 0.000008366 add_time= 0.000227526
2860 0.000207466 2860 0.000019564 add_time= 0.000244681
2750 0.000421687 2750 0.000006654 add_time= 0.000443268
2550 0.000210745 2550 0.000006629 add_time= 0.000231619
2700 0.000303899 2700 0.000007398 add_time= 0.000328304
2700 0.000074880 2700 0.000007224 add_time= 0.000098945
2650 0.000712095 2650 0.000013271 add_time= 0.000742939
2500 0.000006665 2500 0.000032745 add_time= 0.000054149
2600 0.000178901 2600 0.000006442 add_time= 0.000201907
2650 0.000112082 2650 0.000007050 add_time= 0.000144896
1275 0.000421569 1275 0.000005371 add_time= 0.000439082
2500 0.000215241 2500 0.000006325 add_time= 0.000236001
2600 0.000284731 2600 0.000009155 add_time= 0.000320985
2860 0.000006499 2860 0.000038858 add_time= 0.000070020
2805 0.000223880 2805 0.000013416 add_time= 0.000253841
2550 0.000056990 2550 0.000006505 add_time= 0.000079848
2550 0.000083350 2550 0.000006709 add_time= 0.000104568
2970 0.000115297 2970 0.000007820 add_time= 0.000138555
2805 0.000059300 2805 0.000025879 add_time= 0.000099873
2750 0.000162291 2750 0.000008084 add_time= 0.000186548
2600 0.000156702 2600 0.000006442 add_time= 0.000177857
2750 0.000316766 2750 0.000006183 add_time= 0.000336938
2754 0.000192648 2754 0.000007356 add_time= 0.000220914
2750 0.000087399 2750 0.000006647 add_time= 0.000109890
2500 0.000196601 2500 0.000006808 add_time= 0.000217561
2550 0.000082176 2550 0.000006626 add_time= 0.000104760
2500 0.000015265 2500 0.000024122 add_time= 0.000054798
2500 0.000095577 2500 0.000015104 add_time= 0.000124659
2550 0.000063017 2550 0.000006559 add_time= 0.000084963
2808 0.000156369 2808 0.000008199 add_time= 0.000208387
2500 0.000164650 2500 0.000008664 add_time= 0.000202859
2652 0.000097527 2652 0.000008079 add_time= 0.000121997
2750 0.000102975 2750 0.000006896 add_time= 0.000134407
2500 0.000076834 2500 0.000007292 add_time= 0.000098713
1250 0.000281076 1250 0.000006352 add_time= 0.000300328
2550 0.000276621 2550 0.000006764 add_time= 0.000300574
2500 0.000087347 2500 0.000007049 add_time= 0.000110345
2703 0.000223782 2703 0.000008172 add_time= 0.000254057
2805 0.000062417 2805 0.000006590 add_time= 0.000085771
2500 0.000101518 2500 0.000006223 add_time= 0.000126829
2805 0.000367629 2805 0.000007972 add_time= 0.000392711
2916 0.000172171 2916 0.000025894 add_time= 0.000217582
1250 0.000104387 1250 0.000007081 add_time= 0.000126298
2703 0.000306868 2703 0.000007129 add_time= 0.000331548
2600 0.000029023 2600 0.000047319 add_time= 0.000092336
2750 0.000079100 2750 0.000007514 add_time= 0.000103122
2750 0.000061399 2750 0.000017004 add_time= 0.000091756
2500 0.000075554 2500 0.000008056 add_time= 0.000099418
2500 0.000114595 2500 0.000007197 add_time= 0.000137362
2600 0.000162984 2600 0.000051379 add_time= 0.000255418
2500 0.000061199 2500 0.000027652 add_time= 0.000115005
2805 0.000100442 2805 0.000041146 add_time= 0.000171404
2601 0.000134389 2601 0.000008064 add_time= 0.000168231
2750 0.000075445 2750 0.000081331 add_time= 0.000184712
2500 0.000229852 2500 0.000006260 add_time= 0.000260703
2500 0.000007870 2500 0.000023759 add_time= 0.000046624
2915 0.000190430 2915 0.000007317 add_time= 0.000212341
2750 0.000090290 2750 0.000033075 add_time= 0.000139264
2550 0.000092214 2550 0.000006657 add_time= 0.000114302
2970 0.000077655 2970 0.000026870 add_time= 0.000126815
2970 0.000207752 2970 0.000007436 add_time= 0.000230026
2600 0.000143568 2600 0.000007333 add_time= 0.000177253
2860 0.000037213 2860 0.000016142 add_time= 0.000069286
2550 0.000082292 2550 0.000006328 add_time= 0.000105775
2750 0.000133539 2750 0.000007290 add_time= 0.000172955
2601 0.000062747 2601 0.000015108 add_time= 0.000092479
2750 0.000144230 2750 0.000007894 add_time= 0.000187746
1250 0.000102876 1250 0.000005494 add_time= 0.000126907
2756 0.000319604 2756 0.000007834 add_time= 0.000350104
2600 0.000028883 2600 0.000039331 add_time= 0.000094055
2750 0.000095732 2750 0.000008391 add_time= 0.000121428
2805 0.000140175 2805 0.000007456 add_time= 0.000169875
2601 0.000077440 2601 0.000006521 add_time= 0.000099392
2915 0.000136666 2915 0.000019333 add_time= 0.000174280
2500 0.000296140 2500 0.000030213 add_time= 0.000351813
2750 0.000007616 2750 0.000026071 add_time= 0.000065649
2750 0.000328646 2750 0.000007848 add_time= 0.000352999
2805 0.000143926 2805 0.000010474 add_time= 0.000180053
2750 0.000027029 2750 0.000009909 add_time= 0.000053860
2805 0.000191190 2805 0.000006827 add_time= 0.000214223
2750 0.000039998 2750 0.000009027 add_time= 0.000065139
2650 0.000096524 2650 0.000007695 add_time= 0.000122463
2500 0.000018292 2500 0.000027644 add_time= 0.000065955
2600 0.000071926 2600 0.000007266 add_time= 0.000099175
2600 0.000032741 2600 0.000006979 add_time= 0.000057470
2970 0.000028710 2970 0.000007359 add_time= 0.000058275
1275 0.000102011 1275 0.000007061 add_time= 0.000125792
2862 0.000298159 2862 0.000007242 add_time= 0.000326548
2860 0.000089079 2860 0.000007006 add_time= 0.000121549
2915 0.000180644 2915 0.000006747 add_time= 0.000217862
2750 0.000026449 2750 0.000005942 add_time= 0.000057279
2652 0.000050928 2652 0.000006763 add_time= 0.000077064
2915 0.000084217 2915 0.000007232 add_time= 0.000109995
2550 0.000084912 2550 0.000006171 add_time= 0.000119212
2860 0.000316433 2860 0.000006591 add_time= 0.000343768
2550 0.000007106 2550 0.000014495 add_time= 0.000059011
1250 0.000063463 1250 0.000006074 add_time= 0.000087488
2652 0.000077410 2652 0.000006979 add_time= 0.000111064
2970 0.000037879 2970 0.000007508 add_time= 0.000065034
2500 0.000052315 2500 0.000008776 add_time= 0.000077920
2500 0.000155880 2500 0.000006847 add_time= 0.000191061
2860 0.000020736 2860 0.000024901 add_time= 0.000073349
3025 0.000143991 3025 0.000007323 add_time= 0.000171977
2500 0.000123158 2500 0.000006457 add_time= 0.000145641
2500 0.000201195 2500 0.000007516 add_time= 0.000224718
2500 0.000090535 2500 0.000006736 add_time= 0.000121621
2862 0.000177000 2862 0.000007622 add_time= 0.000201970
2500 0.000007329 2500 0.000014393 add_time= 0.000037521
2650 0.000203534 2650 0.000007631 add_time= 0.000228162
2703 0.000110302 2703 0.000006832 add_time= 0.000132424
2550 0.000218276 2550 0.000006718 add_time= 0.000240881
2750 0.000339063 2750 0.000006386 add_time= 0.000359871
625 0.000079837 625 0.000005489 add_time= 0.000106317
2550 0.000204065 2550 0.000042832 add_time= 0.000279110
2756 0.000046603 2756 0.000010219 add_time= 0.000076253
3025 0.000007138 3025 0.000026453 add_time= 0.000053072
2650 0.000193124 2650 0.000006224 add_time= 0.000216312
2550 0.000268190 2550 0.000007060 add_time= 0.000305051
2970 0.000084032 2970 0.000008117 add_time= 0.000111506
2500 0.000007037 2500 0.000009783 add_time= 0.000069635
2600 0.000042363 2600 0.000007190 add_time= 0.000088440
2750 0.000035857 2750 0.000025132 add_time= 0.000094604
2750 0.000089902 2750 0.000008328 add_time= 0.000137103
2500 0.000013996 2500 0.000009100 add_time= 0.000063388
2500 0.000196992 2500 0.000007929 add_time= 0.000244142
2750 0.000031398 2750 0.000008222 add_time= 0.000069440
2650 0.000070902 2650 0.000007169 add_time= 0.000100726
2704 0.000092286 2704 0.000006472 add_time= 0.000116050
2750 0.000131293 2750 0.000006740 add_time= 0.000158015
2750 0.000033687 2750 0.000006427 add_time= 0.000063614
2805 0.000067133 2805 0.000006927 add_time= 0.000092810
2700 0.000389622 2700 0.000006243 add_time= 0.000412130
2700 0.000169854 2700 0.000018757 add_time= 0.000206746
1250 0.000208610 1250 0.000006145 add_time= 0.000237926
2860 0.000053367 2860 0.000007126 add_time= 0.000080617
2600 0.000092237 2600 0.000006840 add_time= 0.000116795
2500 0.000058063 2500 0.000007265 add_time= 0.000080888
2652 0.000054364 2652 0.000005842 add_time= 0.000075594
2700 0.000370437 2700 0.000018422 add_time= 0.000414737
2500 0.000143282 2500 0.000006235 add_time= 0.000164829
2860 0.000087131 2860 0.000006993 add_time= 0.000115666
2750 0.000024037 2750 0.000014028 add_time= 0.000053318
2600 0.000065077 2600 0.000005992 add_time= 0.000087007
2500 0.000107695 2500 0.000005705 add_time= 0.000128980
2700 0.000038308 2700 0.000005900 add_time= 0.000059306
2700 0.000030855 2700 0.000006300 add_time= 0.000052216
2500 0.000070260 2500 0.000006533 add_time= 0.000097099
2500 0.000098355 2500 0.000008301 add_time= 0.000136269
1250 0.000021153 1250 0.000015298 add_time= 0.000050655
2500 0.000220185 2500 0.000008056 add_time= 0.000244634
2500 0.000101730 2500 0.000006534 add_time= 0.000122774
2808 0.000453282 2808 0.000007183 add_time= 0.000477228
2500 0.000069852 2500 0.000006454 add_time= 0.000090260
2650 0.000590333 2650 0.000007459 add_time= 0.000614647
2704 0.000078867 2704 0.000014576 add_time= 0.000107678
2500 0.000078700 2500 0.000006203 add_time= 0.000099082
2750 0.000240057 2750 0.000007963 add_time= 0.000264764
2700 0.000046782 2700 0.000006625 add_time= 0.000070339
2970 0.000079629 2970 0.000006636 add_time= 0.000105460
1250 0.000072743 1250 0.000006142 add_time= 0.000101910
2650 0.000126548 2650 0.000009350 add_time= 0.000151997
2860 0.000108371 2860 0.000006543 add_time= 0.000131224
2500 0.000129897 2500 0.000006094 add_time= 0.000150442
2860 0.000072706 2860 0.000007604 add_time= 0.000096859
2500 0.000044866 2500 0.000005537 add_time= 0.000064368
2805 0.000155839 2805 0.000007035 add_time= 0.000179012
2700 0.000262456 2700 0.000008054 add_time= 0.000292892
2650 0.000448372 2650 0.000007154 add_time= 0.000471973
2600 0.000014457 2600 0.000015025 add_time= 0.000054286
2915 0.000092161 2915 0.000007237 add_time= 0.000116015
2750 0.000158530 2750 0.000019300 add_time= 0.000194190
2750 0.000119277 2750 0.000007490 add_time= 0.000141081
1350 0.000135705 1350 0.000007610 add_time= 0.000157270
2500 0.000052962 2500 0.000006883 add_time= 0.000075859
2860 0.000007727 2860 0.000091418 add_time= 0.000116027
2750 0.000183679 2750 0.000006817 add_time= 0.000206732
2500 0.000092717 2500 0.000006920 add_time= 0.000115621
2550 0.000127054 2550 0.000015068 add_time= 0.000156217
2754 0.000084931 2754 0.000007564 add_time= 0.000116896
1250 0.000079429 1250 0.000015369 add_time= 0.000111843
2915 0.000210030 2915 0.000007274 add_time= 0.000255553
2600 0.000084766 2600 0.000006323 add_time= 0.000127358
2750 0.000142987 2750 0.000007404 add_time= 0.000167197
2550 0.000195517 2550 0.000027174 add_time= 0.000254169
2550 0.000344738 2550 0.000006202 add_time= 0.000364870
2500 0.000265874 2500 0.000043227 add_time= 0.000333501
1275 0.000039295 1275 0.000005722 add_time= 0.000064943
2860 0.000304985 2860 0.000007723 add_time= 0.000329379
2600 0.000006826 2600 0.000014109 add_time= 0.000034940
2860 0.000245548 2860 0.000007355 add_time= 0.000267591
2805 0.000110867 2805 0.000008230 add_time= 0.000135946
2703 0.000369278 2703 0.000006002 add_time= 0.000389740
2805 0.000080743 2805 0.000015900 add_time= 0.000113039
2704 0.000303209 2704 0.000006034 add_time= 0.000323563
2600 0.000007470 2600 0.000023829 add_time= 0.000046003
2500 0.000105113 2500 0.000006132 add_time= 0.000124583
2500 0.000070255 2500 0.000006220 add_time= 0.000088727
2700 0.000043532 2700 0.000006598 add_time= 0.000073093
2550 0.000053206 2550 0.000007020 add_time= 0.000074952
2700 0.000083449 2700 0.000008556 add_time= 0.000130467
2600 0.000005192 2600 0.000007171 add_time= 0.000043906
2750 0.000091287 2750 0.000034637 add_time= 0.000168485
3025 0.000089254 3025 0.000008712 add_time= 0.000128693
2652 0.000050215 2652 0.000007704 add_time= 0.000085583
3025 0.000167300 3025 0.000008262 add_time= 0.000202182
2750 0.000041394 2750 0.000006218 add_time= 0.000061988
2860 0.000068225 2860 0.000006423 add_time= 0.000088428
2500 0.000167826 2500 0.000006543 add_time= 0.000188991
2550 0.000116314 2550 0.000009090 add_time= 0.000139749
2808 0.000082409 2808 0.000007098 add_time= 0.000104649
2650 0.000191424 2650 0.000007107 add_time= 0.000213515
2600 0.000042884 2600 0.000007668 add_time= 0.000065206
2805 0.000057176 2805 0.000015415 add_time= 0.000087451
2500 0.000165946 2500 0.000006504 add_time= 0.000186837
2500 0.000066209 2500 0.000006120 add_time= 0.000086498
2700 0.000145409 2700 0.000006792 add_time= 0.000166846
1250 0.000036225 1250 0.000014557 add_time= 0.000062736
2809 0.000115476 2809 0.000007198 add_time= 0.000138008
2600 0.000031789 2600 0.000007160 add_time= 0.000053753
2860 0.000132749 2860 0.000006917 add_time= 0.000165366
2550 0.000143623 2550 0.000015717 add_time= 0.000173944
2500 0.000047150 2500 0.000007130 add_time= 0.000069181
2500 0.000062720 2500 0.000006724 add_time= 0.000083477
2550 0.000100021 2550 0.000006839 add_time= 0.000120678
2600 0.000060078 2600 0.000010899 add_time= 0.000083946
2860 0.000015632 2860 0.000015227 add_time= 0.000043903
2750 0.000085672 2750 0.000007006 add_time= 0.000105263
2600 0.000134309 2600 0.000006146 add_time= 0.000152997
2750 0.000106576 2750 0.000006223 add_time= 0.000125414
2700 0.000065094 2700 0.000007226 add_time= 0.000086995
2500 0.000103096 2500 0.000007227 add_time= 0.000125059
2750 0.000079973 2750 0.000009286 add_time= 0.000117713
2808 0.000030434 2808 0.000006818 add_time= 0.000052991
2500 0.000148199 2500 0.000007356 add_time= 0.000181337
2805 0.000214676 2805 0.000007903 add_time= 0.000239673
2601 0.000300337 2601 0.000006589 add_time= 0.000322234
2550 0.000146488 2550 0.000007071 add_time= 0.000177298
2600 0.000144376 2600 0.000007823 add_time= 0.000170146
2650 0.000008042 2650 0.000028266 add_time= 0.000053078
2650 0.000475676 2650 0.000008146 add_time= 0.000500572
2805 0.000347130 2805 0.000009462 add_time= 0.000374992
2915 0.000118740 2915 0.000006686 add_time= 0.000140600
2550 0.000063132 2550 0.000006938 add_time= 0.000087223
2500 0.000006492 2500 0.000014355 add_time= 0.000048795
2970 0.000055609 2970 0.000007043 add_time= 0.000080114
2550 0.000140012 2550 0.000007180 add_time= 0.000161413
2805 0.000116878 2805 0.000005951 add_time= 0.000136701
2500 0.000103919 2500 0.000012418 add_time= 0.000139492
2650 0.000577252 2650 0.000007590 add_time= 0.000602916
2860 0.000085377 2860 0.000006879 add_time= 0.000108360
2500 0.000189891 2500 0.000006335 add_time= 0.000215130
2500 0.000228878 2500 0.000006412 add_time= 0.000249550
1250 0.000198977 1250 0.000005969 add_time= 0.000217426
2808 0.000419835 2808 0.000008377 add_time= 0.000445656
2500 0.000053504 2500 0.000006266 add_time= 0.000074580
2750 0.000423668 2750 0.000006585 add_time= 0.000448149
2750 0.000258624 2750 0.000007167 add_time= 0.000282393
2805 0.000173125 2805 0.000007055 add_time= 0.000200915
2805 0.000141191 2805 0.000006796 add_time= 0.000167808
2860 0.000204750 2860 0.000007658 add_time= 0.000228942
2500 0.000167219 2500 0.000007523 add_time= 0.000200625
1300 0.000014136 1300 0.000009734 add_time= 0.000039192
2750 0.000107980 2750 0.000007577 add_time= 0.000139576
2550 0.000098456 2550 0.000006494 add_time= 0.000119651
2500 0.000253732 2500 0.000006875 add_time= 0.000277059
2970 0.000131018 2970 0.000007671 add_time= 0.000159451
2650 0.000151567 2650 0.000006840 add_time= 0.000176625
2600 0.000006858 2600 0.000023073 add_time= 0.000044853
3025 0.000138119 3025 0.000007461 add_time= 0.000161263
2700 0.000099860 2700 0.000005685 add_time= 0.000120246
2500 0.000065664 2500 0.000007714 add_time= 0.000090144
2754 0.000167368 2754 0.000007246 add_time= 0.000202189
1250 0.000105503 1250 0.000007032 add_time= 0.000126864
2756 0.000078006 2756 0.000007133 add_time= 0.000101445
2756 0.000097427 2756 0.000007519 add_time= 0.000120327
2500 0.000221051 2500 0.000007184 add_time= 0.000243041
3025 0.000108955 3025 0.000007501 add_time= 0.000133221
2500 0.000102743 2500 0.000007441 add_time= 0.000125472
1325 0.002592091 1325 0.000006284 add_time= 0.002610110
2500 0.000236183 2500 0.000007776 add_time= 0.000274370
2805 0.000061956 2805 0.000008719 add_time= 0.000107558
2500 0.000054943 2500 0.000007873 add_time= 0.000084877
2550 0.000113698 2550 0.000008348 add_time= 0.000146703
2500 0.000007630 2500 0.000008912 add_time= 0.000040869
2550 0.000069853 2550 0.000009216 add_time= 0.000103431
2915 0.000117283 2915 0.000007260 add_time= 0.000140658
2750 0.000007422 2750 0.000025953 add_time= 0.000048366
2500 0.000117543 2500 0.000006925 add_time= 0.000142698
2550 0.000119509 2550 0.000007099 add_time= 0.000141113
2970 0.000078078 2970 0.000007418 add_time= 0.000101491
2500 0.000083731 2500 0.000007059 add_time= 0.000103980
1325 0.000446228 1325 0.000006253 add_time= 0.000465230
2600 0.000015870 2600 0.000019753 add_time= 0.000050476
2750 0.000082347 2750 0.000007482 add_time= 0.000103533
2500 0.000110848 2500 0.000006018 add_time= 0.000129624
2550 0.000104447 2550 0.000006980 add_time= 0.000126233
2500 0.000032057 2500 0.000005694 add_time= 0.000050566
2600 0.000088031 2600 0.000007179 add_time= 0.000108620
2756 0.000153755 2756 0.000006998 add_time= 0.000175030
2860 0.000072242 2860 0.000006888 add_time= 0.000093113
2500 0.000098775 2500 0.000006173 add_time= 0.000117994
2550 0.000037194 2550 0.000012677 add_time= 0.000062567
1275 0.000073518 1275 0.000005455 add_time= 0.000099694
2808 0.000082150 2808 0.000007460 add_time= 0.000105073
2750 0.000088433 2750 0.000006386 add_time= 0.000108002
2650 0.000064742 2650 0.000006861 add_time= 0.000086069
2756 0.000123815 2756 0.000007258 add_time= 0.000144404
2750 0.000085037 2750 0.000007143 add_time= 0.000105408
2750 0.000103393 2750 0.000007427 add_time= 0.000125545
1275 0.000132600 1275 0.000005744 add_time= 0.000150776
1375 0.000170333 1375 0.000006106 add_time= 0.000188922
2600 0.000213161 2600 0.000007810 add_time= 0.000236157
2805 0.000094369 2805 0.000007478 add_time= 0.000117408
3025 0.000084855 3025 0.000006955 add_time= 0.000107527
2600 0.000074624 2600 0.000006301 add_time= 0.000095969
2970 0.000115481 2970 0.000006969 add_time= 0.000137708
1375 0.000183738 1375 0.000007454 add_time= 0.000204255
2550 0.000103561 2550 0.000007232 add_time= 0.000133007
2860 0.000026785 2860 0.000016267 add_time= 0.000063397
2860 0.000122134 2860 0.000007263 add_time= 0.000148973
2500 0.000119740 2500 0.000018789 add_time= 0.000152694
2805 0.000142725 2805 0.000007600 add_time= 0.000167849
2600 0.000061831 2600 0.000006936 add_time= 0.000084895
2600 0.000070627 2600 0.000007162 add_time= 0.000094417
2500 0.000018233 2500 0.000033129 add_time= 0.000067089
2600 0.000100820 2600 0.000006353 add_time= 0.000121717
2500 0.000105370 2500 0.000031086 add_time= 0.000151660
2750 0.000277826 2750 0.000008398 add_time= 0.000303344
2650 0.000108834 2650 0.000007177 add_time= 0.000132636
2652 0.000097021 2652 0.000006623 add_time= 0.000118707
2750 0.000062728 2750 0.000007988 add_time= 0.000087360
2860 0.000081905 2860 0.000006444 add_time= 0.000104683
2550 0.000039161 2550 0.000006405 add_time= 0.000060925
2750 0.000262596 2750 0.000007828 add_time= 0.000286847
2750 0.000081522 2750 0.000007687 add_time= 0.000106444
2500 0.000007750 2500 0.000021914 add_time= 0.000045575
2500 0.000043283 2500 0.000007052 add_time= 0.000069675
2500 0.000098212 2500 0.000006348 add_time= 0.000119032
2750 0.000064790 2750 0.000028477 add_time= 0.000109378
2970 0.000240922 2970 0.000007458 add_time= 0.000274113
2550 0.000052198 2550 0.000006607 add_time= 0.000074519
2600 0.000050985 2600 0.000025895 add_time= 0.000096549
2600 0.000007690 2600 0.000049140 add_time= 0.000072812
2750 0.000075890 2750 0.000018637 add_time= 0.000110859
2500 0.000095415 2500 0.000006032 add_time= 0.000116023
1250 0.000060815 1250 0.000006230 add_time= 0.000080923
2700 0.000060937 2700 0.000006621 add_time= 0.000095268
1300 0.004804178 1300 0.000006810 add_time= 0.004825181
2500 0.000213911 2500 0.000007602 add_time= 0.000247961
2600 0.000027115 2600 0.000027368 add_time= 0.000072119
2700 0.000327024 2700 0.000007820 add_time= 0.000351682
2750 0.000050724 2750 0.000036336 add_time= 0.000105226
2550 0.000199788 2550 0.000007482 add_time= 0.000237801
2500 0.000085110 2500 0.000006728 add_time= 0.000107277
2704 0.000168230 2704 0.000006965 add_time= 0.000192980
2500 0.000161010 2500 0.000016190 add_time= 0.000193350
1375 0.000085122 1375 0.000006845 add_time= 0.000106800
2500 0.000244077 2500 0.000007588 add_time= 0.000283568
2750 0.000085273 2750 0.000014948 add_time= 0.000117770
2650 0.000046566 2650 0.000007572 add_time= 0.000076139
2600 0.000064551 2600 0.000006848 add_time= 0.000087004
2500 0.000098380 2500 0.000005953 add_time= 0.000117524
2915 0.000087666 2915 0.000006415 add_time= 0.000108466
2601 0.000184536 2601 0.000007132 add_time= 0.000207300
2860 0.000110623 2860 0.000008610 add_time= 0.000134970
2550 0.000227404 2550 0.000008675 add_time= 0.000268619
2750 0.000115911 2750 0.000033956 add_time= 0.000174104
1250 0.000029842 1250 0.000006525 add_time= 0.000066749
3025 0.000077365 3025 0.000008786 add_time= 0.000114311
2750 0.000148795 2750 0.000008403 add_time= 0.000184930
2750 0.000106570 2750 0.000018269 add_time= 0.000152013
2600 0.000271292 2600 0.000012869 add_time= 0.000298717
2500 0.000007134 2500 0.000033881 add_time= 0.000056281
2500 0.000079891 2500 0.000013169 add_time= 0.000108338
2550 0.000093921 2550 0.000006155 add_time= 0.000113223
2500 0.000105038 2500 0.000005705 add_time= 0.000123592
1250 0.000090751 1250 0.000006245 add_time= 0.000109182
2650 0.000099628 2650 0.000014347 add_time= 0.000139565
2860 0.000007675 2860 0.000016377 add_time= 0.000040453
2750 0.000091327 2750 0.000006749 add_time= 0.000113936
2550 0.000056455 2550 0.000007228 add_time= 0.000093396
2550 0.000103901 2550 0.000006820 add_time= 0.000124846
3025 0.000113011 3025 0.000006420 add_time= 0.000133867
1325 0.000062104 1325 0.000005340 add_time= 0.000079034
2915 0.000130112 2915 0.000008115 add_time= 0.000156305
2500 0.000028571 2500 0.000013915 add_time= 0.000058481
2600 0.000095343 2600 0.000007108 add_time= 0.000137873
2650 0.000047748 2650 0.000006843 add_time= 0.000085391
2500 0.000099724 2500 0.000008365 add_time= 0.000130064
2700 0.000107325 2700 0.000006853 add_time= 0.000130269
2915 0.000187845 2915 0.000007358 add_time= 0.000213210
2500 0.000016018 2500 0.000035764 add_time= 0.000067127
2600 0.000092270 2600 0.000009300 add_time= 0.000117057
3025 0.000102465 3025 0.000014366 add_time= 0.000131880
2750 0.000067051 2750 0.000007056 add_time= 0.000090223
2500 0.000075713 2500 0.000006215 add_time= 0.000095264
2704 0.000187275 2704 0.000006599 add_time= 0.000210609
2600 0.000016400 2600 0.000113575 add_time= 0.000144246
2500 0.000198378 2500 0.000006979 add_time= 0.000221282
2500 0.000100978 2500 0.000005803 add_time= 0.000119885
2700 0.000049795 2700 0.000005771 add_time= 0.000069212
2550 0.000037271 2550 0.000006547 add_time= 0.000057030
2500 0.000334583 2500 0.000006942 add_time= 0.000357338
1300 0.000055258 1300 0.000005864 add_time= 0.000073203
2750 0.000017160 2750 0.000015529 add_time= 0.000048120
2500 0.000105684 2500 0.000006278 add_time= 0.000125753
2500 0.000047487 2500 0.000005818 add_time= 0.000066852
2970 0.000047589 2970 0.000006108 add_time= 0.000067840
1375 0.000068493 1375 0.000005379 add_time= 0.000085320
2809 0.000392624 2809 0.000009350 add_time= 0.000433080
2704 0.000040662 2704 0.000007188 add_time= 0.000064891
2700 0.000241172 2700 0.000006535 add_time= 0.000263342
1375 0.000163185 1375 0.000006748 add_time= 0.000185498
2550 0.000105788 2550 0.000006044 add_time= 0.000126722
2700 0.000262345 2700 0.000007587 add_time= 0.000286515
2650 0.000422831 2650 0.000007173 add_time= 0.000446530
2650 0.000006990 2650 0.000096678 add_time= 0.000125224
2750 0.000080985 2750 0.000007043 add_time= 0.000103880
2550 0.000160255 2550 0.000015591 add_time= 0.000192807
2650 0.000073337 2650 0.000007304 add_time= 0.000106137
3025 0.000056709 3025 0.000011012 add_time= 0.000085650
2756 0.000150692 2756 0.000007684 add_time= 0.000175083
2700 0.000007325 2700 0.000033245 add_time= 0.000055638
2550 0.000200211 2550 0.000006804 add_time= 0.000221917
2805 0.000234544 2805 0.000012335 add_time= 0.000262464
2550 0.000203420 2550 0.000014996 add_time= 0.000232799
2750 0.000065378 2750 0.000006460 add_time= 0.000085867
2550 0.000097076 2550 0.000007021 add_time= 0.000120226
2650 0.000473126 2650 0.000007018 add_time= 0.000496962
2500 0.000006879 2500 0.000032471 add_time= 0.000053926
2750 0.000136419 2750 0.000006872 add_time= 0.000157919
2500 0.000079426 2500 0.000005621 add_time= 0.000107603
2550 0.000227124 2550 0.000006553 add_time= 0.000248291
1250 0.000112656 1250 0.000006303 add_time= 0.000132264
2915 0.000153319 2915 0.000007066 add_time= 0.000177756
2600 0.000066303 2600 0.000007477 add_time= 0.000089590
2750 0.000050196 2750 0.000006654 add_time= 0.000072200
1250 0.000059670 1250 0.000005856 add_time= 0.000077315
2500 0.000056171 2500 0.000006432 add_time= 0.000086810
2500 0.000159518 2500 0.000006848 add_time= 0.000179690
1250 0.000043643 1250 0.000006112 add_time= 0.000066015
2809 0.000126750 2809 0.000008442 add_time= 0.000169419
2750 0.000018577 2750 0.000016298 add_time= 0.000058785
2500 0.000072043 2500 0.000007886 add_time= 0.000105705
2750 0.000143944 2750 0.000008106 add_time= 0.000169142
2970 0.000169923 2970 0.000007745 add_time= 0.000212488
2756 0.000184299 2756 0.000027784 add_time= 0.000230323
2805 0.000089047 2805 0.000008307 add_time= 0.000124970
2500 0.000145893 2500 0.000006413 add_time= 0.000168868
2550 0.000259996 2550 0.000007619 add_time= 0.000285479
2500 0.000261266 2500 0.000006718 add_time= 0.000283366
2500 0.000154002 2500 0.000007464 add_time= 0.000177887
2703 0.000161089 2703 0.000006797 add_time= 0.000183852
2750 0.000007374 2750 0.000025802 add_time= 0.000049275
2750 0.000095529 2750 0.000006577 add_time= 0.000126836
2703 0.000138280 2703 0.000022381 add_time= 0.000174227
2700 0.000111599 2700 0.000006789 add_time= 0.000132101
2500 0.000236547 2500 0.000008954 add_time= 0.000276593
2750 0.000095750 2750 0.000007786 add_time= 0.000129289
2500 0.000152101 2500 0.000007552 add_time= 0.000182034
2550 0.000093481 2550 0.000008175 add_time= 0.000134502
2750 0.000124396 2750 0.000009546 add_time= 0.000171287
2650 0.000102667 2650 0.000006954 add_time= 0.000124597
2600 0.000123060 2600 0.000006964 add_time= 0.000145496
2750 0.000007065 2750 0.000035493 add_time= 0.000057493
2600 0.000117726 2600 0.000006548 add_time= 0.000138915
2805 0.000134947 2805 0.000007995 add_time= 0.000158657
2500 0.000079966 2500 0.000006875 add_time= 0.000101943
1375 0.000093073 1375 0.000011830 add_time= 0.000116286
625 0.000222021 625 0.000006666 add_time= 0.000248677
1325 0.000173204 1325 0.000006485 add_time= 0.000194279
2700 0.000028535 2700 0.000109865 add_time= 0.000155267
2750 0.000106294 2750 0.000007119 add_time= 0.000128091
2601 0.000163803 2601 0.000006963 add_time= 0.000186706
2805 0.000114362 2805 0.000016690 add_time= 0.000146878
2700 0.000109019 2700 0.000006641 add_time= 0.000138038
1375 0.000239500 1375 0.000018317 add_time= 0.000271309
2600 0.000087391 2600 0.000007360 add_time= 0.000112023
2600 0.000016529 2600 0.000072459 add_time= 0.000112204
2750 0.000102792 2750 0.000015312 add_time= 0.000135158
2550 0.000045439 2550 0.000007258 add_time= 0.000069609
2700 0.000073074 2700 0.000027003 add_time= 0.000116643
2500 0.000059998 2500 0.000007110 add_time= 0.000082818
2500 0.000069367 2500 0.000007896 add_time= 0.000094602
2808 0.000051152 2808 0.000006429 add_time= 0.000074110
2750 0.000017554 2750 0.000013972 add_time= 0.000046109
2500 0.000051910 2500 0.000006603 add_time= 0.000074652
2754 0.000110336 2754 0.000006099 add_time= 0.000136513
2805 0.000102338 2805 0.000007161 add_time= 0.000123998
2550 0.000152649 2550 0.000005950 add_time= 0.000172154
2915 0.000091539 2915 0.000008304 add_time= 0.000119195
2600 0.000016182 2600 0.000013742 add_time= 0.000056260
2750 0.000123751 2750 0.000007739 add_time= 0.000163773
2970 0.000124343 2970 0.000007345 add_time= 0.000146391
2500 0.000069796 2500 0.000006368 add_time= 0.000090324
2700 0.000055397 2700 0.000006766 add_time= 0.000078828
2915 0.000139019 2915 0.000008469 add_time= 0.000167099
1300 0.000068939 1300 0.000013659 add_time= 0.000098059
2750 0.000025232 2750 0.000025787 add_time= 0.000066458
2860 0.000230132 2860 0.000007096 add_time= 0.000252681
2652 0.000088034 2652 0.000007037 add_time= 0.000111712
2550 0.000072444 2550 0.000006967 add_time= 0.000112676
2805 0.000111320 2805 0.000008349 add_time= 0.000136891
2650 0.000164292 2650 0.000006938 add_time= 0.000188737
2600 0.000017640 2600 0.000014692 add_time= 0.000047365
2750 0.000068907 2750 0.000008100 add_time= 0.000094065
2750 0.000111676 2750 0.000006714 add_time= 0.000133242
2601 0.000083446 2601 0.000006354 add_time= 0.000103814
2550 0.000120325 2550 0.000006930 add_time= 0.000143935
1250 0.000148655 1250 0.000006071 add_time= 0.000176022
2650 0.000697581 2650 0.000010132 add_time= 0.000734795
2600 0.000019676 2600 0.000035586 add_time= 0.000072736
2750 0.000055429 2750 0.000007688 add_time= 0.000080260
2500 0.000390551 2500 0.000006426 add_time= 0.000412769
2652 0.000097971 2652 0.000015852 add_time= 0.000128406
2700 0.000100863 2700 0.000006138 add_time= 0.000121500
1375 0.000080290 1375 0.000006032 add_time= 0.000110513
2600 0.000354853 2600 0.000007102 add_time= 0.000378608
1300 0.000005398 1300 0.000009853 add_time= 0.000027323
2750 0.000108472 2750 0.000007560 add_time= 0.000133623
2550 0.000241742 2550 0.000007426 add_time= 0.000265910
1275 0.000063974 1275 0.000006303 add_time= 0.000083829
2500 0.000161314 2500 0.000006452 add_time= 0.000182326
1250 0.000097369 1250 0.000005856 add_time= 0.000115782
2862 0.000203515 2862 0.000007155 add_time= 0.000228567
2600 0.000217875 2600 0.000006877 add_time= 0.000239636
2550 0.000074019 2550 0.000007774 add_time= 0.000107170
2750 0.000054670 2750 0.000006722 add_time= 0.000084241
2550 0.000118555 2550 0.000007085 add_time= 0.000141836
2500 0.000214461 2500 0.000006495 add_time= 0.000236544
1250 0.000114009 1250 0.000006758 add_time= 0.000133109
2600 0.000125407 2600 0.000007216 add_time= 0.000149291
2860 0.000074284 2860 0.000007897 add_time= 0.000099787
2500 0.000047457 2500 0.000006830 add_time= 0.000069093
2750 0.000060748 2750 0.000006964 add_time= 0.000092744
2550 0.000156174 2550 0.000007320 add_time= 0.000202258
2500 0.000099511 2500 0.000007567 add_time= 0.000134851
2650 0.000170556 2650 0.000006625 add_time= 0.000193295
2860 0.000015163 2860 0.000037174 add_time= 0.000091054
2805 0.000106120 2805 0.000007809 add_time= 0.000130541
2550 0.000145287 2550 0.000007248 add_time= 0.000169524
2550 0.000133658 2550 0.000007662 add_time= 0.000165761
1325 0.000059090 1325 0.000006782 add_time= 0.000080194
2500 0.000241217 2500 0.000008255 add_time= 0.000273429
1300 0.000015311 1300 0.000010037 add_time= 0.000039420
2500 0.000128876 2500 0.000007063 add_time= 0.000151645
2805 0.000279645 2805 0.000007204 add_time= 0.000318476
2550 0.000117890 2550 0.000007263 add_time= 0.000144585
2500 0.000154594 2500 0.000007273 add_time= 0.000177750
2550 0.000147591 2550 0.000007749 add_time= 0.000172085
2860 0.000176626 2860 0.000009358 add_time= 0.000202726
3025 0.000049275 3025 0.000027355 add_time= 0.000092677
2700 0.000059400 2700 0.000014736 add_time= 0.000090927
2805 0.000197741 2805 0.000006900 add_time= 0.000219482
2652 0.000053151 2652 0.000006055 add_time= 0.000073688
2500 0.000087883 2500 0.000006002 add_time= 0.000108330
2750 0.000061404 2750 0.000006735 add_time= 0.000082341
2500 0.000117478 2500 0.000007501 add_time= 0.000141357
2600 0.000095862 2600 0.000006502 add_time= 0.000128304
2860 0.000115821 2860 0.000006266 add_time= 0.000136543
2805 0.000075602 2805 0.000007683 add_time= 0.000098590
2808 0.000088909 2808 0.000006851 add_time= 0.000111514
1300 0.000118425 1300 0.000006077 add_time= 0.000137609
2500 0.000164081 2500 0.000009045 add_time= 0.000209014
2600 0.000042997 2600 0.000025179 add_time= 0.000097621
2805 0.000081007 2805 0.000008552 add_time= 0.000117767
2703 0.000059770 2703 0.000015468 add_time= 0.000102585
2500 0.000189764 2500 0.000008474 add_time= 0.000223598
2500 0.000044724 2500 0.000008342 add_time= 0.000085730
2650 0.000471763 2650 0.000007874 add_time= 0.000497745
2808 0.000095457 2808 0.000014946 add_time= 0.000126929
2750 0.000061834 2750 0.000006730 add_time= 0.000084784
2500 0.000045877 2500 0.000017223 add_time= 0.000077479
2500 0.000099283 2500 0.000013715 add_time= 0.000126691
2750 0.000083753 2750 0.000007358 add_time= 0.000118194
2700 0.000201042 2700 0.000018356 add_time= 0.000237058
2500 0.000016513 2500 0.000015155 add_time= 0.000066525
2600 0.000088633 2600 0.000007099 add_time= 0.000112833
2550 0.000044071 2550 0.000006859 add_time= 0.000066020
2550 0.000140450 2550 0.000007054 add_time= 0.000169491
2756 0.000089472 2756 0.000007553 add_time= 0.000114925
2600 0.000017713 2600 0.000015770 add_time= 0.000050398
2750 0.000015991 2750 0.000015597 add_time= 0.000045764
2750 0.000098115 2750 0.000007633 add_time= 0.000121443
2550 0.000079700 2550 0.000008016 add_time= 0.000118108
2700 0.000113808 2700 0.000006854 add_time= 0.000145371
2500 0.000191202 2500 0.000006710 add_time= 0.000214424
2600 0.000091237 2600 0.000007225 add_time= 0.000125816
2550 0.000076948 2550 0.000020879 add_time= 0.000113463
2750 0.000078308 2750 0.000008129 add_time= 0.000103984
2500 0.000128393 2500 0.000007192 add_time= 0.000151148
2500 0.000175975 2500 0.000007444 add_time= 0.000198825
2500 0.000033380 2500 0.000006863 add_time= 0.000056639
2860 0.000054093 2860 0.000006152 add_time= 0.000076118
2750 0.000118302 2750 0.000019645 add_time= 0.000154076
2601 0.000155884 2601 0.000006762 add_time= 0.000178634
2500 0.000076808 2500 0.000006892 add_time= 0.000099186
2650 0.000074162 2650 0.000006600 add_time= 0.000095138
2650 0.000306100 2650 0.000006965 add_time= 0.000329791
1300 0.000013001 1300 0.000015599 add_time= 0.000041128
3025 0.000047054 3025 0.000006457 add_time= 0.000069217
2750 0.000071882 2750 0.000007137 add_time= 0.000093641
2550 0.000055654 2550 0.000006133 add_time= 0.000076345
2500 0.000050807 2500 0.000012359 add_time= 0.000077162
2650 0.000127830 2650 0.000007119 add_time= 0.000151624
2860 0.000099384 2860 0.000006978 add_time= 0.000121655
2860 0.000016126 2860 0.000014028 add_time= 0.000043865
2550 0.000093221 2550 0.000006803 add_time= 0.000114757
2550 0.000055607 2550 0.000005925 add_time= 0.000074690
2500 0.000070280 2500 0.000005690 add_time= 0.000088762
2650 0.000179664 2650 0.000007033 add_time= 0.000202966
2550 0.000033245 2550 0.000014348 add_time= 0.000069130
2500 0.000138369 2500 0.000018441 add_time= 0.000170755
2500 0.000057521 2500 0.000006600 add_time= 0.000077618
2601 0.000085454 2601 0.000012176 add_time= 0.000118113
2500 0.000097174 2500 0.000009896 add_time= 0.000120432
2650 0.000377077 2650 0.000010201 add_time= 0.000423161
2600 0.000015623 2600 0.000015623 add_time= 0.000047633
2750 0.000079949 2750 0.000006984 add_time= 0.000102755
2500 0.000103109 2500 0.000007477 add_time= 0.000128011
2550 0.000050890 2550 0.000006632 add_time= 0.000073203
2500 0.000136137 2500 0.000006394 add_time= 0.000157257
2756 0.000082906 2756 0.000007438 add_time= 0.000107079
2600 0.000015881 2600 0.000032937 add_time= 0.000064562
2805 0.000077140 2805 0.000007310 add_time= 0.000101882
2754 0.000141286 2754 0.000015350 add_time= 0.000171541
2500 0.000192687 2500 0.000006884 add_time= 0.000220254
2750 0.000387097 2750 0.000006785 add_time= 0.000408351
2915 0.000104483 2915 0.000026474 add_time= 0.000148758
2750 0.000007450 2750 0.000024285 add_time= 0.000054659
2805 0.000105876 2805 0.000007719 add_time= 0.000129733
2550 0.000078552 2550 0.000006468 add_time= 0.000102630
2600 0.000152433 2600 0.000007138 add_time= 0.000175826
2750 0.000206079 2750 0.000018692 add_time= 0.000242092
2650 0.000057557 2650 0.000007525 add_time= 0.000081983
2860 0.000115353 2860 0.000007108 add_time= 0.000144523
1250 0.000054254 1250 0.000005923 add_time= 0.000074019
2703 0.000069237 2703 0.000006767 add_time= 0.000091728
2500 0.000186119 2500 0.000007154 add_time= 0.000209269
2500 0.000087609 2500 0.000006860 add_time= 0.000108335
2809 0.000059633 2809 0.000007470 add_time= 0.000083401
2600 0.000081851 2600 0.000012240 add_time= 0.000120783
2550 0.000066344 2550 0.000007179 add_time= 0.000097014
2805 0.000106561 2805 0.000007501 add_time= 0.000138895
2703 0.000065103 2703 0.000006909 add_time= 0.000096775
2805 0.000093323 2805 0.000007849 add_time= 0.000116707
2550 0.000157702 2550 0.000006494 add_time= 0.000184848
3025 0.000029543 3025 0.000040912 add_time= 0.000090081
2700 0.000315005 2700 0.000006459 add_time= 0.000336855
2750 0.000160014 2750 0.000007161 add_time= 0.000193290
2700 0.000124916 2700 0.000006620 add_time= 0.000158695
1375 0.000088220 1375 0.000015354 add_time= 0.000129125
2650 0.000076503 2650 0.000007017 add_time= 0.000101002
2600 0.000300585 2600 0.000006793 add_time= 0.000322759
2860 0.000267554 2860 0.000007404 add_time= 0.000300916
2550 0.000096713 2550 0.000006347 add_time= 0.000118437
2703 0.000113747 2703 0.000011430 add_time= 0.000158391
2750 0.000150873 2750 0.000006797 add_time= 0.000184895
1275 0.000089359 1275 0.000005493 add_time= 0.000107203
2650 0.000105512 2650 0.000007777 add_time= 0.000137205
2600 0.000052346 2600 0.000006517 add_time= 0.000074126
2750 0.000005835 2750 0.000024025 add_time= 0.000046951
2500 0.000073085 2500 0.000006855 add_time= 0.000101023
2500 0.000075626 2500 0.000007347 add_time= 0.000100306
2805 0.000124085 2805 0.000006603 add_time= 0.000146292
2500 0.000157023 2500 0.000007608 add_time= 0.000182142
2650 0.000108540 2650 0.000015496 add_time= 0.000187103
3025 0.000008730 3025 0.000009689 add_time= 0.000070298
3025 0.000093064 3025 0.000009314 add_time= 0.000136828
2550 0.000084405 2550 0.000009183 add_time= 0.000121383
2750 0.000060473 2750 0.000010499 add_time= 0.000098179
1275 0.000086996 1275 0.000008181 add_time= 0.000126757
2704 0.000229701 2704 0.000006148 add_time= 0.000251664
2860 0.000008193 2860 0.000025229 add_time= 0.000049770
2750 0.000089171 2750 0.000006795 add_time= 0.000109947
2550 0.000096144 2550 0.000006845 add_time= 0.000118096
2700 0.000077934 2700 0.000014583 add_time= 0.000107487
1250 0.000186969 1250 0.000006580 add_time= 0.000206739
2750 0.000223167 2750 0.000008409 add_time= 0.000260199
2600 0.000027400 2600 0.000024687 add_time= 0.000074491
3025 0.000189008 3025 0.000007193 add_time= 0.000213679
2805 0.000084462 2805 0.000008165 add_time= 0.000108841
2805 0.000123089 2805 0.000007025 add_time= 0.000146838
2805 0.000092528 2805 0.000007505 add_time= 0.000124401
1375 0.000065510 1375 0.000006462 add_time= 0.000084075
2756 0.000185747 2756 0.000008083 add_time= 0.000212461
2860 0.000028806 2860 0.000016023 add_time= 0.000059571
2860 0.000511444 2860 0.000007134 add_time= 0.000535048
2805 0.000107360 2805 0.000007286 add_time= 0.000131152
2750 0.000083281 2750 0.000006188 add_time= 0.000103760
2805 0.000121228 2805 0.000007422 add_time= 0.000145373
2915 0.000162479 2915 0.000007926 add_time= 0.000192042
2860 0.000019382 2860 0.000091811 add_time= 0.000127026
2750 0.000353532 2750 0.000007154 add_time= 0.000376173
2550 0.000094355 2550 0.000007186 add_time= 0.000116479
2550 0.000090185 2550 0.000017473 add_time= 0.000122378
2750 0.000268637 2750 0.000007132 add_time= 0.000292072
2500 0.000507843 2500 0.000008148 add_time= 0.000537516
2808 0.000018935 2808 0.000035517 add_time= 0.000090153
2750 0.000108849 2750 0.000007097 add_time= 0.000130589
2550 0.000103369 2550 0.000006974 add_time= 0.000125980
2500 0.000195638 2500 0.000018515 add_time= 0.000230360
2550 0.000065772 2550 0.000006989 add_time= 0.000087401
2500 0.000090240 2500 0.000007030 add_time= 0.000115853
2750 0.000015231 2750 0.000016233 add_time= 0.000046213
2500 0.000148558 2500 0.000007136 add_time= 0.000180503
1375 0.000088354 1375 0.000007068 add_time= 0.000109869
2652 0.000080876 2652 0.000006599 add_time= 0.000102049
2808 0.000156458 2808 0.000005809 add_time= 0.000181227
2860 0.000178534 2860 0.000014560 add_time= 0.000207990
2650 0.000120731 2650 0.000007068 add_time= 0.000146644
2500 0.000026856 2500 0.000072295 add_time= 0.000115241
2805 0.000252852 2805 0.000006983 add_time= 0.000275067
2600 0.000093998 2600 0.000006726 add_time= 0.000125675
2500 0.000070918 2500 0.000007266 add_time= 0.000094150
2750 0.000055051 2750 0.000007347 add_time= 0.000078585
2500 0.000094218 2500 0.000007174 add_time= 0.000119181
2600 0.000015256 2600 0.000014520 add_time= 0.000043775
2500 0.000137699 2500 0.000007038 add_time= 0.000160445
2700 0.000052703 2700 0.000016701 add_time= 0.000096228
2700 0.000076822 2700 0.000006553 add_time= 0.000106871
2550 0.000116189 2550 0.000006609 add_time= 0.000138400
2500 0.000228030 2500 0.000006361 add_time= 0.000251377
2652 0.000018116 2652 0.000015702 add_time= 0.000060266
2750 0.000409097 2750 0.000007710 add_time= 0.000434080
1375 0.000077132 1375 0.000016854 add_time= 0.000113020
2500 0.000073036 2500 0.000006922 add_time= 0.000104434
2550 0.000112174 2550 0.000014227 add_time= 0.000149405
2500 0.000548538 2500 0.000007146 add_time= 0.000574797
2700 0.000018639 2700 0.000039638 add_time= 0.000074580
2500 0.000040872 2500 0.000006602 add_time= 0.000074156
2652 0.000067933 2652 0.000007515 add_time= 0.000103590
2550 0.000055350 2550 0.000006692 add_time= 0.000076784
2500 0.000222878 2500 0.000018781 add_time= 0.000257990
2600 0.000109499 2600 0.000018932 add_time= 0.000145639
2550 0.000108802 2550 0.000006467 add_time= 0.000130913
2550 0.000054882 2550 0.000007963 add_time= 0.000087295
2500 0.000259683 2500 0.000007198 add_time= 0.000282801
1250 0.000160352 1250 0.000006261 add_time= 0.000180052
2600 0.000006779 2600 0.000024330 add_time= 0.000056536
2750 0.000072151 2750 0.000006758 add_time= 0.000094813
2750 0.000311841 2750 0.000018951 add_time= 0.000346928
2805 0.000080765 2805 0.000006948 add_time= 0.000101446
2860 0.000185616 2860 0.000007278 add_time= 0.000208912
2500 0.000235410 2500 0.000006876 add_time= 0.000257942
2652 0.000007586 2652 0.000034933 add_time= 0.000057494
2860 0.000007327 2860 0.000017956 add_time= 0.000039855
2700 0.000106671 2700 0.000006584 add_time= 0.000126792
2750 0.000068220 2750 0.000017788 add_time= 0.000102620
2550 0.000059215 2550 0.000007656 add_time= 0.000083264
3025 0.000252935 3025 0.000007446 add_time= 0.000277513
2756 0.000097643 2756 0.000008005 add_time= 0.000124403
2600 0.000006781 2600 0.000020998 add_time= 0.000043284
2500 0.000134674 2500 0.000006547 add_time= 0.000156863
2750 0.000054817 2750 0.000006967 add_time= 0.000077648
2500 0.000050471 2500 0.000006848 add_time= 0.000071430
2860 0.000079792 2860 0.000007366 add_time= 0.000114888
2915 0.000123107 2915 0.000007908 add_time= 0.000156710
1300 0.000006722 1300 0.000009903 add_time= 0.000030245
3025 0.000145816 3025 0.000006546 add_time= 0.000167055
2550 0.000059172 2550 0.000007400 add_time= 0.000082923
2754 0.000066009 2754 0.000006895 add_time= 0.000089401
1250 0.000042710 1250 0.000006328 add_time= 0.000062516
2650 0.000082263 2650 0.000007759 add_time= 0.000107696
2808 0.000065567 2808 0.000006919 add_time= 0.000098777
2600 0.000060763 2600 0.000006680 add_time= 0.000081483
2550 0.000072804 2550 0.000006320 add_time= 0.000094368
2550 0.000162176 2550 0.000010226 add_time= 0.000188814
2700 0.000356564 2700 0.000006488 add_time= 0.000377892
2500 0.000053137 2500 0.000007148 add_time= 0.000075190
2860 0.000007765 2860 0.000027963 add_time= 0.000051086
2805 0.000074789 2805 0.000006407 add_time= 0.000094679
2550 0.000130498 2550 0.000006518 add_time= 0.000149927
2750 0.000135690 2750 0.000006921 add_time= 0.000157552
2550 0.000059029 2550 0.000009565 add_time= 0.000099171
2600 0.000060288 2600 0.000089897 add_time= 0.000192224
2500 0.000049234 2500 0.000015402 add_time= 0.000086377
2500 0.000140124 2500 0.000007219 add_time= 0.000168093
2805 0.000051167 2805 0.000007810 add_time= 0.000084627
3025 0.000036496 3025 0.000027642 add_time= 0.000093480
2750 0.000088320 2750 0.000006750 add_time= 0.000110633
2600 0.000006624 2600 0.000080586 add_time= 0.000111223
2750 0.000113679 2750 0.000007174 add_time= 0.000136473
2500 0.000152857 2500 0.000007512 add_time= 0.000175868
2550 0.000096641 2550 0.000005821 add_time= 0.000116004
2805 0.000077256 2805 0.000007155 add_time= 0.000100317
2500 0.000047607 2500 0.000007359 add_time= 0.000070279
2600 0.000025435 2600 0.000015258 add_time= 0.000056353
2750 0.000072017 2750 0.000007011 add_time= 0.000093015
2805 0.000094392 2805 0.000006209 add_time= 0.000115769
2550 0.000143684 2550 0.000017959 add_time= 0.000182931
2650 0.000055251 2650 0.000006376 add_time= 0.000075229
2500 0.000157619 2500 0.000007561 add_time= 0.000181544
2750 0.000083436 2750 0.000007312 add_time= 0.000106704
3025 0.000070886 3025 0.000007753 add_time= 0.000094836
2550 0.000041307 2550 0.000007081 add_time= 0.000063557
2500 0.000053105 2500 0.000007031 add_time= 0.000076097
2970 0.000108056 2970 0.000007077 add_time= 0.000130015
2600 0.000311810 2600 0.000008023 add_time= 0.000336136
3025 0.000070479 3025 0.000006728 add_time= 0.000093088
2700 0.000079903 2700 0.000007007 add_time= 0.000107169
2550 0.000083586 2550 0.000007137 add_time= 0.000108478
2500 0.000093337 2500 0.000022734 add_time= 0.000131784
2500 0.000092108 2500 0.000007106 add_time= 0.000115585
2600 0.000016093 2600 0.000014975 add_time= 0.000045381
2750 0.000092200 2750 0.000007280 add_time= 0.000127077
2750 0.000103977 2750 0.000008704 add_time= 0.000128630
2550 0.000085215 2550 0.000006588 add_time= 0.000107044
2550 0.000145024 2550 0.000007376 add_time= 0.000178156
2550 0.000234424 2550 0.000008022 add_time= 0.000260457
2600 0.000028581 2600 0.000081836 add_time= 0.000124810
2750 0.000072524 2750 0.000007348 add_time= 0.000099783
2500 0.000070788 2500 0.000006506 add_time= 0.000092920
2601 0.000097023 2601 0.000007251 add_time= 0.000120390
2550 0.000091372 2550 0.000006196 add_time= 0.000112119
2500 0.000094977 2500 0.000007193 add_time= 0.000119874
2750 0.000017068 2750 0.000033415 add_time= 0.000075184
2500 0.000048740 2500 0.000007449 add_time= 0.000082371
2915 0.000035203 2915 0.000007008 add_time= 0.000059735
2550 0.000085010 2550 0.000006941 add_time= 0.000116962
2600 0.000068049 2600 0.000006146 add_time= 0.000088480
2750 0.000099054 2750 0.000014041 add_time= 0.000127094
2860 0.000143462 2860 0.000008262 add_time= 0.000171143
2500 0.000016423 2500 0.000014976 add_time= 0.000047678
2500 0.000090814 2500 0.000006667 add_time= 0.000112015
1275 0.000036709 1275 0.000005525 add_time= 0.000054561
2862 0.000086835 2862 0.000024522 add_time= 0.000126756
1325 0.000118650 1325 0.000005720 add_time= 0.000135537
2600 0.000151147 2600 0.000007261 add_time= 0.000176352
2550 0.000013878 2550 0.000033464 add_time= 0.000061190
1375 0.000124020 1375 0.000006459 add_time= 0.000142756
2550 0.000056581 2550 0.000011901 add_time= 0.000082794
2601 0.000123215 2601 0.000006397 add_time= 0.000143559
2700 0.000038614 2700 0.000006367 add_time= 0.000067407
1375 0.000095461 1375 0.000006208 add_time= 0.000113276
2600 0.000096293 2600 0.000007590 add_time= 0.000121283
2600 0.000028896 2600 0.000015245 add_time= 0.000060370
2750 0.000083682 2750 0.000006339 add_time= 0.000104329
2860 0.000150469 2860 0.000006738 add_time= 0.000182032
2805 0.000111384 2805 0.000006383 add_time= 0.000139116
2650 0.000080230 2650 0.000006203 add_time= 0.000111279
2500 0.000128215 2500 0.000006240 add_time= 0.000154293
2915 0.000320899 2915 0.000006647 add_time= 0.000349238
2750 0.000019392 2750 0.000083353 add_time= 0.000120306
2650 0.000108072 2650 0.000006379 add_time= 0.000130545
2550 0.000098027 2550 0.000018056 add_time= 0.000141094
2805 0.000091018 2805 0.000007105 add_time= 0.000113604
2550 0.000273642 2550 0.000007479 add_time= 0.000296839
1250 0.000165040 1250 0.000005363 add_time= 0.000182237
2500 0.000064322 2500 0.000007970 add_time= 0.000088871
2756 0.000060691 2756 0.000007332 add_time= 0.000082877
2750 0.000138715 2750 0.000006711 add_time= 0.000160016
2750 0.000081837 2750 0.000006515 add_time= 0.000102417
2500 0.000113708 2500 0.000007357 add_time= 0.000134565
2652 0.000061703 2652 0.000006164 add_time= 0.000081765
2550 0.000108954 2550 0.000007203 add_time= 0.000131994
2750 0.000042696 2750 0.000008262 add_time= 0.000080257
2600 0.000084661 2600 0.000006407 add_time= 0.000109365
2750 0.000007336 2750 0.000037815 add_time= 0.000059508
2500 0.000073241 2500 0.000007066 add_time= 0.000096379
2500 0.000081133 2500 0.000007903 add_time= 0.000104761
2970 0.000090272 2970 0.000007696 add_time= 0.000114482
3025 0.000089332 3025 0.000006700 add_time= 0.000111325
2704 0.000238436 2704 0.000006792 add_time= 0.000261328
2750 0.000007394 2750 0.000026573 add_time= 0.000050034
2500 0.000074353 2500 0.000006522 add_time= 0.000100356
2700 0.000154120 2700 0.000007701 add_time= 0.000183256
2700 0.000116554 2700 0.000006593 add_time= 0.000138716
1325 0.000053463 1325 0.000006513 add_time= 0.000078848
2500 0.000463590 2500 0.000006860 add_time= 0.000486481
1375 0.000084002 1375 0.000015340 add_time= 0.000113198
2750 0.000319428 2750 0.000006488 add_time= 0.000340103
2550 0.000148401 2550 0.000014850 add_time= 0.000189405
2550 0.000145605 2550 0.000005956 add_time= 0.000164376
1350 0.000118921 1350 0.000005653 add_time= 0.000135479
2650 0.000149122 2650 0.000007062 add_time= 0.000169391
2500 0.000075055 2500 0.000006641 add_time= 0.000100023
2860 0.000007914 2860 0.000015957 add_time= 0.000040189
2750 0.000027339 2750 0.000015871 add_time= 0.000056933
3025 0.000151711 3025 0.000007682 add_time= 0.000175610
2500 0.000173413 2500 0.000007779 add_time= 0.000197291
2500 0.000159062 2500 0.000007646 add_time= 0.000181681
2750 0.000106600 2750 0.000006744 add_time= 0.000126864
2500 0.000326322 2500 0.000006986 add_time= 0.000348786
2704 0.000576420 2704 0.000007530 add_time= 0.000598986
2750 0.000063482 2750 0.000007321 add_time= 0.000096663
2915 0.000076403 2915 0.000006295 add_time= 0.000096119
2652 0.000074446 2652 0.000007269 add_time= 0.000105886
2970 0.000141111 2970 0.000006934 add_time= 0.000173430
2750 0.000060661 2750 0.000008648 add_time= 0.000083119
2600 0.000166475 2600 0.000008036 add_time= 0.000193016
2500 0.000006300 2500 0.000034217 add_time= 0.000053703
2750 0.000041249 2750 0.000006149 add_time= 0.000061729
2915 0.000054011 2915 0.000006822 add_time= 0.000076465
2550 0.000154793 2550 0.000007104 add_time= 0.000177552
2550 0.000069034 2550 0.000006254 add_time= 0.000090075
2650 0.000428155 2650 0.000008170 add_time= 0.000466564
2915 0.000051491 2915 0.000008483 add_time= 0.000087696
2805 0.000078786 2805 0.000008631 add_time= 0.000124977
2805 0.000062741 2805 0.000007619 add_time= 0.000095057
2750 0.000065134 2750 0.000008780 add_time= 0.000100077
2600 0.000322723 2600 0.000006818 add_time= 0.000348077
2750 0.000039455 2750 0.000007104 add_time= 0.000072103
2750 0.000114216 2750 0.000007062 add_time= 0.000148633
2754 0.000164630 2754 0.000006463 add_time= 0.000186756
2700 0.000088673 2700 0.000006350 add_time= 0.000109950
1250 0.000138912 1250 0.000006150 add_time= 0.000158651
2703 0.000319698 2703 0.000007607 add_time= 0.000346877
2500 0.000016968 2500 0.000016152 add_time= 0.000058049
3025 0.000149043 3025 0.000007396 add_time= 0.000175066
2805 0.000282898 2805 0.000007460 add_time= 0.000306073
2550 0.000091851 2550 0.000006669 add_time= 0.000114441
2750 0.000081864 2750 0.000006584 add_time= 0.000104359
2650 0.000205618 2650 0.000007900 add_time= 0.000232302
2756 0.000078000 2756 0.000006938 add_time= 0.000100699
2750 0.000115485 2750 0.000007028 add_time= 0.000138698
2550 0.000201551 2550 0.000006470 add_time= 0.000222770
2550 0.000101885 2550 0.000006515 add_time= 0.000122427
2650 0.000060008 2650 0.000006220 add_time= 0.000084421
2915 0.000183357 2915 0.000006912 add_time= 0.000208065
2500 0.000017457 2500 0.000015647 add_time= 0.000074621
2550 0.000074033 2550 0.000006642 add_time= 0.000102610
2703 0.000083909 2703 0.000006498 add_time= 0.000104923
2805 0.000118432 2805 0.000007009 add_time= 0.000139612
2750 0.000079709 2750 0.000006442 add_time= 0.000100438
2700 0.000145135 2700 0.000007301 add_time= 0.000190242
2600 0.000123411 2600 0.000017557 add_time= 0.000155832
2550 0.000048137 2550 0.000006393 add_time= 0.000072845
2550 0.000220620 2550 0.000006176 add_time= 0.000240857
2550 0.000047683 2550 0.000006061 add_time= 0.000072504
2750 0.000099711 2750 0.000006622 add_time= 0.000120657
2750 0.000225291 2750 0.000006872 add_time= 0.000250045
2860 0.000016321 2860 0.000015795 add_time= 0.000047587
2550 0.000166576 2550 0.000006449 add_time= 0.000191852
2805 0.000111031 2805 0.000014503 add_time= 0.000140568
2500 0.000078466 2500 0.000006633 add_time= 0.000098818
2600 0.000069841 2600 0.000013624 add_time= 0.000095422
2650 0.000091247 2650 0.000007922 add_time= 0.000127995
2750 0.000018498 2750 0.000015441 add_time= 0.000049621
2500 0.000132144 2500 0.000006902 add_time= 0.000162131
2703 0.000060726 2703 0.000017760 add_time= 0.000097672
2500 0.000077562 2500 0.000006772 add_time= 0.000097834
1250 0.000123712 1250 0.000005984 add_time= 0.000141136
2750 0.000162254 2750 0.000007253 add_time= 0.000187750
2600 0.000017241 2600 0.000015004 add_time= 0.000047247
2750 0.000078790 2750 0.000006729 add_time= 0.000099560
2750 0.000118299 2750 0.000005352 add_time= 0.000137513
2550 0.000110208 2550 0.000006235 add_time= 0.000130490
2750 0.000488615 2750 0.000006179 add_time= 0.000509215
2805 0.000103121 2805 0.000007141 add_time= 0.000125416
2650 0.000234366 2650 0.000009402 add_time= 0.000263028
2704 0.000135214 2704 0.000007118 add_time= 0.000181484
1250 0.000123433 1250 0.000006206 add_time= 0.000141503
3025 0.000082397 3025 0.000007188 add_time= 0.000105209
2550 0.000098678 2550 0.000006080 add_time= 0.000118793
2750 0.000096696 2750 0.000007001 add_time= 0.000118292
1250 0.000092579 1250 0.000005515 add_time= 0.000110107
2915 0.000208597 2915 0.000009441 add_time= 0.000243615
2750 0.000116699 2750 0.000006849 add_time= 0.000138736
2600 0.000103105 2600 0.000014850 add_time= 0.000131652
2754 0.000066411 2754 0.000018087 add_time= 0.000098876
2700 0.000384479 2700 0.000006322 add_time= 0.000411751
2500 0.000095964 2500 0.000006371 add_time= 0.000117070
2650 0.000273092 2650 0.000008226 add_time= 0.000299796
2970 0.000064195 2970 0.000006901 add_time= 0.000087396
2750 0.000030713 2750 0.000007359 add_time= 0.000052559
2550 0.000101945 2550 0.000006048 add_time= 0.000126419
2750 0.000206922 2750 0.000006675 add_time= 0.000228620
2750 0.000091780 2750 0.000006702 add_time= 0.000121676
2550 0.000129589 2550 0.000010366 add_time= 0.000168121
2600 0.000007830 2600 0.000015737 add_time= 0.000047956
2750 0.000067248 2750 0.000007379 add_time= 0.000092380
2703 0.000193878 2703 0.000008051 add_time= 0.000219085
2500 0.000216504 2500 0.000006952 add_time= 0.000239511
2805 0.000052622 2805 0.000006879 add_time= 0.000080664
2650 0.000377034 2650 0.000007857 add_time= 0.000401925
2750 0.000007621 2750 0.000034265 add_time= 0.000057967
2500 0.000084148 2500 0.000007053 add_time= 0.000109431
2750 0.000053899 2750 0.000007127 add_time= 0.000076922
2550 0.000079422 2550 0.000006903 add_time= 0.000101029
2970 0.000093411 2970 0.000006179 add_time= 0.000114933
2500 0.000053903 2500 0.000005613 add_time= 0.000082202
2550 0.000096217 2550 0.000007186 add_time= 0.000119545
2600 0.000007995 2600 0.000018608 add_time= 0.000042270
2805 0.000100084 2805 0.000007749 add_time= 0.000124773
2550 0.000305913 2550 0.000044411 add_time= 0.000365550
2500 0.000179863 2500 0.000007054 add_time= 0.000206755
2750 0.000085707 2750 0.000006315 add_time= 0.000105985
2500 0.000144839 2500 0.000006767 add_time= 0.000180989
2650 0.000007101 2650 0.000023726 add_time= 0.000045299
2500 0.000074253 2500 0.000007450 add_time= 0.000097366
2805 0.000229423 2805 0.000008200 add_time= 0.000252194
2550 0.000102726 2550 0.000005706 add_time= 0.000130830
2805 0.000108934 2805 0.000007681 add_time= 0.000132588
2700 0.000567561 2700 0.000007163 add_time= 0.000591145
3025 0.000007049 3025 0.000016166 add_time= 0.000047051
2500 0.000068673 2500 0.000007410 add_time= 0.000102542
2600 0.000104365 2600 0.000006886 add_time= 0.000126716
2970 0.000117741 2970 0.000027685 add_time= 0.000161413
2700 0.000036101 2700 0.000007217 add_time= 0.000065099
2750 0.000459089 2750 0.000015738 add_time= 0.000496789
2600 0.000157278 2600 0.000006964 add_time= 0.000180498
2550 0.000087408 2550 0.000005844 add_time= 0.000116355
2500 0.000132693 2500 0.000007684 add_time= 0.000161628
2805 0.000061069 2805 0.000006656 add_time= 0.000084683
2915 0.000394815 2915 0.000007376 add_time= 0.000419655
2703 0.000187989 2703 0.000007291 add_time= 0.000212752
2750 0.000073011 2750 0.000007560 add_time= 0.000097361
1250 0.000053276 1250 0.000005678 add_time= 0.000073022
2500 0.000217249 2500 0.000007327 add_time= 0.000248527
2600 0.000128950 2600 0.000007167 add_time= 0.000169869
2600 0.000144146 2600 0.000007359 add_time= 0.000168772
2750 0.000007026 2750 0.000027278 add_time= 0.000050234
2500 0.000067119 2500 0.000007735 add_time= 0.000089614
2550 0.000117192 2550 0.000006290 add_time= 0.000137721
2500 0.000056951 2500 0.000006741 add_time= 0.000077853
2750 0.000125005 2750 0.000006862 add_time= 0.000146280
2600 0.000117744 2600 0.000008433 add_time= 0.000172751
2915 0.000070271 2915 0.000025001 add_time= 0.000123604
2650 0.000069353 2650 0.000008267 add_time= 0.000105971
2703 0.000035028 2703 0.000008434 add_time= 0.000081369
2754 0.000079492 2754 0.000014405 add_time= 0.000119821
2805 0.000113086 2805 0.000008780 add_time= 0.000155002
625 0.000034335 625 0.000011602 add_time= 0.000076483
2500 0.000167757 2500 0.000006650 add_time= 0.000191563
2860 0.000007619 2860 0.000023793 add_time= 0.000046233
2500 0.000029844 2500 0.000006789 add_time= 0.000051942
3025 0.000104454 3025 0.000006281 add_time= 0.000125884
2601 0.000107774 2601 0.000006313 add_time= 0.000128120
2500 0.000068541 2500 0.000007543 add_time= 0.000091996
2650 0.000123134 2650 0.000007952 add_time= 0.000149475
2600 0.000071789 2600 0.000006696 add_time= 0.000093838
2750 0.000138713 2750 0.000007725 add_time= 0.000162264
2970 0.000083920 2970 0.000007611 add_time= 0.000116251
2550 0.000089942 2550 0.000006851 add_time= 0.000112712
2500 0.000201419 2500 0.000007676 add_time= 0.000224826
2756 0.000104889 2756 0.000007391 add_time= 0.000129040
1300 0.000039751 1300 0.000005252 add_time= 0.000065553
2550 0.000026511 2550 0.000015032 add_time= 0.000063156
2500 0.000115137 2500 0.000007841 add_time= 0.000144704
2750 0.000126905 2750 0.000006626 add_time= 0.000147450
2754 0.000101423 2754 0.000007804 add_time= 0.000124989
2750 0.000067800 2750 0.000007133 add_time= 0.000110027
1250 0.000346286 1250 0.000006183 add_time= 0.000363488
2750 0.000135996 2750 0.000008070 add_time= 0.000160973
2860 0.000016724 2860 0.000016857 add_time= 0.000056920
2805 0.000154465 2805 0.000007850 add_time= 0.000178793
2550 0.000108218 2550 0.000007482 add_time= 0.000142745
2650 0.000131891 2650 0.000007460 add_time= 0.000155301
2750 0.000154560 2750 0.000007493 add_time= 0.000183144
2650 0.000373973 2650 0.000007714 add_time= 0.000398888
2600 0.000059378 2600 0.000006545 add_time= 0.000081051
2805 0.000050093 2805 0.000006987 add_time= 0.000072901
2550 0.000144384 2550 0.000007593 add_time= 0.000167493
2700 0.000113610 2700 0.000007549 add_time= 0.000146003
2756 0.000096662 2756 0.000020051 add_time= 0.000135019
2970 0.000079616 2970 0.000007263 add_time= 0.000103799
3025 0.000081595 3025 0.000008301 add_time= 0.000113589
2550 0.000091932 2550 0.000006618 add_time= 0.000113436
2500 0.000181186 2500 0.000008002 add_time= 0.000203005
1250 0.000172982 1250 0.000006573 add_time= 0.000192988
2600 0.000026979 2600 0.000014717 add_time= 0.000064444
1250 0.000058689 1250 0.000005894 add_time= 0.000075072
2500 0.000086914 2500 0.000006199 add_time= 0.000106562
2550 0.000137351 2550 0.000006239 add_time= 0.000157054
1250 0.000150081 1250 0.000007028 add_time= 0.000167945
2500 0.000213098 2500 0.000007095 add_time= 0.000235884
2652 0.000016458 2652 0.000016849 add_time= 0.000047879
3025 0.000015964 3025 0.000019526 add_time= 0.000050253
2750 0.000144756 2750 0.000007216 add_time= 0.000167914
2500 0.000101337 2500 0.000006324 add_time= 0.000121693
2754 0.000090997 2754 0.000006767 add_time= 0.000124996
2750 0.000076743 2750 0.000006047 add_time= 0.000096658
2500 0.000206923 2500 0.000006552 add_time= 0.000229580
2550 0.000090724 2550 0.000016199 add_time= 0.000121846
2805 0.000112514 2805 0.000008013 add_time= 0.000136190
2600 0.000109469 2600 0.000007666 add_time= 0.000132588
2700 0.000072235 2700 0.000008087 add_time= 0.000094917
2750 0.000172391 2750 0.000006963 add_time= 0.000199143
1275 0.000131764 1275 0.000005362 add_time= 0.000148154
2750 0.000209651 2750 0.000007226 add_time= 0.000233223
2700 0.000104122 2700 0.000007269 add_time= 0.000126490
2805 0.000121409 2805 0.000011791 add_time= 0.000149192
2550 0.000220579 2550 0.000006817 add_time= 0.000241376
2750 0.000074296 2750 0.000007486 add_time= 0.000097909
2650 0.000383396 2650 0.000006499 add_time= 0.000406161
2750 0.000028311 2750 0.000016008 add_time= 0.000060037
2750 0.000080389 2750 0.000014761 add_time= 0.000121697
2700 0.000097020 2700 0.000006375 add_time= 0.000117485
2500 0.000135547 2500 0.000006430 add_time= 0.000159970
2550 0.000111037 2550 0.000006142 add_time= 0.000130527
2805 0.000178473 2805 0.000007404 add_time= 0.000208600
2600 0.000127511 2600 0.000007208 add_time= 0.000155467
2600 0.000056962 2600 0.000006362 add_time= 0.000078041
2500 0.000161975 2500 0.000006029 add_time= 0.000188703
2860 0.000222080 2860 0.000007618 add_time= 0.000255956
2750 0.000142843 2750 0.000006972 add_time= 0.000164741
2700 0.000184140 2700 0.000006771 add_time= 0.000204597
2750 0.000178243 2750 0.000006469 add_time= 0.000198850
2500 0.000389644 2500 0.000015040 add_time= 0.000431807
2600 0.000007271 2600 0.000034385 add_time= 0.000055920
2600 0.000138169 2600 0.000006604 add_time= 0.000164310
2601 0.000214217 2601 0.000007164 add_time= 0.000237042
2750 0.000189616 2750 0.000007625 add_time= 0.000213328
2500 0.000055364 2500 0.000005776 add_time= 0.000074844
2650 0.000131558 2650 0.000006751 add_time= 0.000154513
2860 0.000567578 2860 0.000006971 add_time= 0.000589414
2500 0.000127850 2500 0.000005937 add_time= 0.000148185
2860 0.000075422 2860 0.000007256 add_time= 0.000098449
2601 0.000197546 2601 0.000006903 add_time= 0.000218364
2750 0.000053393 2750 0.000007515 add_time= 0.000087355
2704 0.000147540 2704 0.000006623 add_time= 0.000169968
2860 0.000007779 2860 0.000014652 add_time= 0.000037716
2500 0.000067630 2500 0.000006329 add_time= 0.000088692
2500 0.000075628 2500 0.000006741 add_time= 0.000104817
2700 0.000078406 2700 0.000006799 add_time= 0.000109395
2756 0.000133230 2756 0.000007026 add_time= 0.000157547
2600 0.000006148 2600 0.000015635 add_time= 0.000046489
2860 0.000164388 2860 0.000006890 add_time= 0.000187951
3025 0.000114892 3025 0.000007410 add_time= 0.000145336
2805 0.000148346 2805 0.000007539 add_time= 0.000169793
2750 0.000153426 2750 0.000006470 add_time= 0.000182972
2750 0.000103134 2750 0.000007214 add_time= 0.000126251
2750 0.000204352 2750 0.000008350 add_time= 0.000240445
2600 0.000077893 2600 0.000005698 add_time= 0.000097748
1250 0.000215432 1250 0.000006177 add_time= 0.000235219
2550 0.000092167 2550 0.000006919 add_time= 0.000114845
2500 0.000312888 2500 0.000007305 add_time= 0.000336134
2600 0.000082232 2600 0.000006736 add_time= 0.000111251
2703 0.000246606 2703 0.000015409 add_time= 0.000279554
2750 0.000099632 2750 0.000007030 add_time= 0.000122872
2750 0.000088680 2750 0.000007595 add_time= 0.000112108
2550 0.000156591 2550 0.000006307 add_time= 0.000177321
2862 0.000313794 2862 0.000007640 add_time= 0.000349229
2750 0.000075019 2750 0.000015140 add_time= 0.000104558
2550 0.000160033 2550 0.000007027 add_time= 0.000187101
2805 0.000035134 2805 0.000007215 add_time= 0.000060432
2500 0.000100433 2500 0.000006123 add_time= 0.000121280
2500 0.000049099 2500 0.000008042 add_time= 0.000076142
2750 0.000143981 2750 0.000006728 add_time= 0.000166608
2600 0.000072101 2600 0.000006976 add_time= 0.000094529
2750 0.000142660 2750 0.000008424 add_time= 0.000182623
2700 0.000052453 2700 0.000055925 add_time= 0.000137839
2500 0.000041024 2500 0.000009063 add_time= 0.000084571
2500 0.000006819 2500 0.000008751 add_time= 0.000041350
2750 0.000082404 2750 0.000009437 add_time= 0.000121521
2500 0.000047834 2500 0.000008191 add_time= 0.000091128
2650 0.000143963 2650 0.000006219 add_time= 0.000175764
2550 0.000007401 2550 0.000023854 add_time= 0.000055676
2750 0.000117133 2750 0.000006840 add_time= 0.000138782
2500 0.000034488 2500 0.000006877 add_time= 0.000067666
2550 0.000059741 2550 0.000007023 add_time= 0.000080928
2860 0.000069972 2860 0.000007383 add_time= 0.000110230
2915 0.000190433 2915 0.000013884 add_time= 0.000219590
2600 0.000163875 2600 0.000006372 add_time= 0.000182904
2750 0.000115801 2750 0.000007347 add_time= 0.000137698
2601 0.000129350 2601 0.000018507 add_time= 0.000161103
1250 0.000086454 1250 0.000007666 add_time= 0.000117196
1275 0.000067074 1275 0.000006912 add_time= 0.000086481
2650 0.000129062 2650 0.000006719 add_time= 0.000151031
2808 0.000013490 2808 0.000070599 add_time= 0.000102927
2750 0.000067923 2750 0.000005966 add_time= 0.000086761
2750 0.000070796 2750 0.000006920 add_time= 0.000093008
2550 0.000064540 2550 0.000006476 add_time= 0.000085578
2750 0.000076630 2750 0.000007332 add_time= 0.000099020
2600 0.000253655 2600 0.000007952 add_time= 0.000276765
2750 0.000016408 2750 0.000015946 add_time= 0.000047340
2500 0.000075505 2500 0.000006490 add_time= 0.000096876
1250 0.000062998 1250 0.000006710 add_time= 0.000093287
2700 0.000106141 2700 0.000006667 add_time= 0.000127275
1275 0.000056837 1275 0.000006470 add_time= 0.000075970
2915 0.000143095 2915 0.000007400 add_time= 0.000165964
2860 0.000025749 2860 0.000026746 add_time= 0.000067800
2860 0.000347027 2860 0.000006301 add_time= 0.000366418
2805 0.000088192 2805 0.000006657 add_time= 0.000120953
2601 0.000046003 2601 0.000006885 add_time= 0.000073992
2700 0.000087689 2700 0.000018223 add_time= 0.000121444
2650 0.000088338 2650 0.000007180 add_time= 0.000110919
2500 0.000022652 2500 0.000015620 add_time= 0.000053435
2500 0.000052087 2500 0.000006889 add_time= 0.000074231
2750 0.000074592 2750 0.000007340 add_time= 0.000097216
2700 0.000052204 2700 0.000007093 add_time= 0.000074352
3025 0.000071046 3025 0.000006448 add_time= 0.000091348
2650 0.000455048 2650 0.000007362 add_time= 0.000477834
2500 0.000007368 2500 0.000014815 add_time= 0.000037189
2600 0.000089930 2600 0.000018597 add_time= 0.000123329
2500 0.000111985 2500 0.000016877 add_time= 0.000153611
2600 0.000132220 2600 0.000006844 add_time= 0.000152150
2750 0.000088630 2750 0.000007762 add_time= 0.000111130
2650 0.000464930 2650 0.000007028 add_time= 0.000487120
2600 0.000015884 2600 0.000014670 add_time= 0.000043932
2805 0.000073161 2805 0.000006530 add_time= 0.000092559
2805 0.000105882 2805 0.000007602 add_time= 0.000129337
2500 0.000063098 2500 0.000005842 add_time= 0.000081869
2550 0.000044751 2550 0.000005739 add_time= 0.000063429
2750 0.000085063 2750 0.000006860 add_time= 0.000106718
2809 0.000327498 2809 0.000007015 add_time= 0.000350581
2600 0.000103843 2600 0.000012130 add_time= 0.000129383
2750 0.000270254 2750 0.000006890 add_time= 0.000292576
2601 0.000171494 2601 0.000006907 add_time= 0.000191254
2808 0.000162676 2808 0.000007374 add_time= 0.000185280
1275 0.000049732 1275 0.000006176 add_time= 0.000067887
2750 0.000409835 2750 0.000007137 add_time= 0.000432131
2550 0.000016293 2550 0.000029909 add_time= 0.000060792
2750 0.000120615 2750 0.000007221 add_time= 0.000142921
2652 0.000087192 2652 0.000007508 add_time= 0.000109643
2700 0.000118809 2700 0.000007439 add_time= 0.000141279
2750 0.000149741 2750 0.000006559 add_time= 0.000169777
2500 0.000138798 2500 0.000006645 add_time= 0.000160485
2500 0.000026129 2500 0.000014581 add_time= 0.000064299
2550 0.000117355 2550 0.000006812 add_time= 0.000137761
2915 0.000065600 2915 0.000006278 add_time= 0.000085833
2601 0.000114104 2601 0.000007550 add_time= 0.000136863
2500 0.000110006 2500 0.000007213 add_time= 0.000132305
2650 0.000689931 2650 0.000008297 add_time= 0.000722377
2600 0.000008625 2600 0.000031428 add_time= 0.000057657
2550 0.000274983 2550 0.000006666 add_time= 0.000296510
2500 0.000149635 2500 0.000006556 add_time= 0.000170096
2550 0.000360469 2550 0.000024490 add_time= 0.000399800
2754 0.000102678 2754 0.000006435 add_time= 0.000128013
1250 0.000042447 1250 0.000005627 add_time= 0.000060075
2600 0.000206184 2600 0.000006875 add_time= 0.000241307
2915 0.000007852 2915 0.000016280 add_time= 0.000040017
2550 0.000222124 2550 0.000005836 add_time= 0.000253620
2750 0.000088799 2750 0.000006691 add_time= 0.000109330
2550 0.000063861 2550 0.000007482 add_time= 0.000087743
2750 0.000095970 2750 0.000026685 add_time= 0.000145744
2500 0.000167980 2500 0.000019856 add_time= 0.000205862
2600 0.000007743 2600 0.000038174 add_time= 0.000062091
2750 0.000006355 2750 0.000032159 add_time= 0.000071493
2650 0.000056264 2650 0.000007402 add_time= 0.000078541
2601 0.000317024 2601 0.000033559 add_time= 0.000367197
2700 0.000124278 2700 0.000032958 add_time= 0.000173332
2500 0.000089460 2500 0.000006041 add_time= 0.000109440
2650 0.000117198 2650 0.000026406 add_time= 0.000160365
2750 0.000019160 2750 0.000023466 add_time= 0.000058579
2750 0.000132107 2750 0.000007035 add_time= 0.000162354
2805 0.000142529 2805 0.000006263 add_time= 0.000163806
2805 0.000132115 2805 0.000007354 add_time= 0.000155771
2970 0.000086408 2970 0.000022196 add_time= 0.000124773
