2915 0.000200047 2915 0.000016187 add_time= 0.001862175
2550 0.000045927 2550 0.000008983 add_time= 0.000070472
2915 0.000453199 2915 0.000007999 add_time= 0.000482827
2500 0.000060042 2500 0.000006972 add_time= 0.000082542
2750 0.000149579 2750 0.000007276 add_time= 0.000173075
2652 0.000097568 2652 0.000012624 add_time= 0.000159214
2750 0.000214138 2750 0.000008213 add_time= 0.000260200
2500 0.000193166 2500 0.000006153 add_time= 0.000255747
2750 0.000148237 2750 0.000008214 add_time= 0.000188030
2808 0.000080779 2808 0.000009573 add_time= 0.000128735
2500 0.000219564 2500 0.000008997 add_time= 0.000263483
2860 0.000136805 2860 0.000008455 add_time= 0.000185962
1250 0.000254747 1250 0.000006462 add_time= 0.000292527
2750 0.000053049 2750 0.000015358 add_time= 0.000099250
2550 0.000342903 2550 0.000008939 add_time= 0.000385035
2500 0.000079631 2500 0.000008726 add_time= 0.000104354
2808 0.000444036 2808 0.000042514 add_time= 0.000516395
2703 0.000435937 2703 0.000006902 add_time= 0.000466858
3025 0.000123397 3025 0.000008276 add_time= 0.000151420
2550 0.000268565 2550 0.000009920 add_time= 0.000383590
2750 0.000102308 2750 0.000009425 add_time= 0.000167294
2700 0.000079419 2700 0.000011634 add_time= 0.000134213
2600 0.000181584 2600 0.000014166 add_time= 0.000547976
2652 0.000043408 2652 0.000094516 add_time= 0.000240465
2916 0.000072576 2916 0.000009122 add_time= 0.000194285
2704 0.000223001 2704 0.000015229 add_time= 0.002020097
2750 0.000075245 2750 0.000009297 add_time= 0.000101723
2600 0.000019067 2600 0.000031374 add_time= 0.000086561
2600 0.000268327 2600 0.000008529 add_time= 0.000298489
2805 0.000069691 2805 0.000006929 add_time= 0.000093715
2750 0.000046789 2750 0.000006475 add_time= 0.000067920
1275 0.000040072 1275 0.000006372 add_time= 0.000061949
2750 0.000227508 2750 0.000009584 add_time= 0.000345299
2805 0.000261752 2805 0.000017066 add_time= 0.000306042
2500 0.000272728 2500 0.000010046 add_time= 0.000313275
2750 0.000125480 2750 0.000015669 add_time= 0.000167542
2550 0.000411101 2550 0.000008531 add_time= 0.000456095
2500 0.000359209 2500 0.000007678 add_time= 0.000407075
2500 0.000112004 2500 0.000046121 add_time= 0.000173260
2550 0.000093616 2550 0.000007343 add_time= 0.000124526
1300 0.000080412 1300 0.000006936 add_time= 0.000102786
2600 0.000267176 2600 0.000007801 add_time= 0.000297008
2550 0.000272010 2550 0.000007133 add_time= 0.000295331
1250 0.000075563 1250 0.000006502 add_time= 0.000095673
2600 0.000417344 2600 0.000017731 add_time= 0.000460994
2500 0.000017760 2500 0.000033231 add_time= 0.000066910
2550 0.000103505 2550 0.000015382 add_time= 0.000133466
2650 0.000302674 2650 0.000021201 add_time= 0.000446390
2805 0.000069889 2805 0.000140237 add_time= 0.000239540
1350 0.000049635 1350 0.000008153 add_time= 0.000092635
