2600 0.000955941 2600 0.000014400 add_time= 0.002348587
2750 0.000060097 2750 0.000008651 add_time= 0.000095894
2601 0.000098971 2601 0.000008479 add_time= 0.000123186
2500 0.000313922 2500 0.000008729 add_time= 0.000342617
1250 0.000072451 1250 0.000006993 add_time= 0.000106693
2700 0.000141830 2700 0.000007496 add_time= 0.000166250
3025 0.000456768 3025 0.000102133 add_time= 0.000672318
2601 0.000457804 2601 0.000008220 add_time= 0.000482686
2750 0.000112722 2750 0.000040199 add_time= 0.000183867
2805 0.000181305 2805 0.000006839 add_time= 0.000205431
2600 0.000549512 2600 0.000008831 add_time= 0.000600862
2500 0.000098035 2500 0.000006832 add_time= 0.000121340
1300 0.000129274 1300 0.000007226 add_time= 0.000155743
2805 0.000130863 2805 0.000007280 add_time= 0.000166169
1250 0.001421310 1250 0.000005785 add_time= 0.001439573
2600 0.000146037 2600 0.000007505 add_time= 0.000177790
2500 0.000101993 2500 0.000011492 add_time= 0.000139018
2500 0.000099451 2500 0.000006919 add_time= 0.000121882
2500 0.000810189 2500 0.000007097 add_time= 0.000832990
2600 0.000222104 2600 0.000049294 add_time= 0.000422987
2652 0.000035270 2652 0.000008920 add_time= 0.000080157
2754 0.000089990 2754 0.000008412 add_time= 0.000124019
2652 0.000020357 2652 0.000031547 add_time= 0.001406110
1375 0.000098721 1375 0.000008128 add_time= 0.000121786
2860 0.000156240 2860 0.000008063 add_time= 0.000178967
3025 0.000138888 3025 0.000009624 add_time= 0.000164840
3025 0.000680150 3025 0.000007614 add_time= 0.000720350
2805 0.000071918 2805 0.000007169 add_time= 0.000103775
1250 0.000063487 1250 0.000007378 add_time= 0.000101264
2600 0.000010209 2600 0.000028722 add_time= 0.000081044
2500 0.000148607 2500 0.000007133 add_time= 0.000170953
2601 0.000274105 2601 0.000007819 add_time= 0.000297772
2703 0.000373620 2703 0.000009279 add_time= 0.000410160
2550 0.000077445 2550 0.000008435 add_time= 0.000102093
2500 0.000125247 2500 0.000007651 add_time= 0.000148807
2500 0.000121357 2500 0.000007201 add_time= 0.000144066
2600 0.000021957 2600 0.000017011 add_time= 0.000065342
2750 0.000071811 2750 0.000009473 add_time= 0.000116746
2750 0.000185611 2750 0.000008687 add_time= 0.000208618
2500 0.000180243 2500 0.000006296 add_time= 0.000199983
2500 0.000133449 2500 0.000007275 add_time= 0.000156533
2750 0.000465702 2750 0.000007944 add_time= 0.000494441
2600 0.000189979 2600 0.000060452 add_time= 0.000277315
1300 0.000016597 1300 0.000016238 add_time= 0.000063242
2550 0.000096479 2550 0.000007169 add_time= 0.000129587
2500 0.000107474 2500 0.000032831 add_time= 0.000163899
2750 0.000139889 2750 0.000008569 add_time= 0.000186277
2600 0.000190876 2600 0.000038539 add_time= 0.000329273
2750 0.000059047 2750 0.000010026 add_time= 0.000122059
3025 0.000092517 3025 0.000009115 add_time= 0.000132797
2500 0.000170008 2500 0.000012781 add_time= 0.001402932
3025 0.000099048 3025 0.000018380 add_time= 0.000135458
2750 0.000030509 2750 0.000005675 add_time= 0.000049241
2805 0.000045809 2805 0.000007463 add_time= 0.000069294
2860 0.000070845 2860 0.000012372 add_time= 0.000099156
2809 0.000026603 2809 0.000006964 add_time= 0.000052048
2808 0.000058780 2808 0.000006582 add_time= 0.000092423
2750 0.000015619 2750 0.000029969 add_time= 0.000060556
2700 0.000071240 2700 0.000006469 add_time= 0.000103269
2750 0.000057303 2750 0.000006456 add_time= 0.000079761
2754 0.000048006 2754 0.000018072 add_time= 0.000098064
1275 0.000034002 1275 0.000005841 add_time= 0.000054908
2915 0.000452901 2915 0.000011611 add_time= 0.000542307
2600 0.000009123 2600 0.000026990 add_time= 0.000054017
1250 0.000142906 1250 0.000007448 add_time= 0.000179186
3025 0.000045660 3025 0.000008452 add_time= 0.000083515
2805 0.000080006 2805 0.000007421 add_time= 0.000105029
3025 0.000151284 3025 0.000007493 add_time= 0.000176971
1250 0.000030007 1250 0.000005943 add_time= 0.000049471
2650 0.000267192 2650 0.000007704 add_time= 0.000296227
1300 0.000033069 1300 0.000006727 add_time= 0.000056345
2750 0.000055583 2750 0.000006775 add_time= 0.000078168
1250 0.000037618 1250 0.000006131 add_time= 0.000058509
2703 0.000082389 2703 0.000007295 add_time= 0.000107185
2700 0.000070482 2700 0.000018900 add_time= 0.000105781
2600 0.000130471 2600 0.000007319 add_time= 0.000153337
1325 0.000163212 1325 0.000006937 add_time= 0.000206543
2550 0.000015241 2550 0.000020173 add_time= 0.000061771
2750 0.000285849 2750 0.000015333 add_time= 0.000321008
1275 0.000319402 1275 0.000005990 add_time= 0.000339554
2500 0.000102616 2500 0.000007064 add_time= 0.000126823
2500 0.000079033 2500 0.000007040 add_time= 0.000103868
2704 0.000212476 2704 0.000006642 add_time= 0.000234596
2915 0.000123075 2915 0.000007216 add_time= 0.000159694
2750 0.000115516 2750 0.000009854 add_time= 0.000140961
2550 0.000243829 2550 0.000007218 add_time= 0.000271439
3025 0.000287812 3025 0.000006842 add_time= 0.000310827
2500 0.000391443 2500 0.000007428 add_time= 0.000418240
1250 0.000006003 1250 0.000016129 add_time= 0.000037013
2860 0.000088413 2860 0.000015906 add_time= 0.000119845
2805 0.000059287 2805 0.000007185 add_time= 0.000081458
2500 0.000211413 2500 0.000006462 add_time= 0.000232398
2500 0.000088876 2500 0.000006685 add_time= 0.000108792
2750 0.000066217 2750 0.000005916 add_time= 0.000085935
2550 0.000158832 2550 0.000009326 add_time= 0.000266562
2750 0.000069356 2750 0.000028626 add_time= 0.000130954
2500 0.000050807 2500 0.000008867 add_time= 0.000085176
2652 0.000034402 2652 0.000009304 add_time= 0.000071214
2500 0.000013819 2500 0.000009201 add_time= 0.000049888
1250 0.000123720 1250 0.000008418 add_time= 0.000161748
2600 0.000015503 2600 0.000022404 add_time= 0.000065591
2500 0.000290078 2500 0.000007048 add_time= 0.000312642
2650 0.000026874 2650 0.000018225 add_time= 0.000075423
2550 0.000164657 2550 0.000006408 add_time= 0.000185750
2750 0.000290514 2750 0.000006400 add_time= 0.000310943
2915 0.000368371 2915 0.000009080 add_time= 0.000394966
2600 0.000006310 2600 0.000022255 add_time= 0.000043299
2750 0.000033117 2750 0.000007363 add_time= 0.000058684
1375 0.000259178 1375 0.000010387 add_time= 0.000285088
2500 0.000275637 2500 0.000014991 add_time= 0.000307075
1275 0.000034137 1275 0.000006571 add_time= 0.000054848
2862 0.000154763 2862 0.000006812 add_time= 0.000180807
2652 0.000016821 2652 0.000030383 add_time= 0.000061963
3025 0.000245150 3025 0.000006477 add_time= 0.000269155
2550 0.000236558 2550 0.000006700 add_time= 0.000262576
2500 0.000192795 2500 0.000006563 add_time= 0.000224751
1250 0.000041968 1250 0.000013270 add_time= 0.000069603
2750 0.000278483 2750 0.000006949 add_time= 0.000307897
1375 0.000183038 1375 0.000005834 add_time= 0.000203836
2500 0.000187318 2500 0.000006993 add_time= 0.000216722
2652 0.000104616 2652 0.000006828 add_time= 0.000127956
2970 0.000168469 2970 0.000007152 add_time= 0.000192721
2700 0.000421497 2700 0.000018001 add_time= 0.000466238
2750 0.000006747 2750 0.000026665 add_time= 0.000049075
2750 0.000255962 2750 0.000006572 add_time= 0.000279311
2805 0.000116325 2805 0.000007246 add_time= 0.000140835
2500 0.000073630 2500 0.000007719 add_time= 0.000109260
2600 0.000200841 2600 0.000008143 add_time= 0.000254474
2500 0.000177978 2500 0.000007943 add_time= 0.000202862
2750 0.000045251 2750 0.000009199 add_time= 0.000072893
2550 0.000057518 2550 0.000006643 add_time= 0.000081080
3025 0.000436250 3025 0.000006649 add_time= 0.000466057
2650 0.000203387 2650 0.000007436 add_time= 0.000228903
2750 0.000005591 2750 0.000040512 add_time= 0.000061770
1375 0.000045371 1375 0.000005958 add_time= 0.000069487
3025 0.000085002 3025 0.000007307 add_time= 0.000119165
2601 0.000094650 2601 0.000006785 add_time= 0.000118013
3025 0.000303067 3025 0.000006991 add_time= 0.000328273
2650 0.000312561 2650 0.000006481 add_time= 0.000337892
2650 0.000014379 2650 0.000038367 add_time= 0.000079728
1375 0.000074978 1375 0.000005941 add_time= 0.000095227
2601 0.000076511 2601 0.000006373 add_time= 0.000101515
2750 0.000047037 2750 0.000010230 add_time= 0.000071041
1250 0.000086316 1250 0.000005863 add_time= 0.000111658
2650 0.000128721 2650 0.000008236 add_time= 0.000174471
2750 0.000059747 2750 0.000032768 add_time= 0.000127272
2500 0.000033952 2500 0.000008308 add_time= 0.000068876
2550 0.000027602 2550 0.000007420 add_time= 0.000058813
2500 0.000115628 2500 0.000007568 add_time= 0.000148527
2500 0.000043943 2500 0.000008316 add_time= 0.000077696
2915 0.000200529 2915 0.000006407 add_time= 0.000225616
2500 0.000006874 2500 0.000030083 add_time= 0.000053339
2750 0.000101044 2750 0.000010051 add_time= 0.000139851
2805 0.000037316 2805 0.000009581 add_time= 0.000063941
2808 0.000055763 2808 0.000006409 add_time= 0.000078570
2500 0.000076096 2500 0.000007210 add_time= 0.000098504
2860 0.000109845 2860 0.000006368 add_time= 0.000132469
2500 0.000015437 2500 0.000022331 add_time= 0.000053921
2750 0.000058587 2750 0.000006716 add_time= 0.000081737
2550 0.000050535 2550 0.000007240 add_time= 0.000073478
2550 0.000139019 2550 0.000006620 add_time= 0.000159557
2750 0.000073847 2750 0.000006908 add_time= 0.000097145
2600 0.000366051 2600 0.000007765 add_time= 0.000402097
2750 0.000015534 2750 0.000023192 add_time= 0.000058840
2500 0.000090605 2500 0.000012283 add_time= 0.000125618
2750 0.000121172 2750 0.000014533 add_time= 0.000153051
2970 0.000035874 2970 0.000007481 add_time= 0.000061216
1275 0.000081588 1275 0.000009864 add_time= 0.000129965
2500 0.000300587 2500 0.000027533 add_time= 0.000345599
2750 0.000008101 2750 0.000030233 add_time= 0.000055722
2550 0.000074768 2550 0.000007169 add_time= 0.000098715
2750 0.000070369 2750 0.000014390 add_time= 0.000100573
2550 0.000366959 2550 0.000006755 add_time= 0.000388763
2754 0.000042685 2754 0.000008347 add_time= 0.000065805
2500 0.000096468 2500 0.000006898 add_time= 0.000119948
2650 0.000051709 2650 0.000007803 add_time= 0.000079316
2600 0.000006834 2600 0.000023156 add_time= 0.000057659
2750 0.000089592 2750 0.000010788 add_time= 0.000116990
2805 0.000075998 2805 0.000006866 add_time= 0.000105777
2600 0.000105543 2600 0.000005758 add_time= 0.000129949
2650 0.000080047 2650 0.000006785 add_time= 0.000100984
2650 0.000391370 2650 0.000007735 add_time= 0.000416719
2704 0.000078588 2704 0.000008810 add_time= 0.000102562
2500 0.000088569 2500 0.000005565 add_time= 0.000115108
2500 0.000047949 2500 0.000005571 add_time= 0.000067063
2703 0.000034323 2703 0.000006475 add_time= 0.000055857
2550 0.000065006 2550 0.000005599 add_time= 0.000099128
2750 0.000088167 2750 0.000008297 add_time= 0.000110582
1250 0.000064226 1250 0.000005496 add_time= 0.000101091
2600 0.000312832 2600 0.000006933 add_time= 0.000342704
2750 0.000007037 2750 0.000015011 add_time= 0.000039767
3025 0.000081649 3025 0.000006468 add_time= 0.000119375
2860 0.000120486 2860 0.000007403 add_time= 0.000151966
2750 0.000041019 2750 0.000009913 add_time= 0.000073758
2652 0.000040473 2652 0.000010952 add_time= 0.000067944
2550 0.000092676 2550 0.000006238 add_time= 0.000124045
2500 0.000049199 2500 0.000005757 add_time= 0.000086332
2600 0.000158264 2600 0.000006772 add_time= 0.000201327
2750 0.000027548 2750 0.000073895 add_time= 0.000129535
2500 0.000268327 2500 0.000007413 add_time= 0.000292956
2550 0.000267204 2550 0.000006920 add_time= 0.000290640
3025 0.000361114 3025 0.000007427 add_time= 0.000386904
1250 0.000090155 1250 0.000022779 add_time= 0.000129051
2703 0.000142988 2703 0.000007050 add_time= 0.000167944
2600 0.000067613 2600 0.000005762 add_time= 0.000088546
2915 0.000006585 2915 0.000014433 add_time= 0.000036203
2500 0.000069197 2500 0.000013991 add_time= 0.000108793
2805 0.000337053 2805 0.000005890 add_time= 0.000357345
2500 0.000203626 2500 0.000006407 add_time= 0.000238482
2700 0.000091101 2700 0.000007124 add_time= 0.000123116
2500 0.000157906 2500 0.000006789 add_time= 0.000183921
2500 0.000006264 2500 0.000023505 add_time= 0.000045947
1375 0.000052760 1375 0.000006452 add_time= 0.000075103
2652 0.000049143 2652 0.000006688 add_time= 0.000074109
2500 0.000051090 2500 0.000007576 add_time= 0.000082485
1250 0.000527514 1250 0.000006979 add_time= 0.000549288
2600 0.000052475 2600 0.000008586 add_time= 0.000103524
3025 0.000066145 3025 0.000008568 add_time= 0.000121097
2500 0.000106701 2500 0.000007915 add_time= 0.000148189
2750 0.000073016 2750 0.000008160 add_time= 0.000125998
2700 0.000023655 2700 0.000007930 add_time= 0.000068511
2500 0.000006973 2500 0.000016613 add_time= 0.000052232
2756 0.000118332 2756 0.000014262 add_time= 0.000150800
2500 0.000007064 2500 0.000032013 add_time= 0.000055777
2970 0.000077896 2970 0.000006752 add_time= 0.000101462
2805 0.000077181 2805 0.000006739 add_time= 0.000101126
2500 0.000288912 2500 0.000007278 add_time= 0.000312514
2750 0.000127595 2750 0.000006414 add_time= 0.000150772
2500 0.000251998 2500 0.000013503 add_time= 0.000286017
2500 0.000063591 2500 0.000006274 add_time= 0.000086083
1250 0.000024122 1250 0.000005149 add_time= 0.000041678
2601 0.000042723 2601 0.000006495 add_time= 0.000064075
2601 0.000146426 2601 0.000005884 add_time= 0.000172296
2750 0.000091105 2750 0.000006568 add_time= 0.000115021
2600 0.000144173 2600 0.000007579 add_time= 0.000169712
2600 0.000015057 2600 0.000020822 add_time= 0.000050399
2750 0.000038680 2750 0.000006249 add_time= 0.000064910
2500 0.000034740 2500 0.000006072 add_time= 0.000055326
2550 0.000187639 2550 0.000007233 add_time= 0.000211817
2805 0.000156370 2805 0.000022244 add_time= 0.000194467
2550 0.000063343 2550 0.000007961 add_time= 0.000095437
2750 0.000015324 2750 0.000022450 add_time= 0.000056774
3025 0.000068586 3025 0.000008242 add_time= 0.000102448
2915 0.000042398 2915 0.000007291 add_time= 0.000076044
2805 0.000042379 2805 0.000007771 add_time= 0.000065621
2500 0.000307285 2500 0.000005823 add_time= 0.000327565
2650 0.000575110 2650 0.000007572 add_time= 0.000600603
2750 0.000006585 2750 0.000024026 add_time= 0.000046499
2750 0.000168459 2750 0.000014366 add_time= 0.000200725
2750 0.000117055 2750 0.000014325 add_time= 0.000148832
2754 0.000135696 2754 0.000006604 add_time= 0.000159193
2805 0.000033679 2805 0.000007412 add_time= 0.000058182
2650 0.000128021 2650 0.000006623 add_time= 0.000152806
2860 0.000018306 2860 0.000054949 add_time= 0.000089969
2750 0.000060538 2750 0.000006511 add_time= 0.000082122
2703 0.000077564 2703 0.000006479 add_time= 0.000108076
1250 0.000080539 1250 0.000005149 add_time= 0.000098227
2500 0.000094720 2500 0.000005631 add_time= 0.000114351
3025 0.000036500 3025 0.000007132 add_time= 0.000064232
2915 0.000451370 2915 0.000006823 add_time= 0.000475576
2860 0.000007440 2860 0.000089343 add_time= 0.000113528
2500 0.001055864 2500 0.000006801 add_time= 0.001079678
2500 0.000170577 2500 0.000007004 add_time= 0.000194004
2750 0.000139145 2750 0.000006292 add_time= 0.000168329
2600 0.000114089 2600 0.000006137 add_time= 0.000144592
2600 0.000058385 2600 0.000006162 add_time= 0.000090586
2550 0.000118164 2550 0.000006464 add_time= 0.000141253
2550 0.000220300 2550 0.000005792 add_time= 0.000246508
2500 0.000134282 2500 0.000005510 add_time= 0.000153932
2650 0.000088380 2650 0.000007655 add_time= 0.000122106
2652 0.000019153 2652 0.000013864 add_time= 0.000054784
2805 0.000069035 2805 0.000007492 add_time= 0.000091878
2550 0.000037133 2550 0.000005663 add_time= 0.000064865
2750 0.000384628 2750 0.000007631 add_time= 0.000409160
2970 0.000159711 2970 0.000007078 add_time= 0.000193154
2500 0.000056778 2500 0.000006681 add_time= 0.000077854
2600 0.000354840 2600 0.000012987 add_time= 0.000385896
2500 0.000006668 2500 0.000012891 add_time= 0.000035933
2500 0.000060793 2500 0.000006480 add_time= 0.000083848
2550 0.000103857 2550 0.000006409 add_time= 0.000124967
2500 0.000225098 2500 0.000009957 add_time= 0.000252116
2550 0.000146163 2550 0.000006208 add_time= 0.000167563
2500 0.000328164 2500 0.000014972 add_time= 0.000384666
2550 0.000177259 2550 0.000007110 add_time= 0.000214119
2805 0.000125513 2805 0.000007740 add_time= 0.000173265
2550 0.000049575 2550 0.000007013 add_time= 0.000083995
2700 0.000053644 2700 0.000006685 add_time= 0.000089561
2500 0.000054827 2500 0.000006917 add_time= 0.000087238
2500 0.000088144 2500 0.000017559 add_time= 0.000169050
2750 0.000038310 2750 0.000007987 add_time= 0.000098524
2600 0.000076915 2600 0.000007793 add_time= 0.000140765
2500 0.000035941 2500 0.000017045 add_time= 0.000117466
2700 0.000046288 2700 0.000008252 add_time= 0.000101225
1250 0.000024136 1250 0.000008352 add_time= 0.000098790
2704 0.000200717 2704 0.000007107 add_time= 0.000237776
2652 0.000011379 2652 0.000033994 add_time= 0.000084130
3025 0.000112985 3025 0.000007335 add_time= 0.000147673
2550 0.000122874 2550 0.000007264 add_time= 0.000156932
2805 0.000105694 2805 0.000006461 add_time= 0.000137652
2550 0.000033327 2550 0.000006062 add_time= 0.000065158
2500 0.000060714 2500 0.000009296 add_time= 0.000103534
2703 0.000209160 2703 0.000008296 add_time= 0.000236671
2600 0.000026265 2600 0.000040139 add_time= 0.000083727
2805 0.000142885 2805 0.000006507 add_time= 0.000165392
2550 0.000148957 2550 0.000008532 add_time= 0.000173267
2550 0.000087677 2550 0.000006304 add_time= 0.000109342
2860 0.000046292 2860 0.000007911 add_time= 0.000081111
2650 0.000209335 2650 0.000008083 add_time= 0.000237140
2750 0.000015803 2750 0.000013812 add_time= 0.000049447
2600 0.000144183 2600 0.000006781 add_time= 0.000168093
2550 0.000134537 2550 0.000006553 add_time= 0.000158700
2550 0.000042302 2550 0.000006294 add_time= 0.000064545
2550 0.000047542 2550 0.000007296 add_time= 0.000072101
2805 0.000050075 2805 0.000007519 add_time= 0.000075302
2700 0.000149789 2700 0.000007083 add_time= 0.000187574
1375 0.000038419 1375 0.000006255 add_time= 0.000059845
1250 0.000054069 1250 0.000005598 add_time= 0.000072172
2652 0.000085323 2652 0.000015448 add_time= 0.000117464
2700 0.000054179 2700 0.000006122 add_time= 0.000075816
2550 0.000091261 2550 0.000006209 add_time= 0.000112356
2550 0.000208409 2550 0.000009142 add_time= 0.000245463
2650 0.000016027 2650 0.000030979 add_time= 0.000063232
2650 0.000349216 2650 0.000007626 add_time= 0.000372666
2550 0.000138798 2550 0.000006656 add_time= 0.000159674
2601 0.000124181 2601 0.000006306 add_time= 0.000144237
2750 0.000100082 2750 0.000010509 add_time= 0.000135834
1250 0.000075896 1250 0.000006893 add_time= 0.000109529
2500 0.000183492 2500 0.000007229 add_time= 0.000208326
2750 0.000007765 2750 0.000024177 add_time= 0.000048957
3025 0.000195726 3025 0.000006862 add_time= 0.000220257
3025 0.000125115 3025 0.000007118 add_time= 0.000155549
2550 0.000188745 2550 0.000006422 add_time= 0.000211248
2500 0.000067099 2500 0.000006771 add_time= 0.000091012
2500 0.000101673 2500 0.000019070 add_time= 0.000138938
2600 0.000154646 2600 0.000007125 add_time= 0.000179006
2550 0.000125361 2550 0.000015283 add_time= 0.000155789
2805 0.000134775 2805 0.000006400 add_time= 0.000164585
2700 0.000213034 2700 0.000007937 add_time= 0.000238598
1250 0.000163194 1250 0.000007026 add_time= 0.000186153
2915 0.000641074 2915 0.000007904 add_time= 0.000668083
2750 0.000008822 2750 0.000027795 add_time= 0.000055139
2970 0.000137623 2970 0.000007090 add_time= 0.000169690
2550 0.000113796 2550 0.000007196 add_time= 0.000139500
2600 0.000228903 2600 0.000006768 add_time= 0.000251354
2750 0.000150050 2750 0.000006648 add_time= 0.000172816
2703 0.000465986 2703 0.000006657 add_time= 0.000491712
2500 0.000007395 2500 0.000015391 add_time= 0.000047912
2550 0.000225682 2550 0.000011539 add_time= 0.000263550
2970 0.000081271 2970 0.000008598 add_time= 0.000116517
2550 0.000037463 2550 0.000006113 add_time= 0.000067146
2860 0.000209335 2860 0.000006811 add_time= 0.000242632
2750 0.000166738 2750 0.000008200 add_time= 0.000211242
2550 0.000017243 2550 0.000039390 add_time= 0.000074692
2500 0.000308716 2500 0.000006246 add_time= 0.000343001
2805 0.000065721 2805 0.000007480 add_time= 0.000090396
2500 0.000219484 2500 0.000006401 add_time= 0.000242496
2750 0.000057821 2750 0.000007088 add_time= 0.000085775
2500 0.000184175 2500 0.000015186 add_time= 0.000218293
2500 0.000018654 2500 0.000013660 add_time= 0.000049085
2805 0.000068468 2805 0.000011348 add_time= 0.000108166
2750 0.000045861 2750 0.000014318 add_time= 0.000082795
2550 0.000077861 2550 0.000010034 add_time= 0.000102825
2650 0.000090444 2650 0.000005920 add_time= 0.000109838
1300 0.000036334 1300 0.000005753 add_time= 0.000065931
2650 0.000145246 2650 0.000018186 add_time= 0.000180386
2500 0.000006330 2500 0.000031677 add_time= 0.000053459
2500 0.000131612 2500 0.000006584 add_time= 0.000152418
2550 0.000166920 2550 0.000010904 add_time= 0.000193589
2500 0.000630152 2500 0.000006866 add_time= 0.000652869
2600 0.000120884 2600 0.000008584 add_time= 0.000183115
1300 0.000304735 1300 0.000015725 add_time= 0.000358155
2805 0.000110057 2805 0.000008010 add_time= 0.000145984
2750 0.000036911 2750 0.000008924 add_time= 0.000075241
2652 0.000033796 2652 0.000008203 add_time= 0.000077607
2750 0.000023785 2750 0.000020093 add_time= 0.000072572
2809 0.000023592 2809 0.000007070 add_time= 0.000053624
2600 0.000054299 2600 0.000005548 add_time= 0.000090945
2500 0.000056977 2500 0.000007191 add_time= 0.000080198
2703 0.000082603 2703 0.000005826 add_time= 0.000125675
2650 0.000071866 2650 0.000006554 add_time= 0.000102552
2500 0.000289730 2500 0.000006156 add_time= 0.000311145
2650 0.000427538 2650 0.000007383 add_time= 0.000456993
2704 0.000046727 2704 0.000007108 add_time= 0.000069888
2500 0.000080582 2500 0.000006806 add_time= 0.000123044
2550 0.000087546 2550 0.000005777 add_time= 0.000107871
2550 0.000102285 2550 0.000005550 add_time= 0.000121140
2600 0.000032218 2600 0.000022291 add_time= 0.000070488
1250 0.000044011 1250 0.000005688 add_time= 0.000062958
2650 0.000160343 2650 0.000006826 add_time= 0.000185100
2700 0.000025353 2700 0.000013955 add_time= 0.000055674
2500 0.000037051 2500 0.000006576 add_time= 0.000060192
2550 0.000070137 2550 0.000015106 add_time= 0.000101647
2500 0.000072125 2500 0.000006557 add_time= 0.000095286
2750 0.000112130 2750 0.000007155 add_time= 0.000146737
2650 0.000098345 2650 0.000014299 add_time= 0.000131441
2750 0.000016838 2750 0.000014534 add_time= 0.000047040
2750 0.000067441 2750 0.000006925 add_time= 0.000091306
1375 0.000083242 1375 0.000005782 add_time= 0.000112309
2805 0.000063726 2805 0.000006497 add_time= 0.000086486
2808 0.000072004 2808 0.000005959 add_time= 0.000093115
2750 0.000056099 2750 0.000015233 add_time= 0.000088312
2650 0.000189889 2650 0.000007462 add_time= 0.000214669
3025 0.000025739 3025 0.000015617 add_time= 0.000059162
2550 0.000041868 2550 0.000006343 add_time= 0.000075230
2805 0.000046902 2805 0.000006157 add_time= 0.000068333
1275 0.000087462 1275 0.000005728 add_time= 0.000107792
2970 0.000058334 2970 0.000006667 add_time= 0.000088698
2550 0.000091415 2550 0.000008641 add_time= 0.000151265
2860 0.000023881 2860 0.000023329 add_time= 0.000090069
2500 0.000135516 2500 0.000007977 add_time= 0.000193697
2600 0.000133884 2600 0.000007054 add_time= 0.000176371
2700 0.000102686 2700 0.000007334 add_time= 0.000138422
2550 0.000072043 2550 0.000006511 add_time= 0.000106336
1250 0.000076871 1250 0.000011903 add_time= 0.000124981
2750 0.000008187 2750 0.000023749 add_time= 0.000080002
2550 0.000064485 2550 0.000018994 add_time= 0.000120974
2754 0.000064248 2754 0.000007243 add_time= 0.000110990
2500 0.000233616 2500 0.000022161 add_time= 0.000289227
2500 0.000100108 2500 0.000006621 add_time= 0.000133441
2703 0.000423357 2703 0.000007214 add_time= 0.000459050
2750 0.000008642 2750 0.000015179 add_time= 0.000048586
2500 0.000054114 2500 0.000006867 add_time= 0.000087212
3025 0.000048665 3025 0.000006746 add_time= 0.000078362
2500 0.000193687 2500 0.000006458 add_time= 0.000227123
2500 0.000219488 2500 0.000007071 add_time= 0.000263451
2500 0.000085065 2500 0.000006843 add_time= 0.000116392
2750 0.000015862 2750 0.000021114 add_time= 0.000072110
2700 0.000073630 2700 0.000014734 add_time= 0.000114771
2500 0.000062325 2500 0.000006483 add_time= 0.000101582
2700 0.000116134 2700 0.000008220 add_time= 0.000153327
2500 0.000078423 2500 0.000009283 add_time= 0.000113411
2500 0.000398781 2500 0.000006281 add_time= 0.000431277
2750 0.000016993 2750 0.000015301 add_time= 0.000055809
2500 0.000087146 2500 0.000006531 add_time= 0.000118390
2550 0.000031924 2550 0.000013413 add_time= 0.000073438
2550 0.000089262 2550 0.000005991 add_time= 0.000127253
2700 0.000156785 2700 0.000006133 add_time= 0.000188064
1250 0.005419535 1250 0.000006108 add_time= 0.005448003
2750 0.000273534 2750 0.000006510 add_time= 0.000314794
2750 0.000157676 2750 0.000006910 add_time= 0.000180832
2750 0.000077949 2750 0.000006102 add_time= 0.000099399
2500 0.000099569 2500 0.000006799 add_time= 0.000122808
2500 0.000130337 2500 0.000006067 add_time= 0.000169415
2600 0.000131739 2600 0.000005859 add_time= 0.000152107
1250 0.000141177 1250 0.000006206 add_time= 0.000167379
2500 0.000014855 2500 0.000013352 add_time= 0.000055745
2750 0.000119508 2750 0.000006686 add_time= 0.000150876
2750 0.000045096 2750 0.000005814 add_time= 0.000065575
1275 0.000241290 1275 0.000006203 add_time= 0.000261304
2750 0.000067834 2750 0.000006898 add_time= 0.000091581
2756 0.000093280 2756 0.000007146 add_time= 0.000120077
3025 0.000026576 3025 0.000025107 add_time= 0.000069528
2500 0.000034710 2500 0.000006234 add_time= 0.000054526
2600 0.000028351 2600 0.000006779 add_time= 0.000053854
2700 0.000068190 2700 0.000006443 add_time= 0.000095946
1275 0.000051940 1275 0.000018063 add_time= 0.000085717
2500 0.000093839 2500 0.000008620 add_time= 0.000140480
2750 0.000033661 2750 0.000024863 add_time= 0.000087568
2500 0.000035236 2500 0.000007938 add_time= 0.000077643
2500 0.000035777 2500 0.000007789 add_time= 0.000067252
2805 0.000084771 2805 0.000007847 add_time= 0.000120616
2500 0.000063959 2500 0.000019355 add_time= 0.000109403
2600 0.000208902 2600 0.000006617 add_time= 0.000234352
2860 0.000014974 2860 0.000024574 add_time= 0.000055954
2750 0.000077928 2750 0.000015316 add_time= 0.000109787
2550 0.000114555 2550 0.000006776 add_time= 0.000137288
2550 0.000074902 2550 0.000010463 add_time= 0.000098982
2550 0.000124035 2550 0.000006679 add_time= 0.000150856
2650 0.000187430 2650 0.000007643 add_time= 0.000210969
2500 0.000117864 2500 0.000006248 add_time= 0.000138429
3025 0.000069174 3025 0.000006363 add_time= 0.000090820
2550 0.000079428 2550 0.000006349 add_time= 0.000119631
3025 0.000029514 3025 0.000006838 add_time= 0.000052282
2756 0.000085561 2756 0.000007285 add_time= 0.000108807
2600 0.000006944 2600 0.000071424 add_time= 0.000093770
3025 0.000125279 3025 0.000007266 add_time= 0.000149280
2750 0.000057489 2750 0.000005497 add_time= 0.000098052
2550 0.000060623 2550 0.000006335 add_time= 0.000082482
2500 0.000051821 2500 0.000007315 add_time= 0.000074326
2703 0.000180508 2703 0.000006947 add_time= 0.000203551
2860 0.000015604 2860 0.000014014 add_time= 0.000047787
1375 0.000035095 1375 0.000005790 add_time= 0.000054416
2750 0.000062351 2750 0.000006466 add_time= 0.000084200
2550 0.000077295 2550 0.000006218 add_time= 0.000098112
2500 0.000100575 2500 0.000006475 add_time= 0.000122616
1300 0.000011663 1300 0.000008509 add_time= 0.000039313
2860 0.000013532 2860 0.000019982 add_time= 0.000059953
2500 0.000034506 2500 0.000010777 add_time= 0.000057938
2750 0.000048877 2750 0.000006430 add_time= 0.000071182
2805 0.000052232 2805 0.000006581 add_time= 0.000074137
2550 0.000031717 2550 0.000005736 add_time= 0.000053245
2500 0.000385779 2500 0.000007863 add_time= 0.000409257
2860 0.000016758 2860 0.000013480 add_time= 0.000045688
2500 0.000131985 2500 0.000014943 add_time= 0.000161792
2805 0.000059257 2805 0.000006513 add_time= 0.000090350
2550 0.000035520 2550 0.000009013 add_time= 0.000059790
2805 0.000035139 2805 0.000006211 add_time= 0.000060490
2756 0.000538914 2756 0.000008053 add_time= 0.000569030
2750 0.000015397 2750 0.000023643 add_time= 0.000064247
2750 0.000058441 2750 0.000007028 add_time= 0.000081315
2805 0.000221515 2805 0.000006967 add_time= 0.000245360
2500 0.000105808 2500 0.000006368 add_time= 0.000126450
2750 0.000162991 2750 0.000010952 add_time= 0.000197285
2500 0.000372093 2500 0.000007552 add_time= 0.000395565
2750 0.000007122 2750 0.000014272 add_time= 0.000036833
2805 0.000111610 2805 0.000006559 add_time= 0.000134545
1275 0.000113763 1275 0.000005590 add_time= 0.000134425
2750 0.000031407 2750 0.000006972 add_time= 0.000054615
2650 0.000153390 2650 0.000007796 add_time= 0.000178846
2750 0.000007484 2750 0.000026617 add_time= 0.000061866
2500 0.000084398 2500 0.000006683 add_time= 0.000106847
2703 0.000324153 2703 0.000007572 add_time= 0.000348283
2860 0.000214349 2860 0.000007196 add_time= 0.000238117
2703 0.000520573 2703 0.000007232 add_time= 0.000544823
2600 0.000247131 2600 0.000006413 add_time= 0.000277103
2500 0.000045434 2500 0.000006472 add_time= 0.000075854
2750 0.000042854 2750 0.000005708 add_time= 0.000062886
1275 0.000196354 1275 0.000006523 add_time= 0.000216997
2750 0.000201469 2750 0.000006220 add_time= 0.000223503
1325 0.000139233 1325 0.000005989 add_time= 0.000159806
2750 0.000007653 2750 0.000014472 add_time= 0.000039623
2750 0.000212977 2750 0.000006515 add_time= 0.000235359
2601 0.000030765 2601 0.000006753 add_time= 0.000054109
2700 0.000155927 2700 0.000006871 add_time= 0.000179433
2750 0.000135298 2750 0.000006977 add_time= 0.000168148
2650 0.000070438 2650 0.000007466 add_time= 0.000104628
2600 0.000027346 2600 0.000015406 add_time= 0.000059313
2860 0.000179899 2860 0.000010564 add_time= 0.000207869
2500 0.000061384 2500 0.000006829 add_time= 0.000084546
2550 0.000044731 2550 0.000006911 add_time= 0.000069645
2500 0.000089235 2500 0.000006619 add_time= 0.000112140
2650 0.000143078 2650 0.000007191 add_time= 0.000168477
2652 0.000006675 2652 0.000038948 add_time= 0.000066007
2860 0.000207709 2860 0.000007107 add_time= 0.000232491
2601 0.000202052 2601 0.000006695 add_time= 0.000226208
2550 0.000122513 2550 0.000006729 add_time= 0.000146411
2750 0.000034343 2750 0.000006458 add_time= 0.000056521
2650 0.000181921 2650 0.000008202 add_time= 0.000247887
1375 0.000106566 1375 0.000006954 add_time= 0.000147365
2500 0.000135941 2500 0.000007157 add_time= 0.000171492
1250 0.000106984 1250 0.000006872 add_time= 0.000151956
2700 0.000105956 2700 0.000006825 add_time= 0.000141254
1300 0.001940751 1300 0.000008134 add_time= 0.001969733
2600 0.000091561 2600 0.000009207 add_time= 0.000173867
2750 0.000076920 2750 0.000102111 add_time= 0.000234326
2500 0.000025235 2500 0.000008470 add_time= 0.000079780
2805 0.000027137 2805 0.000017376 add_time= 0.000120033
2600 0.000008378 2600 0.000008150 add_time= 0.000060831
2500 0.000022678 2500 0.000008781 add_time= 0.000088919
2650 0.000154535 2650 0.000007873 add_time= 0.000192383
2750 0.000130621 2750 0.000018946 add_time= 0.000178320
2750 0.000051512 2750 0.000006642 add_time= 0.000087482
2550 0.000056005 2550 0.000007053 add_time= 0.000091326
2805 0.000074587 2805 0.000007157 add_time= 0.000109614
2915 0.000222298 2915 0.000007416 add_time= 0.000258167
1300 0.000062000 1300 0.000007169 add_time= 0.000084848
2600 0.000192311 2600 0.000008465 add_time= 0.000217075
2500 0.000061895 2500 0.000007117 add_time= 0.000093689
2700 0.000137410 2700 0.000019112 add_time= 0.000172388
2750 0.000108976 2750 0.000006854 add_time= 0.000130162
2704 0.000175499 2704 0.000016761 add_time= 0.000210906
2500 0.000110135 2500 0.000006465 add_time= 0.000141506
2860 0.000082582 2860 0.000008048 add_time= 0.000107956
2550 0.000113285 2550 0.000007173 add_time= 0.000137125
2750 0.000203844 2750 0.000007145 add_time= 0.000235531
2750 0.000098308 2750 0.000007720 add_time= 0.000125430
2600 0.000030023 2600 0.000014098 add_time= 0.000060957
2750 0.000076566 2750 0.000007020 add_time= 0.000098508
2860 0.000123514 2860 0.000006389 add_time= 0.000144828
2652 0.000175646 2652 0.000007447 add_time= 0.000208931
2750 0.000147667 2750 0.000006881 add_time= 0.000179954
2750 0.000108683 2750 0.000006695 add_time= 0.000131973
2756 0.000141046 2756 0.000009525 add_time= 0.000188916
1375 0.000068619 1375 0.000006727 add_time= 0.000091548
2500 0.000067328 2500 0.000006968 add_time= 0.000096898
2500 0.000073040 2500 0.000006404 add_time= 0.000095346
2550 0.000159187 2550 0.000018467 add_time= 0.000194418
2650 0.000321895 2650 0.000016883 add_time= 0.000372925
2600 0.000100722 2600 0.000014692 add_time= 0.000132816
2750 0.000037927 2750 0.000006699 add_time= 0.000071128
1275 0.000030523 1275 0.000006356 add_time= 0.000061066
2750 0.000114277 2750 0.000013726 add_time= 0.000150980
2650 0.000165154 2650 0.000006579 add_time= 0.000189269
2500 0.000016013 2500 0.000013025 add_time= 0.000044970
2550 0.000055250 2550 0.000006324 add_time= 0.000077433
2550 0.000062932 2550 0.000006985 add_time= 0.000086466
2700 0.000041699 2700 0.000006544 add_time= 0.000064806
2500 0.000137208 2500 0.000006245 add_time= 0.000162674
2650 0.000619689 2650 0.000009749 add_time= 0.000650884
2600 0.000095876 2600 0.000006236 add_time= 0.000126222
2700 0.000097852 2700 0.000006225 add_time= 0.000119877
3025 0.000477419 3025 0.000007991 add_time= 0.000503952
2652 0.000035994 2652 0.000006276 add_time= 0.000057080
2600 0.000153444 2600 0.000006124 add_time= 0.000173746
2500 0.000070585 2500 0.000006023 add_time= 0.000090595
2860 0.000365399 2860 0.000007342 add_time= 0.000402057
2750 0.000006798 2750 0.000031586 add_time= 0.000052906
2600 0.000427522 2600 0.000007061 add_time= 0.000451046
2550 0.000051677 2550 0.000005941 add_time= 0.000072364
2550 0.000043906 2550 0.000006288 add_time= 0.000064514
2750 0.000114097 2750 0.000006380 add_time= 0.000135040
2650 0.000237193 2650 0.000006684 add_time= 0.000261760
2600 0.000007136 2600 0.000034471 add_time= 0.000070199
3025 0.000120598 3025 0.000006456 add_time= 0.000142617
2805 0.000275500 2805 0.000008429 add_time= 0.000310504
2700 0.000030261 2700 0.000006547 add_time= 0.000054079
2500 0.000074261 2500 0.000006346 add_time= 0.000096647
2500 0.000153953 2500 0.000007328 add_time= 0.000179707
2500 0.000012389 2500 0.000014048 add_time= 0.000040426
3025 0.000056187 3025 0.000017862 add_time= 0.000089396
2500 0.000156307 2500 0.000006210 add_time= 0.000176653
2500 0.000060622 2500 0.000006920 add_time= 0.000083518
2600 0.000067033 2600 0.000006691 add_time= 0.000089709
2650 0.000233126 2650 0.000006845 add_time= 0.000262760
2600 0.000039652 2600 0.000006132 add_time= 0.000061871
2805 0.000065282 2805 0.000006552 add_time= 0.000095306
2550 0.000106317 2550 0.000006539 add_time= 0.000129048
2860 0.000114410 2860 0.000006701 add_time= 0.000137514
2600 0.000268256 2600 0.000008045 add_time= 0.000312072
2915 0.000137067 2915 0.000013289 add_time= 0.000171793
2805 0.000169287 2805 0.000006154 add_time= 0.000190804
2808 0.000073474 2808 0.000021275 add_time= 0.000112248
2750 0.000071067 2750 0.000007106 add_time= 0.000095459
2700 0.000208946 2700 0.000025185 add_time= 0.000252922
2750 0.000118544 2750 0.000010151 add_time= 0.000150497
2860 0.000062013 2860 0.000006137 add_time= 0.000083610
2600 0.000062533 2600 0.000010596 add_time= 0.000089451
2500 0.000032631 2500 0.000006815 add_time= 0.000057020
2500 0.000087887 2500 0.000007135 add_time= 0.000112453
1250 0.000211500 1250 0.000006183 add_time= 0.000244759
2500 0.000180791 2500 0.000012393 add_time= 0.000209736
2500 0.000121321 2500 0.000006384 add_time= 0.000140935
2500 0.000140932 2500 0.000006755 add_time= 0.000160785
2500 0.000129896 2500 0.000006150 add_time= 0.000159785
2500 0.000099512 2500 0.000007792 add_time= 0.000133947
2550 0.000095459 2550 0.000009202 add_time= 0.000144932
2750 0.000007698 2750 0.000027290 add_time= 0.000074916
2550 0.000057766 2550 0.000009649 add_time= 0.000125433
2500 0.000046784 2500 0.000007828 add_time= 0.000097423
2970 0.000064710 2970 0.000008680 add_time= 0.000106593
2703 0.000557785 2703 0.000006864 add_time= 0.000583117
2750 0.000086639 2750 0.000007869 add_time= 0.000110905
2550 0.000074799 2550 0.000006168 add_time= 0.000104062
2550 0.000082985 2550 0.000007239 add_time= 0.000106369
2600 0.000137494 2600 0.000007695 add_time= 0.000161644
2500 0.000072076 2500 0.000018382 add_time= 0.000110818
2500 0.000228994 2500 0.000006195 add_time= 0.000259982
3025 0.000027346 3025 0.000007632 add_time= 0.000051894
2750 0.000053069 2750 0.000013886 add_time= 0.000080228
2700 0.000095200 2700 0.000006084 add_time= 0.000115110
3025 0.000055500 3025 0.000006591 add_time= 0.000076396
2550 0.000046676 2550 0.000006032 add_time= 0.000067838
2970 0.000098851 2970 0.000006856 add_time= 0.000125790
2650 0.000116195 2650 0.000006744 add_time= 0.000138948
2500 0.000023873 2500 0.000070229 add_time= 0.000109673
2750 0.000029542 2750 0.000007672 add_time= 0.000051690
2500 0.000035562 2500 0.000012727 add_time= 0.000061621
3025 0.000059150 3025 0.000006650 add_time= 0.000087296
2601 0.000060169 2601 0.000006544 add_time= 0.000089793
2805 0.000025803 2805 0.000006962 add_time= 0.000048616
1375 0.000022028 1375 0.000005161 add_time= 0.000038939
2550 0.000291020 2550 0.000006893 add_time= 0.000313724
2860 0.000014928 2860 0.000013604 add_time= 0.000042952
2750 0.000053119 2750 0.000006730 add_time= 0.000075255
2550 0.000032106 2550 0.000006442 add_time= 0.000053459
2500 0.000123975 2500 0.000007093 add_time= 0.000146042
2970 0.000070620 2970 0.000018980 add_time= 0.000104383
1275 0.000045863 1275 0.000005519 add_time= 0.000064137
2700 0.000134687 2700 0.000006742 add_time= 0.000159595
2600 0.000023324 2600 0.000069976 add_time= 0.000107345
2750 0.000024852 2750 0.000013351 add_time= 0.000051784
2500 0.000064700 2500 0.000007317 add_time= 0.000098101
2805 0.000089209 2805 0.000006058 add_time= 0.000109608
2652 0.000032055 2652 0.000005905 add_time= 0.000051619
2750 0.000074915 2750 0.000006722 add_time= 0.000097633
2600 0.000320230 2600 0.000007801 add_time= 0.000346093
2500 0.000014406 2500 0.000012411 add_time= 0.000040587
2500 0.000051543 2500 0.000005810 add_time= 0.000069944
2970 0.000084602 2970 0.000006721 add_time= 0.000107679
2601 0.000052373 2601 0.000011896 add_time= 0.000077635
2750 0.000064178 2750 0.000006476 add_time= 0.000086155
1275 0.000057595 1275 0.000005396 add_time= 0.000074780
2862 0.000176039 2862 0.000007071 add_time= 0.000198552
2808 0.000015694 2808 0.000013663 add_time= 0.000044651
2805 0.000106762 2805 0.000007289 add_time= 0.000128488
2750 0.000103114 2750 0.000006010 add_time= 0.000122873
2650 0.000057853 2650 0.000012433 add_time= 0.000083478
2703 0.000085334 2703 0.000008839 add_time= 0.000110324
2500 0.000026812 2500 0.000005882 add_time= 0.000049431
2500 0.000122905 2500 0.000006692 add_time= 0.000145134
2862 0.000078194 2862 0.000006653 add_time= 0.000100739
2600 0.000037426 2600 0.000005884 add_time= 0.000057169
2970 0.000045950 2970 0.000006193 add_time= 0.000066312
2700 0.000124384 2700 0.000006432 add_time= 0.000146158
2550 0.000035263 2550 0.000006266 add_time= 0.000056994
2700 0.000095305 2700 0.000006256 add_time= 0.000121971
1300 0.000081793 1300 0.000005212 add_time= 0.000105944
2500 0.000043773 2500 0.000008163 add_time= 0.000084020
2600 0.000050257 2600 0.000006569 add_time= 0.000096314
2860 0.000029994 2860 0.000018460 add_time= 0.000070476
2500 0.000042202 2500 0.000006655 add_time= 0.000065761
2700 0.000197881 2700 0.000007232 add_time= 0.000221824
1375 0.000145003 1375 0.000009986 add_time= 0.000180082
2650 0.000044143 2650 0.000009259 add_time= 0.000071572
2652 0.000050542 2652 0.000006216 add_time= 0.000071853
2550 0.000100847 2550 0.000006360 add_time= 0.000123041
2652 0.000149155 2652 0.000006406 add_time= 0.000172060
2600 0.000217823 2600 0.000009867 add_time= 0.000243940
2500 0.000360525 2500 0.000006361 add_time= 0.000381564
2750 0.000039394 2750 0.000006453 add_time= 0.000060704
2650 0.000065625 2650 0.000006606 add_time= 0.000089194
2704 0.000050567 2704 0.000005943 add_time= 0.000070944
2700 0.000006443 2700 0.000044709 add_time= 0.000065847
2600 0.000050987 2600 0.000006574 add_time= 0.000072357
2601 0.000113936 2601 0.000024998 add_time= 0.000155671
2550 0.000094878 2550 0.000005989 add_time= 0.000115702
2500 0.000067412 2500 0.000006104 add_time= 0.000087935
2970 0.000046420 2970 0.000006824 add_time= 0.000071012
2650 0.000096986 2650 0.000012939 add_time= 0.000126370
3025 0.000007825 3025 0.000034469 add_time= 0.000060412
2500 0.000034342 2500 0.000006949 add_time= 0.000058192
2652 0.000038661 2652 0.000007433 add_time= 0.000086393
1250 0.000106102 1250 0.000006366 add_time= 0.000127331
2650 0.000118359 2650 0.000006499 add_time= 0.000143792
2808 0.000007271 2808 0.000040496 add_time= 0.000072847
3025 0.000092725 3025 0.000008023 add_time= 0.000128867
2550 0.000062204 2550 0.000006890 add_time= 0.000083273
2703 0.000058018 2703 0.000006322 add_time= 0.000081028
2750 0.000183853 2750 0.000010731 add_time= 0.000212115
1350 0.000050201 1350 0.000006661 add_time= 0.000072385
2550 0.000182259 2550 0.000007016 add_time= 0.000224804
2970 0.000070427 2970 0.000007232 add_time= 0.000108767
2500 0.000292721 2500 0.000006501 add_time= 0.000323285
2650 0.000097984 2650 0.000006003 add_time= 0.000119070
2862 0.000555537 2862 0.000007848 add_time= 0.000580322
2650 0.000080278 2650 0.000007008 add_time= 0.000105719
2704 0.000275383 2704 0.000006124 add_time= 0.000296971
2500 0.000051499 2500 0.000011405 add_time= 0.000083657
2750 0.000126236 2750 0.000006039 add_time= 0.000147592
2601 0.000155166 2601 0.000006672 add_time= 0.000178121
2970 0.000075425 2970 0.000006918 add_time= 0.000102354
2650 0.000197886 2650 0.000017546 add_time= 0.000244044
2756 0.000060109 2756 0.000007005 add_time= 0.000084716
2550 0.000069483 2550 0.000007101 add_time= 0.000093777
2500 0.000033814 2500 0.000006526 add_time= 0.000062310
2601 0.000075085 2601 0.000019039 add_time= 0.000111397
2750 0.000089415 2750 0.000018918 add_time= 0.000131887
2650 0.000006927 2650 0.000010038 add_time= 0.000070992
2704 0.000064778 2704 0.000014202 add_time= 0.000109213
2750 0.000026764 2750 0.000009182 add_time= 0.000066727
2500 0.000030940 2500 0.000008534 add_time= 0.000065862
2750 0.000027453 2750 0.000008188 add_time= 0.000074860
2500 0.000032333 2500 0.000008304 add_time= 0.000080042
2756 0.000208543 2756 0.000007119 add_time= 0.000236170
2500 0.000006168 2500 0.000023541 add_time= 0.000045160
2500 0.000135085 2500 0.000006079 add_time= 0.000158111
2652 0.000075617 2652 0.000007033 add_time= 0.000099024
2550 0.000040656 2550 0.000013721 add_time= 0.000071299
2700 0.000389081 2700 0.000013146 add_time= 0.000417654
2652 0.000015390 2652 0.000020672 add_time= 0.000049856
2750 0.000112685 2750 0.000006131 add_time= 0.000132739
2860 0.000050249 2860 0.000006772 add_time= 0.000086311
2550 0.000071843 2550 0.000006310 add_time= 0.000103943
1250 0.000202654 1250 0.000006512 add_time= 0.000221413
2809 0.000154024 2809 0.000006665 add_time= 0.000176567
2600 0.000046216 2600 0.000005948 add_time= 0.000065479
2500 0.000159655 2500 0.000006391 add_time= 0.000181174
2550 0.000050776 2550 0.000006366 add_time= 0.000071700
2550 0.000082043 2550 0.000006550 add_time= 0.000112474
2500 0.000184131 2500 0.000006720 add_time= 0.000213547
2915 0.000168173 2915 0.000006563 add_time= 0.000190241
1300 0.000019013 1300 0.000005720 add_time= 0.000037226
2550 0.000216445 2550 0.000006402 add_time= 0.000237712
2500 0.000063915 2500 0.000005722 add_time= 0.000082613
2550 0.000066873 2550 0.000012244 add_time= 0.000091761
2500 0.000124270 2500 0.000006524 add_time= 0.000145659
2500 0.000175219 2500 0.000006542 add_time= 0.000196327
2500 0.000062849 2500 0.000006400 add_time= 0.000083844
2550 0.000508839 2550 0.000006851 add_time= 0.000531188
2600 0.000025494 2600 0.000006377 add_time= 0.000051134
2750 0.000076846 2750 0.000006771 add_time= 0.000099214
2600 0.000057504 2600 0.000006015 add_time= 0.000076997
2500 0.000028195 2500 0.000014408 add_time= 0.000057775
2700 0.000121739 2700 0.000007131 add_time= 0.000144347
2750 0.000156513 2750 0.000005962 add_time= 0.000175786
2600 0.000094194 2600 0.000007511 add_time= 0.000117036
2550 0.000022711 2550 0.000013887 add_time= 0.000049935
2750 0.000121276 2750 0.000006342 add_time= 0.000140817
2500 0.000078727 2500 0.000006388 add_time= 0.000099789
2703 0.000087876 2703 0.000006312 add_time= 0.000109317
2550 0.000206045 2550 0.000007065 add_time= 0.000228762
2650 0.000099669 2650 0.000006401 add_time= 0.000120823
2600 0.000061625 2600 0.000005918 add_time= 0.000091668
2750 0.000116616 2750 0.000009085 add_time= 0.000141223
3025 0.000061784 3025 0.000006357 add_time= 0.000085084
2550 0.000051429 2550 0.000006736 add_time= 0.000073376
2500 0.000116596 2500 0.000010240 add_time= 0.000141748
1250 0.000153867 1250 0.000007025 add_time= 0.000174178
2500 0.000013776 2500 0.000012857 add_time= 0.000049974
2500 0.000121561 2500 0.000005809 add_time= 0.000140202
2700 0.000088913 2700 0.000005746 add_time= 0.000107612
2600 0.000044345 2600 0.000007232 add_time= 0.000066898
1275 0.000048609 1275 0.000005205 add_time= 0.000064672
2750 0.000147204 2750 0.000006637 add_time= 0.000169519
1300 0.000109144 1300 0.000006611 add_time= 0.000127508
2650 0.000116756 2650 0.000006472 add_time= 0.000138415
2600 0.000101309 2600 0.000005823 add_time= 0.000120590
2805 0.000065417 2805 0.000005972 add_time= 0.000085103
2500 0.000058013 2500 0.000006059 add_time= 0.000076984
2550 0.000062378 2550 0.000006270 add_time= 0.000083819
2500 0.000101066 2500 0.000006767 add_time= 0.000123051
2500 0.000559581 2500 0.000007252 add_time= 0.000589996
2750 0.000109993 2750 0.000006503 add_time= 0.000134661
2500 0.000048958 2500 0.000006639 add_time= 0.000071851
2805 0.000075915 2805 0.000007178 add_time= 0.000111163
2700 0.000390527 2700 0.000007076 add_time= 0.000413187
2500 0.000067955 2500 0.000006002 add_time= 0.000094797
2500 0.000232581 2500 0.000014206 add_time= 0.000264196
2500 0.000221012 2500 0.000006433 add_time= 0.000244346
2915 0.000043493 2915 0.000005976 add_time= 0.000072786
2600 0.000060451 2600 0.000006114 add_time= 0.000080908
1275 0.000086399 1275 0.000005402 add_time= 0.000103984
2750 0.000199355 2750 0.000007289 add_time= 0.000224188
2600 0.000271325 2600 0.000006227 add_time= 0.000294062
2600 0.000094198 2600 0.000006409 add_time= 0.000116933
2500 0.000100079 2500 0.000006324 add_time= 0.000122479
2550 0.000056075 2550 0.000005871 add_time= 0.000076147
2550 0.000113501 2550 0.000006942 add_time= 0.000136826
2550 0.000149874 2550 0.000006810 add_time= 0.000172710
2750 0.000240993 2750 0.000007204 add_time= 0.000266290
2650 0.000006468 2650 0.000021932 add_time= 0.000043429
2750 0.000122678 2750 0.000006512 add_time= 0.000156693
2652 0.000137177 2652 0.000005916 add_time= 0.000166706
2700 0.000276819 2700 0.000023098 add_time= 0.000325281
1250 0.000117920 1250 0.000006575 add_time= 0.000147630
2650 0.000080578 2650 0.000006762 add_time= 0.000106052
2704 0.000104601 2704 0.000018141 add_time= 0.000138866
3025 0.000006434 3025 0.000024274 add_time= 0.000045538
2500 0.000048586 2500 0.000006066 add_time= 0.000070329
1250 0.000066480 1250 0.000005936 add_time= 0.000085765
2601 0.000058642 2601 0.000008949 add_time= 0.000081527
2750 0.000051507 2750 0.000006574 add_time= 0.000080730
2650 0.000066406 2650 0.000007265 add_time= 0.000110384
2756 0.000035587 2756 0.000007064 add_time= 0.000059733
2550 0.000225831 2550 0.000006175 add_time= 0.000256181
2805 0.000117239 2805 0.000007443 add_time= 0.000147582
2550 0.000048319 2550 0.000006790 add_time= 0.000071343
2750 0.000184915 2750 0.000006645 add_time= 0.000208536
2703 0.000127846 2703 0.000006809 add_time= 0.000152656
2600 0.000006945 2600 0.000013507 add_time= 0.000045262
2970 0.000106977 2970 0.000006353 add_time= 0.000128836
2500 0.000068978 2500 0.000006914 add_time= 0.000091578
2550 0.000067604 2550 0.000006867 add_time= 0.000118971
2808 0.000205386 2808 0.000011063 add_time= 0.000232835
2700 0.000100981 2700 0.000006680 add_time= 0.000123807
2500 0.000063711 2500 0.000006995 add_time= 0.000092615
2500 0.000017374 2500 0.000023753 add_time= 0.000057020
2750 0.000034519 2750 0.000007179 add_time= 0.000059605
2550 0.000093796 2550 0.000006367 add_time= 0.000117662
2970 0.000054690 2970 0.000006721 add_time= 0.000087689
2500 0.000104701 2500 0.000007435 add_time= 0.000128678
2550 0.000085887 2550 0.000008537 add_time= 0.000137841
2915 0.000036708 2915 0.000046109 add_time= 0.000129356
2750 0.000029352 2750 0.000008477 add_time= 0.000069774
2805 0.000060396 2805 0.000008085 add_time= 0.000099135
2500 0.000037963 2500 0.000007760 add_time= 0.000074045
2500 0.000017799 2500 0.000008969 add_time= 0.000061932
2500 0.000090826 2500 0.000007082 add_time= 0.000114614
2500 0.000005883 2500 0.000021298 add_time= 0.000047786
2970 0.000092334 2970 0.000006074 add_time= 0.000123141
2700 0.000029868 2700 0.000006296 add_time= 0.000052717
2550 0.000057411 2550 0.000006219 add_time= 0.000087878
2970 0.000028980 2970 0.000006678 add_time= 0.000051802
2750 0.000053655 2750 0.000005841 add_time= 0.000074975
2600 0.000065301 2600 0.000007953 add_time= 0.000091900
2600 0.000131831 2600 0.000007118 add_time= 0.000153487
2750 0.000083161 2750 0.000015939 add_time= 0.000116218
2500 0.000077128 2500 0.000006592 add_time= 0.000098809
2550 0.000100572 2550 0.000009613 add_time= 0.000125901
2500 0.000040104 2500 0.000007692 add_time= 0.000063214
2750 0.000071315 2750 0.000007218 add_time= 0.000092518
2756 0.000277454 2756 0.000009261 add_time= 0.000304973
2805 0.000038866 2805 0.000011240 add_time= 0.000066214
2805 0.000073613 2805 0.000009637 add_time= 0.000097694
2750 0.000085085 2750 0.000006629 add_time= 0.000105907
2805 0.000122179 2805 0.000007564 add_time= 0.000146447
2550 0.000126585 2550 0.000007074 add_time= 0.000147737
1275 0.000104467 1275 0.000006607 add_time= 0.000124628
2550 0.000333194 2550 0.000007227 add_time= 0.000359273
1375 0.000058898 1375 0.000006666 add_time= 0.000079642
2500 0.000042508 2500 0.000015061 add_time= 0.000073068
2750 0.000081213 2750 0.000007636 add_time= 0.000105154
2500 0.000116250 2500 0.000007822 add_time= 0.000142606
2700 0.000018573 2700 0.000013915 add_time= 0.000048783
2500 0.000102195 2500 0.000006802 add_time= 0.000125323
2500 0.000066690 2500 0.000007243 add_time= 0.000090052
2754 0.000104827 2754 0.000007167 add_time= 0.000127118
1375 0.000109690 1375 0.000006743 add_time= 0.000130600
2550 0.000171228 2550 0.000016455 add_time= 0.000209232
2750 0.000018295 2750 0.000016578 add_time= 0.000052770
2805 0.000059936 2805 0.000007427 add_time= 0.000083076
2652 0.000099819 2652 0.000006885 add_time= 0.000135096
1275 0.000089948 1275 0.000006263 add_time= 0.000109150
2700 0.000111242 2700 0.000006751 add_time= 0.000133469
2500 0.000143969 2500 0.000007985 add_time= 0.000182833
3025 0.000054196 3025 0.000007344 add_time= 0.000080984
2700 0.000062989 2700 0.000007438 add_time= 0.000100271
2500 0.000074701 2500 0.000006834 add_time= 0.000097584
2500 0.000156544 2500 0.000006914 add_time= 0.000187406
2600 0.000239455 2600 0.000007666 add_time= 0.000268742
2550 0.000056218 2550 0.000007603 add_time= 0.000082128
2750 0.000151376 2750 0.000007955 add_time= 0.000175775
2601 0.000071630 2601 0.000006678 add_time= 0.000102522
2500 0.000086847 2500 0.000010463 add_time= 0.000116418
2600 0.000207364 2600 0.000014841 add_time= 0.000241628
2500 0.000090077 2500 0.000013976 add_time= 0.000127268
2700 0.000051424 2700 0.000008255 add_time= 0.000075345
2550 0.000172395 2550 0.000006026 add_time= 0.000203597
2550 0.000092371 2550 0.000009447 add_time= 0.000116850
3025 0.000071689 3025 0.000006635 add_time= 0.000095422
2756 0.000147826 2756 0.000006877 add_time= 0.000173808
2700 0.000028566 2700 0.000016136 add_time= 0.000060994
2500 0.000107170 2500 0.000006651 add_time= 0.000128916
2860 0.000192999 2860 0.000007462 add_time= 0.000216617
2750 0.000097496 2750 0.000007990 add_time= 0.000123558
2808 0.000092198 2808 0.000007526 add_time= 0.000117086
1325 0.000065279 1325 0.000005719 add_time= 0.000084011
2500 0.000305024 2500 0.000006696 add_time= 0.000338240
2750 0.000053069 2750 0.000006705 add_time= 0.000077560
2550 0.000059401 2550 0.000006649 add_time= 0.000081934
2550 0.000102957 2550 0.000006979 add_time= 0.000126883
2550 0.000052712 2550 0.000006482 add_time= 0.000076656
2916 0.000160291 2916 0.000006602 add_time= 0.000184967
2750 0.000071713 2750 0.000006248 add_time= 0.000093704
2550 0.000114193 2550 0.000007596 add_time= 0.000149672
2500 0.000007229 2500 0.000022422 add_time= 0.000045997
2750 0.000056593 2750 0.000010320 add_time= 0.000084242
2805 0.000214108 2805 0.000006628 add_time= 0.000236744
2601 0.000049960 2601 0.000006228 add_time= 0.000072903
2750 0.000232573 2750 0.000013431 add_time= 0.000263028
2700 0.000175498 2700 0.000007141 add_time= 0.000211406
2750 0.000015777 2750 0.000025978 add_time= 0.000059385
2500 0.000080931 2500 0.000006834 add_time= 0.000105582
2652 0.000139216 2652 0.000010321 add_time= 0.000171770
2652 0.000043512 2652 0.000006170 add_time= 0.000070846
2808 0.000042731 2808 0.000006342 add_time= 0.000064050
2500 0.000080366 2500 0.000006178 add_time= 0.000107968
1250 0.000242920 1250 0.000006406 add_time= 0.000264124
2805 0.000043433 2805 0.000006736 add_time= 0.000067772
2750 0.000043178 2750 0.000006252 add_time= 0.000066239
2703 0.000134279 2703 0.000006419 add_time= 0.000157249
2500 0.000096857 2500 0.000007583 add_time= 0.000121298
1250 0.000093711 1250 0.000007975 add_time= 0.000114095
2750 0.000085642 2750 0.000008724 add_time= 0.000114424
2500 0.000006290 2500 0.000017430 add_time= 0.000038879
3025 0.000066526 3025 0.000005683 add_time= 0.000093185
2500 0.000042570 2500 0.000005354 add_time= 0.000069230
2550 0.000035488 2550 0.000006972 add_time= 0.000058194
2500 0.000023343 2500 0.000006064 add_time= 0.000044153
1250 0.000046978 1250 0.000006269 add_time= 0.000068236
2500 0.000085012 2500 0.000008337 add_time= 0.000127456
2750 0.000007056 2750 0.000014333 add_time= 0.000037807
2500 0.000101726 2500 0.000007629 add_time= 0.000126637
2550 0.000198128 2550 0.000006839 add_time= 0.000220847
2550 0.000156981 2550 0.000008232 add_time= 0.000183060
2600 0.000352468 2600 0.000007975 add_time= 0.000378971
2860 0.000007559 2860 0.000027701 add_time= 0.000060301
2805 0.000061109 2805 0.000006525 add_time= 0.000091311
2500 0.000044067 2500 0.000005896 add_time= 0.000063983
2550 0.000173765 2550 0.000010572 add_time= 0.000200275
2700 0.000373364 2700 0.000007100 add_time= 0.000397713
1375 0.000033357 1375 0.000007916 add_time= 0.000065244
2600 0.000149091 2600 0.000006462 add_time= 0.000172850
2600 0.000134684 2600 0.000006386 add_time= 0.000155981
2500 0.000005171 2500 0.000022934 add_time= 0.000040764
2805 0.000022918 2805 0.000005901 add_time= 0.000049007
2550 0.000074130 2550 0.000006673 add_time= 0.000105020
2550 0.000032679 2550 0.000005870 add_time= 0.000051827
2700 0.000040345 2700 0.000008126 add_time= 0.000063817
2500 0.000139086 2500 0.000008408 add_time= 0.000202609
2500 0.000048253 2500 0.000024276 add_time= 0.000097726
2500 0.000048541 2500 0.000007704 add_time= 0.000081624
2750 0.000032617 2750 0.000018877 add_time= 0.000074590
2700 0.000034474 2700 0.000007564 add_time= 0.000069522
2700 0.000066230 2700 0.000007947 add_time= 0.000099097
1375 0.000017733 1375 0.000018330 add_time= 0.000070729
2550 0.000033127 2550 0.000006708 add_time= 0.000057699
2600 0.000129289 2600 0.000007224 add_time= 0.000151810
2750 0.000082101 2750 0.000006354 add_time= 0.000103073
2754 0.000071803 2754 0.000006560 add_time= 0.000093917
2700 0.000058201 2700 0.000006400 add_time= 0.000080193
2860 0.000047687 2860 0.000005559 add_time= 0.000066948
1375 0.000118366 1375 0.000005244 add_time= 0.000141686
2809 0.000068749 2809 0.000006723 add_time= 0.000092819
2600 0.000025927 2600 0.000006745 add_time= 0.000046998
2500 0.000166589 2500 0.000013390 add_time= 0.000194866
2650 0.000050341 2650 0.000006199 add_time= 0.000073311
2550 0.000069568 2550 0.000006684 add_time= 0.000090890
2600 0.000034768 2600 0.000011681 add_time= 0.000061112
2650 0.000095406 2650 0.000006436 add_time= 0.000116599
2652 0.000033806 2652 0.000009395 add_time= 0.000058006
2750 0.000126493 2750 0.000009657 add_time= 0.000150603
2750 0.000143275 2750 0.000006300 add_time= 0.000164206
2754 0.000083381 2754 0.000006518 add_time= 0.000104919
2860 0.000080411 2860 0.000006222 add_time= 0.000105414
2750 0.000030407 2750 0.000006256 add_time= 0.000049883
2809 0.000043122 2809 0.000006504 add_time= 0.000065159
2808 0.000137930 2808 0.000006105 add_time= 0.000158105
2500 0.000109196 2500 0.000006349 add_time= 0.000130200
2860 0.000090978 2860 0.000009219 add_time= 0.000113910
2805 0.000045285 2805 0.000006748 add_time= 0.000067462
2750 0.000026480 2750 0.000010830 add_time= 0.000052489
2862 0.000171043 2862 0.000007181 add_time= 0.000193841
2860 0.000025164 2860 0.000015182 add_time= 0.000054516
2750 0.000066043 2750 0.000012063 add_time= 0.000093145
2750 0.000159742 2750 0.000006447 add_time= 0.000192888
2805 0.000052694 2805 0.000009541 add_time= 0.000076210
2500 0.000150374 2500 0.000008577 add_time= 0.000182118
2550 0.000068553 2550 0.000008923 add_time= 0.000090187
2650 0.000113460 2650 0.000006744 add_time= 0.000135234
1300 0.000141915 1300 0.000005358 add_time= 0.000158144
2500 0.000112603 2500 0.000005864 add_time= 0.000131113
2650 0.000040556 2650 0.000008820 add_time= 0.000073025
2550 0.000046848 2550 0.000005440 add_time= 0.000067566
2601 0.000081056 2601 0.000005812 add_time= 0.000099471
2550 0.000047708 2550 0.000006004 add_time= 0.000065970
2809 0.000035062 2809 0.000006387 add_time= 0.000056801
2600 0.000073320 2600 0.000007243 add_time= 0.000095932
2750 0.000028087 2750 0.000006387 add_time= 0.000049187
2550 0.000188085 2550 0.000005739 add_time= 0.000206829
2550 0.000486442 2550 0.000006274 add_time= 0.000505761
2750 0.000038711 2750 0.000008567 add_time= 0.000060065
2550 0.000222163 2550 0.000006351 add_time= 0.000243012
2600 0.000091645 2600 0.000005973 add_time= 0.000111124
3025 0.000033283 3025 0.000018629 add_time= 0.000067619
2805 0.000074378 2805 0.000014309 add_time= 0.000104328
2754 0.000044139 2754 0.000006333 add_time= 0.000064320
2500 0.000165273 2500 0.000005965 add_time= 0.000183820
2703 0.000106775 2703 0.000006486 add_time= 0.000128225
2860 0.000041196 2860 0.000005769 add_time= 0.000060507
1250 0.000009558 1250 0.000008387 add_time= 0.000028298
3025 0.000068607 3025 0.000005741 add_time= 0.000088815
2750 0.000057871 2750 0.000005497 add_time= 0.000076422
2700 0.000053719 2700 0.000008389 add_time= 0.000074988
2601 0.000157904 2601 0.000008231 add_time= 0.000178752
2750 0.000102731 2750 0.000005717 add_time= 0.000121441
2500 0.000094164 2500 0.000009358 add_time= 0.000116142
2915 0.000089484 2915 0.000006477 add_time= 0.000111183
2808 0.000126891 2808 0.000006618 add_time= 0.000149239
2550 0.000070938 2550 0.000005908 add_time= 0.000089605
2700 0.000027362 2700 0.000006145 add_time= 0.000048296
2652 0.000054224 2652 0.000006499 add_time= 0.000092917
1250 0.000055007 1250 0.000013795 add_time= 0.000081342
1250 0.000067683 1250 0.000005672 add_time= 0.000084093
2650 0.000176133 2650 0.000006473 add_time= 0.000196920
2652 0.000023507 2652 0.000013620 add_time= 0.000061271
3025 0.000114795 3025 0.000006832 add_time= 0.000137632
2750 0.000047056 2750 0.000006631 add_time= 0.000077824
2550 0.000130437 2550 0.000006687 add_time= 0.000152177
2915 0.000062962 2915 0.000018205 add_time= 0.000099970
1250 0.000028565 1250 0.000005656 add_time= 0.000056099
2500 0.000111165 2500 0.000008214 add_time= 0.000146761
2600 0.000115625 2600 0.000007385 add_time= 0.000143395
2500 0.000064563 2500 0.000007017 add_time= 0.000086096
2500 0.000052281 2500 0.000006567 add_time= 0.000072157
2805 0.000104777 2805 0.000006120 add_time= 0.000126123
2805 0.000116754 2805 0.000006216 add_time= 0.000136890
2550 0.000078636 2550 0.000015864 add_time= 0.000111112
2550 0.000125694 2550 0.000006801 add_time= 0.000146965
2703 0.000356196 2703 0.000007012 add_time= 0.000379585
2600 0.000006823 2600 0.000037398 add_time= 0.000059852
2600 0.000064390 2600 0.000006492 add_time= 0.000084973
2750 0.000113393 2750 0.000006892 add_time= 0.000136487
2500 0.000072053 2500 0.000006558 add_time= 0.000109461
2500 0.000074726 2500 0.000006745 add_time= 0.000097602
1275 0.000033596 1275 0.000006848 add_time= 0.000053835
2500 0.000087951 2500 0.000007309 add_time= 0.000112071
2652 0.000006585 2652 0.000013494 add_time= 0.000054255
2550 0.000086531 2550 0.000007006 add_time= 0.000109460
2805 0.000181123 2805 0.000006761 add_time= 0.000204770
2652 0.000119249 2652 0.000006711 add_time= 0.000143608
2600 0.000041084 2600 0.000006939 add_time= 0.000063468
2500 0.000188416 2500 0.000006361 add_time= 0.000217341
2805 0.000026584 2805 0.000006297 add_time= 0.000047855
2750 0.000065400 2750 0.000006967 add_time= 0.000087590
2550 0.000064798 2550 0.000006590 add_time= 0.000085692
2700 0.000053769 2700 0.000006078 add_time= 0.000074148
2750 0.000047010 2750 0.000005990 add_time= 0.000066876
2500 0.000510055 2500 0.000006032 add_time= 0.000532973
2860 0.000007145 2860 0.000027776 add_time= 0.000073709
2750 0.000152391 2750 0.000017659 add_time= 0.000184788
2550 0.000128279 2550 0.000006415 add_time= 0.000159901
2550 0.000077071 2550 0.000006429 add_time= 0.000097935
2550 0.000055835 2550 0.000006657 add_time= 0.000078566
2550 0.000403190 2550 0.000008074 add_time= 0.000440567
2750 0.000007269 2750 0.000018388 add_time= 0.000042603
2500 0.000070624 2500 0.000007257 add_time= 0.000096067
2750 0.000037843 2750 0.000006726 add_time= 0.000070338
2500 0.000102734 2500 0.000006986 add_time= 0.000125695
2550 0.000091729 2550 0.000005830 add_time= 0.000111602
2754 0.000089072 2754 0.000006668 add_time= 0.000109766
1250 0.000104443 1250 0.000018859 add_time= 0.000144540
2915 0.000067736 2915 0.000006864 add_time= 0.000091404
2860 0.000006494 2860 0.000014832 add_time= 0.000035611
2860 0.000021978 2860 0.000013897 add_time= 0.000050820
2500 0.000056331 2500 0.000006147 add_time= 0.000076449
2750 0.000050236 2750 0.000006703 add_time= 0.000073415
2700 0.000257788 2700 0.000006840 add_time= 0.000288185
2700 0.000049636 2700 0.000007879 add_time= 0.000083380
2915 0.000111889 2915 0.000007109 add_time= 0.000138346
2600 0.000028867 2600 0.000006253 add_time= 0.000051651
2500 0.000054419 2500 0.000005682 add_time= 0.000074807
2500 0.000053109 2500 0.000007454 add_time= 0.000077737
2550 0.000055352 2550 0.000006258 add_time= 0.000077863
2600 0.000074308 2600 0.000006330 add_time= 0.000096662
1250 0.000027183 1250 0.000005519 add_time= 0.000045600
2500 0.000041291 2500 0.000007547 add_time= 0.000095058
2808 0.000042366 2808 0.000007631 add_time= 0.000096216
3025 0.000033239 3025 0.000007774 add_time= 0.000072853
2750 0.000032040 2750 0.000007407 add_time= 0.000074568
2805 0.000125148 2805 0.000017202 add_time= 0.000170196
2500 0.000034776 2500 0.000013092 add_time= 0.000074490
1250 0.000071873 1250 0.000007420 add_time= 0.000103341
2700 0.000165215 2700 0.000006038 add_time= 0.000187779
2970 0.000046939 2970 0.000007385 add_time= 0.000070835
2550 0.000074665 2550 0.000006824 add_time= 0.000107450
1250 0.000081364 1250 0.000006432 add_time= 0.000100742
2700 0.000065070 2700 0.000006557 add_time= 0.000086753
1250 0.000031330 1250 0.000005810 add_time= 0.000049765
2756 0.000171434 2756 0.000015905 add_time= 0.000204231
2600 0.000013740 2600 0.000013365 add_time= 0.000039837
2600 0.000091105 2600 0.000011849 add_time= 0.000118580
2915 0.000027368 2915 0.000005920 add_time= 0.000047089
2550 0.000182036 2550 0.000007062 add_time= 0.000204052
2550 0.000114096 2550 0.000006945 add_time= 0.000136050
2650 0.000156215 2650 0.000006989 add_time= 0.000179651
2600 0.000020164 2600 0.000013436 add_time= 0.000049137
2750 0.000032797 2750 0.000006647 add_time= 0.000055410
2750 0.000054456 2750 0.000005736 add_time= 0.000073801
2550 0.000082559 2550 0.000005951 add_time= 0.000101543
2750 0.000101585 2750 0.000006737 add_time= 0.000123779
2500 0.000177693 2500 0.000006806 add_time= 0.000200147
2550 0.000024664 2550 0.000013298 add_time= 0.000052936
2500 0.000040406 2500 0.000006415 add_time= 0.000062166
2860 0.000031173 2860 0.000006550 add_time= 0.000053230
2805 0.000050324 2805 0.000017799 add_time= 0.000084042
2700 0.000072317 2700 0.000005882 add_time= 0.000092094
2860 0.000061825 2860 0.000013609 add_time= 0.000089239
2650 0.000466923 2650 0.000006929 add_time= 0.000490406
2600 0.000014632 2600 0.000012884 add_time= 0.000041607
2500 0.000044896 2500 0.000006337 add_time= 0.000066109
2805 0.000259432 2805 0.000006622 add_time= 0.000281660
2750 0.000089478 2750 0.000006754 add_time= 0.000114262
2500 0.000053921 2500 0.000006770 add_time= 0.000075811
2915 0.000102080 2915 0.000007345 add_time= 0.000126263
2500 0.000016226 2500 0.000013481 add_time= 0.000054056
2750 0.000049846 2750 0.000006173 add_time= 0.000072398
1375 0.000075662 1375 0.000005228 add_time= 0.000091972
2601 0.000031477 2601 0.000006707 add_time= 0.000059290
2700 0.000056481 2700 0.000006401 add_time= 0.000078353
1375 0.000146512 1375 0.000006539 add_time= 0.000166374
2500 0.000180349 2500 0.000007059 add_time= 0.000203289
2500 0.000023823 2500 0.000012829 add_time= 0.000050459
2750 0.000105546 2750 0.000006666 add_time= 0.000128187
2550 0.000132824 2550 0.000006800 add_time= 0.000155182
2750 0.000126735 2750 0.000011062 add_time= 0.000153559
2600 0.000307242 2600 0.000007123 add_time= 0.000329809
2550 0.000048073 2550 0.000006812 add_time= 0.000070088
2600 0.000046583 2600 0.000005884 add_time= 0.000065734
2550 0.000104700 2550 0.000006405 add_time= 0.000126395
2700 0.000079683 2700 0.000006785 add_time= 0.000102267
2600 0.000183171 2600 0.000006356 add_time= 0.000204344
2750 0.000014516 2750 0.000070873 add_time= 0.000106257
3025 0.000034156 3025 0.000006398 add_time= 0.000055058
2805 0.000065939 2805 0.000005864 add_time= 0.000085186
2805 0.000187055 2805 0.000006188 add_time= 0.000206598
1250 0.000025772 1250 0.000006510 add_time= 0.000044955
2550 0.000207689 2550 0.000006889 add_time= 0.000230167
2750 0.000024699 2750 0.000015468 add_time= 0.000055918
2750 0.000068635 2750 0.000006552 add_time= 0.000090960
2652 0.000089279 2652 0.000006056 add_time= 0.000117771
2700 0.000026264 2700 0.000006056 add_time= 0.000045746
2805 0.000157411 2805 0.000006111 add_time= 0.000176160
2650 0.000350442 2650 0.000006556 add_time= 0.000372037
2600 0.000015014 2600 0.000012990 add_time= 0.000041945
2805 0.000142899 2805 0.000006450 add_time= 0.000165113
2750 0.000102757 2750 0.000007539 add_time= 0.000126061
2550 0.000030664 2550 0.000006000 add_time= 0.000050438
2805 0.000129896 2805 0.000006394 add_time= 0.000149715
2600 0.000138905 2600 0.000007999 add_time= 0.000175987
2500 0.000015350 2500 0.000019718 add_time= 0.000051718
2805 0.000069060 2805 0.000006745 add_time= 0.000093734
2750 0.000091019 2750 0.000018138 add_time= 0.000125994
2601 0.000067820 2601 0.000028318 add_time= 0.000124669
2700 0.000103982 2700 0.000007347 add_time= 0.000128930
2500 0.000362257 2500 0.000008939 add_time= 0.000388604
2750 0.000007781 2750 0.000013696 add_time= 0.000037208
1250 0.000088879 1250 0.000006030 add_time= 0.000109724
2550 0.000134684 2550 0.000014261 add_time= 0.000176556
2500 0.000121396 2500 0.000009819 add_time= 0.000146120
2703 0.000208707 2703 0.000007113 add_time= 0.000233485
2750 0.000007181 2750 0.000034856 add_time= 0.000058794
2750 0.000198567 2750 0.000006334 add_time= 0.000218974
2550 0.000025301 2550 0.000005708 add_time= 0.000046166
2550 0.000066043 2550 0.000006625 add_time= 0.000108873
2750 0.000044307 2750 0.000014515 add_time= 0.000074575
2756 0.000145317 2756 0.000008956 add_time= 0.000170615
2500 0.000007154 2500 0.000023041 add_time= 0.000046528
2650 0.000054345 2650 0.000006641 add_time= 0.000076612
3025 0.000142826 3025 0.000006828 add_time= 0.000167236
2703 0.000178348 2703 0.000006788 add_time= 0.000201331
2750 0.000038876 2750 0.000006720 add_time= 0.000061283
2650 0.000156991 2650 0.000006395 add_time= 0.000192436
2750 0.000007711 2750 0.000014794 add_time= 0.000050231
2600 0.000061212 2600 0.000006217 add_time= 0.000096983
2500 0.000070745 2500 0.000013164 add_time= 0.000099896
2700 0.000037154 2700 0.000006825 add_time= 0.000059054
1325 0.000084133 1325 0.000009263 add_time= 0.000106819
2550 0.000264126 2550 0.000007042 add_time= 0.000301570
2860 0.000015323 2860 0.000014417 add_time= 0.000054740
2600 0.000064458 2600 0.000010973 add_time= 0.000091584
2500 0.000103771 2500 0.000006549 add_time= 0.000125893
2652 0.000034292 2652 0.000009923 add_time= 0.000070583
2750 0.000105205 2750 0.000006925 add_time= 0.000129381
1250 0.000031065 1250 0.000008542 add_time= 0.000053248
2915 0.000188875 2915 0.000007301 add_time= 0.000216980
2860 0.000007125 2860 0.000014608 add_time= 0.000038346
2750 0.000195413 2750 0.000006627 add_time= 0.000219445
2805 0.000054900 2805 0.000006593 add_time= 0.000081533
2750 0.000137967 2750 0.000006078 add_time= 0.000158815
2600 0.000129721 2600 0.000007001 add_time= 0.000152678
2500 0.000089872 2500 0.000007304 add_time= 0.000123632
2600 0.000006645 2600 0.000042242 add_time= 0.000065234
2860 0.000087783 2860 0.000008166 add_time= 0.000118737
3025 0.000053951 3025 0.000007541 add_time= 0.000079648
2550 0.000096336 2550 0.000006222 add_time= 0.000118963
2700 0.000055264 2700 0.000007946 add_time= 0.000080289
2500 0.000093926 2500 0.000006437 add_time= 0.000115183
2550 0.000045622 2550 0.000009122 add_time= 0.000097543
2600 0.000027788 2600 0.000014179 add_time= 0.000097033
2500 0.000052913 2500 0.000007340 add_time= 0.000099687
1250 0.000033516 1250 0.000006847 add_time= 0.000077717
1250 0.000031577 1250 0.000007987 add_time= 0.000070593
2808 0.000015058 2808 0.000009294 add_time= 0.000059182
2550 0.000022427 2550 0.000008259 add_time= 0.000056773
2756 0.000161195 2756 0.000006346 add_time= 0.000186772
2700 0.000015062 2700 0.000022888 add_time= 0.000052978
2700 0.000123332 2700 0.000006192 add_time= 0.000143551
2750 0.000055222 2750 0.000005490 add_time= 0.000074534
2754 0.000107510 2754 0.000006661 add_time= 0.000130354
2600 0.000080852 2600 0.000006307 add_time= 0.000103446
2650 0.000196419 2650 0.000007608 add_time= 0.000232352
2500 0.000105025 2500 0.000011584 add_time= 0.000132293
2805 0.000052462 2805 0.000009501 add_time= 0.000089539
2550 0.000058248 2550 0.000006303 add_time= 0.000078026
2750 0.000043815 2750 0.000006876 add_time= 0.000066490
2650 0.000166411 2650 0.000009218 add_time= 0.000192139
2750 0.000124174 2750 0.000006638 add_time= 0.000146386
2500 0.000032133 2500 0.000006864 add_time= 0.000058593
2550 0.000077833 2550 0.000006014 add_time= 0.000101074
2700 0.000027580 2700 0.000006500 add_time= 0.000050118
2500 0.000039471 2500 0.000006608 add_time= 0.000060089
2500 0.000190676 2500 0.000015716 add_time= 0.000222181
2500 0.000015587 2500 0.000012579 add_time= 0.000044666
2550 0.000061248 2550 0.000007092 add_time= 0.000084075
2500 0.000051928 2500 0.000006860 add_time= 0.000074708
2700 0.000043282 2700 0.000006603 add_time= 0.000065561
2500 0.000046385 2500 0.000006110 add_time= 0.000066329
2650 0.000175854 2650 0.000007161 add_time= 0.000199655
2600 0.000277527 2600 0.000006858 add_time= 0.000300117
2915 0.000023476 2915 0.000017692 add_time= 0.000055785
2550 0.000071321 2550 0.000006847 add_time= 0.000093810
2805 0.000057009 2805 0.000013834 add_time= 0.000087166
2550 0.000072609 2550 0.000018419 add_time= 0.000106281
2550 0.000045364 2550 0.000006063 add_time= 0.000064616
2650 0.000090857 2650 0.000025690 add_time= 0.000132327
2500 0.000016242 2500 0.000125862 add_time= 0.000166499
2750 0.000073144 2750 0.000006101 add_time= 0.000093382
2550 0.000036802 2550 0.000005979 add_time= 0.000056054
3025 0.000043875 3025 0.000006208 add_time= 0.000064503
2500 0.000418726 2500 0.000006714 add_time= 0.000440861
2650 0.000022793 2650 0.000014015 add_time= 0.000050369
2750 0.000046345 2750 0.000006483 add_time= 0.000077550
2550 0.000085252 2550 0.000005856 add_time= 0.000104213
2805 0.000041002 2805 0.000005982 add_time= 0.000060350
2805 0.000033818 2805 0.000006195 add_time= 0.000053747
2650 0.000552496 2650 0.000007594 add_time= 0.000582503
2500 0.000198372 2500 0.000005911 add_time= 0.000235861
2750 0.000066680 2750 0.000006232 add_time= 0.000087742
2703 0.000066408 2703 0.000006912 add_time= 0.000106504
2750 0.000065854 2750 0.000006970 add_time= 0.000089896
2650 0.000401520 2650 0.000006761 add_time= 0.000426645
2550 0.000287670 2550 0.000006817 add_time= 0.000311470
2652 0.000057484 2652 0.000006548 add_time= 0.000088877
2700 0.000088721 2700 0.000006710 add_time= 0.000112029
1250 0.000063129 1250 0.000009777 add_time= 0.000085692
2500 0.000408392 2500 0.000006597 add_time= 0.000431418
2750 0.000015353 2750 0.000013519 add_time= 0.000051249
1250 0.000077466 1250 0.000005643 add_time= 0.000095179
1375 0.000070263 1375 0.000005085 add_time= 0.000086934
2550 0.000044764 2550 0.000005826 add_time= 0.000073347
2750 0.000055783 2750 0.000006175 add_time= 0.000076767
2500 0.000120675 2500 0.000010049 add_time= 0.000147497
2750 0.000018185 2750 0.000029865 add_time= 0.000065606
2550 0.000104024 2550 0.000009388 add_time= 0.000128268
2601 0.000064007 2601 0.000013847 add_time= 0.000092981
2805 0.000093138 2805 0.000006151 add_time= 0.000114462
2754 0.000029500 2754 0.000005833 add_time= 0.000050329
2500 0.000096165 2500 0.000006123 add_time= 0.000116856
2650 0.000696645 2650 0.000008535 add_time= 0.000731108
2915 0.000026729 2915 0.000021385 add_time= 0.000066304
2500 0.000047556 2500 0.000008040 add_time= 0.000081389
2550 0.000627635 2550 0.000006832 add_time= 0.000653005
2750 0.000185433 2750 0.000006581 add_time= 0.000208791
2550 0.000042442 2550 0.000007653 add_time= 0.000068494
2600 0.000166238 2600 0.000006772 add_time= 0.000190930
1300 0.000004839 1300 0.000012682 add_time= 0.000038354
2500 0.000041412 2500 0.000006176 add_time= 0.000063117
2750 0.000053078 2750 0.000006373 add_time= 0.000075514
2550 0.000032615 2550 0.000005759 add_time= 0.000057778
2750 0.000062155 2750 0.000006996 add_time= 0.000085981
2500 0.000173519 2500 0.000017415 add_time= 0.000208699
2600 0.000006128 2600 0.000023698 add_time= 0.000053060
3025 0.000208548 3025 0.000007157 add_time= 0.000233107
2550 0.000072481 2550 0.000006502 add_time= 0.000103589
2700 0.000059574 2700 0.000013762 add_time= 0.000089956
2703 0.000114915 2703 0.000007368 add_time= 0.000139842
2750 0.000007818 2750 0.000025031 add_time= 0.000058015
2550 0.000138946 2550 0.000006429 add_time= 0.000162250
2600 0.000163371 2600 0.000011717 add_time= 0.000197910
2500 0.000090004 2500 0.000006218 add_time= 0.000119425
2500 0.000069832 2500 0.000005952 add_time= 0.000090396
2500 0.000062931 2500 0.000006342 add_time= 0.000083931
