2500 0.000355709 2500 0.000014615 add_time= 0.001994429
2601 0.000115088 2601 0.000008730 add_time= 0.000139613
2750 0.000413203 2750 0.000006849 add_time= 0.000444957
2550 0.000082215 2550 0.000006931 add_time= 0.000104348
2750 0.000104979 2750 0.000012470 add_time= 0.000191931
2550 0.000145083 2550 0.000006563 add_time= 0.000167853
2550 0.000106987 2550 0.000022645 add_time= 0.000148363
2500 0.000051592 2500 0.000008404 add_time= 0.000086980
1250 0.000483458 1250 0.000016865 add_time= 0.000526955
2600 0.000063064 2600 0.000006982 add_time= 0.000096089
1325 0.001129085 1325 0.000010316 add_time= 0.001184408
2750 0.000267638 2750 0.000021140 add_time= 0.000315647
2600 0.000083897 2600 0.000015276 add_time= 0.000126001
2550 0.000105272 2550 0.000005893 add_time= 0.000125960
2500 0.000188759 2500 0.000008840 add_time= 0.000219560
2550 0.000396460 2550 0.000006560 add_time= 0.000420826
2500 0.000142546 2500 0.000006886 add_time= 0.000167605
2500 0.000351572 2500 0.000022012 add_time= 0.000417656
2550 0.000171936 2550 0.000007155 add_time= 0.000215867
2550 0.000050470 2550 0.000011045 add_time= 0.000254485
2500 0.000040367 2500 0.000007822 add_time= 0.000097342
2805 0.000094584 2805 0.000011185 add_time= 0.000164186
1350 0.000015166 1350 0.000008724 add_time= 0.000087651
2915 0.000276937 2915 0.000016885 add_time= 0.001985103
2601 0.000093634 2601 0.000008716 add_time= 0.000135001
2754 0.000105674 2754 0.000008276 add_time= 0.000130458
2808 0.000140830 2808 0.000018969 add_time= 0.000188273
2601 0.000051650 2601 0.000007215 add_time= 0.000085827
2600 0.000172888 2600 0.000031784 add_time= 0.000265760
2550 0.000182981 2550 0.000009071 add_time= 0.000207923
2600 0.000225852 2600 0.000007730 add_time= 0.000265776
2550 0.000323641 2550 0.000006982 add_time= 0.000346883
1250 0.000324377 1250 0.000006806 add_time= 0.000346722
2750 0.000456097 2750 0.000010487 add_time= 0.000513543
2500 0.000159717 2500 0.000007319 add_time= 0.000193276
2650 0.000133054 2650 0.000037200 add_time= 0.000186613
2860 0.000146029 2860 0.000007475 add_time= 0.000174430
2500 0.000096411 2500 0.000038650 add_time= 0.000150757
2550 0.000007092 2550 0.000015345 add_time= 0.000038580
2805 0.000269988 2805 0.000007671 add_time= 0.000301716
2500 0.000086931 2500 0.000006696 add_time= 0.000109380
1275 0.000071803 1275 0.000006014 add_time= 0.000091071
1325 0.000125747 1325 0.000032139 add_time= 0.000170849
2750 0.000151375 2750 0.000010496 add_time= 0.000288501
2805 0.000066888 2805 0.000008998 add_time= 0.000110966
2650 0.000050876 2650 0.000008432 add_time= 0.000083453
