2756 0.000093441 2756 0.000023848 add_time= 0.001541199
2750 0.000105116 2750 0.000008722 add_time= 0.000130815
2500 0.000045256 2500 0.000008242 add_time= 0.000069761
2500 0.000241350 2500 0.000009324 add_time= 0.000271436
2750 0.000041798 2750 0.000005809 add_time= 0.000060171
2500 0.000101059 2500 0.000013839 add_time= 0.000132564
2704 0.000113887 2704 0.000008536 add_time= 0.000167200
2550 0.000054007 2550 0.000006941 add_time= 0.000077161
2754 0.000009082 2754 0.000027530 add_time= 0.000054075
2500 0.000064343 2500 0.000007199 add_time= 0.000098000
2550 0.000161308 2550 0.000006020 add_time= 0.000187790
2700 0.000197419 2700 0.000005951 add_time= 0.000237017
2600 0.000101675 2600 0.000010062 add_time= 0.000134536
2600 0.000051637 2600 0.000006584 add_time= 0.000073837
2750 0.000049623 2750 0.000006766 add_time= 0.000072616
2500 0.000100180 2500 0.000005959 add_time= 0.000119943
2650 0.000187295 2650 0.000013780 add_time= 0.000223485
2500 0.000111844 2500 0.000009986 add_time= 0.000176688
2500 0.000301025 2500 0.000007677 add_time= 0.000333497
2500 0.000191392 2500 0.000006813 add_time= 0.000230464
2756 0.000244683 2756 0.000007621 add_time= 0.000289657
2550 0.000412051 2550 0.000019454 add_time= 0.000483242
2500 0.000261854 2500 0.000006752 add_time= 0.000289339
2550 0.000007742 2550 0.000046560 add_time= 0.000070851
2500 0.001072554 2500 0.000008564 add_time= 0.001116851
2500 0.000173717 2500 0.000022850 add_time= 0.000312522
2600 0.000040242 2600 0.000008656 add_time= 0.000078733
2500 0.000075951 2500 0.000016959 add_time= 0.000119260
2750 0.000495111 2750 0.000025214 add_time= 0.001988741
2805 0.000118061 2805 0.000008541 add_time= 0.000143018
2750 0.000143633 2750 0.000007112 add_time= 0.000166958
2750 0.000143517 2750 0.000007512 add_time= 0.000171802
2750 0.000105984 2750 0.000007180 add_time= 0.000137784
2500 0.000067495 2500 0.000005745 add_time= 0.000095048
2500 0.000089436 2500 0.000006722 add_time= 0.000118010
2860 0.000145513 2860 0.000012920 add_time= 0.000206911
2750 0.000076484 2750 0.000006628 add_time= 0.000099050
2500 0.000292475 2500 0.000006864 add_time= 0.000314437
2808 0.000316017 2808 0.000007822 add_time= 0.000365951
2600 0.000223316 2600 0.000011187 add_time= 0.000249938
2500 0.000337354 2500 0.000008387 add_time= 0.000373691
2650 0.000107142 2650 0.000006702 add_time= 0.000129645
2700 0.000098768 2700 0.000006675 add_time= 0.000121555
2600 0.000133545 2600 0.000009315 add_time= 0.000166929
2500 0.000121146 2500 0.000006895 add_time= 0.000143557
2750 0.000122220 2750 0.000006699 add_time= 0.000165558
2500 0.000057739 2500 0.000009195 add_time= 0.000087997
2500 0.000261448 2500 0.000008262 add_time= 0.000317349
2652 0.000026772 2652 0.000024328 add_time= 0.000080099
2915 0.000164090 2915 0.000022926 add_time= 0.000314812
2754 0.000069805 2754 0.000008941 add_time= 0.000137422
1275 0.000092889 1275 0.000009795 add_time= 0.000153931
