2860 0.000947737 2860 0.000017376 add_time= 0.002343993
2750 0.000050124 2750 0.000008094 add_time= 0.000073982
2703 0.000128709 2703 0.000007008 add_time= 0.000151280
2600 0.000416320 2600 0.000008357 add_time= 0.000446001
3025 0.000087469 3025 0.000011423 add_time= 0.000127397
2550 0.000120404 2550 0.000006766 add_time= 0.000142769
2750 0.000088544 2750 0.000011695 add_time= 0.000172915
2500 0.000208980 2500 0.000007202 add_time= 0.000241474
2700 0.000147481 2700 0.000006757 add_time= 0.000178422
2600 0.000010780 2600 0.000027074 add_time= 0.000070967
2750 0.000692684 2750 0.000007153 add_time= 0.000750829
2750 0.000197664 2750 0.000012489 add_time= 0.000234287
2550 0.000184382 2550 0.000006086 add_time= 0.000222691
2970 0.000127029 2970 0.000009698 add_time= 0.000171610
2750 0.000067324 2750 0.000008066 add_time= 0.000110703
1250 0.000061453 1250 0.000006896 add_time= 0.000085566
2652 0.000191372 2652 0.000007050 add_time= 0.000221853
2550 0.002023878 2550 0.000007154 add_time= 0.002048348
2650 0.000114165 2650 0.000009200 add_time= 0.000151275
2750 0.000070136 2750 0.000019858 add_time= 0.000104857
2500 0.000093299 2500 0.000007269 add_time= 0.000116138
2600 0.000212997 2600 0.000009623 add_time= 0.000332689
2601 0.000073762 2601 0.000010562 add_time= 0.000113234
2550 0.000068722 2550 0.000010380 add_time= 0.000125037
2600 0.000019660 2600 0.000029355 add_time= 0.001694876
2500 0.000052597 2500 0.000008647 add_time= 0.000077394
2500 0.000044093 2500 0.000009603 add_time= 0.000070394
2750 0.000718250 2750 0.000010312 add_time= 0.000749464
2550 0.000085570 2550 0.000027161 add_time= 0.000128418
2550 0.000009401 2550 0.000026160 add_time= 0.000105437
2600 0.000344342 2600 0.000007288 add_time= 0.000377551
2500 0.000217702 2500 0.000007589 add_time= 0.000252605
1375 0.000251413 1375 0.000006031 add_time= 0.000272354
2915 0.000554227 2915 0.000010980 add_time= 0.000612042
2550 0.000286453 2550 0.000007447 add_time= 0.000329971
1300 0.000341666 1300 0.000006682 add_time= 0.000380019
2600 0.000027676 2600 0.000018369 add_time= 0.000083673
2750 0.000099164 2750 0.000024003 add_time= 0.000139738
3025 0.000114307 3025 0.000014207 add_time= 0.000146252
1275 0.000105908 1275 0.000006364 add_time= 0.000125197
2700 0.000434555 2700 0.000011116 add_time= 0.000470867
2500 0.000101580 2500 0.000007887 add_time= 0.000141975
1250 0.000057014 1250 0.000006723 add_time= 0.000095093
2650 0.000324439 2650 0.000007966 add_time= 0.000353294
2915 0.000048938 2915 0.000006693 add_time= 0.000071878
2805 0.000104154 2805 0.000007327 add_time= 0.000129472
2600 0.000066935 2600 0.000029266 add_time= 0.000233021
2500 0.000104377 2500 0.000008625 add_time= 0.000143300
2970 0.000072704 2970 0.000011557 add_time= 0.000119255
2500 0.000250210 2500 0.000012451 add_time= 0.001274538
2500 0.000015175 2500 0.000023194 add_time= 0.000054010
2750 0.000093777 2750 0.000007329 add_time= 0.000116828
2500 0.000128701 2500 0.000007380 add_time= 0.000150915
2700 0.000070017 2700 0.000007172 add_time= 0.000092201
2600 0.000088016 2600 0.000007494 add_time= 0.000110384
2650 0.000061523 2650 0.000007127 add_time= 0.000085183
2860 0.000120177 2860 0.000006562 add_time= 0.000141070
2550 0.000098260 2550 0.000006446 add_time= 0.000116993
2500 0.000053193 2500 0.000006557 add_time= 0.000074799
2601 0.000075566 2601 0.000007163 add_time= 0.000098124
3025 0.000135131 3025 0.000007734 add_time= 0.000170758
2703 0.000430135 2703 0.000008906 add_time= 0.000490266
2808 0.000008361 2808 0.000039612 add_time= 0.000074446
2750 0.000105409 2750 0.000018530 add_time= 0.000141951
2550 0.000074715 2550 0.000006764 add_time= 0.000098557
2700 0.000038748 2700 0.000007320 add_time= 0.000063571
1300 0.000052389 1300 0.000006018 add_time= 0.000083494
2500 0.000293691 2500 0.000007085 add_time= 0.000319886
2500 0.000006398 2500 0.000032315 add_time= 0.000055336
2970 0.000032234 2970 0.000006853 add_time= 0.000057083
2550 0.000063003 2550 0.000007530 add_time= 0.000087418
2601 0.000082402 2601 0.000007039 add_time= 0.000106197
2750 0.000079721 2750 0.000011383 add_time= 0.000119619
2650 0.000171870 2650 0.000006852 add_time= 0.000214036
2970 0.000151280 2970 0.000006564 add_time= 0.000174820
2805 0.000132297 2805 0.000006760 add_time= 0.000155433
2703 0.000220309 2703 0.000007357 add_time= 0.000244875
2700 0.000054785 2700 0.000006685 add_time= 0.000078042
1275 0.000092687 1275 0.000006433 add_time= 0.000126876
2750 0.000121119 2750 0.000014974 add_time= 0.000153100
2600 0.000114564 2600 0.000007285 add_time= 0.000138649
2750 0.000118976 2750 0.000009352 add_time= 0.000143244
2601 0.000355704 2601 0.000008060 add_time= 0.000380847
2500 0.000329737 2500 0.000009791 add_time= 0.000354701
2600 0.000063955 2600 0.000007598 add_time= 0.000088523
2600 0.000259885 2600 0.000008322 add_time= 0.000301998
2500 0.000049839 2500 0.000006864 add_time= 0.000084041
2550 0.001706090 2550 0.000007243 add_time= 0.001728543
2500 0.000072844 2500 0.000009903 add_time= 0.000097027
2500 0.000168420 2500 0.000009655 add_time= 0.000277125
2500 0.000015725 2500 0.000008389 add_time= 0.000049877
2650 0.000073193 2650 0.000009305 add_time= 0.000132144
2500 0.000078058 2500 0.000008934 add_time= 0.000112892
2970 0.000064957 2970 0.000009688 add_time= 0.000122687
1250 0.000050795 1250 0.000009287 add_time= 0.000117046
2600 0.000091517 2600 0.000008700 add_time= 0.000133037
2600 0.000016572 2600 0.000021613 add_time= 0.000055658
3025 0.000149298 3025 0.000007940 add_time= 0.000176792
2550 0.000362318 2550 0.000007362 add_time= 0.000385662
2805 0.000235274 2805 0.000008898 add_time= 0.000259338
2808 0.000366277 2808 0.000006772 add_time= 0.000388277
1250 0.000150650 1250 0.000007499 add_time= 0.000182700
2809 0.000689660 2809 0.000007238 add_time= 0.000716002
2600 0.000045599 2600 0.000007081 add_time= 0.000068567
2550 0.000151277 2550 0.000005971 add_time= 0.000179101
2750 0.000218785 2750 0.000007157 add_time= 0.000242666
1275 0.000112060 1275 0.000005607 add_time= 0.000131832
2500 0.000074157 2500 0.000006898 add_time= 0.000106437
2650 0.000166592 2650 0.000007405 add_time= 0.000192417
2750 0.000007285 2750 0.000025530 add_time= 0.000049534
2500 0.000051408 2500 0.000006630 add_time= 0.000074588
2750 0.000110606 2750 0.000006315 add_time= 0.000131824
2500 0.000031812 2500 0.000005806 add_time= 0.000052222
2500 0.000194912 2500 0.000007397 add_time= 0.000218786
1275 0.000032543 1275 0.000006242 add_time= 0.000051640
2500 0.000206490 2500 0.000006999 add_time= 0.000247178
2500 0.000013113 2500 0.000023193 add_time= 0.000051447
2550 0.000119257 2550 0.000007696 add_time= 0.000143871
2500 0.000132259 2500 0.000006773 add_time= 0.000156143
2500 0.000124778 2500 0.000006889 add_time= 0.000148643
2500 0.000070736 2500 0.000007079 add_time= 0.000103650
2500 0.000027173 2500 0.000006842 add_time= 0.000054047
2600 0.000046688 2600 0.000006506 add_time= 0.000077614
2750 0.000007062 2750 0.000023682 add_time= 0.000057863
2500 0.000109180 2500 0.000006615 add_time= 0.000131131
2750 0.000056041 2750 0.000006114 add_time= 0.000077184
2805 0.000076880 2805 0.000005837 add_time= 0.000115038
1275 0.000067826 1275 0.000005303 add_time= 0.000089966
1250 0.000029303 1250 0.000006252 add_time= 0.000054797
2704 0.000186851 2704 0.000007668 add_time= 0.000231750
2750 0.000014764 2750 0.000013841 add_time= 0.000044165
1250 0.000112908 1250 0.000006368 add_time= 0.000147413
2750 0.000086846 2750 0.000007162 add_time= 0.000109480
2550 0.000158539 2550 0.000006168 add_time= 0.000178941
2750 0.000088449 2750 0.000007256 add_time= 0.000112962
2915 0.000179102 2915 0.000007956 add_time= 0.000207428
2600 0.000006417 2600 0.000014247 add_time= 0.000038673
2500 0.000084345 2500 0.000006284 add_time= 0.000105557
2805 0.000036704 2805 0.000019275 add_time= 0.000073944
2500 0.000240629 2500 0.000006366 add_time= 0.000262342
2805 0.000031001 2805 0.000006014 add_time= 0.000060181
2862 0.000375154 2862 0.000006470 add_time= 0.000399889
2500 0.000034404 2500 0.000007215 add_time= 0.000057973
2750 0.000064885 2750 0.000007312 add_time= 0.000094981
2652 0.000030272 2652 0.000006924 add_time= 0.000058271
2970 0.000031263 2970 0.000007413 add_time= 0.000055335
2600 0.000032115 2600 0.000009073 add_time= 0.000084436
2500 0.000024309 2500 0.000024316 add_time= 0.000075422
2600 0.000013742 2600 0.000019583 add_time= 0.000058457
2805 0.000037856 2805 0.000013417 add_time= 0.000076445
2550 0.000022363 2550 0.000013890 add_time= 0.000062216
2601 0.000050735 2601 0.000009067 add_time= 0.000096387
2700 0.000037119 2700 0.000008350 add_time= 0.000070622
1375 0.000054795 1375 0.000007665 add_time= 0.000093498
2750 0.000237557 2750 0.000006944 add_time= 0.000261493
2750 0.000006967 2750 0.000031389 add_time= 0.000055016
2500 0.000025582 2500 0.000006567 add_time= 0.000056521
2550 0.000078713 2550 0.000006292 add_time= 0.000100237
2500 0.000038987 2500 0.000006102 add_time= 0.000059327
1250 0.000036000 1250 0.000007231 add_time= 0.000069503
2860 0.000060221 2860 0.000007009 add_time= 0.000085457
2600 0.000024385 2600 0.000007351 add_time= 0.000059267
2750 0.000052305 2750 0.000006077 add_time= 0.000073040
2970 0.000034075 2970 0.000006273 add_time= 0.000064350
2750 0.000061103 2750 0.000006721 add_time= 0.000082475
2754 0.000135973 2754 0.000006874 add_time= 0.000162522
1375 0.000050970 1375 0.000007029 add_time= 0.000072614
2704 0.000319693 2704 0.000008168 add_time= 0.000355283
2500 0.000025652 2500 0.000021330 add_time= 0.000063812
2500 0.000073234 2500 0.000007035 add_time= 0.000097961
2500 0.000077634 2500 0.000006911 add_time= 0.000102848
2700 0.000048013 2700 0.000006850 add_time= 0.000079373
2500 0.000033933 2500 0.000015483 add_time= 0.000066133
2550 0.000255578 2550 0.000007807 add_time= 0.000282999
2860 0.000007151 2860 0.000084218 add_time= 0.000109455
2500 0.000040986 2500 0.000006823 add_time= 0.000074345
2550 0.000052602 2550 0.000006560 add_time= 0.000074899
2754 0.000026062 2754 0.000007131 add_time= 0.000051411
1250 0.000078122 1250 0.000007281 add_time= 0.000102107
2756 0.000098203 2756 0.000007753 add_time= 0.000126045
1250 0.000006025 1250 0.000015192 add_time= 0.000047030
2500 0.000128618 2500 0.000007808 add_time= 0.000165080
2550 0.000152436 2550 0.000007278 add_time= 0.000185529
2500 0.000059957 2500 0.000006938 add_time= 0.000084043
2915 0.000311726 2915 0.000007281 add_time= 0.000338949
2600 0.000015829 2600 0.000021645 add_time= 0.000053651
2970 0.000049040 2970 0.000015063 add_time= 0.000080097
2600 0.000051579 2600 0.000006759 add_time= 0.000075420
2500 0.000066765 2500 0.000006814 add_time= 0.000091261
2916 0.000091898 2916 0.000007176 add_time= 0.000117240
2750 0.000031516 2750 0.000007226 add_time= 0.000072367
2600 0.000321836 2600 0.000006431 add_time= 0.000347284
2860 0.000007694 2860 0.000043246 add_time= 0.000068139
2750 0.000006355 2750 0.000024002 add_time= 0.000054320
2500 0.000040473 2500 0.000019071 add_time= 0.000076950
2601 0.000079954 2601 0.000007747 add_time= 0.000104903
2500 0.000078790 2500 0.000006693 add_time= 0.000101822
2500 0.000171706 2500 0.000006900 add_time= 0.000214124
2750 0.000165913 2750 0.000005999 add_time= 0.000187331
2550 0.000385338 2550 0.000006784 add_time= 0.000413714
2600 0.000139454 2600 0.000006950 add_time= 0.000163294
2650 0.000147213 2650 0.000007263 add_time= 0.000172735
2860 0.000026790 2860 0.000028971 add_time= 0.000071637
3025 0.000335502 3025 0.000012909 add_time= 0.000367911
2750 0.000116819 2750 0.000006838 add_time= 0.000152478
2754 0.000217697 2754 0.000006405 add_time= 0.000239264
2500 0.000183594 2500 0.000017939 add_time= 0.000223870
2750 0.000158172 2750 0.000007755 add_time= 0.000187741
2600 0.000006477 2600 0.000034034 add_time= 0.000067799
2750 0.000129577 2750 0.000006802 add_time= 0.000152961
2550 0.000064075 2550 0.000006576 add_time= 0.000086378
2700 0.000043025 2700 0.000007363 add_time= 0.000067149
2750 0.000098220 2750 0.000006776 add_time= 0.000119934
2500 0.000178768 2500 0.000020775 add_time= 0.000256830
2500 0.000041759 2500 0.000008112 add_time= 0.000075655
2750 0.000005948 2750 0.000008650 add_time= 0.000039573
2754 0.000031090 2754 0.000019412 add_time= 0.000078684
2970 0.000027999 2970 0.000007824 add_time= 0.000062544
1325 0.000022485 1325 0.000008489 add_time= 0.000069420
2915 0.000149943 2915 0.000006883 add_time= 0.000175437
3025 0.000019490 3025 0.000027973 add_time= 0.000064736
2750 0.000081933 2750 0.000006340 add_time= 0.000103263
2550 0.000132940 2550 0.000006615 add_time= 0.000159823
2550 0.000071877 2550 0.000006177 add_time= 0.000091839
2500 0.000148409 2500 0.000007012 add_time= 0.000186597
2500 0.000203266 2500 0.000013483 add_time= 0.000234491
3025 0.000017287 3025 0.000015701 add_time= 0.000055435
2650 0.000119423 2650 0.000006650 add_time= 0.000142912
2500 0.000072172 2500 0.000005836 add_time= 0.000092529
2754 0.000099878 2754 0.000006256 add_time= 0.000121677
2750 0.000065498 2750 0.000006929 add_time= 0.000087087
2600 0.000109711 2600 0.000007451 add_time= 0.000134324
2500 0.000015302 2500 0.000023207 add_time= 0.000053558
2500 0.000031127 2500 0.000006013 add_time= 0.000052760
3025 0.000067591 3025 0.000007328 add_time= 0.000093044
2754 0.000058788 2754 0.000006026 add_time= 0.000083579
2500 0.000091752 2500 0.000007120 add_time= 0.000115927
1250 0.000417238 1250 0.000007029 add_time= 0.000439865
2750 0.000048940 2750 0.000009263 add_time= 0.000086600
2704 0.000043996 2704 0.000007018 add_time= 0.000067949
2750 0.000090157 2750 0.000006720 add_time= 0.000115470
2550 0.000127327 2550 0.000006784 add_time= 0.000150170
2750 0.000062933 2750 0.000006759 add_time= 0.000094269
1275 0.000178211 1275 0.000006516 add_time= 0.000201707
2915 0.000346293 2915 0.000015573 add_time= 0.000391068
2650 0.000546100 2650 0.000007069 add_time= 0.000571628
2550 0.000007156 2550 0.000025866 add_time= 0.000049743
2805 0.000135943 2805 0.000007030 add_time= 0.000160848
2805 0.000104189 2805 0.000006444 add_time= 0.000130350
2805 0.000057127 2805 0.000006344 add_time= 0.000078555
2600 0.000206938 2600 0.000019105 add_time= 0.000253153
2750 0.000034365 2750 0.000006388 add_time= 0.000055808
2756 0.000132126 2756 0.000006814 add_time= 0.000156806
2860 0.000006551 2860 0.000024912 add_time= 0.000048493
3025 0.000108085 3025 0.000015377 add_time= 0.000141832
2652 0.000117975 2652 0.000006796 add_time= 0.000141592
2550 0.000066583 2550 0.000005870 add_time= 0.000098124
2700 0.000223619 2700 0.000014706 add_time= 0.000253516
2750 0.000025593 2750 0.000010528 add_time= 0.000050233
1300 0.000043052 1300 0.000005315 add_time= 0.000061094
2650 0.000441115 2650 0.000006439 add_time= 0.000463726
2750 0.000007248 2750 0.000023967 add_time= 0.000047871
2550 0.000601476 2550 0.000007659 add_time= 0.000641104
2601 0.000092914 2601 0.000007055 add_time= 0.000116956
2550 0.000229525 2550 0.000007112 add_time= 0.000253473
1250 0.000065292 1250 0.000006492 add_time= 0.000086289
2600 0.000106517 2600 0.000014566 add_time= 0.000141077
2500 0.000007449 2500 0.000022214 add_time= 0.000056959
2500 0.000232244 2500 0.000006500 add_time= 0.000254416
2500 0.000080936 2500 0.000006606 add_time= 0.000102823
2500 0.000097282 2500 0.000006877 add_time= 0.000123890
2915 0.000071780 2915 0.000008271 add_time= 0.000117709
2652 0.000025286 2652 0.000006247 add_time= 0.000056251
3025 0.000051252 3025 0.000007239 add_time= 0.000076814
2700 0.000063455 2700 0.000007099 add_time= 0.000095833
2754 0.000648482 2754 0.000007510 add_time= 0.000673713
2750 0.000317547 2750 0.000006859 add_time= 0.000342080
1250 0.000050474 1250 0.000005958 add_time= 0.000070054
2600 0.000354066 2600 0.000007177 add_time= 0.000378285
2550 0.000006156 2550 0.000013525 add_time= 0.000034488
2600 0.000093331 2600 0.000006083 add_time= 0.000113911
2750 0.000054382 2750 0.000006703 add_time= 0.000077791
2750 0.000100072 2750 0.000006866 add_time= 0.000124264
2600 0.000055923 2600 0.000006769 add_time= 0.000078845
2756 0.000313017 2756 0.000011202 add_time= 0.000346331
2860 0.000032432 2860 0.000042280 add_time= 0.000094084
2750 0.000134623 2750 0.000013281 add_time= 0.000173848
2805 0.000137568 2805 0.000007363 add_time= 0.000174247
2750 0.000147693 2750 0.000007266 add_time= 0.000172395
2750 0.000083961 2750 0.000009949 add_time= 0.000142656
2600 0.000028367 2600 0.000033790 add_time= 0.000091997
2500 0.000050949 2500 0.000008007 add_time= 0.000086899
2601 0.000092880 2601 0.000008154 add_time= 0.000128556
2600 0.000014339 2600 0.000008641 add_time= 0.000070967
2700 0.000031321 2700 0.000008034 add_time= 0.000069106
1250 0.000018668 1250 0.000008045 add_time= 0.000054416
2750 0.000079292 2750 0.000007740 add_time= 0.000114008
2750 0.000006507 2750 0.000025767 add_time= 0.000048183
2750 0.000095220 2750 0.000007926 add_time= 0.000121173
2915 0.000069646 2915 0.000006758 add_time= 0.000094433
2754 0.000107166 2754 0.000006034 add_time= 0.000140432
2970 0.000038288 2970 0.000007825 add_time= 0.000064484
2750 0.000073682 2750 0.000006041 add_time= 0.000111552
2915 0.000196724 2915 0.000008363 add_time= 0.000230412
2600 0.000018073 2600 0.000073397 add_time= 0.000108784
2750 0.000060757 2750 0.000007602 add_time= 0.000086423
2970 0.000048439 2970 0.000007233 add_time= 0.000083009
2550 0.000094590 2550 0.000007140 add_time= 0.000118380
3025 0.000057974 3025 0.000007399 add_time= 0.000082551
2915 0.000198647 2915 0.000008351 add_time= 0.000231491
2750 0.000016859 2750 0.000015565 add_time= 0.000051327
2500 0.000114965 2500 0.000006695 add_time= 0.000138062
2500 0.000062727 2500 0.000006669 add_time= 0.000084606
2550 0.000064550 2550 0.000006360 add_time= 0.000088842
2700 0.000068676 2700 0.000006439 add_time= 0.000090982
1300 0.000151151 1300 0.000006222 add_time= 0.000171844
2550 0.000110311 2550 0.000007357 add_time= 0.000139525
2600 0.000018299 2600 0.000014269 add_time= 0.000048092
2805 0.000039918 2805 0.000006352 add_time= 0.000061898
2700 0.000078574 2700 0.000006078 add_time= 0.000102212
2550 0.000063782 2550 0.000006919 add_time= 0.000087087
2550 0.000045093 2550 0.000006122 add_time= 0.000065675
2500 0.000070780 2500 0.000006227 add_time= 0.000091917
2550 0.000210527 2550 0.000007987 add_time= 0.000256925
2500 0.000023012 2500 0.000014002 add_time= 0.000053319
2500 0.000370289 2500 0.000007131 add_time= 0.000394444
2601 0.000206462 2601 0.000006214 add_time= 0.000227769
2500 0.000581845 2500 0.000006704 add_time= 0.000604717
1325 0.000109571 1325 0.000009779 add_time= 0.000153249
2703 0.000150845 2703 0.000006545 add_time= 0.000176905
2756 0.000036858 2756 0.000006323 add_time= 0.000058073
2550 0.000098286 2550 0.000006307 add_time= 0.000121139
3025 0.000040392 3025 0.000006248 add_time= 0.000062612
2550 0.000034881 2550 0.000006864 add_time= 0.000058933
2550 0.000066022 2550 0.000006605 add_time= 0.000089224
2550 0.000039765 2550 0.000006924 add_time= 0.000062834
2860 0.000007157 2860 0.000035191 add_time= 0.000059562
1250 0.000248979 1250 0.000006585 add_time= 0.000268818
1250 0.000033864 1250 0.000005978 add_time= 0.000053662
2750 0.000080839 2750 0.000006833 add_time= 0.000109986
2500 0.000045407 2500 0.000006889 add_time= 0.000068219
2915 0.000621414 2915 0.000007001 add_time= 0.000646282
2600 0.000097390 2600 0.000007118 add_time= 0.000121124
2750 0.000068949 2750 0.000006604 add_time= 0.000092518
1275 0.000226410 1275 0.000006782 add_time= 0.000248036
2500 0.000095508 2500 0.000006779 add_time= 0.000119883
1375 0.000063406 1375 0.000006199 add_time= 0.000083434
2600 0.000426706 2600 0.000006420 add_time= 0.000455169
2750 0.000047539 2750 0.000006641 add_time= 0.000070859
2550 0.000074758 2550 0.000007357 add_time= 0.000103371
2750 0.000162263 2750 0.000006711 add_time= 0.000186093
2700 0.000091517 2700 0.000006836 add_time= 0.000115057
1250 0.000110538 1250 0.000006185 add_time= 0.000129708
2600 0.000211416 2600 0.000007762 add_time= 0.000256366
2750 0.000017335 2750 0.000024162 add_time= 0.000058914
1250 0.000373535 1250 0.000006735 add_time= 0.000395932
2650 0.000061305 2650 0.000006939 add_time= 0.000095576
2550 0.000182981 2550 0.000005869 add_time= 0.000211997
2750 0.000122177 2750 0.000007349 add_time= 0.000146805
2862 0.000113836 2862 0.000007548 add_time= 0.000141810
2600 0.000039525 2600 0.000006572 add_time= 0.000061728
2750 0.000156178 2750 0.000006242 add_time= 0.000177680
3025 0.000125565 3025 0.000007219 add_time= 0.000151746
2500 0.000124010 2500 0.000010920 add_time= 0.000151614
3025 0.000049148 3025 0.000007939 add_time= 0.000076549
1250 0.000029758 1250 0.000006047 add_time= 0.000051482
2650 0.000040564 2650 0.000007409 add_time= 0.000067137
2652 0.000062362 2652 0.000007304 add_time= 0.000093206
2500 0.000006626 2500 0.000036999 add_time= 0.000057933
2915 0.000054330 2915 0.000011317 add_time= 0.000082749
2970 0.000038778 2970 0.000007383 add_time= 0.000067093
2700 0.000047021 2700 0.000015908 add_time= 0.000080447
2500 0.002268697 2500 0.000006635 add_time= 0.002291347
2750 0.000014918 2750 0.000009177 add_time= 0.000081312
2652 0.000042375 2652 0.000007579 add_time= 0.000078439
2500 0.000049332 2500 0.000042044 add_time= 0.000119976
2500 0.000026538 2500 0.000008329 add_time= 0.000060373
2550 0.000030053 2550 0.000007899 add_time= 0.000063883
2601 0.000064237 2601 0.000007739 add_time= 0.000097304
2970 0.000040726 2970 0.000007858 add_time= 0.000086240
2650 0.000063165 2650 0.000006650 add_time= 0.000088850
2600 0.000007117 2600 0.000040641 add_time= 0.000064288
2750 0.000102689 2750 0.000006375 add_time= 0.000125658
2550 0.000095026 2550 0.000006140 add_time= 0.000116116
2550 0.000081154 2550 0.000013703 add_time= 0.000111961
2500 0.000071836 2500 0.000006222 add_time= 0.000096947
2650 0.000458518 2650 0.000007683 add_time= 0.000493200
2500 0.000016590 2500 0.000032906 add_time= 0.000084255
2500 0.000086769 2500 0.000006410 add_time= 0.000108578
2754 0.000094209 2754 0.000024268 add_time= 0.000133067
2750 0.000057579 2750 0.000017738 add_time= 0.000098591
2500 0.000108888 2500 0.000006479 add_time= 0.000129477
2809 0.000162045 2809 0.000007480 add_time= 0.000188744
2600 0.000016288 2600 0.000013850 add_time= 0.000045060
2750 0.000077977 2750 0.000006364 add_time= 0.000099739
2600 0.000044198 2600 0.000006210 add_time= 0.000064965
2550 0.000123582 2550 0.000005997 add_time= 0.000143868
2700 0.000063304 2700 0.000006012 add_time= 0.000083431
2550 0.000217832 2550 0.000005875 add_time= 0.000245427
2703 0.000130409 2703 0.000007016 add_time= 0.000155095
2550 0.000014179 2550 0.000124651 add_time= 0.000163708
2750 0.000040387 2750 0.000007771 add_time= 0.000063111
2652 0.000045527 2652 0.000006157 add_time= 0.000074690
2601 0.000077704 2601 0.000006071 add_time= 0.000098356
2500 0.000128681 2500 0.000006584 add_time= 0.000156806
2750 0.000075228 2750 0.000008041 add_time= 0.000100959
1300 0.000011501 1300 0.000069873 add_time= 0.000095251
2750 0.000062519 2750 0.000006028 add_time= 0.000084153
2650 0.000082800 2650 0.000005993 add_time= 0.000102365
2805 0.000046684 2805 0.000006198 add_time= 0.000067122
2601 0.000080395 2601 0.000012359 add_time= 0.000107209
2500 0.000052708 2500 0.000006115 add_time= 0.000072727
2550 0.000104536 2550 0.000008035 add_time= 0.000140434
2650 0.000015664 2650 0.000032385 add_time= 0.000067042
2750 0.000124956 2750 0.000006535 add_time= 0.000148103
2805 0.000054701 2805 0.000006930 add_time= 0.000078456
2750 0.000068837 2750 0.000006957 add_time= 0.000093172
2916 0.000168112 2916 0.000007137 add_time= 0.000192450
1250 0.000046044 1250 0.000006390 add_time= 0.000069404
2500 0.000027055 2500 0.000006882 add_time= 0.000053034
2860 0.000007256 2860 0.000024994 add_time= 0.000056747
2750 0.000142050 2750 0.000006912 add_time= 0.000165329
2550 0.000092859 2550 0.000007218 add_time= 0.000116922
2600 0.000140904 2600 0.000007099 add_time= 0.000170889
2500 0.000077798 2500 0.000016099 add_time= 0.000110818
2703 0.000424503 2703 0.000007366 add_time= 0.000450604
2600 0.000006880 2600 0.000013471 add_time= 0.000044991
2750 0.000074324 2750 0.000006977 add_time= 0.000098544
2500 0.000107747 2500 0.000013980 add_time= 0.000136177
2805 0.000045671 2805 0.000007589 add_time= 0.000088488
2600 0.000132370 2600 0.000007276 add_time= 0.000157249
2700 0.000037065 2700 0.000006902 add_time= 0.000072248
2600 0.000031967 2600 0.000006725 add_time= 0.000055835
2600 0.000027295 2600 0.000006005 add_time= 0.000047655
2500 0.000065880 2500 0.000006685 add_time= 0.000093934
2500 0.000051909 2500 0.000006588 add_time= 0.000074052
2550 0.000132408 2550 0.000006717 add_time= 0.000155235
2500 0.000126525 2500 0.000006967 add_time= 0.000155594
1250 0.000062318 1250 0.000005566 add_time= 0.000098330
2500 0.000057622 2500 0.000006211 add_time= 0.000079606
2600 0.000038071 2600 0.000007144 add_time= 0.000061474
3025 0.000058181 3025 0.000007076 add_time= 0.000082884
3025 0.000104977 3025 0.000006327 add_time= 0.000126488
2550 0.000086389 2550 0.000006933 add_time= 0.000109478
2500 0.000157693 2500 0.000006289 add_time= 0.000178791
2600 0.001547382 2600 0.000006575 add_time= 0.001568958
2500 0.000235782 2500 0.000007301 add_time= 0.000270706
2500 0.000017439 2500 0.000021936 add_time= 0.000056667
2970 0.000185903 2970 0.000007032 add_time= 0.000209840
2550 0.000056692 2550 0.000005852 add_time= 0.000094389
1275 0.000117816 1275 0.000005903 add_time= 0.000144096
2808 0.000320863 2808 0.000006913 add_time= 0.000354245
1375 0.000041702 1375 0.000006280 add_time= 0.000062870
2500 0.000052895 2500 0.000006754 add_time= 0.000076737
2860 0.000031602 2860 0.000006044 add_time= 0.000053058
2750 0.000184713 2750 0.000007045 add_time= 0.000217754
1275 0.000051564 1275 0.000006441 add_time= 0.000084506
2650 0.000042305 2650 0.000007207 add_time= 0.000066514
1325 0.000074739 1325 0.000006047 add_time= 0.000093700
2915 0.000087537 2915 0.000006509 add_time= 0.000112064
2500 0.000007040 2500 0.000023749 add_time= 0.000048313
2550 0.000069217 2550 0.000006578 add_time= 0.000092201
2601 0.000046105 2601 0.000006682 add_time= 0.000069122
2550 0.000076457 2550 0.000005742 add_time= 0.000097134
2500 0.000065970 2500 0.000006614 add_time= 0.000088551
2750 0.000028824 2750 0.000013822 add_time= 0.000057222
2750 0.000025578 2750 0.000008592 add_time= 0.000082053
2860 0.000033055 2860 0.000008074 add_time= 0.000074421
2750 0.000040100 2750 0.000008400 add_time= 0.000079538
2805 0.000031402 2805 0.000008633 add_time= 0.000083407
2550 0.000024797 2550 0.000007334 add_time= 0.000056791
2970 0.000026933 2970 0.000008750 add_time= 0.000065710
2860 0.000307548 2860 0.000006375 add_time= 0.000330819
1375 0.000056829 1375 0.000006374 add_time= 0.000078409
2750 0.000049705 2750 0.000017769 add_time= 0.000083203
2550 0.000133286 2550 0.000005806 add_time= 0.000168515
2750 0.000173061 2750 0.000006957 add_time= 0.000196705
2750 0.000069843 2750 0.000005697 add_time= 0.000087790
2915 0.000127540 2915 0.000007213 add_time= 0.000152924
2600 0.000017729 2600 0.000028234 add_time= 0.000072512
2500 0.000088191 2500 0.000006977 add_time= 0.000110412
2550 0.000090109 2550 0.000006678 add_time= 0.000121395
2601 0.000149692 2601 0.000006500 add_time= 0.000169788
2750 0.000179580 2750 0.000007985 add_time= 0.000203776
2809 0.000044114 2809 0.000006710 add_time= 0.000069019
2600 0.000068973 2600 0.000007470 add_time= 0.000091289
2550 0.000099890 2550 0.000007088 add_time= 0.000123402
2750 0.000036982 2750 0.000006101 add_time= 0.000064466
2550 0.000133473 2550 0.000007807 add_time= 0.000156770
2750 0.000068025 2750 0.000007364 add_time= 0.000091410
1250 0.000127074 1250 0.000006375 add_time= 0.000146891
2650 0.000208729 2650 0.000006848 add_time= 0.000232843
1250 0.000013142 1250 0.000009905 add_time= 0.000037715
2500 0.000108231 2500 0.000006542 add_time= 0.000131285
2805 0.000081697 2805 0.000006661 add_time= 0.000104055
2500 0.000139279 2500 0.000006857 add_time= 0.000173323
2756 0.000124898 2756 0.000007611 add_time= 0.000151449
2600 0.000016008 2600 0.000027623 add_time= 0.000070896
2805 0.000089505 2805 0.000007025 add_time= 0.000110812
2750 0.000065162 2750 0.000007188 add_time= 0.000086987
2500 0.000060688 2500 0.000007600 add_time= 0.000095368
2500 0.000131827 2500 0.000006646 add_time= 0.000153236
2805 0.000093685 2805 0.000007338 add_time= 0.000117285
2500 0.000355096 2500 0.000007486 add_time= 0.000379879
1300 0.000021871 1300 0.000082599 add_time= 0.000119619
1375 0.000061522 1375 0.000006177 add_time= 0.000080183
2500 0.000111372 2500 0.000007080 add_time= 0.000132707
2805 0.000112077 2805 0.000014641 add_time= 0.000142408
2750 0.000118740 2750 0.000013171 add_time= 0.000146003
2650 0.000529775 2650 0.000006765 add_time= 0.000562638
3025 0.000065191 3025 0.000009402 add_time= 0.000103494
2500 0.000095353 2500 0.000006689 add_time= 0.000118283
2650 0.000118837 2650 0.000006421 add_time= 0.000149188
2550 0.000037434 2550 0.000006166 add_time= 0.000058854
2700 0.000120565 2700 0.000006228 add_time= 0.000141633
2750 0.000026647 2750 0.000017662 add_time= 0.000074959
2650 0.000430471 2650 0.000006401 add_time= 0.000454754
2500 0.000006964 2500 0.000025189 add_time= 0.000048541
2860 0.000168878 2860 0.000007268 add_time= 0.000194423
2550 0.000031423 2550 0.000006569 add_time= 0.000054637
1350 0.000105794 1350 0.000005979 add_time= 0.000126031
1375 0.000086542 1375 0.000008295 add_time= 0.000109704
2650 0.000104759 2650 0.000006949 add_time= 0.000131013
2600 0.000006970 2600 0.000048040 add_time= 0.000076938
2750 0.000323199 2750 0.000015348 add_time= 0.000355601
2652 0.000187339 2652 0.000006873 add_time= 0.000210669
2805 0.000052583 2805 0.000006939 add_time= 0.000076392
2650 0.000134306 2650 0.000007080 add_time= 0.000158607
2650 0.000474208 2650 0.000006680 add_time= 0.000498629
2500 0.000007152 2500 0.000013404 add_time= 0.000044335
2750 0.000108176 2750 0.000007234 add_time= 0.000134082
2750 0.000152860 2750 0.000006609 add_time= 0.000179037
2652 0.000036519 2652 0.000014423 add_time= 0.000067842
2700 0.000071607 2700 0.000006743 add_time= 0.000094864
2550 0.000035378 2550 0.000006760 add_time= 0.000058626
2915 0.000171417 2915 0.000006616 add_time= 0.000198925
2652 0.000026715 2652 0.000015125 add_time= 0.000057628
2860 0.000006909 2860 0.000027082 add_time= 0.000060482
2500 0.000068862 2500 0.000006604 add_time= 0.000090005
2750 0.000053351 2750 0.000016787 add_time= 0.000084512
2805 0.000043059 2805 0.000010193 add_time= 0.000077689
2700 0.000030575 2700 0.000006790 add_time= 0.000054468
2650 0.000069154 2650 0.000008854 add_time= 0.000109784
2600 0.000111573 2600 0.000017248 add_time= 0.000146322
1250 0.000219029 1250 0.000006954 add_time= 0.000241833
2550 0.000306315 2550 0.000006904 add_time= 0.000330644
2650 0.000094747 2650 0.000007240 add_time= 0.000126202
1375 0.000069139 1375 0.000006784 add_time= 0.000098474
2650 0.000148090 2650 0.000006583 add_time= 0.000172271
2750 0.000006622 2750 0.000015198 add_time= 0.000038653
2500 0.000043384 2500 0.000010866 add_time= 0.000070853
2750 0.000116944 2750 0.000007544 add_time= 0.000149193
2808 0.000195649 2808 0.000007164 add_time= 0.000226873
1250 0.000051856 1250 0.000006545 add_time= 0.000074092
2650 0.000147975 2650 0.000007460 add_time= 0.000175755
2500 0.000006802 2500 0.000053101 add_time= 0.000076033
3025 0.000040939 3025 0.000007380 add_time= 0.000065087
2550 0.000078763 2550 0.000006152 add_time= 0.000104133
2550 0.000052739 2550 0.000011991 add_time= 0.000079141
2750 0.000080397 2750 0.000006488 add_time= 0.000112238
2600 0.000089158 2600 0.000020919 add_time= 0.000154271
2650 0.000046328 2650 0.000134919 add_time= 0.000208795
1375 0.000101693 1375 0.000008434 add_time= 0.000156895
2550 0.000082645 2550 0.000008279 add_time= 0.000118513
2700 0.000052560 2700 0.000008193 add_time= 0.000093907
2650 0.000118146 2650 0.000006965 add_time= 0.000146832
2550 0.000017334 2550 0.000023781 add_time= 0.000056198
2600 0.000089817 2600 0.000006813 add_time= 0.000112911
2500 0.000042551 2500 0.000006410 add_time= 0.000065318
2652 0.000036714 2652 0.000006997 add_time= 0.000069872
2860 0.000131593 2860 0.000006989 add_time= 0.000156485
2862 0.000130425 2862 0.000007449 add_time= 0.000154459
2600 0.000023918 2600 0.000014176 add_time= 0.000062434
2750 0.000100979 2750 0.000006718 add_time= 0.000121836
2500 0.000036135 2500 0.000006602 add_time= 0.000057624
2700 0.000048156 2700 0.000010466 add_time= 0.000074008
2750 0.000227189 2750 0.000007063 add_time= 0.000249548
2756 0.000066551 2756 0.000008031 add_time= 0.000090913
2600 0.000013773 2600 0.000012933 add_time= 0.000040635
2750 0.000021527 2750 0.000017823 add_time= 0.000063345
2500 0.000091782 2500 0.000006160 add_time= 0.000110438
2550 0.000047425 2550 0.000006921 add_time= 0.000069675
2650 0.000057317 2650 0.000006709 add_time= 0.000078529
2500 0.000093128 2500 0.000006922 add_time= 0.000115213
2550 0.000098987 2550 0.000006638 add_time= 0.000120755
2550 0.000006737 2550 0.000013730 add_time= 0.000035508
2600 0.000055678 2600 0.000006863 add_time= 0.000081954
2550 0.000057537 2550 0.000006727 add_time= 0.000079347
2500 0.000181309 2500 0.000006550 add_time= 0.000203069
2650 0.000035886 2650 0.000006618 add_time= 0.000058142
2600 0.000048772 2600 0.000006354 add_time= 0.000069126
2500 0.000044837 2500 0.000006141 add_time= 0.000064619
2652 0.000069476 2652 0.000006685 add_time= 0.000091955
2550 0.000045635 2550 0.000006418 add_time= 0.000067508
1300 0.000064379 1300 0.000006160 add_time= 0.000084771
2650 0.000117407 2650 0.000007197 add_time= 0.000140696
2808 0.000038901 2808 0.000006453 add_time= 0.000060816
1250 0.000128959 1250 0.000006436 add_time= 0.000148271
3025 0.000054523 3025 0.000006560 add_time= 0.000077852
2805 0.000033090 2805 0.000006509 add_time= 0.000054832
2700 0.000040217 2700 0.000007339 add_time= 0.000063253
2650 0.000068206 2650 0.000006963 add_time= 0.000091860
2600 0.000052356 2600 0.000006959 add_time= 0.000074529
2500 0.000076823 2500 0.000006396 add_time= 0.000096612
2500 0.000049827 2500 0.000005922 add_time= 0.000069408
2500 0.000061461 2500 0.000006740 add_time= 0.000083749
2750 0.000114250 2750 0.000007031 add_time= 0.000137541
3025 0.000068702 3025 0.000006409 add_time= 0.000090062
2915 0.000701065 2915 0.000008578 add_time= 0.000738969
2500 0.000017077 2500 0.000020273 add_time= 0.000054219
2750 0.000141047 2750 0.000006504 add_time= 0.000163779
2750 0.000528439 2750 0.000007152 add_time= 0.000552891
2500 0.000129853 2500 0.000006449 add_time= 0.000150714
2805 0.000042474 2805 0.000007246 add_time= 0.000066942
2600 0.000358585 2600 0.000019429 add_time= 0.000396864
2500 0.000007071 2500 0.000020834 add_time= 0.000044383
2500 0.000035042 2500 0.000006367 add_time= 0.000056210
2500 0.000045792 2500 0.000006083 add_time= 0.000066853
2550 0.000043565 2550 0.000006225 add_time= 0.000065059
2754 0.000076820 2754 0.000006657 add_time= 0.000103224
2550 0.000075206 2550 0.000006290 add_time= 0.000106550
2750 0.000258346 2750 0.000006704 add_time= 0.000282393
3025 0.000067608 3025 0.000006816 add_time= 0.000091487
3025 0.000056264 3025 0.000006352 add_time= 0.000078417
2700 0.000028128 2700 0.000005831 add_time= 0.000059438
2500 0.000092118 2500 0.000006519 add_time= 0.000119685
2550 0.000037584 2550 0.000005754 add_time= 0.000057265
2860 0.000207335 2860 0.000005972 add_time= 0.000228401
2600 0.000129749 2600 0.000007659 add_time= 0.000155648
2652 0.000024368 2652 0.000024179 add_time= 0.000064390
2500 0.000102389 2500 0.000006122 add_time= 0.000131458
2750 0.000043472 2750 0.000006259 add_time= 0.000064445
2500 0.000144403 2500 0.000006505 add_time= 0.000165566
2500 0.000040102 2500 0.000006866 add_time= 0.000063386
1250 0.000069431 1250 0.000018021 add_time= 0.000103900
2650 0.000150897 2650 0.000006233 add_time= 0.000176741
2600 0.000123469 2600 0.000007921 add_time= 0.000148498
2750 0.000006328 2750 0.000014667 add_time= 0.000035392
2500 0.000070072 2500 0.000006515 add_time= 0.000112323
2550 0.000054563 2550 0.000006856 add_time= 0.000079080
2754 0.000088016 2754 0.000007704 add_time= 0.000112682
2750 0.000257926 2750 0.000007224 add_time= 0.000304301
3025 0.000041616 3025 0.000007633 add_time= 0.000067790
2750 0.000077334 2750 0.000006688 add_time= 0.000101734
2601 0.000178062 2601 0.000006084 add_time= 0.000199390
2700 0.000041082 2700 0.000007127 add_time= 0.000073128
1250 0.000041542 1250 0.000014273 add_time= 0.000077017
2550 0.000151857 2550 0.000007456 add_time= 0.000178187
2500 0.000006875 2500 0.000021653 add_time= 0.000044413
3025 0.000171606 3025 0.000007174 add_time= 0.000195015
2500 0.000047602 2500 0.000007126 add_time= 0.000071532
2808 0.000044508 2808 0.000015522 add_time= 0.000077641
2500 0.000094163 2500 0.000006464 add_time= 0.000115684
2500 0.000188911 2500 0.000006806 add_time= 0.000215661
2500 0.000007111 2500 0.000044364 add_time= 0.000068541
2750 0.000106423 2750 0.000006821 add_time= 0.000130480
2600 0.000075197 2600 0.000006542 add_time= 0.000097982
2754 0.000078484 2754 0.000006840 add_time= 0.000108891
2550 0.000129070 2550 0.000008289 add_time= 0.000175346
2750 0.000026760 2750 0.000024652 add_time= 0.000091723
2500 0.000064196 2500 0.000007987 add_time= 0.000101142
2550 0.000051910 2550 0.000007898 add_time= 0.000093172
2805 0.000063140 2805 0.000008696 add_time= 0.000102029
1250 0.000087508 1250 0.000006560 add_time= 0.000117569
2650 0.000544189 2650 0.000006628 add_time= 0.000572607
2600 0.000067905 2600 0.000006244 add_time= 0.000089590
2860 0.000078680 2860 0.000006557 add_time= 0.000112082
2600 0.000023203 2600 0.000005839 add_time= 0.000050040
2700 0.000049846 2700 0.000006768 add_time= 0.000072802
1250 0.000284007 1250 0.000005885 add_time= 0.000304983
2500 0.000103100 2500 0.000006181 add_time= 0.000136547
1375 0.000048444 1375 0.000006717 add_time= 0.000069553
2750 0.000086211 2750 0.000014972 add_time= 0.000115481
2500 0.000107143 2500 0.000007730 add_time= 0.000131030
2756 0.000182465 2756 0.000007665 add_time= 0.000207696
2600 0.000145014 2600 0.000023040 add_time= 0.000182713
2805 0.000049058 2805 0.000007580 add_time= 0.000073153
2550 0.000124751 2550 0.000016393 add_time= 0.000157477
2500 0.000058566 2500 0.000008023 add_time= 0.000082326
2750 0.000087112 2750 0.000007752 add_time= 0.000111185
2500 0.000214899 2500 0.000007381 add_time= 0.000239730
1300 0.000013532 1300 0.000011136 add_time= 0.000039864
3025 0.000106622 3025 0.000007610 add_time= 0.000131858
2600 0.000130139 2600 0.000007348 add_time= 0.000151888
2601 0.000112673 2601 0.000007892 add_time= 0.000136161
2500 0.000102605 2500 0.000006682 add_time= 0.000123348
2550 0.000133779 2550 0.000007053 add_time= 0.000157626
2970 0.000083862 2970 0.000007040 add_time= 0.000107436
2700 0.000114335 2700 0.000006609 add_time= 0.000135225
2601 0.000169466 2601 0.000007018 add_time= 0.000190239
2600 0.000106628 2600 0.000006762 add_time= 0.000127376
2600 0.000367954 2600 0.000011256 add_time= 0.000396279
2750 0.000092394 2750 0.000007314 add_time= 0.000125284
2500 0.000140972 2500 0.000006777 add_time= 0.000161931
2550 0.000068859 2550 0.000006977 add_time= 0.000091739
2700 0.000113647 2700 0.000007389 add_time= 0.000135265
1250 0.000062508 1250 0.000006808 add_time= 0.000082646
2650 0.000234822 2650 0.000006836 add_time= 0.000268566
3025 0.000131728 3025 0.000008236 add_time= 0.000158429
3025 0.000116840 3025 0.000007970 add_time= 0.000142120
2500 0.000104277 2500 0.000016424 add_time= 0.000134801
1250 0.000092749 1250 0.000005972 add_time= 0.000111835
2915 0.000150693 2915 0.000006907 add_time= 0.000175524
2750 0.000015725 2750 0.000015729 add_time= 0.000046331
2600 0.000101552 2600 0.000006447 add_time= 0.000121837
2750 0.000152508 2750 0.000007627 add_time= 0.000178667
2805 0.000053451 2805 0.000006606 add_time= 0.000074152
2805 0.000090386 2805 0.000018032 add_time= 0.000122327
2600 0.000449256 2600 0.000007167 add_time= 0.000480648
1250 0.000011230 1250 0.000032244 add_time= 0.000059611
2500 0.000073095 2500 0.000006557 add_time= 0.000096296
2550 0.000044343 2550 0.000006730 add_time= 0.000067708
2600 0.000109981 2600 0.000007348 add_time= 0.000134045
1375 0.000116611 1375 0.000008636 add_time= 0.000140629
2809 0.000146108 2809 0.000007211 add_time= 0.000172520
2700 0.000007964 2700 0.000023149 add_time= 0.000047816
2500 0.000095258 2500 0.000006553 add_time= 0.000118433
2601 0.000071983 2601 0.000007860 add_time= 0.000108667
2500 0.000069488 2500 0.000014663 add_time= 0.000112462
2750 0.000045133 2750 0.000006930 add_time= 0.000069684
2650 0.000065623 2650 0.000009391 add_time= 0.000093445
2652 0.000014316 2652 0.000013019 add_time= 0.000041654
2750 0.000006270 2750 0.000022042 add_time= 0.000043572
2700 0.000145379 2700 0.000006749 add_time= 0.000168620
2500 0.000046467 2500 0.000007591 add_time= 0.000079268
2754 0.000065846 2754 0.000006691 add_time= 0.000088630
1300 0.000086637 1300 0.000005530 add_time= 0.000113768
2650 0.000102006 2650 0.000011840 add_time= 0.000133436
2805 0.000030134 2805 0.000006635 add_time= 0.000053193
2805 0.000040452 2805 0.000006408 add_time= 0.000061337
2550 0.000057905 2550 0.000006555 add_time= 0.000080408
1250 0.000038481 1250 0.000007059 add_time= 0.000071383
2750 0.000077468 2750 0.000006796 add_time= 0.000101042
2756 0.000162104 2756 0.000006400 add_time= 0.000204490
2500 0.000006002 2500 0.000022288 add_time= 0.000043041
2750 0.000073786 2750 0.000006614 add_time= 0.000096800
2550 0.000046479 2550 0.000007534 add_time= 0.000070367
2550 0.000119344 2550 0.000006731 add_time= 0.000142228
2750 0.000043836 2750 0.000006851 add_time= 0.000066902
2550 0.000187414 2550 0.000007464 add_time= 0.000231593
2550 0.000273522 2550 0.000006472 add_time= 0.000306567
2750 0.000105579 2750 0.000006831 add_time= 0.000168319
2550 0.000160831 2550 0.000010722 add_time= 0.000187942
2550 0.000071221 2550 0.000006845 add_time= 0.000094614
2756 0.000084712 2756 0.000007527 add_time= 0.000110523
2600 0.000007850 2600 0.000014436 add_time= 0.000058758
2750 0.000111499 2750 0.000006897 add_time= 0.000140929
2601 0.000045872 2601 0.000006895 add_time= 0.000069466
2700 0.000205935 2700 0.000006783 add_time= 0.000229332
2750 0.000036585 2750 0.000006325 add_time= 0.000058099
2915 0.000203386 2915 0.000017216 add_time= 0.000286653
2750 0.000080845 2750 0.000007305 add_time= 0.000106740
2500 0.000057509 2500 0.000006487 add_time= 0.000078735
2600 0.000077706 2600 0.000006776 add_time= 0.000101551
2700 0.000069758 2700 0.000018388 add_time= 0.000105313
2970 0.000054199 2970 0.000013950 add_time= 0.000085530
2756 0.000110674 2756 0.000009306 add_time= 0.000166401
2750 0.000055492 2750 0.000026350 add_time= 0.000110795
2750 0.000031776 2750 0.000008058 add_time= 0.000067289
2750 0.000027902 2750 0.000015364 add_time= 0.000070454
2550 0.000027383 2550 0.000007425 add_time= 0.000060873
2650 0.000046389 2650 0.000007721 add_time= 0.000082003
2970 0.000028399 2970 0.000008495 add_time= 0.000064353
2500 0.000206870 2500 0.000006819 add_time= 0.000235878
2704 0.000078899 2704 0.000007334 add_time= 0.000102545
2750 0.000033207 2750 0.000006264 add_time= 0.000055337
2601 0.000064039 2601 0.000017957 add_time= 0.000098300
2970 0.000094498 2970 0.000006937 add_time= 0.000118408
1250 0.000231391 1250 0.000006239 add_time= 0.000252685
2500 0.000384756 2500 0.000019305 add_time= 0.000423660
2500 0.000379079 2500 0.000007863 add_time= 0.000403539
2500 0.000248573 2500 0.000006697 add_time= 0.000269834
2550 0.000146280 2550 0.000007346 add_time= 0.000169696
2500 0.000233894 2500 0.000007548 add_time= 0.000267057
2650 0.000203185 2650 0.000007556 add_time= 0.000231339
2750 0.000111539 2750 0.000007171 add_time= 0.000135409
3025 0.000049705 3025 0.000016629 add_time= 0.000084369
2550 0.000044361 2550 0.000012712 add_time= 0.000076564
2700 0.000130265 2700 0.000019905 add_time= 0.000176594
1325 0.000075801 1325 0.000007205 add_time= 0.000109673
2650 0.000310580 2650 0.000008512 add_time= 0.000349030
2860 0.000017699 2860 0.000016259 add_time= 0.000050345
2750 0.000387166 2750 0.000007081 add_time= 0.000408435
2750 0.000130393 2750 0.000008638 add_time= 0.000156583
2500 0.000093979 2500 0.000008506 add_time= 0.000119481
1250 0.000095766 1250 0.000007064 add_time= 0.000117367
2550 0.000543560 2550 0.000007777 add_time= 0.000572101
2750 0.000016490 2750 0.000014441 add_time= 0.000051064
2550 0.000066764 2550 0.000006060 add_time= 0.000086770
2750 0.000104800 2750 0.000007894 add_time= 0.000135364
2550 0.000065058 2550 0.000007099 add_time= 0.000088679
2805 0.000090047 2805 0.000007440 add_time= 0.000114213
2756 0.000154417 2756 0.000007582 add_time= 0.000191784
2550 0.000211055 2550 0.000007060 add_time= 0.000234618
2550 0.000107041 2550 0.000006666 add_time= 0.000129954
2500 0.000089016 2500 0.000028148 add_time= 0.000134284
3025 0.000218298 3025 0.000007291 add_time= 0.000250430
1275 0.000092807 1275 0.000011873 add_time= 0.000118041
2915 0.000188649 2915 0.000007338 add_time= 0.000217142
2805 0.000053717 2805 0.000007426 add_time= 0.000092562
2750 0.000113524 2750 0.000006674 add_time= 0.000135438
2550 0.000082954 2550 0.000006715 add_time= 0.000104101
2600 0.000071756 2600 0.000006378 add_time= 0.000102266
2805 0.000108972 2805 0.000006417 add_time= 0.000130395
2750 0.000094822 2750 0.000007120 add_time= 0.000119358
2600 0.000014939 2600 0.000078576 add_time= 0.000108516
2750 0.000014282 2750 0.000012827 add_time= 0.000041108
2500 0.000083653 2500 0.000005730 add_time= 0.000102831
2550 0.000031046 2550 0.000005701 add_time= 0.000058756
2754 0.000073600 2754 0.000005831 add_time= 0.000093626
2805 0.000042528 2805 0.000006580 add_time= 0.000077890
2600 0.000231067 2600 0.000006801 add_time= 0.000254202
2500 0.000015457 2500 0.000015114 add_time= 0.000046567
2970 0.000047597 2970 0.000006203 add_time= 0.000068245
2805 0.000085049 2805 0.000006267 add_time= 0.000106622
2500 0.000033118 2500 0.000006427 add_time= 0.000053637
2808 0.000053754 2808 0.000006427 add_time= 0.000075122
2700 0.000104741 2700 0.000005672 add_time= 0.000124335
1250 0.000554861 1250 0.000007241 add_time= 0.000583123
2860 0.000026657 2860 0.000024476 add_time= 0.000070797
2750 0.000024283 2750 0.000008249 add_time= 0.000055322
2550 0.000067746 2550 0.000007941 add_time= 0.000093203
2550 0.000319583 2550 0.000006848 add_time= 0.000341746
2750 0.000174577 2750 0.000015551 add_time= 0.000206711
2500 0.000154123 2500 0.000007137 add_time= 0.000178446
2652 0.000006886 2652 0.000039385 add_time= 0.000061609
2860 0.000371889 2860 0.000006321 add_time= 0.000397514
2550 0.000241754 2550 0.000007474 add_time= 0.000265821
2601 0.000169752 2601 0.000010569 add_time= 0.000196872
2754 0.000020470 2754 0.000006678 add_time= 0.000050681
2500 0.000090051 2500 0.000010621 add_time= 0.000122391
2756 0.000163086 2756 0.000007081 add_time= 0.000188253
2860 0.000007294 2860 0.000082269 add_time= 0.000106015
2500 0.000150187 2500 0.000006960 add_time= 0.000192879
2550 0.000250884 2550 0.000019253 add_time= 0.000286997
2754 0.000143969 2754 0.000007140 add_time= 0.000169627
2700 0.000082885 2700 0.000006129 add_time= 0.000103366
2600 0.000249746 2600 0.000007125 add_time= 0.000274469
2700 0.000006791 2700 0.000015323 add_time= 0.000038743
2500 0.000114380 2500 0.000006350 add_time= 0.000142718
2754 0.000169865 2754 0.000007430 add_time= 0.000194076
2808 0.000281121 2808 0.000007047 add_time= 0.000304625
2805 0.000074004 2805 0.000006455 add_time= 0.000110598
2650 0.000130745 2650 0.000006987 add_time= 0.000154016
2550 0.000007026 2550 0.000014731 add_time= 0.000041441
2970 0.000029340 2970 0.000006786 add_time= 0.000061274
2550 0.000121865 2550 0.000013158 add_time= 0.000151111
2700 0.000111723 2700 0.000006485 add_time= 0.000133979
2805 0.000034423 2805 0.000005993 add_time= 0.000063158
2650 0.000074851 2650 0.000007388 add_time= 0.000109867
2600 0.000039965 2600 0.000006889 add_time= 0.000070503
2500 0.000015184 2500 0.000020481 add_time= 0.000067352
2750 0.000047583 2750 0.000006225 add_time= 0.000086318
2550 0.000092607 2550 0.000007298 add_time= 0.000123418
2500 0.000264223 2500 0.000005951 add_time= 0.000284957
2550 0.000302925 2550 0.000005924 add_time= 0.000333996
2650 0.000205114 2650 0.000006634 add_time= 0.000228976
2805 0.000054489 2805 0.000009490 add_time= 0.000079785
2500 0.000034452 2500 0.000005446 add_time= 0.000052304
2550 0.000046523 2550 0.000006807 add_time= 0.000070008
2500 0.000255464 2500 0.000006945 add_time= 0.000278872
2750 0.000068726 2750 0.000006756 add_time= 0.000092069
2750 0.000073764 2750 0.000007377 add_time= 0.000103167
2500 0.000061822 2500 0.000006666 add_time= 0.000084186
2750 0.000076542 2750 0.000007297 add_time= 0.000100035
2805 0.000192012 2805 0.000007281 add_time= 0.000224684
2500 0.000054440 2500 0.000018415 add_time= 0.000089476
2750 0.000046801 2750 0.000009192 add_time= 0.000111489
2550 0.000054027 2550 0.000025475 add_time= 0.000105927
2750 0.000006901 2750 0.000008240 add_time= 0.000045406
2750 0.000038071 2750 0.000008560 add_time= 0.000077407
2550 0.000044540 2550 0.000008130 add_time= 0.000080076
2750 0.000065203 2750 0.000008791 add_time= 0.000110692
1375 0.000041825 1375 0.000007155 add_time= 0.000075997
2500 0.000034028 2500 0.000006749 add_time= 0.000059758
2600 0.000006952 2600 0.000036663 add_time= 0.000059653
2600 0.000044369 2600 0.000006354 add_time= 0.000067458
2550 0.000077572 2550 0.000006765 add_time= 0.000100641
2500 0.000087530 2500 0.000006819 add_time= 0.000109070
2805 0.000077403 2805 0.000006916 add_time= 0.000101449
2500 0.000051611 2500 0.000007176 add_time= 0.000075531
2600 0.000015178 2600 0.000013289 add_time= 0.000042841
2750 0.000043126 2750 0.000006892 add_time= 0.000066473
2550 0.000062420 2550 0.000006682 add_time= 0.000084552
2600 0.000083518 2600 0.000006604 add_time= 0.000105003
1250 0.000050131 1250 0.000005933 add_time= 0.000068823
2650 0.000173526 2650 0.000006953 add_time= 0.000196331
2600 0.000015219 2600 0.000013241 add_time= 0.000042467
2750 0.000038248 2750 0.000007116 add_time= 0.000060843
2750 0.000034007 2750 0.000006374 add_time= 0.000054236
2550 0.000090102 2550 0.000005947 add_time= 0.000109329
2700 0.000035378 2700 0.000006688 add_time= 0.000057657
2700 0.000122918 2700 0.000007004 add_time= 0.000146046
2650 0.000236762 2650 0.000007727 add_time= 0.000260863
2704 0.000070188 2704 0.000011088 add_time= 0.000096691
2750 0.000014978 2750 0.000020863 add_time= 0.000049815
1250 0.000059367 1250 0.000009994 add_time= 0.000080090
2754 0.000066829 2754 0.000007428 add_time= 0.000101662
2700 0.000082838 2700 0.000006580 add_time= 0.000105060
1275 0.000036480 1275 0.000005987 add_time= 0.000055392
2750 0.000082632 2750 0.000007011 add_time= 0.000106078
2500 0.000035404 2500 0.000014412 add_time= 0.000065358
2750 0.000068054 2750 0.000006556 add_time= 0.000089994
2550 0.000069416 2550 0.000006248 add_time= 0.000089216
1250 0.000076066 1250 0.000005929 add_time= 0.000094177
1250 0.000035838 1250 0.000005776 add_time= 0.000053960
2704 0.000222848 2704 0.000006536 add_time= 0.000245076
2750 0.000015474 2750 0.000013942 add_time= 0.000044666
2500 0.000026329 2500 0.000006824 add_time= 0.000050788
2601 0.000103134 2601 0.000006829 add_time= 0.000125655
2500 0.000047671 2500 0.000006931 add_time= 0.000070149
2550 0.000056088 2550 0.000006587 add_time= 0.000077703
2500 0.000049528 2500 0.000007167 add_time= 0.000072212
2860 0.000133447 2860 0.000006692 add_time= 0.000166897
2500 0.000039801 2500 0.000006435 add_time= 0.000061012
2860 0.000029015 2860 0.000007087 add_time= 0.000051206
2550 0.000061044 2550 0.000006492 add_time= 0.000090991
2650 0.000067482 2650 0.000006839 add_time= 0.000089636
2600 0.000107903 2600 0.000007207 add_time= 0.000130909
2600 0.000022234 2600 0.000013220 add_time= 0.000064324
2750 0.000116149 2750 0.000013944 add_time= 0.000145263
2500 0.000074940 2500 0.000005706 add_time= 0.000093487
2750 0.000071249 2750 0.000005894 add_time= 0.000090330
2550 0.000040817 2550 0.000005517 add_time= 0.000059241
2500 0.000062695 2500 0.000009442 add_time= 0.000085305
1250 0.000025523 1250 0.000009240 add_time= 0.000047343
2860 0.000064352 2860 0.000006835 add_time= 0.000086668
2704 0.000030493 2704 0.000005605 add_time= 0.000049169
2750 0.000023307 2750 0.000013767 add_time= 0.000050683
2550 0.000046154 2550 0.000006648 add_time= 0.000068250
2600 0.000062223 2600 0.000006538 add_time= 0.000083902
2500 0.000091118 2500 0.000006053 add_time= 0.000110086
2750 0.000066811 2750 0.000007325 add_time= 0.000093599
1250 0.000038133 1250 0.000005775 add_time= 0.000056856
1300 0.000063094 1300 0.000005218 add_time= 0.000079633
2915 0.000058217 2915 0.000006968 add_time= 0.000081395
2805 0.000076620 2805 0.000009186 add_time= 0.000099783
2550 0.000059777 2550 0.000006535 add_time= 0.000081701
2500 0.000113200 2500 0.000006421 add_time= 0.000134610
1375 0.000045055 1375 0.000005527 add_time= 0.000061973
2750 0.000310526 2750 0.000007229 add_time= 0.000341202
2750 0.000185487 2750 0.000007064 add_time= 0.000208297
2750 0.000811353 2750 0.000015365 add_time= 0.003210503
2550 0.000109972 2550 0.000015642 add_time= 0.000146363
2550 0.000006281 2550 0.000022997 add_time= 0.000044985
2500 0.000072188 2500 0.000007443 add_time= 0.000116096
3025 0.000128503 3025 0.000007039 add_time= 0.000153517
1275 0.000094470 1275 0.000005691 add_time= 0.000113007
2700 0.000081116 2700 0.000006049 add_time= 0.000101312
2915 0.000226321 2915 0.000007268 add_time= 0.000259497
2750 0.000118096 2750 0.000009956 add_time= 0.000146840
2500 0.000007074 2500 0.000015007 add_time= 0.000038729
2805 0.000232553 2805 0.000006830 add_time= 0.000256126
2805 0.000098296 2805 0.000007462 add_time= 0.000133623
2550 0.000072316 2550 0.000006232 add_time= 0.000092834
2500 0.000364992 2500 0.000015471 add_time= 0.000396546
2600 0.000242707 2600 0.000006720 add_time= 0.000265718
2750 0.000034896 2750 0.000006702 add_time= 0.000057733
2750 0.000100185 2750 0.000006702 add_time= 0.000122574
2550 0.000048357 2550 0.000010133 add_time= 0.000074325
2970 0.000056241 2970 0.000006758 add_time= 0.000090715
1250 0.000062390 1250 0.000005636 add_time= 0.000088486
2500 0.000077752 2500 0.000009334 add_time= 0.000113589
2600 0.000007350 2600 0.000014751 add_time= 0.000038402
2750 0.000282986 2750 0.000006630 add_time= 0.000306605
2750 0.000064360 2750 0.000006156 add_time= 0.000084694
2550 0.000038269 2550 0.000006296 add_time= 0.000063303
2500 0.000083198 2500 0.000013278 add_time= 0.000110226
2916 0.000089805 2916 0.000005999 add_time= 0.000110476
2704 0.000122092 2704 0.000018678 add_time= 0.000169360
2500 0.000034463 2500 0.000006382 add_time= 0.000061000
3025 0.000094376 3025 0.000006671 add_time= 0.000128386
2601 0.000094138 2601 0.000006535 add_time= 0.000115045
2750 0.000067508 2750 0.000007020 add_time= 0.000090904
2750 0.000355731 2750 0.000014946 add_time= 0.000387796
2500 0.000006607 2500 0.000012462 add_time= 0.000033437
2500 0.000074374 2500 0.000010895 add_time= 0.000100273
2500 0.000198357 2500 0.000006298 add_time= 0.000218858
3025 0.000028134 3025 0.000006588 add_time= 0.000049961
2860 0.000155098 2860 0.000006366 add_time= 0.000177301
2600 0.000014897 2600 0.000023876 add_time= 0.000051965
2550 0.000035400 2550 0.000013013 add_time= 0.000061831
2550 0.000059709 2550 0.000005761 add_time= 0.000078309
2500 0.000090835 2500 0.000006696 add_time= 0.000112411
2500 0.000176987 2500 0.000006080 add_time= 0.000196524
2805 0.000093007 2805 0.000006836 add_time= 0.000114939
2550 0.000162331 2550 0.000014965 add_time= 0.000214809
2750 0.000033330 2750 0.000025680 add_time= 0.000087614
2500 0.000023117 2500 0.000007192 add_time= 0.000051758
3025 0.000041387 3025 0.000007890 add_time= 0.000078563
2500 0.000012703 2500 0.000008650 add_time= 0.000045680
2550 0.000026146 2550 0.000008285 add_time= 0.000067432
2500 0.000028126 2500 0.000008330 add_time= 0.000060806
2500 0.000164251 2500 0.000007894 add_time= 0.000189043
2650 0.000015434 2650 0.000023825 add_time= 0.000054914
2500 0.000065348 2500 0.000006475 add_time= 0.000086669
2805 0.000165514 2805 0.000006252 add_time= 0.000189003
2600 0.000052640 2600 0.000006536 add_time= 0.000074164
1350 0.000072718 1350 0.000005919 add_time= 0.000089891
1275 0.000054364 1275 0.000005765 add_time= 0.000072849
2650 0.000079798 2650 0.000007571 add_time= 0.000106996
1300 0.000064351 1300 0.000005842 add_time= 0.000082121
2750 0.000016248 2750 0.000030693 add_time= 0.000069442
2500 0.000066522 2500 0.000020227 add_time= 0.000102827
3025 0.000168025 3025 0.000007571 add_time= 0.000192165
2550 0.000094506 2550 0.000007111 add_time= 0.000117316
1250 0.000056581 1250 0.000014589 add_time= 0.000083925
2809 0.000130228 2809 0.000008720 add_time= 0.000160688
2860 0.000017278 2860 0.000017182 add_time= 0.000057578
2860 0.000015584 2860 0.000037703 add_time= 0.000067750
2750 0.000144098 2750 0.000006920 add_time= 0.000164990
3025 0.000228571 3025 0.000006804 add_time= 0.000254559
2550 0.000080076 2550 0.000006917 add_time= 0.000103250
2750 0.000116321 2750 0.000007378 add_time= 0.000151119
2650 0.000064697 2650 0.000008036 add_time= 0.000093308
2860 0.000008330 2860 0.000015785 add_time= 0.000040535
2750 0.000107004 2750 0.000007342 add_time= 0.000130413
2500 0.000056995 2500 0.000017929 add_time= 0.000088826
2550 0.000075727 2550 0.000006968 add_time= 0.000098333
2500 0.000089556 2500 0.000006777 add_time= 0.000111603
2650 0.000127963 2650 0.000008063 add_time= 0.000157503
1300 0.000082029 1300 0.000007014 add_time= 0.000114148
2500 0.000100190 2500 0.000007080 add_time= 0.000134737
2500 0.000057949 2500 0.000013690 add_time= 0.000086050
2805 0.000083400 2805 0.000007813 add_time= 0.000109293
2754 0.000063227 2754 0.000007320 add_time= 0.000087793
2750 0.000051498 2750 0.000006955 add_time= 0.000072927
1275 0.000121246 1275 0.000005758 add_time= 0.000139703
2600 0.000308545 2600 0.000007560 add_time= 0.000334790
2750 0.000044840 2750 0.000007405 add_time= 0.000090456
2750 0.000150748 2750 0.000009724 add_time= 0.000176562
2805 0.000093228 2805 0.000007292 add_time= 0.000127859
3025 0.000089101 3025 0.000007538 add_time= 0.000113788
2650 0.000078803 2650 0.000007320 add_time= 0.000104944
2652 0.000028631 2652 0.000014390 add_time= 0.000058815
2500 0.000050712 2500 0.000007554 add_time= 0.000073584
2600 0.000093058 2600 0.000006973 add_time= 0.000114518
2700 0.001746958 2700 0.000007044 add_time= 0.001769769
2500 0.000361634 2500 0.000008396 add_time= 0.000389587
2700 0.000028600 2700 0.000072580 add_time= 0.000116629
2650 0.000049819 2650 0.000007883 add_time= 0.000074917
2500 0.000118950 2500 0.000006667 add_time= 0.000140084
1275 0.000150839 1275 0.000006339 add_time= 0.000168990
2500 0.000728382 2500 0.000013943 add_time= 0.000756115
2500 0.000143354 2500 0.000006797 add_time= 0.000164154
2650 0.000144432 2650 0.000007074 add_time= 0.000170787
2652 0.000019400 2652 0.000023418 add_time= 0.000077465
2500 0.000146321 2500 0.000006623 add_time= 0.000167084
2750 0.000057873 2750 0.000006642 add_time= 0.000079391
2601 0.000148144 2601 0.000006133 add_time= 0.000172453
2500 0.000311682 2500 0.000006657 add_time= 0.000332455
2970 0.000108613 2970 0.000008066 add_time= 0.000134708
2703 0.000224054 2703 0.000007527 add_time= 0.000250356
2756 0.000138626 2756 0.000006793 add_time= 0.000159993
2860 0.000018181 2860 0.000016068 add_time= 0.000048724
2600 0.000059258 2600 0.000014503 add_time= 0.000087803
2500 0.000063969 2500 0.000007542 add_time= 0.000088000
2500 0.000113480 2500 0.000007294 add_time= 0.000135345
2500 0.000259734 2500 0.000007640 add_time= 0.000286090
2650 0.000125186 2650 0.000007336 add_time= 0.000148623
2750 0.000117056 2750 0.000020838 add_time= 0.000152346
2805 0.000074250 2805 0.000006461 add_time= 0.000104708
2700 0.000126770 2700 0.000007263 add_time= 0.000150410
1300 0.000096151 1300 0.000006111 add_time= 0.000114603
2550 0.000107076 2550 0.000008809 add_time= 0.000148592
2860 0.000019301 2860 0.000022860 add_time= 0.000069407
2750 0.000101938 2750 0.000008610 add_time= 0.000125701
2750 0.000192193 2750 0.000007554 add_time= 0.000215633
2550 0.000081943 2550 0.000007124 add_time= 0.000103919
2750 0.000154314 2750 0.000006586 add_time= 0.000183682
1250 0.000152498 1250 0.000005741 add_time= 0.000169027
2650 0.000352468 2650 0.000006331 add_time= 0.000373817
2808 0.000211373 2808 0.000005770 add_time= 0.000230739
2550 0.000035637 2550 0.000007279 add_time= 0.000073012
2860 0.000052230 2860 0.000006692 add_time= 0.000075220
2550 0.000107550 2550 0.000006965 add_time= 0.000129869
2750 0.000036125 2750 0.000007853 add_time= 0.000069981
2500 0.000031431 2500 0.000006769 add_time= 0.000054284
2808 0.000109676 2808 0.000006971 add_time= 0.000132277
3025 0.000044769 3025 0.000007169 add_time= 0.000067258
2750 0.000063245 2750 0.000006117 add_time= 0.000088539
2750 0.000060028 2750 0.000019279 add_time= 0.000095217
2600 0.000057285 2600 0.000006433 add_time= 0.000078715
1275 0.000023199 1275 0.000005620 add_time= 0.000039974
2500 0.000144433 2500 0.000007141 add_time= 0.000167591
2600 0.000079644 2600 0.000006499 add_time= 0.000100457
2805 0.000031003 2805 0.000006552 add_time= 0.000052008
2805 0.000102855 2805 0.000009270 add_time= 0.000126764
2550 0.000135871 2550 0.000005598 add_time= 0.000155346
2600 0.000074688 2600 0.000006561 add_time= 0.000094852
2600 0.000606783 2600 0.000007289 add_time= 0.000629477
2500 0.000099148 2500 0.000006327 add_time= 0.000120854
2805 0.000089265 2805 0.000006897 add_time= 0.000112069
2500 0.000044435 2500 0.000006712 add_time= 0.000066412
2750 0.000028763 2750 0.000006789 add_time= 0.000050726
1250 0.000034462 1250 0.000008754 add_time= 0.000058413
2550 0.000398776 2550 0.000007277 add_time= 0.000434532
2500 0.000006666 2500 0.000013021 add_time= 0.000042415
2750 0.000040921 2750 0.000007498 add_time= 0.000064965
2550 0.000222072 2550 0.000006417 add_time= 0.000243582
2500 0.000146177 2500 0.000006329 add_time= 0.000167435
2500 0.000096120 2500 0.000007134 add_time= 0.000118236
2809 0.000040567 2809 0.000006884 add_time= 0.000066118
2600 0.000381401 2600 0.000006767 add_time= 0.000402344
2750 0.000089510 2750 0.000006215 add_time= 0.000110919
2750 0.000044233 2750 0.000007381 add_time= 0.000067173
2500 0.000222074 2500 0.000010878 add_time= 0.000255049
2500 0.000085400 2500 0.000007124 add_time= 0.000108384
2703 0.000170463 2703 0.000007544 add_time= 0.000197239
2500 0.000006952 2500 0.000024566 add_time= 0.000044241
2750 0.000038083 2750 0.000006820 add_time= 0.000059773
1250 0.000034750 1250 0.000005303 add_time= 0.000050788
2601 0.000118046 2601 0.000006474 add_time= 0.000139682
2500 0.000127318 2500 0.000006958 add_time= 0.000148152
2650 0.000049903 2650 0.000006961 add_time= 0.000070752
2750 0.000161943 2750 0.000008523 add_time= 0.000215852
2750 0.000071254 2750 0.000008640 add_time= 0.000105631
2860 0.000090927 2860 0.000014641 add_time= 0.000132306
2550 0.000031263 2550 0.000011676 add_time= 0.000073813
2550 0.000077866 2550 0.000010820 add_time= 0.000111338
2750 0.000062222 2750 0.000008235 add_time= 0.000094088
2600 0.000007994 2600 0.000057348 add_time= 0.000111448
2750 0.000110246 2750 0.000018290 add_time= 0.000155557
1275 0.000068374 1275 0.000006502 add_time= 0.000088212
2500 0.000113055 2500 0.000006960 add_time= 0.000135553
2750 0.000039194 2750 0.000010186 add_time= 0.000064930
2756 0.000226975 2756 0.000007600 add_time= 0.000262849
2860 0.000069423 2860 0.000006700 add_time= 0.000091942
2500 0.000071077 2500 0.000007081 add_time= 0.000099617
2550 0.000051122 2550 0.000015033 add_time= 0.000081105
2750 0.000116716 2750 0.000007516 add_time= 0.000142877
2970 0.000074018 2970 0.000009079 add_time= 0.000100467
1250 0.000345480 1250 0.000005861 add_time= 0.000366576
2650 0.000182062 2650 0.000007320 add_time= 0.000207196
2500 0.000017664 2500 0.000015325 add_time= 0.000048552
2750 0.000098446 2750 0.000007350 add_time= 0.000120115
2500 0.000087490 2500 0.000006794 add_time= 0.000120782
2550 0.000161408 2550 0.000007076 add_time= 0.000183995
2500 0.000093177 2500 0.000006527 add_time= 0.000114287
2700 0.000176982 2700 0.000006751 add_time= 0.000197382
1375 0.000155731 1375 0.000016804 add_time= 0.000183307
2500 0.000208653 2500 0.000007309 add_time= 0.000232132
2805 0.000039478 2805 0.000006510 add_time= 0.000061575
2550 0.000092086 2550 0.000008010 add_time= 0.000122491
2750 0.000055367 2750 0.000006728 add_time= 0.000087296
2700 0.000129608 2700 0.000006969 add_time= 0.000152751
2500 0.000207978 2500 0.000007073 add_time= 0.000230466
2862 0.000389989 2862 0.000007095 add_time= 0.000416999
2860 0.000016981 2860 0.000014820 add_time= 0.000045837
1250 0.000061381 1250 0.000007127 add_time= 0.000082344
3025 0.000072181 3025 0.000007143 add_time= 0.000096026
2550 0.000161211 2550 0.000014077 add_time= 0.000201171
2750 0.000083037 2750 0.000009085 add_time= 0.000119281
2809 0.000032632 2809 0.000007208 add_time= 0.000058259
2652 0.000087210 2652 0.000006973 add_time= 0.000108349
3025 0.000095820 3025 0.000007198 add_time= 0.000117696
2805 0.000113165 2805 0.000008249 add_time= 0.000137293
1275 0.000110355 1275 0.000006744 add_time= 0.000130362
2500 0.000046294 2500 0.000006169 add_time= 0.000067016
2700 0.000164763 2700 0.000007934 add_time= 0.000190235
2600 0.000007542 2600 0.000016053 add_time= 0.000037545
2500 0.000056172 2500 0.000007004 add_time= 0.000089012
2500 0.000175890 2500 0.000006957 add_time= 0.000197509
2970 0.000066602 2970 0.000006496 add_time= 0.000087370
1250 0.000101985 1250 0.000006112 add_time= 0.000119037
2750 0.000175287 2750 0.000006823 add_time= 0.000198620
2704 0.000107616 2704 0.000015969 add_time= 0.000137283
2500 0.000041717 2500 0.000007604 add_time= 0.000064647
2550 0.000061152 2550 0.000007295 add_time= 0.000083854
2700 0.000188143 2700 0.000026775 add_time= 0.000246432
1375 0.000303014 1375 0.000005643 add_time= 0.000320010
2500 0.000228241 2500 0.000007385 add_time= 0.000266311
2500 0.000066112 2500 0.000007380 add_time= 0.000088911
2550 0.000130088 2550 0.000007192 add_time= 0.000150920
2550 0.000096225 2550 0.000015231 add_time= 0.000124807
2500 0.000104614 2500 0.000007056 add_time= 0.000124668
2500 0.000204072 2500 0.000006559 add_time= 0.000227022
2600 0.000025098 2600 0.000015035 add_time= 0.000053922
2750 0.000154453 2750 0.000006358 add_time= 0.000174831
2600 0.000131675 2600 0.000006620 add_time= 0.000151404
2550 0.000114098 2550 0.000005719 add_time= 0.000132525
2500 0.000079875 2500 0.000006057 add_time= 0.000099144
1375 0.000213947 1375 0.000006487 add_time= 0.000231310
1325 0.000421618 1325 0.000006282 add_time= 0.000441186
3025 0.000016160 3025 0.000014012 add_time= 0.000045230
2500 0.000126092 2500 0.000006308 add_time= 0.000145586
2652 0.000184398 2652 0.000006636 add_time= 0.000204470
2500 0.000108131 2500 0.000015491 add_time= 0.000138697
2600 0.000149011 2600 0.000016557 add_time= 0.000187610
2600 0.000120569 2600 0.000008133 add_time= 0.000144067
2550 0.000105468 2550 0.000008102 add_time= 0.000129609
2550 0.000300738 2550 0.000007403 add_time= 0.000323492
2550 0.000116622 2550 0.000006785 add_time= 0.000139318
2750 0.000392258 2750 0.000006844 add_time= 0.000426826
2750 0.000006860 2750 0.000109797 add_time= 0.000131433
2500 0.000082778 2500 0.000006687 add_time= 0.000105022
2750 0.000073473 2750 0.000006098 add_time= 0.000093824
2805 0.000106454 2805 0.000006670 add_time= 0.000134912
2500 0.000109979 2500 0.000005876 add_time= 0.000129579
1250 0.000217961 1250 0.000018252 add_time= 0.000249412
2650 0.000167704 2650 0.000006694 add_time= 0.000191850
2600 0.000572881 2600 0.000007280 add_time= 0.000596472
2805 0.000361748 2805 0.000006700 add_time= 0.000385497
2750 0.000103334 2750 0.000006938 add_time= 0.000126778
2970 0.000041093 2970 0.000007081 add_time= 0.000064108
2550 0.000127956 2550 0.000006851 add_time= 0.000150329
1250 0.000094975 1250 0.000005879 add_time= 0.000114623
2704 0.000020732 2704 0.000006060 add_time= 0.000050387
1250 0.000130843 1250 0.000013584 add_time= 0.000157731
2750 0.000216057 2750 0.000006592 add_time= 0.000238331
2550 0.000101919 2550 0.000007259 add_time= 0.000135703
2754 0.000079592 2754 0.000006624 add_time= 0.000100340
1250 0.000073180 1250 0.000005954 add_time= 0.000091983
2650 0.000100295 2650 0.000006503 add_time= 0.000124988
2600 0.000006883 2600 0.000025754 add_time= 0.000047959
2550 0.000167819 2550 0.000005510 add_time= 0.000191920
2860 0.000071339 2860 0.000006263 add_time= 0.000092104
2550 0.000136991 2550 0.000005799 add_time= 0.000155816
2500 0.000035253 2500 0.000011890 add_time= 0.000062312
2500 0.000242123 2500 0.000007769 add_time= 0.000279728
2500 0.000006826 2500 0.000013330 add_time= 0.000034991
2750 0.000070514 2750 0.000016915 add_time= 0.000104006
2550 0.000045562 2550 0.000006265 add_time= 0.000066021
2970 0.000037865 2970 0.000006867 add_time= 0.000061092
2860 0.000036272 2860 0.000006114 add_time= 0.000056541
2650 0.000200190 2650 0.000007024 add_time= 0.000224629
1300 0.000005817 1300 0.000009399 add_time= 0.000029133
3025 0.000212342 3025 0.000007196 add_time= 0.000236117
2754 0.000100451 2754 0.000010013 add_time= 0.000126087
2700 0.000073594 2700 0.000006573 add_time= 0.000106578
1250 0.000036682 1250 0.000005803 add_time= 0.000054850
2750 0.000116009 2750 0.000006741 add_time= 0.000141791
2750 0.000006324 2750 0.000024979 add_time= 0.000047503
2600 0.000049276 2600 0.000007073 add_time= 0.000071778
2550 0.000067575 2550 0.000006098 add_time= 0.000087556
2750 0.000035487 2750 0.000006820 add_time= 0.000058288
2750 0.000025349 2750 0.000006511 add_time= 0.000046054
2500 0.000376500 2500 0.000007849 add_time= 0.000422928
2750 0.000059983 2750 0.000021988 add_time= 0.000109720
2500 0.000048223 2500 0.000007544 add_time= 0.000077987
2550 0.000006185 2550 0.000008596 add_time= 0.000048356
2805 0.000025933 2805 0.000007911 add_time= 0.000070542
2750 0.000005867 2750 0.000008663 add_time= 0.000047250
1250 0.000020277 1250 0.000006785 add_time= 0.000067551
2650 0.000084627 2650 0.000006523 add_time= 0.000112505
2652 0.000006779 2652 0.000022331 add_time= 0.000044389
2750 0.000102674 2750 0.000006515 add_time= 0.000124837
2652 0.000074641 2652 0.000006770 add_time= 0.000096820
2600 0.000059728 2600 0.000006254 add_time= 0.000081119
2500 0.000064575 2500 0.000007545 add_time= 0.000098235
2915 0.000040674 2915 0.000007267 add_time= 0.000066235
2600 0.000150022 2600 0.000006938 add_time= 0.000172151
2805 0.000039485 2805 0.000007170 add_time= 0.000061972
1250 0.000046549 1250 0.000005373 add_time= 0.000062860
2703 0.000077403 2703 0.000006894 add_time= 0.000108500
2750 0.000030328 2750 0.000007064 add_time= 0.000053322
2550 0.000040374 2550 0.000006238 add_time= 0.000060526
2756 0.000040836 2756 0.000007023 add_time= 0.000064150
2652 0.000369023 2652 0.000006001 add_time= 0.000389015
2750 0.000132082 2750 0.000018046 add_time= 0.000165521
2750 0.000049625 2750 0.000006738 add_time= 0.000071291
2550 0.000066531 2550 0.000006614 add_time= 0.000088304
1350 0.000026003 1350 0.000005947 add_time= 0.000044754
2500 0.000093356 2500 0.000006874 add_time= 0.000116532
2600 0.000224572 2600 0.000006637 add_time= 0.000245127
2500 0.000204999 2500 0.000005850 add_time= 0.000223672
2750 0.000055504 2750 0.000006995 add_time= 0.000078240
2750 0.000070556 2750 0.000008154 add_time= 0.000094560
2550 0.000048866 2550 0.000006322 add_time= 0.000068447
2500 0.000053039 2500 0.000006084 add_time= 0.000072114
2500 0.000058861 2500 0.000015262 add_time= 0.000089471
2650 0.000086791 2650 0.000006748 add_time= 0.000109979
2652 0.000301455 2652 0.000018300 add_time= 0.000333508
2550 0.000238396 2550 0.000006689 add_time= 0.000261033
2750 0.000035764 2750 0.000007093 add_time= 0.000058359
2550 0.000083542 2550 0.000006744 add_time= 0.000105427
2550 0.000051904 2550 0.000005920 add_time= 0.000071063
2500 0.000049447 2500 0.000006580 add_time= 0.000071086
2809 0.000031441 2809 0.000006911 add_time= 0.000055339
2860 0.000093583 2860 0.000014410 add_time= 0.000145427
2750 0.000282799 2750 0.000007361 add_time= 0.000316853
2550 0.000057271 2550 0.000006100 add_time= 0.000077174
2550 0.000053927 2550 0.000006728 add_time= 0.000075992
2500 0.000034252 2500 0.000014317 add_time= 0.000063562
2750 0.000381000 2750 0.000006841 add_time= 0.000403549
2600 0.000015306 2600 0.000014026 add_time= 0.000051489
2650 0.000068084 2650 0.000005699 add_time= 0.000086965
2970 0.000045775 2970 0.000006007 add_time= 0.000065794
2550 0.000087973 2550 0.000006083 add_time= 0.000112927
2750 0.000118140 2750 0.000006973 add_time= 0.000151012
2500 0.000082488 2500 0.000006083 add_time= 0.000108015
1275 0.000047823 1275 0.000005489 add_time= 0.000064014
2500 0.000540684 2500 0.000007416 add_time= 0.000569050
2500 0.000123896 2500 0.000007043 add_time= 0.000146930
2550 0.000110405 2550 0.000006192 add_time= 0.000130743
2500 0.000036633 2500 0.000005878 add_time= 0.000056188
2500 0.000074333 2500 0.000006462 add_time= 0.000094616
2650 0.000066290 2650 0.000006349 add_time= 0.000086795
1300 0.000037293 1300 0.000005687 add_time= 0.000054558
2915 0.000335256 2915 0.000007024 add_time= 0.000361330
1300 0.000010089 1300 0.000018124 add_time= 0.000039896
3025 0.000384537 3025 0.000007489 add_time= 0.000408735
2600 0.000046302 2600 0.000006153 add_time= 0.000070068
2754 0.000041353 2754 0.000005962 add_time= 0.000061649
2500 0.000065784 2500 0.000006653 add_time= 0.000089047
2860 0.000098070 2860 0.000006162 add_time= 0.000119169
2750 0.000043200 2750 0.000005917 add_time= 0.000062798
2550 0.000046606 2550 0.000006233 add_time= 0.000066759
2601 0.000093680 2601 0.000005929 add_time= 0.000113446
2750 0.000092894 2750 0.000005657 add_time= 0.000112318
2500 0.000095540 2500 0.000006563 add_time= 0.000118657
2600 0.000066349 2600 0.000005854 add_time= 0.000086384
2750 0.000251953 2750 0.000006053 add_time= 0.000272398
2805 0.000073887 2805 0.000006500 add_time= 0.000094849
2550 0.000048028 2550 0.000005955 add_time= 0.000067409
2750 0.000169972 2750 0.000006304 add_time= 0.000199174
1250 0.000047054 1250 0.000005459 add_time= 0.000063764
2650 0.000689836 2650 0.000008612 add_time= 0.000728389
1375 0.000142231 1375 0.000007339 add_time= 0.000171726
1250 0.000079886 1250 0.000006921 add_time= 0.000099777
2500 0.000183776 2500 0.000006241 add_time= 0.000203994
2805 0.000234536 2805 0.000006051 add_time= 0.000254309
2750 0.000111370 2750 0.000017179 add_time= 0.000142134
2860 0.000194894 2860 0.000007558 add_time= 0.000219568
2500 0.000006675 2500 0.000020859 add_time= 0.000040872
2650 0.000035635 2650 0.000021000 add_time= 0.000071332
2500 0.000069873 2500 0.000006093 add_time= 0.000090380
2700 0.000149396 2700 0.000006868 add_time= 0.000171904
2500 0.000052906 2500 0.000006294 add_time= 0.000072934
2550 0.000067133 2550 0.000007343 add_time= 0.000089137
2750 0.000169467 2750 0.000009027 add_time= 0.000208388
2500 0.000006037 2500 0.000045203 add_time= 0.000065117
2805 0.000076192 2805 0.000007033 add_time= 0.000098994
2500 0.000030705 2500 0.000006772 add_time= 0.000052568
2700 0.000045344 2700 0.000006751 add_time= 0.000067673
1375 0.000022617 1375 0.000017895 add_time= 0.000054258
2915 0.000041769 2915 0.000007533 add_time= 0.000066594
2600 0.000362894 2600 0.000007478 add_time= 0.000386363
2750 0.000231676 2750 0.000007162 add_time= 0.000258733
2750 0.000097112 2750 0.000006483 add_time= 0.000129674
2754 0.000149152 2754 0.000018248 add_time= 0.000183030
2550 0.000043773 2550 0.000007053 add_time= 0.000066930
1250 0.000034920 1250 0.000005251 add_time= 0.000050574
