2600 0.000384362 2600 0.000015113 add_time= 0.002129354
2550 0.000043897 2550 0.000008781 add_time= 0.000068218
2600 0.000168687 2600 0.000007348 add_time= 0.000215928
2805 0.000081245 2805 0.000018248 add_time= 0.000116165
2652 0.000124265 2652 0.000007096 add_time= 0.000145196
2550 0.000070100 2550 0.000006411 add_time= 0.000090310
1325 0.000518747 1325 0.000011736 add_time= 0.000573265
2550 0.000394457 2550 0.000020448 add_time= 0.000460504
2750 0.000212158 2750 0.000028676 add_time= 0.000274510
2703 0.000505209 2703 0.000008272 add_time= 0.000547209
2750 0.000081591 2750 0.000007471 add_time= 0.000127011
2750 0.000086075 2750 0.000007963 add_time= 0.000118489
2550 0.001037411 2550 0.000009241 add_time= 0.001079076
3025 0.000111375 3025 0.000006918 add_time= 0.000135558
2808 0.000055565 2808 0.000007433 add_time= 0.000079595
2703 0.000539667 2703 0.000008003 add_time= 0.000569043
2500 0.000122932 2500 0.000006486 add_time= 0.000151921
2754 0.000146787 2754 0.000007914 add_time= 0.000171387
2600 0.000499376 2600 0.000017525 add_time= 0.000558678
2500 0.000247421 2500 0.000008175 add_time= 0.000294412
2750 0.000893849 2750 0.000007490 add_time= 0.000932823
1250 0.000185823 1250 0.000009384 add_time= 0.000318276
2500 0.000054248 2500 0.000029216 add_time= 0.000134403
1375 0.000346766 1375 0.000014534 add_time= 0.001848250
2750 0.000126160 2750 0.000010136 add_time= 0.000157294
2500 0.000070377 2500 0.000010365 add_time= 0.000124742
1250 0.000059332 1250 0.000006584 add_time= 0.000080497
2550 0.000451648 2550 0.000007864 add_time= 0.000480838
2805 0.000053039 2805 0.000007642 add_time= 0.000079132
2650 0.000428130 2650 0.000010254 add_time= 0.000479030
2500 0.000318844 2500 0.000030352 add_time= 0.000366757
2750 0.000331147 2750 0.000030384 add_time= 0.000409340
2500 0.000206423 2500 0.000007994 add_time= 0.000235223
2750 0.000427183 2750 0.000006812 add_time= 0.000451977
2750 0.000084482 2750 0.000009325 add_time= 0.000128601
2700 0.000095098 2700 0.000008039 add_time= 0.000120166
2500 0.000202259 2500 0.000006633 add_time= 0.000224687
2500 0.000097283 2500 0.000008369 add_time= 0.000126789
2500 0.000092460 2500 0.000007296 add_time= 0.000116496
2500 0.000215856 2500 0.000007736 add_time= 0.000243020
2550 0.000367771 2550 0.000034460 add_time= 0.000436325
2700 0.000053040 2700 0.000007710 add_time= 0.000079269
2700 0.000071020 2700 0.000012935 add_time= 0.000099231
2500 0.000023747 2500 0.000015073 add_time= 0.000055103
2860 0.000134276 2860 0.000031210 add_time= 0.000287522
2600 0.000063577 2600 0.000026768 add_time= 0.000130949
2805 0.000040230 2805 0.000034227 add_time= 0.000117210
2601 0.000061506 2601 0.000008027 add_time= 0.000094309
2750 0.000080950 2750 0.000012186 add_time= 0.001228375
2500 0.000065663 2500 0.000006635 add_time= 0.000098266
2500 0.000221762 2500 0.000006049 add_time= 0.000242470
3025 0.000024416 3025 0.000026007 add_time= 0.000067344
2550 0.000052576 2550 0.000006718 add_time= 0.000083805
2750 0.000069189 2750 0.000007336 add_time= 0.000093080
2500 0.000063420 2500 0.000006760 add_time= 0.000087677
1300 0.000121702 1300 0.000005608 add_time= 0.000141631
2750 0.000035840 2750 0.000006518 add_time= 0.000067618
2550 0.000085446 2550 0.000006979 add_time= 0.000108689
2750 0.000059828 2750 0.000006907 add_time= 0.000095065
2700 0.000033129 2700 0.000006423 add_time= 0.000054541
2550 0.000550692 2550 0.000010258 add_time= 0.000593003
2500 0.000084627 2500 0.000006779 add_time= 0.000107714
2550 0.000063133 2550 0.000006561 add_time= 0.000094826
2500 0.000075008 2500 0.000007174 add_time= 0.000099014
2550 0.000033590 2550 0.000006631 add_time= 0.000056032
2600 0.000033426 2600 0.000007475 add_time= 0.000059732
2600 0.000052632 2600 0.000012312 add_time= 0.000081741
2750 0.000072325 2750 0.000006090 add_time= 0.000100757
2500 0.000055043 2500 0.000017642 add_time= 0.000089290
2703 0.000070220 2703 0.000008199 add_time= 0.000093801
2805 0.000066348 2805 0.000006018 add_time= 0.000087219
1250 0.000036084 1250 0.000005591 add_time= 0.000056567
2500 0.000212396 2500 0.000007820 add_time= 0.000255549
2750 0.000113810 2750 0.000006999 add_time= 0.000144401
2500 0.000220921 2500 0.000007460 add_time= 0.000255627
2550 0.000119516 2550 0.000013366 add_time= 0.000147433
2754 0.000116737 2754 0.000006814 add_time= 0.000140800
2500 0.000149539 2500 0.000007213 add_time= 0.000175086
2650 0.000203604 2650 0.000008582 add_time= 0.000227913
2750 0.000091764 2750 0.000006257 add_time= 0.000114648
2805 0.000006136 2805 0.000014434 add_time= 0.000036539
2808 0.000445855 2808 0.000006653 add_time= 0.000469691
2600 0.000046460 2600 0.000006722 add_time= 0.000070053
2704 0.000027103 2704 0.000006364 add_time= 0.000053939
1375 0.000197767 1375 0.000005941 add_time= 0.000218679
2601 0.000014409 2601 0.000022140 add_time= 0.000053128
2805 0.000127881 2805 0.000006409 add_time= 0.000152389
2700 0.000031315 2700 0.000006119 add_time= 0.000063096
2550 0.000104000 2550 0.000006729 add_time= 0.000126645
2500 0.000314864 2500 0.000008843 add_time= 0.000400857
2970 0.000054207 2970 0.000008485 add_time= 0.000115692
2805 0.000028653 2805 0.000007438 add_time= 0.000062367
2550 0.000031546 2550 0.000035267 add_time= 0.000111672
2550 0.000063171 2550 0.000007207 add_time= 0.000093171
1250 0.000038060 1250 0.000007148 add_time= 0.000093123
2650 0.000634038 2650 0.000010494 add_time= 0.000668550
2500 0.000562582 2500 0.000008158 add_time= 0.000587999
2550 0.000264996 2550 0.000007212 add_time= 0.000287041
2500 0.000065977 2500 0.000005929 add_time= 0.000086950
2500 0.000284243 2500 0.000005896 add_time= 0.000304277
2600 0.000082386 2600 0.000005899 add_time= 0.000102514
2500 0.000038499 2500 0.000006861 add_time= 0.000062874
2600 0.000144978 2600 0.000007697 add_time= 0.000180360
3025 0.000072920 3025 0.000006553 add_time= 0.000096343
2500 0.000005663 2500 0.000022480 add_time= 0.000042928
2652 0.000056433 2652 0.000007091 add_time= 0.000081288
2808 0.000279508 2808 0.000006766 add_time= 0.000302302
1250 0.000072986 1250 0.000005504 add_time= 0.000100807
2500 0.000357722 2500 0.000006797 add_time= 0.000382180
3025 0.000239979 3025 0.000007041 add_time= 0.000267379
2750 0.000007299 2750 0.000035671 add_time= 0.000060442
2500 0.000168371 2500 0.000006386 add_time= 0.000190173
2808 0.000345384 2808 0.000006999 add_time= 0.000370555
1375 0.000107882 1375 0.000005979 add_time= 0.000128425
2500 0.000137309 2500 0.000007853 add_time= 0.000163016
2600 0.000153834 2600 0.000006909 add_time= 0.000177941
3025 0.000053858 3025 0.000006620 add_time= 0.000077030
2650 0.000141059 2650 0.000006869 add_time= 0.000164636
2500 0.000138786 2500 0.000006609 add_time= 0.000161956
2500 0.000052871 2500 0.000006177 add_time= 0.000076888
2500 0.000447585 2500 0.000006394 add_time= 0.000471374
2750 0.000057503 2750 0.000007147 add_time= 0.000083368
3025 0.000006522 3025 0.000017868 add_time= 0.000041009
2550 0.000097898 2550 0.000006536 add_time= 0.000131395
2805 0.000079855 2805 0.000007141 add_time= 0.000104172
2915 0.000084729 2915 0.000006910 add_time= 0.000120301
2860 0.000112409 2860 0.000023093 add_time= 0.000154827
2805 0.000101384 2805 0.000007661 add_time= 0.000126359
2600 0.000103714 2600 0.000006872 add_time= 0.000128190
1250 0.000363787 1250 0.000014971 add_time= 0.000402302
2650 0.000213796 2650 0.000007659 add_time= 0.000240202
2750 0.000235237 2750 0.000006519 add_time= 0.000257766
3025 0.000007850 3025 0.000016383 add_time= 0.000042130
2550 0.000040263 2550 0.000006023 add_time= 0.000082096
2700 0.000122420 2700 0.000006489 add_time= 0.000156839
2750 0.000317461 2750 0.000006614 add_time= 0.000340046
1250 0.000019305 1250 0.000005996 add_time= 0.000037596
2500 0.000403952 2500 0.000007696 add_time= 0.000444584
2860 0.000040808 2860 0.000006548 add_time= 0.000065932
3025 0.000059467 3025 0.000006230 add_time= 0.000097529
3025 0.000006816 3025 0.000026326 add_time= 0.000056266
2600 0.000061408 2600 0.000006643 add_time= 0.000083203
2500 0.000059240 2500 0.000006130 add_time= 0.000080879
1275 0.000086745 1275 0.000006612 add_time= 0.000109444
2500 0.000038866 2500 0.000009120 add_time= 0.000092944
2600 0.000046731 2600 0.000007850 add_time= 0.000082041
2500 0.000024636 2500 0.000015202 add_time= 0.000064022
2550 0.000023753 2550 0.000007631 add_time= 0.000065430
2970 0.000040318 2970 0.000007462 add_time= 0.000076505
1375 0.000030165 1375 0.000007317 add_time= 0.000083680
2703 0.000161354 2703 0.000006567 add_time= 0.000185532
2808 0.000043858 2808 0.000006547 add_time= 0.000066125
2550 0.000055414 2550 0.000006173 add_time= 0.000082712
2550 0.000007129 2550 0.000023786 add_time= 0.000046619
2601 0.000113698 2601 0.000006263 add_time= 0.000136262
2550 0.000155967 2550 0.000006440 add_time= 0.000178799
2650 0.000125986 2650 0.000006306 add_time= 0.000148554
2550 0.000132432 2550 0.000006986 add_time= 0.000155254
2750 0.000023598 2750 0.000006341 add_time= 0.000058166
2500 0.000046545 2500 0.000006881 add_time= 0.000070482
1250 0.000062173 1250 0.000006186 add_time= 0.000082341
1350 0.000053837 1350 0.000005873 add_time= 0.000074238
2600 0.000565051 2600 0.000010469 add_time= 0.000599743
2600 0.000076050 2600 0.000006668 add_time= 0.000099600
2550 0.000372879 2550 0.000010834 add_time= 0.000401084
2550 0.000067228 2550 0.000005982 add_time= 0.000096613
2500 0.000194558 2500 0.000006140 add_time= 0.000215828
2500 0.000130973 2500 0.000005925 add_time= 0.000151148
1250 0.000052333 1250 0.000006234 add_time= 0.000074585
2600 0.000315241 2600 0.000008242 add_time= 0.000352354
2500 0.000261947 2500 0.000005861 add_time= 0.000283514
2915 0.000006920 2915 0.000094063 add_time= 0.000125123
2500 0.000083021 2500 0.000006117 add_time= 0.000103859
2862 0.000149918 2862 0.000008619 add_time= 0.000175552
1250 0.000026318 1250 0.000006226 add_time= 0.000046955
2700 0.000268830 2700 0.000007123 add_time= 0.000294214
3025 0.000033179 3025 0.000007487 add_time= 0.000058828
2805 0.000156407 2805 0.000009459 add_time= 0.000181293
2550 0.000006242 2550 0.000041511 add_time= 0.000062197
2805 0.000048111 2805 0.000006033 add_time= 0.000069698
2550 0.000039461 2550 0.000006575 add_time= 0.000062801
2500 0.000079832 2500 0.000007079 add_time= 0.000103794
2860 0.000183773 2860 0.000007001 add_time= 0.000208426
2750 0.000192486 2750 0.000006066 add_time= 0.000214582
2550 0.000016188 2550 0.000021652 add_time= 0.000055876
1350 0.000087415 1350 0.000005877 add_time= 0.000108017
2500 0.000213740 2500 0.000006905 add_time= 0.000239703
2860 0.000062705 2860 0.000006826 add_time= 0.000095345
2750 0.000112136 2750 0.000009781 add_time= 0.000137654
2500 0.000042415 2500 0.000012619 add_time= 0.000069169
2652 0.000022176 2652 0.000005690 add_time= 0.000042380
1350 0.000065978 1350 0.000007522 add_time= 0.000088242
2970 0.000083872 2970 0.000007796 add_time= 0.000109320
1350 0.000264158 1350 0.000005970 add_time= 0.000282324
2550 0.000041685 2550 0.000008352 add_time= 0.000079988
2600 0.000070086 2600 0.000012016 add_time= 0.000098952
2860 0.000131777 2860 0.000016260 add_time= 0.000173975
2805 0.000017425 2805 0.000023126 add_time= 0.000057882
2700 0.000172850 2700 0.000011061 add_time= 0.000201997
1300 0.000049296 1300 0.000006184 add_time= 0.000075578
2750 0.000044344 2750 0.000008627 add_time= 0.000080312
2550 0.000083154 2550 0.000006793 add_time= 0.000107557
1250 0.000014600 1250 0.000009132 add_time= 0.000037770
2652 0.000034567 2652 0.000006590 add_time= 0.000058388
2500 0.000221048 2500 0.000006721 add_time= 0.000244145
2500 0.000068746 2500 0.000008042 add_time= 0.000097524
2500 0.000077230 2500 0.000006897 add_time= 0.000105895
2750 0.000128567 2750 0.000006154 add_time= 0.000150123
2550 0.000005412 2550 0.000020811 add_time= 0.000049164
2500 0.001207601 2500 0.000014911 add_time= 0.001238761
2500 0.000028797 2500 0.000009386 add_time= 0.000085862
2600 0.000075756 2600 0.000007535 add_time= 0.000123565
2805 0.000024583 2805 0.000007382 add_time= 0.000056778
2805 0.000029211 2805 0.000026617 add_time= 0.000082745
2550 0.000214425 2550 0.000007733 add_time= 0.000248955
2550 0.000023774 2550 0.000008870 add_time= 0.000057715
2750 0.000036250 2750 0.000006756 add_time= 0.000061103
2650 0.000063433 2650 0.000006975 add_time= 0.000087360
2500 0.000067283 2500 0.000012999 add_time= 0.000095750
1250 0.000032223 1250 0.000006273 add_time= 0.000061931
2750 0.000181258 2750 0.000006930 add_time= 0.000204681
2750 0.000164892 2750 0.000006610 add_time= 0.000189744
2500 0.000044148 2500 0.000007147 add_time= 0.000068270
2600 0.000088584 2600 0.000007446 add_time= 0.000112931
2550 0.000056174 2550 0.000006657 add_time= 0.000079747
2754 0.000037246 2754 0.000006862 add_time= 0.000061653
2650 0.000397344 2650 0.000007782 add_time= 0.000423572
2860 0.000112057 2860 0.000006892 add_time= 0.000136505
2750 0.000131781 2750 0.000012592 add_time= 0.000162213
2550 0.000015732 2550 0.000014866 add_time= 0.000047042
1250 0.000053030 1250 0.000006120 add_time= 0.000075943
2700 0.000083804 2700 0.000006825 add_time= 0.000107482
1375 0.000413830 1375 0.000006832 add_time= 0.000436532
2650 0.000571340 2650 0.000011960 add_time= 0.000607982
2600 0.000084890 2600 0.000007875 add_time= 0.000109301
2750 0.000038851 2750 0.000009223 add_time= 0.000066449
2652 0.000027723 2652 0.000021638 add_time= 0.000066757
2550 0.000181646 2550 0.000006550 add_time= 0.000204271
2805 0.000052111 2805 0.000007251 add_time= 0.000076370
2550 0.000128756 2550 0.000006816 add_time= 0.000152761
1375 0.000067086 1375 0.000010699 add_time= 0.000104935
2750 0.000010176 2750 0.000023023 add_time= 0.000050099
2700 0.000127230 2700 0.000006961 add_time= 0.000151493
1250 0.000108464 1250 0.000006037 add_time= 0.000129431
2500 0.000102169 2500 0.000007126 add_time= 0.000127969
2600 0.000082835 2600 0.000024051 add_time= 0.000134629
2750 0.000333574 2750 0.000006722 add_time= 0.000357640
2601 0.000006464 2601 0.000022705 add_time= 0.000045344
1275 0.000072759 1275 0.000005546 add_time= 0.000091308
2750 0.000238772 2750 0.000006881 add_time= 0.000262034
2860 0.000161216 2860 0.000007295 add_time= 0.000185642
2600 0.000071880 2600 0.000005903 add_time= 0.000093416
1250 0.000054332 1250 0.000005944 add_time= 0.000074337
2750 0.000812366 2750 0.000006534 add_time= 0.000834437
2601 0.000060177 2601 0.000005593 add_time= 0.000080054
2805 0.000064412 2805 0.000007475 add_time= 0.000088810
1325 0.000183304 1325 0.000005973 add_time= 0.000204622
2860 0.000073534 2860 0.000006879 add_time= 0.000099359
2750 0.000097873 2750 0.000006354 add_time= 0.000126824
2550 0.000006901 2550 0.000032007 add_time= 0.000055577
2550 0.000103767 2550 0.000014125 add_time= 0.000134335
2600 0.000077334 2600 0.000006790 add_time= 0.000100913
2750 0.000152849 2750 0.000010081 add_time= 0.000197933
2805 0.000077303 2805 0.000008190 add_time= 0.000102022
3025 0.000374632 3025 0.000019168 add_time= 0.000410166
2750 0.000016026 2750 0.000014192 add_time= 0.000053260
2805 0.000122656 2805 0.000006257 add_time= 0.000152854
2550 0.000062473 2550 0.000007779 add_time= 0.000087698
2750 0.000280746 2750 0.000019089 add_time= 0.000318225
2550 0.000234826 2550 0.000006498 add_time= 0.000257423
2750 0.000350897 2750 0.000006243 add_time= 0.000374262
2754 0.000264266 2754 0.000011601 add_time= 0.000292584
2750 0.000050388 2750 0.000010493 add_time= 0.000077099
2703 0.000177878 2703 0.000006462 add_time= 0.000201352
2805 0.000027902 2805 0.000007682 add_time= 0.000063680
2500 0.000158224 2500 0.000006820 add_time= 0.000190418
2500 0.000074406 2500 0.000007064 add_time= 0.000097550
2700 0.000120295 2700 0.000007707 add_time= 0.000144595
1375 0.000020322 1375 0.000005667 add_time= 0.000039412
2500 0.000135834 2500 0.000007915 add_time= 0.000180710
2750 0.000138121 2750 0.000008436 add_time= 0.000181329
2700 0.000024678 2700 0.000033068 add_time= 0.000096247
2600 0.000028699 2600 0.000008114 add_time= 0.000065038
2500 0.000027900 2500 0.000009450 add_time= 0.000064575
2500 0.000338214 2500 0.000006628 add_time= 0.000361799
2750 0.000053016 2750 0.000006493 add_time= 0.000077132
2550 0.000055195 2550 0.000007605 add_time= 0.000100656
2750 0.000072539 2750 0.000006541 add_time= 0.000095866
2500 0.000050130 2500 0.000006753 add_time= 0.000073082
2500 0.000275737 2500 0.000006927 add_time= 0.000299602
2500 0.000190738 2500 0.000007178 add_time= 0.000213928
2550 0.000111317 2550 0.000006755 add_time= 0.000134636
2500 0.000061252 2500 0.000006054 add_time= 0.000082416
2700 0.000119811 2700 0.000006137 add_time= 0.000155040
2500 0.000041396 2500 0.000011622 add_time= 0.000075455
2500 0.000031765 2500 0.000007417 add_time= 0.000056446
2600 0.000039243 2600 0.000007333 add_time= 0.000063299
3025 0.000074761 3025 0.000007406 add_time= 0.000100797
2550 0.000052215 2550 0.000006867 add_time= 0.000075920
2700 0.000044571 2700 0.000006692 add_time= 0.000067737
1250 0.000023510 1250 0.000005875 add_time= 0.000044038
1250 0.000128631 1250 0.000006875 add_time= 0.000150708
2750 0.000101135 2750 0.000006961 add_time= 0.000125990
2500 0.000078372 2500 0.000007487 add_time= 0.000103107
2805 0.000018106 2805 0.000072789 add_time= 0.000108366
2550 0.000059823 2550 0.000006825 add_time= 0.000094517
2750 0.000068808 2750 0.000007378 add_time= 0.000093291
2650 0.000139417 2650 0.000008520 add_time= 0.000172760
2600 0.000091328 2600 0.000007693 add_time= 0.000115494
2750 0.000202134 2750 0.000006919 add_time= 0.000226853
2550 0.000013818 2550 0.000021155 add_time= 0.000049899
2500 0.000539173 2500 0.000010655 add_time= 0.000566721
1375 0.000062539 1375 0.000005433 add_time= 0.000090101
2650 0.000141703 2650 0.000006612 add_time= 0.000165690
2600 0.000067457 2600 0.000007403 add_time= 0.000091198
2500 0.000166380 2500 0.000006780 add_time= 0.000193203
2550 0.000040222 2550 0.000006934 add_time= 0.000064220
2862 0.000248158 2862 0.000005924 add_time= 0.000272278
1375 0.000052790 1375 0.000006165 add_time= 0.000079649
2600 0.000494079 2600 0.000006957 add_time= 0.000517980
2500 0.000035382 2500 0.000006165 add_time= 0.000056801
2805 0.000578718 2805 0.000007026 add_time= 0.000601803
2500 0.000142191 2500 0.000005913 add_time= 0.000162333
2601 0.000079228 2601 0.000005566 add_time= 0.000099040
2750 0.000044538 2750 0.000007472 add_time= 0.000069274
2650 0.000687631 2650 0.000009453 add_time= 0.000714570
2750 0.000073225 2750 0.000007609 add_time= 0.000098395
3025 0.000007583 3025 0.000029041 add_time= 0.000066125
2550 0.000027977 2550 0.000006757 add_time= 0.000051124
1250 0.000095432 1250 0.000005754 add_time= 0.000115593
2500 0.000358839 2500 0.000006517 add_time= 0.000381541
2652 0.000038525 2652 0.000006862 add_time= 0.000060537
2500 0.000059230 2500 0.000007640 add_time= 0.000083016
2550 0.000007050 2550 0.000014899 add_time= 0.000037767
2754 0.000115321 2754 0.000006565 add_time= 0.000137951
2600 0.000050677 2600 0.000016716 add_time= 0.000084625
2550 0.000237151 2550 0.000009412 add_time= 0.000278238
3025 0.000050044 3025 0.000015169 add_time= 0.000091076
2750 0.000025788 2750 0.000016067 add_time= 0.000059484
2601 0.000065613 2601 0.000006107 add_time= 0.000086793
2500 0.000306780 2500 0.000010408 add_time= 0.000333442
1375 0.000065353 1375 0.000006954 add_time= 0.000097971
2650 0.000131574 2650 0.000007074 add_time= 0.000156581
2500 0.000027986 2500 0.000006362 add_time= 0.000050047
2500 0.000335058 2500 0.000007724 add_time= 0.000373098
2500 0.000026292 2500 0.000013861 add_time= 0.000056209
2916 0.000070084 2916 0.000007081 add_time= 0.000100938
1300 0.000021418 1300 0.000005874 add_time= 0.000058673
2862 0.000255533 2862 0.000007393 add_time= 0.000283892
2600 0.000196475 2600 0.000007275 add_time= 0.000219307
3025 0.000144491 3025 0.000007035 add_time= 0.000166149
2601 0.000006639 2601 0.000025052 add_time= 0.000044687
2500 0.000117830 2500 0.000006332 add_time= 0.000139205
2550 0.002066874 2550 0.000006849 add_time= 0.002087555
2750 0.000045998 2750 0.000008179 add_time= 0.000092618
2750 0.000038030 2750 0.000007854 add_time= 0.000071909
2860 0.000114708 2860 0.000008574 add_time= 0.000151720
2750 0.000038915 2750 0.000036462 add_time= 0.000097349
2550 0.000087681 2550 0.000007748 add_time= 0.000116740
3025 0.000068881 3025 0.000017078 add_time= 0.000114777
2652 0.000168787 2652 0.000006310 add_time= 0.000203269
2500 0.000035993 2500 0.000006555 add_time= 0.000058632
2805 0.000007701 2805 0.000026328 add_time= 0.000052795
2500 0.000109474 2500 0.000007477 add_time= 0.000134293
1300 0.000101630 1300 0.000006845 add_time= 0.000124260
2862 0.000409248 2862 0.000007373 add_time= 0.000434585
2860 0.000070510 2860 0.000013373 add_time= 0.000100030
2550 0.000093128 2550 0.000006708 add_time= 0.000115127
3025 0.000038355 3025 0.000015482 add_time= 0.000070842
2550 0.000033538 2550 0.000006439 add_time= 0.000055318
3025 0.000112534 3025 0.000006613 add_time= 0.000135685
2650 0.000157113 2650 0.000006720 add_time= 0.000181132
2600 0.000069948 2600 0.000006854 add_time= 0.000096562
2805 0.000036448 2805 0.000006832 add_time= 0.000060269
2600 0.000048161 2600 0.000006525 add_time= 0.000070932
2600 0.000047351 2600 0.000006282 add_time= 0.000073190
2750 0.000153298 2750 0.000007208 add_time= 0.000178112
2750 0.000056618 2750 0.000006890 add_time= 0.000095403
2500 0.000058584 2500 0.000006659 add_time= 0.000081379
2500 0.000096978 2500 0.000006346 add_time= 0.000119255
2652 0.000043975 2652 0.000006515 add_time= 0.000066372
2600 0.000069967 2600 0.000014163 add_time= 0.000099759
2600 0.000555141 2600 0.000013398 add_time= 0.000585113
2860 0.000059914 2860 0.000018906 add_time= 0.000095967
2750 0.000064333 2750 0.000006636 add_time= 0.000086692
2600 0.000040539 2600 0.000005979 add_time= 0.000060747
2550 0.000137120 2550 0.000006470 add_time= 0.000159741
2550 0.000113426 2550 0.000006446 add_time= 0.000135409
2500 0.000673174 2500 0.000009853 add_time= 0.000715427
2600 0.000068609 2600 0.000006691 add_time= 0.000092401
1250 0.000151290 1250 0.000006702 add_time= 0.000182655
2650 0.000105970 2650 0.000006210 add_time= 0.000136301
2500 0.000080583 2500 0.000011998 add_time= 0.000106724
2500 0.000217153 2500 0.000007312 add_time= 0.000241134
2703 0.000393548 2703 0.000007444 add_time= 0.000418919
2860 0.000029454 2860 0.000006125 add_time= 0.000053423
3025 0.000116908 3025 0.000007903 add_time= 0.000142886
2500 0.000047925 2500 0.000006393 add_time= 0.000077321
2700 0.000054679 2700 0.000006834 add_time= 0.000077400
1250 0.000112196 1250 0.000006060 add_time= 0.000132632
2750 0.000529434 2750 0.000008929 add_time= 0.000589864
2750 0.000147653 2750 0.000006471 add_time= 0.000181531
2550 0.000007885 2550 0.000023120 add_time= 0.000066311
2700 0.000175397 2700 0.000006967 add_time= 0.000212135
1375 0.000039760 1375 0.000006206 add_time= 0.000110731
2550 0.000320173 2550 0.000007481 add_time= 0.000355796
2750 0.000086351 2750 0.000006655 add_time= 0.000122491
2500 0.000080243 2500 0.000006787 add_time= 0.000113811
2652 0.000009337 2652 0.000030745 add_time= 0.000064143
2750 0.000161029 2750 0.000018106 add_time= 0.000206182
2500 0.000052744 2500 0.000006714 add_time= 0.000088102
1250 0.000072192 1250 0.000005788 add_time= 0.000125369
2500 0.000054089 2500 0.000008329 add_time= 0.000088696
2750 0.000016716 2750 0.000015015 add_time= 0.000063564
2601 0.000130464 2601 0.000007120 add_time= 0.000166926
2750 0.000140829 2750 0.000008472 add_time= 0.000176807
2600 0.000144912 2600 0.000006863 add_time= 0.000178098
2600 0.000084165 2600 0.000006507 add_time= 0.000125033
2500 0.000098019 2500 0.000007876 add_time= 0.000133690
2550 0.000016366 2550 0.000013428 add_time= 0.000047687
2805 0.000134165 2805 0.000018350 add_time= 0.000172093
2500 0.000133109 2500 0.000006590 add_time= 0.000156309
2650 0.000217806 2650 0.000006786 add_time= 0.000242349
2750 0.000090518 2750 0.000006795 add_time= 0.000114191
2600 0.000135388 2600 0.000006587 add_time= 0.000158353
2550 0.000007374 2550 0.000015350 add_time= 0.000040190
2550 0.000186755 2550 0.000007008 add_time= 0.000210695
2550 0.000233604 2550 0.000006175 add_time= 0.000254783
625 0.000039917 625 0.000008002 add_time= 0.000063987
2700 0.000265829 2700 0.000008091 add_time= 0.000294234
2500 0.000045689 2500 0.000006970 add_time= 0.000068261
2805 0.000034609 2805 0.000006645 add_time= 0.000058342
2550 0.000006045 2550 0.000033223 add_time= 0.000055246
2650 0.000062106 2650 0.000015491 add_time= 0.000092390
2750 0.000129693 2750 0.000005986 add_time= 0.000149988
2860 0.000059907 2860 0.000008620 add_time= 0.000111690
2805 0.000030740 2805 0.000007572 add_time= 0.000063849
2500 0.000036025 2500 0.000007736 add_time= 0.000079970
2550 0.000025878 2550 0.000007284 add_time= 0.000060795
2754 0.000006095 2754 0.000007967 add_time= 0.000047395
1250 0.000019568 1250 0.000015336 add_time= 0.000060354
2500 0.000125583 2500 0.000006280 add_time= 0.000147350
2860 0.000056860 2860 0.000005844 add_time= 0.000084753
3025 0.000035934 3025 0.000006928 add_time= 0.000059532
2550 0.000006989 2550 0.000032323 add_time= 0.000054923
2500 0.000117099 2500 0.000006696 add_time= 0.000139846
2700 0.000084929 2700 0.000006544 add_time= 0.000108182
2600 0.000176489 2600 0.000008056 add_time= 0.000208148
2756 0.000086589 2756 0.000007268 add_time= 0.000109612
2750 0.000031051 2750 0.000006546 add_time= 0.000052142
2550 0.000347241 2550 0.000016174 add_time= 0.000378636
2805 0.000101935 2805 0.000007405 add_time= 0.000124657
2500 0.000056886 2500 0.000005929 add_time= 0.000081898
2750 0.000032163 2750 0.000006772 add_time= 0.000054799
2550 0.000070347 2550 0.000006699 add_time= 0.000092176
2600 0.000042768 2600 0.000006629 add_time= 0.000064920
2750 0.000047516 2750 0.000006724 add_time= 0.000069492
2601 0.000015760 2601 0.000013290 add_time= 0.000044701
2500 0.000021683 2500 0.000009893 add_time= 0.000046786
2500 0.000236545 2500 0.000006849 add_time= 0.000258183
2500 0.000046189 2500 0.000006237 add_time= 0.000067035
2550 0.000016792 2550 0.000013096 add_time= 0.000044929
2703 0.000048183 2703 0.000006272 add_time= 0.000068376
2754 0.000061452 2754 0.000006888 add_time= 0.000084094
2809 0.000214601 2809 0.000006637 add_time= 0.000237105
2704 0.000054684 2704 0.000006279 add_time= 0.000075481
2750 0.000069221 2750 0.000005781 add_time= 0.000099185
2500 0.000116380 2500 0.000006564 add_time= 0.000137929
2550 0.000088738 2550 0.000006594 add_time= 0.000110790
2970 0.000070202 2970 0.000007099 add_time= 0.000098583
2600 0.000030921 2600 0.000007082 add_time= 0.000053286
2550 0.000092192 2550 0.000006403 add_time= 0.000113526
2700 0.000066046 2700 0.000005745 add_time= 0.000085380
2700 0.000095868 2700 0.000005911 add_time= 0.000115024
2550 0.000013756 2550 0.000013346 add_time= 0.000040067
2600 0.000048053 2600 0.000006610 add_time= 0.000069820
2550 0.000049795 2550 0.000005978 add_time= 0.000085929
2500 0.000037148 2500 0.000010224 add_time= 0.000069792
2600 0.000063854 2600 0.000007032 add_time= 0.000093314
2550 0.000269133 2550 0.000007722 add_time= 0.000292895
2750 0.000018003 2750 0.000030703 add_time= 0.000078792
1275 0.000068847 1275 0.000005839 add_time= 0.000097603
2750 0.000027949 2750 0.000015828 add_time= 0.000060352
1375 0.000061745 1375 0.000006097 add_time= 0.000082343
2500 0.000126368 2500 0.000006861 add_time= 0.000150831
2750 0.000279458 2750 0.000007520 add_time= 0.000304002
2550 0.000055843 2550 0.000006639 add_time= 0.000083195
2601 0.000010129 2601 0.000029826 add_time= 0.000055912
2500 0.000046177 2500 0.000006611 add_time= 0.000069378
2550 0.000150134 2550 0.000008274 add_time= 0.000175796
2650 0.000154946 2650 0.000009460 add_time= 0.000182245
2600 0.000054980 2600 0.000024693 add_time= 0.000096187
2750 0.000389089 2750 0.000019016 add_time= 0.000424099
2601 0.000328077 2601 0.000006668 add_time= 0.000351540
2862 0.000126452 2862 0.000006043 add_time= 0.000165537
1300 0.000129216 1300 0.000006274 add_time= 0.000155888
2750 0.000529595 2750 0.000006936 add_time= 0.000554221
2550 0.000098469 2550 0.000006814 add_time= 0.000133223
2550 0.000095794 2550 0.000007199 add_time= 0.000120270
2805 0.000155488 2805 0.000007021 add_time= 0.000180045
2915 0.000098972 2915 0.000019423 add_time= 0.000135932
2500 0.000057879 2500 0.000006124 add_time= 0.000084646
2500 0.000050847 2500 0.000006629 add_time= 0.000073280
2600 0.000088906 2600 0.000006766 add_time= 0.000111646
2500 0.000064328 2500 0.000006393 add_time= 0.000086532
2601 0.000006767 2601 0.000014511 add_time= 0.000037156
2500 0.000088790 2500 0.000006398 add_time= 0.000111458
2750 0.000109855 2750 0.000006648 add_time= 0.000134969
2500 0.000146295 2500 0.000007874 add_time= 0.000180138
2500 0.000123697 2500 0.000007243 add_time= 0.000145525
2750 0.000074006 2750 0.000006602 add_time= 0.000096751
2805 0.000019460 2805 0.000019485 add_time= 0.000056857
2550 0.000216319 2550 0.000007190 add_time= 0.000238667
2500 0.000261365 2500 0.000006861 add_time= 0.000290572
2700 0.000119350 2700 0.000007450 add_time= 0.000154387
3025 0.000060396 3025 0.000009814 add_time= 0.000089946
2750 0.000006699 2750 0.000034391 add_time= 0.000058475
2550 0.000036215 2550 0.000006777 add_time= 0.000059395
2500 0.000044827 2500 0.000006675 add_time= 0.000073724
2700 0.000106902 2700 0.000012047 add_time= 0.000149260
2652 0.000129126 2652 0.000006361 add_time= 0.000151939
2805 0.000023038 2805 0.000006153 add_time= 0.000051241
1275 0.000053082 1275 0.000006385 add_time= 0.000074932
2750 0.000058479 2750 0.000007192 add_time= 0.000099792
2500 0.000552260 2500 0.000007124 add_time= 0.000576221
2862 0.000029499 2862 0.000009047 add_time= 0.000099168
2704 0.000075865 2704 0.000008048 add_time= 0.000113748
2500 0.000026394 2500 0.000007493 add_time= 0.000057298
2805 0.000029093 2805 0.000030086 add_time= 0.000089964
2550 0.000123616 2550 0.000008304 add_time= 0.000158586
2860 0.000026326 2860 0.000007896 add_time= 0.000062883
2500 0.000079964 2500 0.000008041 add_time= 0.000112393
2750 0.000093628 2750 0.000007150 add_time= 0.000118834
2805 0.000116650 2805 0.000005933 add_time= 0.000138204
2805 0.000007496 2805 0.000047512 add_time= 0.000072464
1275 0.000093422 1275 0.000006285 add_time= 0.000123056
2915 0.000145841 2915 0.000006818 add_time= 0.000169416
2750 0.000243683 2750 0.000006789 add_time= 0.000267496
2500 0.000297104 2500 0.000006868 add_time= 0.000319904
2500 0.000177367 2500 0.000006648 add_time= 0.000200805
2500 0.000030326 2500 0.000018117 add_time= 0.000063937
2600 0.000077476 2600 0.000006807 add_time= 0.000100284
2805 0.000073186 2805 0.000006990 add_time= 0.000095834
2650 0.000295751 2650 0.000018993 add_time= 0.000332004
2500 0.000102682 2500 0.000014768 add_time= 0.000132706
2500 0.000016723 2500 0.000013560 add_time= 0.000046425
2550 0.000022332 2550 0.000012826 add_time= 0.000049323
2600 0.000046039 2600 0.000006851 add_time= 0.000069051
2750 0.000123951 2750 0.000006999 add_time= 0.000147685
1325 0.000118753 1325 0.000006068 add_time= 0.000139910
2750 0.000100641 2750 0.000007440 add_time= 0.000124877
2750 0.000041016 2750 0.000007072 add_time= 0.000075905
2750 0.000057758 2750 0.000006534 add_time= 0.000078807
2700 0.000035858 2700 0.000005732 add_time= 0.000055521
2750 0.000075504 2750 0.000006243 add_time= 0.000107683
2700 0.000175453 2700 0.000007321 add_time= 0.000198717
2550 0.000127661 2550 0.000006474 add_time= 0.000148287
2650 0.000034790 2650 0.000013479 add_time= 0.000061832
2550 0.000024944 2550 0.000020794 add_time= 0.000059404
2500 0.000051936 2500 0.000014150 add_time= 0.000079150
2500 0.000072437 2500 0.000006015 add_time= 0.000091253
2700 0.000073861 2700 0.000007341 add_time= 0.000097369
2500 0.000141591 2500 0.000006474 add_time= 0.000162321
2750 0.000020588 2750 0.000005682 add_time= 0.000040303
2500 0.000020413 2500 0.000005692 add_time= 0.000039699
2754 0.000023901 2754 0.000005573 add_time= 0.000043100
1250 0.000098534 1250 0.000005209 add_time= 0.000115445
2700 0.000165867 2700 0.000006188 add_time= 0.000187853
2600 0.000054129 2600 0.000006059 add_time= 0.000074090
2500 0.000031591 2500 0.000005450 add_time= 0.000050751
2500 0.000062546 2500 0.000014033 add_time= 0.000089958
2500 0.000050409 2500 0.000005996 add_time= 0.000069514
2750 0.000094991 2750 0.000006203 add_time= 0.000116030
2550 0.000061933 2550 0.000006191 add_time= 0.000092162
2500 0.000097227 2500 0.000006039 add_time= 0.000116588
2500 0.000101616 2500 0.000009733 add_time= 0.000137782
2600 0.000076163 2600 0.000008140 add_time= 0.000101639
2860 0.000128849 2860 0.000007623 add_time= 0.000161997
2750 0.000029661 2750 0.000025236 add_time= 0.000077783
2650 0.000139747 2650 0.000007045 add_time= 0.000161128
2750 0.000057007 2750 0.000007586 add_time= 0.000081735
2650 0.000356867 2650 0.000007180 add_time= 0.000382240
2860 0.000233870 2860 0.000006632 add_time= 0.000256854
2750 0.000072825 2750 0.000006495 add_time= 0.000095995
2550 0.000007649 2550 0.000023204 add_time= 0.000047482
2600 0.000146113 2600 0.000006553 add_time= 0.000178688
2500 0.000110527 2500 0.000007284 add_time= 0.000134917
2704 0.000139399 2704 0.000006863 add_time= 0.000161641
2970 0.000043394 2970 0.000006734 add_time= 0.000097940
2550 0.000006894 2550 0.000013298 add_time= 0.000036128
2500 0.000052729 2500 0.000005989 add_time= 0.000072943
2500 0.000036873 2500 0.000005917 add_time= 0.000056830
1250 0.000086591 1250 0.000006904 add_time= 0.000108638
2700 0.000076560 2700 0.000012956 add_time= 0.000105674
2500 0.000189942 2500 0.000006343 add_time= 0.000223902
2500 0.000195350 2500 0.000006797 add_time= 0.000217533
2754 0.000059806 2754 0.000006424 add_time= 0.000082376
1250 0.000054080 1250 0.000017716 add_time= 0.000092908
2650 0.000159251 2650 0.000006715 add_time= 0.000183222
2756 0.000050519 2756 0.000006981 add_time= 0.000075058
2500 0.000041178 2500 0.000006631 add_time= 0.000064046
2550 0.000006884 2550 0.000020562 add_time= 0.000043236
2700 0.000025535 2700 0.000007206 add_time= 0.000058372
2650 0.000168835 2650 0.000007541 add_time= 0.000213145
2652 0.000131699 2652 0.000007720 add_time= 0.000155829
3025 0.000479621 3025 0.000007646 add_time= 0.000514285
2601 0.000016341 2601 0.000023181 add_time= 0.000056311
2500 0.000138717 2500 0.000006790 add_time= 0.000170288
1250 0.000038143 1250 0.000006383 add_time= 0.000073458
2500 0.000113857 2500 0.000007120 add_time= 0.000138071
2500 0.000135056 2500 0.000006855 add_time= 0.000159117
2500 0.000054622 2500 0.000007044 add_time= 0.000077860
2550 0.000043487 2550 0.000007622 add_time= 0.000068117
2750 0.000065948 2750 0.000007476 add_time= 0.000090368
2500 0.000125514 2500 0.000007330 add_time= 0.000152545
2756 0.000108086 2756 0.000007726 add_time= 0.000134740
2600 0.000035863 2600 0.000005814 add_time= 0.000056226
2750 0.000018902 2750 0.000124289 add_time= 0.000160230
2652 0.000049180 2652 0.000007481 add_time= 0.000085524
2750 0.000120538 2750 0.000006405 add_time= 0.000141273
625 0.000063937 625 0.000005524 add_time= 0.000087291
2650 0.000145122 2650 0.000009935 add_time= 0.000191166
2500 0.000064484 2500 0.000019116 add_time= 0.000108489
2500 0.000040691 2500 0.000008036 add_time= 0.000074924
2805 0.000046892 2805 0.000029714 add_time= 0.000104357
2550 0.000048191 2550 0.000007946 add_time= 0.000082720
2750 0.000017071 2750 0.000009056 add_time= 0.000053554
2500 0.000586146 2500 0.000006913 add_time= 0.000608940
2600 0.000054533 2600 0.000006331 add_time= 0.000076177
2750 0.000137768 2750 0.000007462 add_time= 0.000161815
2500 0.000082556 2500 0.000005833 add_time= 0.000102683
2550 0.000053455 2550 0.000006391 add_time= 0.000075626
2550 0.000038748 2550 0.000005813 add_time= 0.000058503
2700 0.000120794 2700 0.000006429 add_time= 0.000153894
2500 0.000241260 2500 0.000006502 add_time= 0.000263249
2750 0.000058512 2750 0.000006684 add_time= 0.000086523
2550 0.000017875 2550 0.000013675 add_time= 0.000047102
2550 0.000148569 2550 0.000006455 add_time= 0.000170662
2500 0.000050811 2500 0.000006674 add_time= 0.000072742
2750 0.000206342 2750 0.000007804 add_time= 0.000235616
2500 0.000046792 2500 0.000007421 add_time= 0.000071147
2550 0.000066288 2550 0.000006760 add_time= 0.000087860
2805 0.000074356 2805 0.000006794 add_time= 0.000105432
2700 0.000052109 2700 0.000006122 add_time= 0.000071981
2700 0.000037951 2700 0.000014599 add_time= 0.000068378
2600 0.000041369 2600 0.000006856 add_time= 0.000063634
2860 0.000094551 2860 0.000013729 add_time= 0.000122863
2970 0.000075740 2970 0.000005927 add_time= 0.000095002
2750 0.000017950 2750 0.000014239 add_time= 0.000047919
2601 0.000048975 2601 0.000006531 add_time= 0.000079051
2600 0.000061492 2600 0.000006545 add_time= 0.000083277
625 0.000053240 625 0.000006218 add_time= 0.000075259
2500 0.000032957 2500 0.000006463 add_time= 0.000053778
2600 0.000040059 2600 0.000011070 add_time= 0.000065446
2500 0.000064184 2500 0.000006795 add_time= 0.000086064
2500 0.000108226 2500 0.000005401 add_time= 0.000126807
2750 0.000015076 2750 0.000012940 add_time= 0.000049186
2550 0.000060532 2550 0.000005954 add_time= 0.000080166
2750 0.000071299 2750 0.000006203 add_time= 0.000091061
2500 0.000078739 2500 0.000006185 add_time= 0.000099657
2600 0.000050479 2600 0.000006110 add_time= 0.000079011
2500 0.000055017 2500 0.000005465 add_time= 0.000073714
2750 0.000014926 2750 0.000013706 add_time= 0.000042523
2550 0.000005834 2550 0.000013203 add_time= 0.000032285
2700 0.000052289 2700 0.000006254 add_time= 0.000074086
1250 0.000051135 1250 0.000005710 add_time= 0.000070591
2550 0.000230793 2550 0.000007420 add_time= 0.000254529
2500 0.000043207 2500 0.000006480 add_time= 0.000069060
2500 0.000124477 2500 0.000018366 add_time= 0.000158611
2750 0.000081370 2750 0.000007034 add_time= 0.000113852
2754 0.000036036 2754 0.000010785 add_time= 0.000063566
2500 0.000060037 2500 0.000007108 add_time= 0.000083162
2550 0.000034037 2550 0.000006482 add_time= 0.000055994
1375 0.000052424 1375 0.000005918 add_time= 0.000072418
2805 0.000062824 2805 0.000017325 add_time= 0.000096661
2550 0.000044041 2550 0.000005693 add_time= 0.000063376
2750 0.000085156 2750 0.000005815 add_time= 0.000104077
2500 0.000040864 2500 0.000008764 add_time= 0.000074368
2704 0.000038764 2704 0.000006868 add_time= 0.000062028
2750 0.000057060 2750 0.000007524 add_time= 0.000083053
2500 0.000074704 2500 0.000024979 add_time= 0.000114403
2500 0.000031706 2500 0.000006876 add_time= 0.000063072
2754 0.000058014 2754 0.000006651 add_time= 0.000079896
2750 0.000054754 2750 0.000007521 add_time= 0.000078772
2600 0.000043277 2600 0.000005843 add_time= 0.000068836
2750 0.000034746 2750 0.000011642 add_time= 0.000062883
2500 0.000078944 2500 0.000006131 add_time= 0.000100589
2750 0.000201828 2750 0.000006870 add_time= 0.000225584
2500 0.000045508 2500 0.000006706 add_time= 0.000071914
2500 0.000097348 2500 0.000006579 add_time= 0.000120411
2600 0.000033119 2600 0.000006822 add_time= 0.000056166
2550 0.000160635 2550 0.000007241 add_time= 0.000198759
2750 0.000035470 2750 0.000006554 add_time= 0.000056632
2750 0.000030316 2750 0.000006294 add_time= 0.000061605
2754 0.000099420 2754 0.000007031 add_time= 0.000122791
2750 0.000110449 2750 0.000007218 add_time= 0.000142217
2550 0.000041059 2550 0.000006613 add_time= 0.000063841
2808 0.000078942 2808 0.000006195 add_time= 0.000111292
2500 0.000093984 2500 0.000007256 add_time= 0.000117563
2550 0.000103526 2550 0.000006755 add_time= 0.000126724
2600 0.000107013 2600 0.000006595 add_time= 0.000129762
2600 0.000197020 2600 0.000006853 add_time= 0.000220191
2500 0.000040657 2500 0.000005666 add_time= 0.000060556
3025 0.000007287 3025 0.000041761 add_time= 0.000067957
2550 0.000040018 2550 0.000006713 add_time= 0.000062909
2750 0.000060083 2750 0.000007316 add_time= 0.000084713
1250 0.000032569 1250 0.000005050 add_time= 0.000050165
2500 0.000147286 2500 0.000009335 add_time= 0.000195945
2600 0.000069158 2600 0.000011269 add_time= 0.000107170
2805 0.000450562 2805 0.000019013 add_time= 0.000496778
2601 0.000006900 2601 0.000014043 add_time= 0.000036298
2700 0.000589549 2700 0.000007392 add_time= 0.000614482
625 0.000022351 625 0.000009033 add_time= 0.000048739
2750 0.000196055 2750 0.000006590 add_time= 0.000230636
2500 0.000064241 2500 0.000006493 add_time= 0.000087101
2700 0.000288089 2700 0.000007398 add_time= 0.000312414
2550 0.000166106 2550 0.000006859 add_time= 0.000200904
2970 0.000125418 2970 0.000018818 add_time= 0.000160836
2750 0.000064232 2750 0.000009274 add_time= 0.000096457
2500 0.000058633 2500 0.000015929 add_time= 0.000132638
2750 0.000065652 2750 0.000027996 add_time= 0.000131405
2860 0.000096775 2860 0.000011074 add_time= 0.000141234
2805 0.000087337 2805 0.000008019 add_time= 0.000124074
2754 0.000087783 2754 0.000007575 add_time= 0.000129549
1350 0.000554629 1350 0.000014625 add_time= 0.000614428
1250 0.000150457 1250 0.000007259 add_time= 0.000217535
2500 0.000037242 2500 0.000008118 add_time= 0.000098716
1250 0.000035778 1250 0.000007534 add_time= 0.000087948
2700 0.000054963 2700 0.000008644 add_time= 0.000119778
2750 0.000007779 2750 0.000016575 add_time= 0.000073892
2862 0.000195001 2862 0.000013616 add_time= 0.000234583
2860 0.000039771 2860 0.000007340 add_time= 0.000080737
2750 0.000136211 2750 0.000007224 add_time= 0.000171266
2750 0.000055903 2750 0.000007504 add_time= 0.000101588
2650 0.000096535 2650 0.000007048 add_time= 0.000129822
2750 0.000105707 2750 0.000006833 add_time= 0.000128394
1300 0.000043105 1300 0.000005221 add_time= 0.000059632
3025 0.000324357 3025 0.000006603 add_time= 0.000357564
2750 0.000026141 2750 0.000013471 add_time= 0.000053274
2601 0.000119939 2601 0.000006415 add_time= 0.000141611
1250 0.000062762 1250 0.000006212 add_time= 0.000081463
2500 0.000076381 2500 0.000006638 add_time= 0.000097942
1300 0.000018032 1300 0.000005174 add_time= 0.000044552
2500 0.000079290 2500 0.000006687 add_time= 0.000101138
2750 0.000017617 2750 0.000013106 add_time= 0.000044838
2650 0.000049072 2650 0.000006191 add_time= 0.000070438
2600 0.000076955 2600 0.000007574 add_time= 0.000099820
2550 0.000330392 2550 0.000006684 add_time= 0.000352018
3025 0.000068401 3025 0.000006396 add_time= 0.000091227
2500 0.000066828 2500 0.000006934 add_time= 0.000088828
1250 0.000051701 1250 0.000006459 add_time= 0.000070844
2805 0.000025782 2805 0.000007293 add_time= 0.000049201
1250 0.000154259 1250 0.000014089 add_time= 0.000181344
1300 0.000127974 1300 0.000005980 add_time= 0.000145735
2500 0.000057865 2500 0.000017296 add_time= 0.000088422
2652 0.000018275 2652 0.000022914 add_time= 0.000063908
2650 0.000068742 2650 0.000006479 add_time= 0.000088767
1250 0.000046325 1250 0.000005750 add_time= 0.000062931
2650 0.000381619 2650 0.000007365 add_time= 0.000403889
2600 0.000084880 2600 0.000006349 add_time= 0.000106057
2500 0.000042388 2500 0.000006811 add_time= 0.000063865
2750 0.000090618 2750 0.000006776 add_time= 0.000113092
1250 0.000190438 1250 0.000005769 add_time= 0.000223189
1300 0.000176544 1300 0.000006064 add_time= 0.000193523
2862 0.000173925 2862 0.000006631 add_time= 0.000196133
2600 0.000090890 2600 0.000006329 add_time= 0.000112550
2750 0.000250094 2750 0.000006776 add_time= 0.000272813
2550 0.000015043 2550 0.000013934 add_time= 0.000044299
1250 0.000067002 1250 0.000006370 add_time= 0.000084974
1250 0.000036776 1250 0.000005389 add_time= 0.000053455
2650 0.000113634 2650 0.000006721 add_time= 0.000135470
2600 0.000060814 2600 0.000005734 add_time= 0.000079882
2550 0.000084751 2550 0.000005561 add_time= 0.000103569
2500 0.000100100 2500 0.000006649 add_time= 0.000120285
2970 0.000089079 2970 0.000006377 add_time= 0.000109782
2500 0.000048062 2500 0.000006239 add_time= 0.000068717
2860 0.000043902 2860 0.000006571 add_time= 0.000064983
3025 0.000084307 3025 0.000006135 add_time= 0.000104497
2500 0.000041826 2500 0.000005527 add_time= 0.000060366
2500 0.000058940 2500 0.000005623 add_time= 0.000077103
2601 0.000060172 2601 0.000005799 add_time= 0.000079184
2500 0.000079775 2500 0.000005776 add_time= 0.000098423
2500 0.000038467 2500 0.000011163 add_time= 0.000084850
2860 0.000025630 2860 0.000005971 add_time= 0.000048256
1250 0.000218831 1250 0.000005754 add_time= 0.000237980
2805 0.000018446 2805 0.000029013 add_time= 0.000063955
2600 0.000181945 2600 0.000007070 add_time= 0.000217155
2805 0.000063513 2805 0.000013470 add_time= 0.000094219
2700 0.000343992 2700 0.000006722 add_time= 0.000368405
1375 0.000090066 1375 0.000005660 add_time= 0.000117156
2860 0.000010270 2860 0.000024191 add_time= 0.000050488
2750 0.000434467 2750 0.000011467 add_time= 0.000474202
1300 0.000066106 1300 0.000006004 add_time= 0.000086391
1250 0.000214771 1250 0.000007519 add_time= 0.000237525
2750 0.000033061 2750 0.000015128 add_time= 0.000064821
3025 0.000208823 3025 0.000006105 add_time= 0.000230584
2652 0.000018377 2652 0.000022539 add_time= 0.000056957
2750 0.000086681 2750 0.000008685 add_time= 0.000112872
1250 0.000048146 1250 0.000005605 add_time= 0.000067055
2750 0.000234908 2750 0.000006882 add_time= 0.000258267
2750 0.000046981 2750 0.000006197 add_time= 0.000068760
2600 0.000038217 2600 0.000007048 add_time= 0.000061628
2750 0.000018473 2750 0.000015221 add_time= 0.000052197
2550 0.000039205 2550 0.000006495 add_time= 0.000061786
2500 0.000130947 2500 0.000006432 add_time= 0.000153443
2700 0.000195057 2700 0.000007871 add_time= 0.000221568
2600 0.000104103 2600 0.000006783 add_time= 0.000147560
2750 0.000047923 2750 0.000006399 add_time= 0.000089768
2550 0.000005435 2550 0.000013530 add_time= 0.000039636
2700 0.000096493 2700 0.000006796 add_time= 0.000120716
2550 0.000091090 2550 0.000007028 add_time= 0.000114186
2500 0.000199504 2500 0.000006808 add_time= 0.000241802
2500 0.000149141 2500 0.000006520 add_time= 0.000176953
2750 0.000025891 2750 0.000025541 add_time= 0.000069206
2805 0.000065097 2805 0.000007534 add_time= 0.000096436
2700 0.000101588 2700 0.000006042 add_time= 0.000122900
1375 0.000037655 1375 0.000015391 add_time= 0.000074371
2862 0.000232473 2862 0.000006742 add_time= 0.000257446
2860 0.000036117 2860 0.000009650 add_time= 0.000061993
2750 0.000198452 2750 0.000007826 add_time= 0.000222982
2754 0.000006996 2754 0.000015027 add_time= 0.000038153
2500 0.000177077 2500 0.000006470 add_time= 0.000198850
2500 0.000035889 2500 0.000006834 add_time= 0.000059212
2500 0.000138082 2500 0.000007569 add_time= 0.000164889
2650 0.000042364 2650 0.000007135 add_time= 0.000065652
1250 0.000064657 1250 0.000005456 add_time= 0.000089989
2805 0.000100248 2805 0.000013142 add_time= 0.000140122
2916 0.000061862 2916 0.000023212 add_time= 0.000108191
1250 0.000029007 1250 0.000006190 add_time= 0.000055237
2750 0.000032421 2750 0.000008280 add_time= 0.000088564
2600 0.000025345 2600 0.000007259 add_time= 0.000060660
2750 0.000023497 2750 0.000007940 add_time= 0.000057876
2700 0.000022913 2700 0.000024710 add_time= 0.000086063
2601 0.000007406 2601 0.000014996 add_time= 0.000059698
3025 0.000007521 3025 0.000009137 add_time= 0.000065681
2600 0.000201755 2600 0.000006404 add_time= 0.000243121
3025 0.000056825 3025 0.000006847 add_time= 0.000086104
2650 0.000029341 2650 0.000006196 add_time= 0.000053870
1250 0.000004905 1250 0.000016148 add_time= 0.000043348
2652 0.000104561 2652 0.000010800 add_time= 0.000139230
2500 0.000085205 2500 0.000006347 add_time= 0.000105744
2500 0.000324730 2500 0.000006965 add_time= 0.000354864
2600 0.000065458 2600 0.000006687 add_time= 0.000104078
2500 0.000061765 2500 0.000006854 add_time= 0.000094732
2750 0.000039287 2750 0.000006518 add_time= 0.000083953
2600 0.000036555 2600 0.000016298 add_time= 0.000085369
2500 0.000180022 2500 0.000006687 add_time= 0.000212516
2550 0.000069835 2550 0.000006531 add_time= 0.000112189
3025 0.000018099 3025 0.000015860 add_time= 0.000067550
2550 0.000032302 2550 0.000007094 add_time= 0.000070567
2805 0.000141600 2805 0.000006947 add_time= 0.000176200
2500 0.000301143 2500 0.000006603 add_time= 0.000333025
2750 0.000032405 2750 0.000006758 add_time= 0.000065685
2750 0.000053879 2750 0.000006591 add_time= 0.000085515
1275 0.000024322 1275 0.000005498 add_time= 0.000051618
2500 0.000023307 2500 0.000013624 add_time= 0.000060565
2500 0.000043870 2500 0.000005796 add_time= 0.000072390
2500 0.000253229 2500 0.000022557 add_time= 0.000303031
2805 0.000035771 2805 0.000006344 add_time= 0.000067684
2500 0.000022146 2500 0.000012874 add_time= 0.000058894
2600 0.000063910 2600 0.000006083 add_time= 0.000092495
2750 0.000070692 2750 0.000010813 add_time= 0.000121835
2500 0.000194092 2500 0.000006107 add_time= 0.000222432
2500 0.000038285 2500 0.000005885 add_time= 0.000074383
2500 0.000075601 2500 0.000006897 add_time= 0.000116839
2750 0.000053083 2750 0.000006107 add_time= 0.000072833
2550 0.000057114 2550 0.000005579 add_time= 0.000075414
2750 0.000048166 2750 0.000005924 add_time= 0.000066761
2700 0.000178334 2700 0.000006794 add_time= 0.000200148
2652 0.000104178 2652 0.000012266 add_time= 0.000130209
2805 0.000076269 2805 0.000005568 add_time= 0.000095119
2550 0.000014676 2550 0.000012889 add_time= 0.000040726
1250 0.000071661 1250 0.000004923 add_time= 0.000087118
2808 0.000121228 2808 0.000005320 add_time= 0.000139799
2750 0.000105886 2750 0.000005760 add_time= 0.000124723
2600 0.000145038 2600 0.000006549 add_time= 0.000168709
2808 0.000031620 2808 0.000005646 add_time= 0.000051310
2500 0.000117317 2500 0.000005440 add_time= 0.000135667
2601 0.000015528 2601 0.000012735 add_time= 0.000041359
2700 0.000049335 2700 0.000006841 add_time= 0.000072520
2750 0.000084532 2750 0.000006951 add_time= 0.000115668
2500 0.000219231 2500 0.000006865 add_time= 0.000242712
2550 0.000098394 2550 0.000019390 add_time= 0.000133664
2750 0.000016699 2750 0.000015543 add_time= 0.000048150
2970 0.000034066 2970 0.000006720 add_time= 0.000056939
2750 0.000055386 2750 0.000006026 add_time= 0.000075477
2650 0.000252018 2650 0.000011684 add_time= 0.000280266
2750 0.000080449 2750 0.000006704 add_time= 0.000102824
2500 0.000079952 2500 0.000005785 add_time= 0.000099215
2652 0.000046368 2652 0.000006361 add_time= 0.000068382
2750 0.000061317 2750 0.000007077 add_time= 0.000083897
1300 0.000044610 1300 0.000005314 add_time= 0.000061200
2756 0.000494729 2756 0.000009432 add_time= 0.000528582
2750 0.000082161 2750 0.000006675 add_time= 0.000105724
2500 0.000046331 2500 0.000006301 add_time= 0.000077329
2550 0.000058819 2550 0.000006751 add_time= 0.000082457
2500 0.000113615 2500 0.000006844 add_time= 0.000137092
2500 0.000088292 2500 0.000014462 add_time= 0.000117663
2500 0.000437003 2500 0.000007162 add_time= 0.000461310
2500 0.000282059 2500 0.000006200 add_time= 0.000303825
2600 0.000099041 2600 0.000006916 add_time= 0.000125595
2915 0.000006078 2915 0.000015181 add_time= 0.000036070
2550 0.000122464 2550 0.000006677 add_time= 0.000152395
2600 0.000133647 2600 0.000006104 add_time= 0.000154094
2750 0.000159075 2750 0.000009931 add_time= 0.000186799
2750 0.000214610 2750 0.000005744 add_time= 0.000234652
2970 0.000007307 2970 0.000035417 add_time= 0.000059768
2601 0.000067195 2601 0.000018088 add_time= 0.000100276
2970 0.000088330 2970 0.000006191 add_time= 0.000109289
1300 0.000029437 1300 0.000005877 add_time= 0.000048880
2650 0.000481474 2650 0.000007242 add_time= 0.000506259
2750 0.000171026 2750 0.000007124 add_time= 0.000194428
2500 0.000043929 2500 0.000006469 add_time= 0.000065819
2550 0.000065978 2550 0.000007352 add_time= 0.000089293
2550 0.000069775 2550 0.000005424 add_time= 0.000089654
2500 0.000104879 2500 0.000006559 add_time= 0.000127440
2704 0.000230334 2704 0.000006761 add_time= 0.000255288
2500 0.000134504 2500 0.000006211 add_time= 0.000155335
2500 0.000032093 2500 0.000005378 add_time= 0.000050913
2652 0.000111431 2652 0.000006563 add_time= 0.000134501
2500 0.000145364 2500 0.000007194 add_time= 0.000168422
2650 0.000134253 2650 0.000007175 add_time= 0.000171071
3025 0.000042507 3025 0.000011642 add_time= 0.000070905
2650 0.000083533 2650 0.000006048 add_time= 0.000116063
2600 0.000058090 2600 0.000007114 add_time= 0.000081764
2600 0.000177565 2600 0.000006715 add_time= 0.000200469
2500 0.000252681 2500 0.000007490 add_time= 0.000277915
2808 0.000052564 2808 0.000006782 add_time= 0.000075792
2500 0.000038093 2500 0.000006494 add_time= 0.000060357
1250 0.000004986 1250 0.000014910 add_time= 0.000031844
2550 0.000182723 2550 0.000006969 add_time= 0.000206059
2550 0.000247228 2550 0.000009419 add_time= 0.000271720
2750 0.000041971 2750 0.000006317 add_time= 0.000062135
1250 0.000025011 1250 0.000005961 add_time= 0.000043920
2650 0.000071698 2650 0.000006797 add_time= 0.000097863
2704 0.000053496 2704 0.000006481 add_time= 0.000074189
2500 0.000036507 2500 0.000006223 add_time= 0.000063700
2750 0.000005982 2750 0.000032167 add_time= 0.000051727
2652 0.000032524 2652 0.000005643 add_time= 0.000051672
1250 0.000052051 1250 0.000004649 add_time= 0.000067435
1300 0.000057436 1300 0.000005645 add_time= 0.000073917
2500 0.000111683 2500 0.000008341 add_time= 0.000154981
2500 0.000092766 2500 0.000007939 add_time= 0.000125867
2600 0.000041869 2600 0.000007545 add_time= 0.000085329
2805 0.000028525 2805 0.000043838 add_time= 0.000099366
2750 0.000032327 2750 0.000007934 add_time= 0.000076402
2550 0.000027884 2550 0.000008040 add_time= 0.000068372
2915 0.000250667 2915 0.000006247 add_time= 0.000274700
2860 0.000050903 2860 0.000006479 add_time= 0.000072234
2500 0.000071355 2500 0.000009161 add_time= 0.000108358
2652 0.000006943 2652 0.000032668 add_time= 0.000055355
2703 0.000143518 2703 0.000005841 add_time= 0.000162655
3025 0.000035741 3025 0.000006868 add_time= 0.000057899
2500 0.000063210 2500 0.000007175 add_time= 0.000087365
2860 0.000114893 2860 0.000006852 add_time= 0.000137885
2500 0.000232290 2500 0.000010925 add_time= 0.000258384
2500 0.000033617 2500 0.000006776 add_time= 0.000055762
2805 0.000032480 2805 0.000005530 add_time= 0.000051389
2750 0.000043855 2750 0.000006583 add_time= 0.000065466
2500 0.000066739 2500 0.000006980 add_time= 0.000090674
2500 0.000055969 2500 0.000006234 add_time= 0.000084238
1375 0.000102022 1375 0.000005119 add_time= 0.000118574
2750 0.000054624 2750 0.000005362 add_time= 0.000073191
2550 0.000022254 2550 0.000012450 add_time= 0.000047787
2601 0.000069991 2601 0.000006060 add_time= 0.000090707
2754 0.000041769 2754 0.000006707 add_time= 0.000064071
1250 0.000040453 1250 0.000006761 add_time= 0.000060076
2700 0.000292889 2700 0.000007443 add_time= 0.000317140
2750 0.000117490 2750 0.000007152 add_time= 0.000140549
2500 0.000046101 2500 0.000007299 add_time= 0.000069106
2805 0.000093797 2805 0.000019012 add_time= 0.000129607
2500 0.000073546 2500 0.000005957 add_time= 0.000093156
2500 0.000080269 2500 0.000005695 add_time= 0.000099050
2750 0.000114766 2750 0.000006940 add_time= 0.000137712
2750 0.000090016 2750 0.000005790 add_time= 0.000110184
2500 0.000056199 2500 0.000006760 add_time= 0.000078294
2805 0.000049697 2805 0.000006789 add_time= 0.000072409
2500 0.000068069 2500 0.000006535 add_time= 0.000090054
2650 0.000106624 2650 0.000006831 add_time= 0.000129435
2600 0.000155716 2600 0.000005907 add_time= 0.000182225
3025 0.000023985 3025 0.000006768 add_time= 0.000047103
1275 0.000031679 1275 0.000005801 add_time= 0.000049413
2700 0.000049838 2700 0.000006315 add_time= 0.000070379
2500 0.000044013 2500 0.000006685 add_time= 0.000082522
2750 0.000057777 2750 0.000007639 add_time= 0.000087910
2750 0.000103443 2750 0.000017511 add_time= 0.000134563
2600 0.000089404 2600 0.000006291 add_time= 0.000109368
2700 0.000022079 2700 0.000013289 add_time= 0.000049269
2805 0.000013590 2805 0.000038594 add_time= 0.000069349
2916 0.000026095 2916 0.000005934 add_time= 0.000046093
2500 0.000120118 2500 0.000005862 add_time= 0.000139338
2500 0.000328770 2500 0.000006476 add_time= 0.000350922
2750 0.000103359 2750 0.000015166 add_time= 0.000132557
2500 0.000056920 2500 0.000005641 add_time= 0.000075620
2750 0.000018069 2750 0.000013915 add_time= 0.000045756
2750 0.000512408 2750 0.000005821 add_time= 0.000532410
3025 0.000058414 3025 0.000006247 add_time= 0.000078865
2600 0.000041454 2600 0.000006986 add_time= 0.000064052
2600 0.000031136 2600 0.000006989 add_time= 0.000053526
2750 0.000117713 2750 0.000006307 add_time= 0.000138062
2500 0.000062550 2500 0.000006145 add_time= 0.000082129
2805 0.000120101 2805 0.000006442 add_time= 0.000149333
2650 0.000047508 2650 0.000006318 add_time= 0.000067954
2550 0.000114750 2550 0.000007386 add_time= 0.000137964
2860 0.000067869 2860 0.000006198 add_time= 0.000088491
2500 0.000116682 2500 0.000006005 add_time= 0.000144672
2652 0.000015860 2652 0.000020511 add_time= 0.000049932
2601 0.000175229 2601 0.000005708 add_time= 0.000194298
2600 0.000065469 2600 0.000005882 add_time= 0.000084209
2600 0.000196681 2600 0.000006948 add_time= 0.000219873
3025 0.000040752 3025 0.000007430 add_time= 0.000064720
2500 0.000063801 2500 0.000005825 add_time= 0.000089018
2750 0.000016055 2750 0.000013594 add_time= 0.000042413
2550 0.000071740 2550 0.000006271 add_time= 0.000091441
2750 0.000123229 2750 0.000006219 add_time= 0.000143208
2600 0.000455626 2600 0.000010056 add_time= 0.000496984
2860 0.000327579 2860 0.000007375 add_time= 0.000351995
2750 0.000051171 2750 0.000006426 add_time= 0.000074540
3025 0.000027212 3025 0.000024118 add_time= 0.000067377
2805 0.000211872 2805 0.000007038 add_time= 0.000245573
2500 0.000164197 2500 0.000006099 add_time= 0.000185104
2600 0.000089820 2600 0.000006979 add_time= 0.000114818
2704 0.000051229 2704 0.000006494 add_time= 0.000073631
2750 0.000043711 2750 0.000006332 add_time= 0.000066090
1375 0.000006435 1375 0.000010878 add_time= 0.000031812
2862 0.000142638 2862 0.000026974 add_time= 0.000187842
2750 0.000030389 2750 0.000006605 add_time= 0.000052986
2500 0.000360536 2500 0.000007009 add_time= 0.000384090
2500 0.000081130 2500 0.000007611 add_time= 0.000115407
2500 0.000087420 2500 0.000007125 add_time= 0.000120667
2750 0.000006369 2750 0.000035195 add_time= 0.000056964
2500 0.000156967 2500 0.000006157 add_time= 0.000187615
2750 0.000074382 2750 0.000006775 add_time= 0.000098093
2650 0.000198815 2650 0.000007289 add_time= 0.000223602
2600 0.000168401 2600 0.000006532 add_time= 0.000189147
2750 0.000074247 2750 0.000006402 add_time= 0.000094861
2500 0.000031775 2500 0.000007051 add_time= 0.000065198
2970 0.000081707 2970 0.000006847 add_time= 0.000115341
1375 0.000027409 1375 0.000006393 add_time= 0.000059679
2500 0.000168352 2500 0.000013798 add_time= 0.000200350
2500 0.000095036 2500 0.000017021 add_time= 0.000127325
2750 0.000066369 2750 0.000006302 add_time= 0.000088976
2500 0.000066558 2500 0.000006129 add_time= 0.000088692
2750 0.000082649 2750 0.000006758 add_time= 0.000105961
2600 0.000211306 2600 0.000007850 add_time= 0.000251858
2750 0.000191253 2750 0.000019035 add_time= 0.000234275
2650 0.000116723 2650 0.000005948 add_time= 0.000137436
2750 0.000018691 2750 0.000014416 add_time= 0.000050094
2550 0.000073953 2550 0.000006200 add_time= 0.000107186
2500 0.000174050 2500 0.000007251 add_time= 0.000214243
2650 0.000131749 2650 0.000006842 add_time= 0.000156353
1300 0.000389039 1300 0.000005555 add_time= 0.000406956
3025 0.000025919 3025 0.000006134 add_time= 0.000048042
2600 0.000070261 2600 0.000006482 add_time= 0.000091548
2550 0.000164324 2550 0.000005609 add_time= 0.000183734
2754 0.000146716 2754 0.000005571 add_time= 0.000166074
2700 0.000282448 2700 0.000006475 add_time= 0.000303321
1250 0.000032168 1250 0.000005422 add_time= 0.000049122
2500 0.000199041 2500 0.000007858 add_time= 0.000225725
2860 0.000031939 2860 0.000016995 add_time= 0.000064663
2750 0.000065715 2750 0.000007878 add_time= 0.000095019
2805 0.000007148 2805 0.000190105 add_time= 0.000213354
2601 0.000032684 2601 0.000005579 add_time= 0.000050895
2600 0.000033599 2600 0.000006796 add_time= 0.000055317
2500 0.000075905 2500 0.000008537 add_time= 0.000131423
2550 0.000034143 2550 0.000007499 add_time= 0.000066918
2750 0.000046690 2750 0.000027007 add_time= 0.000102057
2500 0.000036586 2500 0.000007953 add_time= 0.000093291
2750 0.000006852 2750 0.000009213 add_time= 0.000043528
2650 0.000168045 2650 0.000007132 add_time= 0.000194326
2652 0.000060559 2652 0.000006537 add_time= 0.000091754
2750 0.000125191 2750 0.000006987 add_time= 0.000148420
2500 0.000032903 2500 0.000005760 add_time= 0.000061544
2750 0.000087917 2750 0.000006607 add_time= 0.000118226
2700 0.000035379 2700 0.000006737 add_time= 0.000058539
2500 0.000035066 2500 0.000006696 add_time= 0.000057990
2600 0.000022535 2600 0.000006108 add_time= 0.000042700
2700 0.000134228 2700 0.000006211 add_time= 0.000154056
2500 0.000043489 2500 0.000007184 add_time= 0.000065488
2550 0.000130898 2550 0.000006595 add_time= 0.000157374
2500 0.000106184 2500 0.000006484 add_time= 0.000127658
2600 0.000176641 2600 0.000006436 add_time= 0.000198474
2808 0.000050435 2808 0.000006237 add_time= 0.000070535
2500 0.000084367 2500 0.000005479 add_time= 0.000102436
2650 0.000059869 2650 0.000006364 add_time= 0.000080887
2600 0.000022149 2600 0.000006701 add_time= 0.000043721
2550 0.000086657 2550 0.000005382 add_time= 0.000105279
2550 0.000031304 2550 0.000012523 add_time= 0.000056077
1375 0.000409691 1375 0.000006285 add_time= 0.000428439
2704 0.000158167 2704 0.000006260 add_time= 0.000179392
3025 0.000036174 3025 0.000006756 add_time= 0.000058850
2805 0.000016556 2805 0.000013846 add_time= 0.000052885
2500 0.000077129 2500 0.000006414 add_time= 0.000109002
2750 0.000033069 2750 0.000015622 add_time= 0.000074999
2750 0.000207072 2750 0.000006667 add_time= 0.000229427
2704 0.000030636 2704 0.000005662 add_time= 0.000055978
2805 0.000065869 2805 0.000006932 add_time= 0.000087882
2500 0.000054073 2500 0.000006304 add_time= 0.000073989
2703 0.000250927 2703 0.000006711 add_time= 0.000278881
3025 0.000057631 3025 0.000006699 add_time= 0.000084414
2500 0.000030372 2500 0.000006847 add_time= 0.000051971
2600 0.000045961 2600 0.000006473 add_time= 0.000066991
2500 0.000048560 2500 0.000007883 add_time= 0.000083412
2652 0.000150392 2652 0.000006441 add_time= 0.000172072
2808 0.000056445 2808 0.000005555 add_time= 0.000074879
1250 0.000110769 1250 0.000005644 add_time= 0.000128639
2500 0.000035921 2500 0.000006255 add_time= 0.000056755
2808 0.000034382 2808 0.000005389 add_time= 0.000053317
2500 0.000036960 2500 0.000006339 add_time= 0.000066536
2860 0.000034867 2860 0.000014756 add_time= 0.000064926
2601 0.000021171 2601 0.000012395 add_time= 0.000046563
2500 0.000045865 2500 0.000006147 add_time= 0.000066421
2500 0.000151146 2500 0.000006544 add_time= 0.000172677
2750 0.000113382 2750 0.000007414 add_time= 0.000136311
2808 0.000059132 2808 0.000006881 add_time= 0.000080082
2750 0.000031952 2750 0.000006897 add_time= 0.000054130
2600 0.000098490 2600 0.000006111 add_time= 0.000119800
1250 0.000090551 1250 0.000005832 add_time= 0.000109304
1250 0.000236288 1250 0.000006435 add_time= 0.000255568
2650 0.000065372 2650 0.000018894 add_time= 0.000100635
2600 0.000054976 2600 0.000007857 add_time= 0.000078113
2805 0.000034027 2805 0.000017633 add_time= 0.000066650
2550 0.000014747 2550 0.000013441 add_time= 0.000043387
2600 0.000060393 2600 0.000006085 add_time= 0.000081329
1350 0.000053489 1350 0.000005636 add_time= 0.000070364
2750 0.000113167 2750 0.000006125 add_time= 0.000133414
1275 0.000148941 1275 0.000004914 add_time= 0.000164141
2500 0.000206539 2500 0.000007085 add_time= 0.000229411
2704 0.000037241 2704 0.000005603 add_time= 0.000067467
2500 0.000108853 2500 0.000006378 add_time= 0.000130045
3025 0.000016683 3025 0.000014797 add_time= 0.000047195
2703 0.000196392 2703 0.000006296 add_time= 0.000217899
2600 0.000261528 2600 0.000006785 add_time= 0.000283445
2500 0.000141279 2500 0.000006099 add_time= 0.000172802
2750 0.000031081 2750 0.000009803 add_time= 0.000066824
2550 0.000014761 2550 0.000013270 add_time= 0.000043323
2700 0.000107173 2700 0.000006397 add_time= 0.000129418
2860 0.000026877 2860 0.000005634 add_time= 0.000045516
2650 0.000553163 2650 0.000008256 add_time= 0.000584045
2750 0.000448162 2750 0.000008356 add_time= 0.000473259
2500 0.000077914 2500 0.000006430 add_time= 0.000101331
2805 0.000007215 2805 0.000015932 add_time= 0.000040122
2550 0.000067604 2550 0.000007071 add_time= 0.000092559
2970 0.000105237 2970 0.000007859 add_time= 0.000143682
1375 0.000452825 1375 0.000006771 add_time= 0.000474437
2500 0.000112095 2500 0.000008335 add_time= 0.000138048
3025 0.000316168 3025 0.000007953 add_time= 0.000341815
2500 0.000067250 2500 0.000006638 add_time= 0.000089913
2860 0.000010778 2860 0.000014515 add_time= 0.000042448
2601 0.000117698 2601 0.000006377 add_time= 0.000146500
3025 0.000030626 3025 0.000007587 add_time= 0.000055340
1375 0.000217964 1375 0.000006644 add_time= 0.000238823
2500 0.000260108 2500 0.000007740 add_time= 0.000286549
2750 0.000174271 2750 0.000008065 add_time= 0.000199841
2500 0.000074898 2500 0.000008349 add_time= 0.000101188
2600 0.000077777 2600 0.000007077 add_time= 0.000102448
2550 0.000169504 2550 0.000008390 add_time= 0.000196313
2750 0.000184359 2750 0.000008132 add_time= 0.000210225
2500 0.000270422 2500 0.000007339 add_time= 0.000297384
3025 0.000112277 3025 0.000016239 add_time= 0.000168900
3025 0.000011821 3025 0.000028293 add_time= 0.000057311
2500 0.000056141 2500 0.000006460 add_time= 0.000078216
2754 0.000141486 2754 0.000008393 add_time= 0.000178980
2600 0.000121709 2600 0.000007323 add_time= 0.000152008
2500 0.000066214 2500 0.000006513 add_time= 0.000090389
2600 0.000108579 2600 0.000013838 add_time= 0.000149769
2500 0.000049299 2500 0.000006003 add_time= 0.000071359
2750 0.000007673 2750 0.000017463 add_time= 0.000041508
2600 0.000046421 2600 0.000005945 add_time= 0.000067353
2600 0.000048727 2600 0.000008167 add_time= 0.000075046
2703 0.000154043 2703 0.000009008 add_time= 0.000191961
2750 0.000081232 2750 0.000006467 add_time= 0.000103903
2500 0.000070316 2500 0.000006778 add_time= 0.000093627
2805 0.000042838 2805 0.000006860 add_time= 0.000066932
2700 0.000280263 2700 0.000007119 add_time= 0.000303656
2600 0.000033526 2600 0.000006860 add_time= 0.000057841
2600 0.000449984 2600 0.000014149 add_time= 0.000481525
2600 0.000102592 2600 0.000007307 add_time= 0.000127293
2601 0.000006596 2601 0.000013311 add_time= 0.000035503
2700 0.000110870 2700 0.000006649 add_time= 0.000134128
2500 0.000069009 2500 0.000006928 add_time= 0.000090812
2550 0.000125056 2550 0.000006681 add_time= 0.000149346
2600 0.000118321 2600 0.000015187 add_time= 0.000149678
2500 0.000182034 2500 0.000005807 add_time= 0.000200893
2500 0.000024147 2500 0.000006584 add_time= 0.000046209
2500 0.000053219 2500 0.000006082 add_time= 0.000074391
1250 0.000051212 1250 0.000005512 add_time= 0.000068882
2500 0.000399923 2500 0.000008364 add_time= 0.000454936
2500 0.000044727 2500 0.000008039 add_time= 0.000079965
2750 0.000069208 2750 0.000007817 add_time= 0.000105580
2500 0.000062155 2500 0.000008745 add_time= 0.000110613
2970 0.000036785 2970 0.000007873 add_time= 0.000070965
625 0.000036938 625 0.000006926 add_time= 0.000075404
2750 0.000081098 2750 0.000007421 add_time= 0.000112100
2750 0.000142780 2750 0.000006822 add_time= 0.000165980
2970 0.000037098 2970 0.000018656 add_time= 0.000073390
2754 0.000006594 2754 0.000030672 add_time= 0.000076035
2862 0.000113322 2862 0.000009497 add_time= 0.000139961
2500 0.000025733 2500 0.000013007 add_time= 0.000053784
2750 0.000336806 2750 0.000006327 add_time= 0.000359528
2750 0.000133643 2750 0.000007197 add_time= 0.000157191
2500 0.000021594 2500 0.000006339 add_time= 0.000049346
2500 0.000068055 2500 0.000006342 add_time= 0.000089373
2700 0.000102777 2700 0.000006331 add_time= 0.000124302
2750 0.000106135 2750 0.000006636 add_time= 0.000148475
2650 0.000187446 2650 0.000006487 add_time= 0.000210024
2550 0.000070953 2550 0.000011766 add_time= 0.000098482
2500 0.000079262 2500 0.000009926 add_time= 0.000104639
1250 0.000021467 1250 0.000120693 add_time= 0.000154809
2750 0.000074531 2750 0.000010625 add_time= 0.000111747
2500 0.000037330 2500 0.000006376 add_time= 0.000066787
2500 0.000123202 2500 0.000006480 add_time= 0.000150903
2600 0.000090816 2600 0.000009836 add_time= 0.000116056
2500 0.000061329 2500 0.000007040 add_time= 0.000083885
2805 0.000049341 2805 0.000006070 add_time= 0.000069494
2754 0.000020034 2754 0.000005361 add_time= 0.000037715
2750 0.000103683 2750 0.000006007 add_time= 0.000123380
2703 0.000139566 2703 0.000006543 add_time= 0.000161586
2750 0.000040978 2750 0.000006498 add_time= 0.000062230
2500 0.000101454 2500 0.000005441 add_time= 0.000120940
1250 0.000075153 1250 0.000013875 add_time= 0.000099808
2700 0.000076887 2700 0.000006075 add_time= 0.000096742
1275 0.000053865 1275 0.000005464 add_time= 0.000077120
2650 0.000146428 2650 0.000006919 add_time= 0.000174739
2600 0.000128040 2600 0.000006401 add_time= 0.000147939
2500 0.000021278 2500 0.000011332 add_time= 0.000045552
3025 0.000018726 3025 0.000014801 add_time= 0.000047302
2601 0.000146231 2601 0.000010757 add_time= 0.000169929
2916 0.000027876 2916 0.000005786 add_time= 0.000049827
1250 0.000161330 1250 0.000005617 add_time= 0.000179512
2500 0.000051352 2500 0.000005812 add_time= 0.000070030
2750 0.000059343 2750 0.000006283 add_time= 0.000101069
2601 0.000085180 2601 0.000005674 add_time= 0.000104278
2500 0.000041029 2500 0.000005467 add_time= 0.000059090
1325 0.000070585 1325 0.000005081 add_time= 0.000086452
2600 0.000092933 2600 0.000007026 add_time= 0.000114651
2600 0.000127655 2600 0.000006159 add_time= 0.000147436
2500 0.000036995 2500 0.000005530 add_time= 0.000055890
2550 0.000013795 2550 0.000016363 add_time= 0.000043491
2700 0.000038633 2700 0.000005792 add_time= 0.000058123
2915 0.000361543 2915 0.000006682 add_time= 0.000383372
1375 0.000065366 1375 0.000005202 add_time= 0.000081640
2750 0.000013910 2750 0.000020947 add_time= 0.000047903
2550 0.000034126 2550 0.000005780 add_time= 0.000052651
2750 0.000116342 2750 0.000005890 add_time= 0.000135471
2600 0.000180552 2600 0.000008190 add_time= 0.000203398
2750 0.000124677 2750 0.000005971 add_time= 0.000160987
2700 0.000044736 2700 0.000005589 add_time= 0.000063438
2500 0.000027171 2500 0.000006550 add_time= 0.000051869
2550 0.000038441 2550 0.000005746 add_time= 0.000057061
2750 0.000088720 2750 0.000005529 add_time= 0.000107292
2700 0.000289101 2700 0.000006143 add_time= 0.000310439
2500 0.000091533 2500 0.000006209 add_time= 0.000110997
2550 0.000080482 2550 0.000009700 add_time= 0.000103030
2703 0.000084687 2703 0.000008324 add_time= 0.000106324
2500 0.000034444 2500 0.000007962 add_time= 0.000055007
2860 0.000033739 2860 0.000007315 add_time= 0.000061698
2805 0.000082389 2805 0.000007796 add_time= 0.000106297
2550 0.000100309 2550 0.000007000 add_time= 0.000123445
2805 0.000376448 2805 0.000007503 add_time= 0.000408310
2750 0.000070229 2750 0.000007155 add_time= 0.000093874
2650 0.000395018 2650 0.000007320 add_time= 0.000420875
2600 0.000061779 2600 0.000006061 add_time= 0.000082285
2750 0.000078400 2750 0.000006052 add_time= 0.000098679
2750 0.000089254 2750 0.000005950 add_time= 0.000109286
2601 0.000149938 2601 0.000007301 add_time= 0.000174263
2700 0.000074160 2700 0.000006469 add_time= 0.000095787
2550 0.000121994 2550 0.000007430 add_time= 0.000147074
2750 0.000063436 2750 0.000023491 add_time= 0.000102924
1250 0.000070499 1250 0.000013550 add_time= 0.000106973
1250 0.000109349 1250 0.000005837 add_time= 0.000128705
2750 0.000090354 2750 0.000006508 add_time= 0.000113267
2750 0.000129980 2750 0.000007191 add_time= 0.000153854
2750 0.000051359 2750 0.000006339 add_time= 0.000092187
2500 0.000150541 2500 0.000005946 add_time= 0.000170635
2750 0.000006988 2750 0.000031673 add_time= 0.000054813
2550 0.000048915 2550 0.000006989 add_time= 0.000071554
2750 0.000087662 2750 0.000006612 add_time= 0.000109735
